20
30.612	4.18
18.272	20.656
15.853	14.187	1.0
24.36	24.657	1.0
30.001	10.321	1.0
10.918	14.846	1.0
11.041	18.414	1.0
26.156	29.778	1.0
31.311	8.093	1.0
8.297	29.751	1.0
30.281	27.649	1.0
0.548	18.703	1.0
17.098	2.012	1.0
25.826	3.407	1.0
15.392	24.001	1.0
23.281	30.945	1.0
28.966	30.828	1.0
17.522	11.413	1.0
20.843	10.013	1.0
19.633	19.927	1.0
31.113	22.111	1.0
11.197	26.055	1.0
0.869	0.838	0.865	0.773	0.797	0.755	0.834	0.876	0.86	0.702	0.792	0.747	0.867	0.78	0.773	0.726	0.706	0.704	0.771	0.781