21
28.27	17.112
25.588	25.687
7.854	29.475	1.0
12.65	30.5	1.0
12.125	15.166	1.0
26.374	18.152	1.0
3.636	0.917	1.0
2.513	35.584	1.0
10.786	35.804	1.0
23.121	25.682	1.0
18.417	0.849	1.0
1.449	22.668	1.0
39.942	22.642	1.0
15.228	25.459	1.0
20.703	28.58	1.0
39.506	39.525	1.0
37.628	36.449	1.0
16.498	10.904	1.0
12.274	20.848	1.0
22.615	21.882	1.0
18.651	17.974	1.0
17.848	26.034	1.0
36.877	25.164	1.0
0.83	0.764	0.799	0.899	0.832	0.784	0.788	0.876	0.751	0.747	0.84	0.766	0.82	0.77	0.827	0.712	0.881	0.878	0.794	0.839	0.807