21
17.194	20.098
14.008	0.944
13.895	17.418	1.0
18.835	4.262	1.0
0.59	17.771	1.0
3.746	10.808	1.0
22.918	14.118	1.0
19.614	11.946	1.0
13.032	12.089	1.0
22.199	17.895	1.0
7.319	11.65	1.0
16.466	8.109	1.0
0.224	7.536	1.0
15.598	15.53	1.0
2.771	20.422	1.0
3.767	1.738	1.0
19.739	21.147	1.0
2.397	13.32	1.0
17.645	23.138	1.0
10.714	22.141	1.0
12.14	2.52	1.0
9.798	13.69	1.0
9.485	9.457	1.0
0.723	0.805	0.883	0.721	0.705	0.782	0.881	0.882	0.789	0.709	0.753	0.847	0.74	0.734	0.821	0.859	0.827	0.774	0.751	0.805	0.732