21
26.431	20.872
2.489	28.452
29.074	26.316	1.0
23.407	12.491	1.0
27.05	5.481	1.0
3.656	14.527	1.0
19.375	24.722	1.0
12.24	4.861	1.0
8.914	8.981	1.0
0.174	5.976	1.0
31.681	8.833	1.0
19.627	5.269	1.0
6.028	0.867	1.0
27.226	2.417	1.0
17.986	27.838	1.0
15.747	31.254	1.0
24.851	19.284	1.0
4.469	18.44	1.0
25.388	0.544	1.0
4.686	28.48	1.0
20.042	11.972	1.0
1.607	19.552	1.0
16.387	6.519	1.0
0.846	0.748	0.801	0.773	0.834	0.807	0.787	0.769	0.77	0.835	0.744	0.763	0.716	0.885	0.819	0.831	0.706	0.844	0.707	0.766	0.835