21
33.836	19.458
5.197	3.447
22.282	34.393	1.0
1.398	17.788	1.0
21.411	31.691	1.0
16.486	26.23	1.0
5.727	18.229	1.0
26.295	31.308	1.0
35.83	1.059	1.0
35.59	9.145	1.0
4.954	29.316	1.0
16.507	30.266	1.0
31.71	4.747	1.0
3.159	35.96	1.0
21.163	17.809	1.0
24.242	8.168	1.0
11.832	36.065	1.0
1.847	3.157	1.0
21.71	14.477	1.0
9.609	39.126	1.0
11.41	18.106	1.0
27.952	27.067	1.0
21.01	23.832	1.0
0.781	0.774	0.825	0.773	0.882	0.839	0.846	0.718	0.855	0.875	0.899	0.847	0.838	0.782	0.808	0.886	0.786	0.752	0.731	0.708	0.779