21
19.304	16.138
0.802	11.176
4.166	26.569	1.0
26.915	2.669	1.0
3.117	1.877	1.0
9.661	9.213	1.0
17.531	15.743	1.0
32.094	5.566	1.0
20.39	27.239	1.0
21.051	20.797	1.0
18.746	29.772	1.0
16.784	22.749	1.0
30.302	7.835	1.0
24.638	24.979	1.0
29.599	4.976	1.0
15.039	20.157	1.0
12.149	19.1	1.0
6.335	20.51	1.0
5.072	11.954	1.0
17.834	0.451	1.0
10.51	6.483	1.0
31.164	18.07	1.0
25.64	7.248	1.0
0.761	0.838	0.834	0.842	0.894	0.821	0.781	0.877	0.725	0.786	0.837	0.867	0.81	0.75	0.713	0.869	0.895	0.836	0.859	0.709	0.864