21
30.79	0.868
12.383	26.703
31.301	22.531	1.0
1.942	20.529	1.0
6.086	30.901	1.0
31.306	25.386	1.0
23.568	18.541	1.0
12.379	0.516	1.0
8.231	12.692	1.0
23.227	0.646	1.0
18.499	23.65	1.0
17.757	5.524	1.0
15.674	21.174	1.0
27.358	13.187	1.0
10.87	28.296	1.0
31.627	28.237	1.0
13.806	30.426	1.0
10.751	18.37	1.0
27.55	18.773	1.0
6.411	22.983	1.0
2.831	3.196	1.0
21.684	28.113	1.0
6.106	6.749	1.0
0.764	0.782	0.701	0.879	0.75	0.708	0.74	0.741	0.714	0.827	0.774	0.815	0.708	0.791	0.788	0.807	0.745	0.749	0.849	0.863	0.855