21
22.483	18.4
22.042	12.058
12.759	16.369	1.0
21.488	21.056	1.0
7.187	21.419	1.0
15.656	20.163	1.0
6.874	15.724	1.0
20.184	6.373	1.0
10.284	15.42	1.0
17.395	3.442	1.0
14.767	11.812	1.0
9.748	6.991	1.0
0.816	24.328	1.0
8.68	9.765	1.0
23.854	22.744	1.0
13.199	2.731	1.0
9.259	3.015	1.0
2.475	15.512	1.0
1.547	11.848	1.0
21.178	13.949	1.0
4.557	1.162	1.0
5.277	19.753	1.0
10.267	21.452	1.0
0.878	0.867	0.748	0.877	0.715	0.88	0.785	0.807	0.711	0.876	0.844	0.851	0.745	0.829	0.876	0.716	0.748	0.709	0.796	0.829	0.831