21
21.508	22.216
17.476	13.66
23.605	17.51	1.0
28.821	26.117	1.0
8.66	5.225	1.0
2.887	20.542	1.0
14.337	16.101	1.0
26.648	24.032	1.0
4.721	6.238	1.0
9.662	21.359	1.0
19.333	31.029	1.0
14.112	6.666	1.0
8.568	17.502	1.0
20.027	5.186	1.0
15.454	2.36	1.0
16.878	6.966	1.0
21.094	12.062	1.0
23.919	5.217	1.0
9.864	10.786	1.0
13.415	25.275	1.0
30.794	8.666	1.0
29.321	17.769	1.0
20.159	24.102	1.0
0.706	0.846	0.794	0.756	0.804	0.887	0.787	0.707	0.723	0.734	0.837	0.712	0.724	0.804	0.706	0.725	0.844	0.82	0.75	0.781	0.832