21
11.07	20.608
13.518	19.182
12.349	10.85	1.0
15.911	6.157	1.0
19.86	22.221	1.0
14.982	12.386	1.0
15.187	22.563	1.0
13.023	16.488	1.0
6.175	11.856	1.0
13.688	3.25	1.0
3.006	12.294	1.0
2.622	23.216	1.0
23.565	21.192	1.0
7.432	8.626	1.0
12.539	21.201	1.0
14.512	8.635	1.0
23.382	5.725	1.0
10.738	3.768	1.0
2.283	8.4	1.0
3.548	0.099	1.0
22.583	8.826	1.0
18.882	8.266	1.0
10.068	6.567	1.0
0.763	0.838	0.764	0.864	0.786	0.879	0.712	0.717	0.78	0.851	0.74	0.743	0.83	0.757	0.883	0.812	0.81	0.88	0.76	0.881	0.876