21
5.989	4.012
9.538	19.893
7.004	12.752	1.0
8.066	15.387	1.0
0.198	14.764	1.0
5.883	7.268	1.0
16.673	18.539	1.0
11.176	4.816	1.0
5.244	23.523	1.0
1.738	23.595	1.0
10.607	17.532	1.0
19.184	1.357	1.0
2.247	9.386	1.0
7.542	21.098	1.0
8.402	0.86	1.0
24.212	1.87	1.0
19.881	10.641	1.0
16.914	12.102	1.0
13.668	0.688	1.0
12.278	20.779	1.0
18.921	6.746	1.0
15.795	5.193	1.0
3.891	17.413	1.0
0.864	0.807	0.707	0.879	0.89	0.891	0.853	0.889	0.802	0.878	0.862	0.752	0.806	0.802	0.777	0.857	0.788	0.838	0.844	0.884	0.841