21
6.86	22.649
35.498	8.523
18.951	33.616	1.0
23.302	29.403	1.0
22.97	34.4	1.0
12.375	27.0	1.0
28.433	14.308	1.0
21.931	3.415	1.0
37.881	35.274	1.0
0.154	35.752	1.0
31.022	17.679	1.0
2.068	28.508	1.0
37.327	23.991	1.0
2.111	33.885	1.0
31.987	22.252	1.0
16.156	17.693	1.0
32.731	15.649	1.0
23.697	14.171	1.0
5.195	16.548	1.0
7.229	36.709	1.0
21.491	39.616	1.0
2.062	4.17	1.0
10.106	9.712	1.0
0.841	0.811	0.744	0.75	0.782	0.795	0.709	0.837	0.748	0.843	0.764	0.834	0.719	0.741	0.749	0.758	0.768	0.839	0.743	0.823	0.781