21
23.183	5.465
30.685	13.125
19.412	21.409	1.0
29.676	5.923	1.0
25.157	31.999	1.0
8.285	19.65	1.0
13.324	7.273	1.0
9.851	5.899	1.0
24.393	0.437	1.0
21.223	6.525	1.0
10.811	17.389	1.0
1.399	17.142	1.0
26.814	1.797	1.0
3.345	7.723	1.0
2.248	24.9	1.0
11.541	0.593	1.0
14.221	13.598	1.0
0.294	30.86	1.0
30.92	23.039	1.0
10.35	10.093	1.0
20.08	1.695	1.0
8.735	28.203	1.0
29.318	10.709	1.0
0.796	0.885	0.846	0.783	0.781	0.775	0.763	0.864	0.838	0.72	0.739	0.713	0.8	0.883	0.791	0.811	0.798	0.733	0.874	0.725	0.807