21
15.67	26.77
35.025	35.352
14.949	14.2	1.0
18.921	22.743	1.0
21.681	0.589	1.0
33.01	16.057	1.0
19.844	5.166	1.0
15.817	29.96	1.0
7.405	9.865	1.0
27.236	31.114	1.0
29.511	32.813	1.0
39.618	4.997	1.0
8.946	7.669	1.0
32.493	40.115	1.0
6.946	21.277	1.0
10.698	25.927	1.0
2.206	0.497	1.0
11.26	34.943	1.0
32.242	34.639	1.0
28.521	19.715	1.0
6.505	40.381	1.0
2.229	7.029	1.0
4.333	4.328	1.0
0.803	0.749	0.899	0.872	0.887	0.744	0.816	0.782	0.783	0.72	0.844	0.712	0.85	0.74	0.865	0.876	0.826	0.867	0.806	0.741	0.879