21
0.105	6.56
13.911	13.098
22.123	21.908	1.0
21.754	19.266	1.0
6.195	17.373	1.0
18.363	9.838	1.0
6.004	0.539	1.0
20.372	24.142	1.0
6.54	7.917	1.0
13.795	19.895	1.0
3.717	24.016	1.0
7.055	11.86	1.0
19.661	7.528	1.0
4.207	11.336	1.0
2.4	15.664	1.0
12.397	9.497	1.0
22.309	4.117	1.0
17.861	0.876	1.0
12.642	0.709	1.0
17.122	21.812	1.0
20.868	11.713	1.0
20.743	2.053	1.0
5.585	3.04	1.0
0.72	0.727	0.887	0.845	0.704	0.825	0.754	0.707	0.829	0.782	0.826	0.89	0.853	0.894	0.788	0.883	0.704	0.784	0.865	0.754	0.861