21
27.421	34.325
3.872	12.118
10.35	5.884	1.0
12.583	40.561	1.0
30.202	38.873	1.0
15.573	32.424	1.0
28.106	16.234	1.0
33.453	4.222	1.0
10.649	9.505	1.0
13.975	11.749	1.0
4.97	20.08	1.0
6.726	36.728	1.0
24.454	40.509	1.0
23.663	6.286	1.0
35.701	26.29	1.0
38.044	23.336	1.0
4.21	3.235	1.0
2.556	15.684	1.0
18.841	4.401	1.0
22.786	26.362	1.0
5.839	30.264	1.0
16.754	7.483	1.0
2.891	0.507	1.0
0.808	0.771	0.821	0.766	0.773	0.888	0.865	0.816	0.793	0.891	0.82	0.774	0.841	0.881	0.709	0.847	0.81	0.872	0.73	0.781	0.891