21
7.491	18.289
2.466	21.881
2.858	1.275	1.0
18.082	15.479	1.0
21.058	11.38	1.0
9.065	18.122	1.0
3.299	23.901	1.0
4.557	17.353	1.0
12.867	20.634	1.0
21.373	21.18	1.0
0.857	13.588	1.0
3.653	11.435	1.0
22.665	5.756	1.0
0.238	24.238	1.0
3.999	4.287	1.0
13.977	17.985	1.0
10.638	9.233	1.0
23.294	9.053	1.0
1.516	8.941	1.0
14.224	5.765	1.0
17.419	24.018	1.0
0.88	17.823	1.0
10.835	14.208	1.0
0.769	0.762	0.731	0.848	0.701	0.798	0.805	0.863	0.841	0.824	0.888	0.878	0.768	0.785	0.712	0.893	0.877	0.873	0.821	0.882	0.773