21
26.281	11.587
14.697	9.481
39.176	12.117	1.0
16.195	29.194	1.0
40.033	23.513	1.0
11.087	3.261	1.0
18.037	26.79	1.0
22.988	8.203	1.0
19.175	24.381	1.0
3.614	19.581	1.0
35.838	35.736	1.0
15.073	18.85	1.0
33.884	10.589	1.0
36.208	20.891	1.0
5.979	2.894	1.0
30.604	3.042	1.0
17.138	36.353	1.0
35.567	27.558	1.0
29.334	28.924	1.0
28.041	9.625	1.0
22.388	18.376	1.0
19.188	33.61	1.0
3.056	28.243	1.0
0.899	0.745	0.766	0.749	0.885	0.762	0.859	0.718	0.863	0.786	0.731	0.84	0.799	0.748	0.753	0.818	0.784	0.741	0.813	0.813	0.722