21
12.499	12.051
13.39	0.307
8.297	14.571	1.0
4.236	5.281	1.0
18.186	24.231	1.0
15.647	3.628	1.0
22.163	24.101	1.0
0.654	10.251	1.0
2.683	15.419	1.0
18.891	3.071	1.0
23.463	12.7	1.0
0.081	22.785	1.0
9.421	5.762	1.0
12.346	15.372	1.0
8.868	1.887	1.0
18.699	10.055	1.0
7.539	21.425	1.0
3.412	20.879	1.0
14.346	17.271	1.0
16.513	21.493	1.0
9.631	11.126	1.0
23.187	3.896	1.0
21.027	15.131	1.0
0.835	0.711	0.856	0.785	0.882	0.768	0.862	0.795	0.836	0.886	0.819	0.706	0.787	0.829	0.72	0.896	0.745	0.848	0.746	0.895	0.772