21
10.384	22.966
16.193	3.555
1.113	20.333	1.0
11.276	9.965	1.0
15.149	17.437	1.0
8.902	13.882	1.0
18.789	8.23	1.0
3.811	5.406	1.0
8.264	20.071	1.0
6.12	14.885	1.0
3.939	16.473	1.0
23.831	17.707	1.0
10.798	18.321	1.0
2.662	13.719	1.0
23.357	1.759	1.0
12.784	15.901	1.0
19.604	17.521	1.0
22.766	13.456	1.0
6.75	24.259	1.0
13.624	11.628	1.0
5.688	8.414	1.0
8.236	10.518	1.0
23.896	8.426	1.0
0.799	0.796	0.757	0.814	0.877	0.801	0.785	0.742	0.76	0.89	0.717	0.824	0.811	0.844	0.715	0.862	0.842	0.822	0.821	0.788	0.803