21
14.472	19.372
28.591	22.091
15.75	28.561	1.0
10.669	3.558	1.0
10.695	10.023	1.0
25.249	11.187	1.0
30.049	12.194	1.0
0.121	4.286	1.0
16.317	22.998	1.0
22.605	21.277	1.0
28.661	0.985	1.0
18.729	3.699	1.0
24.9	1.868	1.0
22.807	31.433	1.0
9.673	13.943	1.0
4.482	26.557	1.0
28.063	31.826	1.0
19.902	6.853	1.0
21.42	3.632	1.0
23.605	28.967	1.0
19.297	25.955	1.0
2.568	12.653	1.0
17.222	7.072	1.0
0.822	0.727	0.745	0.703	0.854	0.714	0.84	0.737	0.743	0.775	0.758	0.852	0.867	0.863	0.849	0.797	0.843	0.719	0.701	0.798	0.873