21
25.699	29.892
11.552	26.714
0.296	24.542	1.0
3.351	28.661	1.0
7.353	9.317	1.0
5.472	0.24	1.0
32.284	27.67	1.0
24.173	10.216	1.0
1.819	1.247	1.0
17.933	6.896	1.0
24.062	5.441	1.0
13.692	26.657	1.0
13.07	31.971	1.0
28.176	27.472	1.0
7.713	29.504	1.0
17.767	19.774	1.0
12.701	5.037	1.0
28.245	20.356	1.0
0.528	29.858	1.0
12.074	9.488	1.0
3.965	20.667	1.0
6.718	16.03	1.0
15.757	5.575	1.0
0.785	0.798	0.721	0.786	0.863	0.831	0.853	0.728	0.868	0.802	0.861	0.8	0.795	0.785	0.897	0.88	0.893	0.832	0.733	0.83	0.731