21
10.517	8.208
19.674	29.804
15.547	16.37	1.0
1.354	24.309	1.0
27.237	25.551	1.0
21.274	13.571	1.0
14.602	4.431	1.0
2.683	0.481	1.0
9.129	1.275	1.0
4.898	10.13	1.0
24.512	2.471	1.0
6.555	19.503	1.0
31.687	11.767	1.0
15.173	31.752	1.0
24.231	7.654	1.0
12.722	12.4	1.0
13.537	18.882	1.0
30.87	16.916	1.0
3.38	18.65	1.0
29.111	8.96	1.0
29.399	27.952	1.0
0.501	16.105	1.0
4.366	3.28	1.0
0.778	0.842	0.898	0.724	0.896	0.717	0.846	0.81	0.722	0.712	0.772	0.799	0.702	0.812	0.889	0.819	0.765	0.786	0.867	0.76	0.761