21
0.638	2.7
27.729	11.214
30.365	19.298	1.0
15.953	8.574	1.0
18.097	6.058	1.0
23.355	13.366	1.0
26.236	17.278	1.0
29.066	16.235	1.0
21.015	3.837	1.0
28.301	0.046	1.0
16.872	18.295	1.0
12.132	21.657	1.0
7.386	31.512	1.0
3.544	11.94	1.0
32.41	26.515	1.0
0.218	6.335	1.0
3.533	31.577	1.0
17.606	29.719	1.0
23.319	21.793	1.0
20.365	25.583	1.0
7.75	12.102	1.0
10.979	11.143	1.0
8.25	21.544	1.0
0.747	0.809	0.848	0.867	0.867	0.826	0.868	0.799	0.812	0.84	0.791	0.767	0.866	0.764	0.78	0.821	0.722	0.763	0.834	0.802	0.738