21
38.211	23.987
25.257	29.125
17.434	17.847	1.0
17.956	8.361	1.0
31.268	22.348	1.0
20.951	15.545	1.0
5.92	11.009	1.0
19.325	0.885	1.0
15.787	13.125	1.0
5.462	36.822	1.0
22.328	21.01	1.0
5.936	34.037	1.0
22.245	30.246	1.0
9.865	14.497	1.0
37.978	35.905	1.0
1.47	2.132	1.0
10.509	5.682	1.0
17.974	31.998	1.0
20.335	26.811	1.0
18.75	39.964	1.0
33.334	27.797	1.0
8.598	7.707	1.0
23.517	39.796	1.0
0.84	0.714	0.827	0.773	0.787	0.816	0.822	0.89	0.732	0.755	0.869	0.863	0.825	0.849	0.813	0.853	0.726	0.877	0.841	0.713	0.897