22
14.346	14.546
4.052	9.725
13.244	39.325	1.0
15.827	11.533	1.0
25.504	2.492	1.0
25.088	23.81	1.0
24.627	40.981	1.0
32.609	31.997	1.0
33.275	19.241	1.0
16.944	9.024	1.0
25.48	37.558	1.0
22.329	11.563	1.0
15.834	25.791	1.0
31.452	16.455	1.0
7.347	21.594	1.0
7.924	28.448	1.0
38.824	35.234	1.0
18.98	33.797	1.0
10.369	24.988	1.0
0.377	14.409	1.0
27.962	40.639	1.0
37.574	15.154	1.0
39.971	20.386	1.0
37.488	2.968	1.0
0.831	0.774	0.81	0.759	0.822	0.798	0.757	0.736	0.745	0.8	0.71	0.838	0.766	0.831	0.892	0.877	0.858	0.809	0.769	0.778	0.764	0.835