22
38.004	7.935
30.645	7.302
34.984	15.416	1.0
1.311	39.437	1.0
37.125	32.053	1.0
40.025	41.101	1.0
6.059	21.922	1.0
41.299	7.522	1.0
36.597	1.499	1.0
22.802	11.625	1.0
36.79	5.504	1.0
12.699	24.692	1.0
21.128	0.874	1.0
26.647	4.183	1.0
26.169	27.915	1.0
19.948	6.486	1.0
36.59	17.572	1.0
29.221	18.124	1.0
4.776	5.462	1.0
33.345	4.695	1.0
32.803	29.273	1.0
3.199	14.597	1.0
34.741	11.136	1.0
16.159	40.423	1.0
0.745	0.784	0.887	0.812	0.837	0.758	0.828	0.858	0.708	0.763	0.701	0.82	0.754	0.879	0.788	0.867	0.846	0.78	0.735	0.838	0.79	0.785