22
31.843	12.809
28.316	36.287
14.728	20.77	1.0
7.366	36.292	1.0
26.089	2.312	1.0
23.003	22.294	1.0
33.528	34.978	1.0
8.22	1.627	1.0
23.964	11.819	1.0
34.943	31.514	1.0
21.575	29.129	1.0
18.641	39.943	1.0
26.689	25.871	1.0
9.534	29.635	1.0
7.233	21.151	1.0
32.572	32.412	1.0
14.237	26.696	1.0
30.931	22.764	1.0
5.036	14.981	1.0
13.837	39.499	1.0
11.67	15.593	1.0
36.016	15.667	1.0
18.339	20.626	1.0
17.727	3.619	1.0
0.877	0.828	0.714	0.794	0.874	0.88	0.868	0.704	0.826	0.725	0.888	0.823	0.877	0.817	0.722	0.852	0.802	0.799	0.73	0.763	0.748	0.869