22
25.455	25.417
12.899	12.158
8.702	24.635	1.0
19.403	0.594	1.0
14.127	11.134	1.0
15.211	25.536	1.0
7.747	7.605	1.0
2.055	8.634	1.0
30.297	10.805	1.0
6.541	12.714	1.0
13.35	7.694	1.0
24.417	9.613	1.0
3.265	16.398	1.0
21.841	6.838	1.0
11.285	22.735	1.0
24.486	23.579	1.0
2.289	19.952	1.0
11.215	14.938	1.0
14.676	4.424	1.0
28.292	2.066	1.0
21.219	3.944	1.0
8.363	28.034	1.0
32.926	10.525	1.0
0.535	18.023	1.0
0.805	0.708	0.706	0.797	0.782	0.756	0.716	0.747	0.841	0.889	0.871	0.722	0.788	0.841	0.803	0.739	0.845	0.825	0.836	0.816	0.733	0.844