22
15.986	21.139
0.949	28.448
5.837	18.73	1.0
37.155	4.785	1.0
23.643	39.911	1.0
22.939	36.287	1.0
11.314	23.403	1.0
31.645	23.37	1.0
24.383	20.113	1.0
6.152	29.993	1.0
32.418	34.037	1.0
39.45	16.528	1.0
18.753	10.253	1.0
35.573	36.956	1.0
9.135	12.25	1.0
28.032	3.279	1.0
25.103	7.69	1.0
25.291	23.537	1.0
37.833	21.561	1.0
25.429	30.248	1.0
14.423	9.914	1.0
33.751	18.825	1.0
35.207	31.656	1.0
18.799	17.982	1.0
0.796	0.89	0.76	0.89	0.71	0.835	0.865	0.707	0.786	0.81	0.851	0.799	0.894	0.82	0.875	0.832	0.786	0.836	0.713	0.796	0.76	0.795