22
10.4	21.469
12.608	23.647
18.607	32.186	1.0
0.795	1.839	1.0
24.973	6.7	1.0
0.377	9.542	1.0
3.373	23.64	1.0
14.547	31.79	1.0
12.902	13.294	1.0
7.368	23.061	1.0
3.342	27.247	1.0
24.479	23.532	1.0
29.556	19.247	1.0
3.68	12.343	1.0
13.27	1.639	1.0
3.899	31.758	1.0
6.054	7.205	1.0
30.299	23.568	1.0
17.113	4.352	1.0
6.77	10.26	1.0
30.613	28.128	1.0
30.291	16.708	1.0
26.445	30.772	1.0
10.038	31.897	1.0
0.805	0.836	0.79	0.853	0.804	0.853	0.775	0.852	0.794	0.861	0.89	0.789	0.886	0.836	0.77	0.875	0.774	0.898	0.797	0.878	0.807	0.798