22
1.309	17.089
2.456	7.227
27.002	6.785	1.0
1.992	29.745	1.0
23.172	18.156	1.0
26.44	9.621	1.0
11.436	10.336	1.0
12.432	31.57	1.0
16.578	10.542	1.0
14.336	28.665	1.0
8.417	11.584	1.0
0.59	4.076	1.0
5.188	22.25	1.0
19.693	15.095	1.0
20.593	32.456	1.0
32.553	25.851	1.0
9.712	31.701	1.0
9.376	2.812	1.0
21.909	28.839	1.0
23.327	11.529	1.0
15.582	25.112	1.0
14.581	6.903	1.0
2.22	11.061	1.0
3.499	25.579	1.0
0.767	0.826	0.877	0.834	0.762	0.816	0.846	0.822	0.709	0.701	0.769	0.768	0.897	0.726	0.867	0.849	0.842	0.701	0.824	0.729	0.817	0.838