22
17.553	1.277
15.71	0.364
16.491	17.576	1.0
0.713	7.376	1.0
5.967	24.208	1.0
10.776	4.93	1.0
21.885	1.849	1.0
14.248	21.373	1.0
21.056	20.086	1.0
20.567	23.837	1.0
3.884	7.883	1.0
17.864	13.077	1.0
23.47	13.789	1.0
0.135	9.87	1.0
3.56	20.399	1.0
14.267	5.818	1.0
13.87	24.455	1.0
13.209	1.458	1.0
11.553	19.549	1.0
7.941	13.261	1.0
8.428	21.21	1.0
24.272	21.706	1.0
20.285	17.066	1.0
6.907	8.498	1.0
0.723	0.891	0.766	0.772	0.873	0.721	0.816	0.736	0.799	0.804	0.791	0.775	0.831	0.714	0.839	0.749	0.748	0.816	0.704	0.709	0.89	0.714