22
2.611	15.542
16.884	9.481
16.124	6.811	1.0
6.954	21.153	1.0
10.601	12.19	1.0
0.893	10.145	1.0
17.179	17.374	1.0
18.134	10.552	1.0
10.172	0.359	1.0
11.55	5.06	1.0
13.799	23.154	1.0
21.2	13.049	1.0
8.967	5.977	1.0
24.231	8.896	1.0
22.639	16.668	1.0
8.809	24.246	1.0
14.495	10.431	1.0
8.417	14.324	1.0
1.335	23.622	1.0
11.305	15.111	1.0
1.624	3.668	1.0
18.644	7.041	1.0
19.934	17.615	1.0
3.758	5.942	1.0
0.867	0.784	0.777	0.847	0.843	0.854	0.85	0.748	0.872	0.765	0.778	0.732	0.739	0.749	0.855	0.818	0.719	0.736	0.823	0.805	0.787	0.788