22
31.131	9.926
39.91	37.723
7.342	32.785	1.0
37.498	33.053	1.0
27.657	37.348	1.0
29.671	23.594	1.0
31.978	19.73	1.0
1.966	13.952	1.0
40.876	18.075	1.0
18.873	8.144	1.0
4.667	1.015	1.0
30.423	15.703	1.0
24.999	15.228	1.0
4.019	20.928	1.0
30.032	30.017	1.0
11.858	21.19	1.0
17.5	24.51	1.0
1.175	18.359	1.0
10.45	29.103	1.0
10.475	7.78	1.0
28.784	6.872	1.0
26.191	29.116	1.0
8.615	12.821	1.0
23.233	19.455	1.0
0.752	0.86	0.89	0.897	0.715	0.773	0.723	0.88	0.768	0.841	0.823	0.763	0.789	0.717	0.838	0.787	0.767	0.805	0.792	0.774	0.833	0.875