22
27.184	7.174
32.072	16.251
15.809	20.892	1.0
30.563	6.586	1.0
24.657	9.826	1.0
20.662	28.66	1.0
21.906	3.372	1.0
10.633	28.67	1.0
28.702	30.378	1.0
32.473	3.357	1.0
1.067	31.154	1.0
11.018	21.703	1.0
22.327	15.629	1.0
3.6	29.791	1.0
6.389	22.385	1.0
9.129	19.845	1.0
26.244	26.488	1.0
6.305	15.15	1.0
19.977	32.346	1.0
33.187	13.963	1.0
15.128	2.587	1.0
19.564	25.171	1.0
4.887	32.166	1.0
15.494	12.997	1.0
0.889	0.832	0.705	0.85	0.799	0.728	0.814	0.891	0.825	0.727	0.803	0.848	0.777	0.836	0.883	0.837	0.857	0.781	0.722	0.794	0.896	0.711