22
23.029	23.306
12.381	3.79
22.997	0.903	1.0
16.93	24.468	1.0
19.123	19.269	1.0
8.449	5.705	1.0
4.156	14.548	1.0
7.379	18.979	1.0
16.017	2.093	1.0
21.387	10.54	1.0
10.438	19.005	1.0
20.334	13.847	1.0
21.839	4.444	1.0
2.4	7.926	1.0
7.605	14.805	1.0
10.33	14.218	1.0
0.831	14.389	1.0
24.324	3.484	1.0
23.835	17.913	1.0
12.853	2.347	1.0
1.108	4.651	1.0
19.556	8.518	1.0
12.029	11.549	1.0
21.13	23.992	1.0
0.898	0.831	0.845	0.821	0.815	0.836	0.829	0.897	0.897	0.749	0.774	0.712	0.841	0.866	0.838	0.804	0.84	0.886	0.85	0.753	0.897	0.791