22
6.646	8.097
8.849	30.865
11.23	26.58	1.0
20.387	19.916	1.0
2.088	8.05	1.0
3.592	3.838	1.0
17.706	24.245	1.0
18.3	28.668	1.0
32.033	6.603	1.0
8.462	5.643	1.0
25.357	26.438	1.0
14.938	12.5	1.0
22.996	22.727	1.0
28.467	8.293	1.0
1.935	17.057	1.0
18.958	15.555	1.0
9.424	2.68	1.0
10.852	18.396	1.0
13.366	19.966	1.0
21.091	31.915	1.0
22.599	0.28	1.0
10.393	14.266	1.0
18.124	12.912	1.0
25.816	32.87	1.0
0.853	0.838	0.861	0.9	0.742	0.724	0.835	0.707	0.725	0.879	0.899	0.81	0.884	0.877	0.862	0.835	0.789	0.805	0.731	0.857	0.892	0.815