22
4.82	19.048
2.385	1.843
5.612	15.561	1.0
18.659	12.193	1.0
9.682	16.967	1.0
12.004	0.783	1.0
14.477	4.013	1.0
11.405	19.639	1.0
13.494	17.776	1.0
2.5	21.471	1.0
0.868	5.939	1.0
10.515	10.791	1.0
8.768	5.173	1.0
20.662	15.86	1.0
7.403	21.418	1.0
1.509	16.247	1.0
4.476	23.131	1.0
18.693	6.829	1.0
2.894	9.008	1.0
22.712	12.098	1.0
0.832	13.667	1.0
20.289	24.527	1.0
16.224	17.05	1.0
7.152	3.109	1.0
0.719	0.897	0.879	0.784	0.732	0.803	0.899	0.835	0.766	0.781	0.769	0.715	0.859	0.888	0.871	0.738	0.813	0.885	0.744	0.756	0.804	0.71