22
25.672	21.443
5.922	2.288
18.805	1.443	1.0
8.316	7.747	1.0
18.116	28.854	1.0
32.564	5.591	1.0
12.149	28.858	1.0
30.557	31.852	1.0
4.683	22.638	1.0
12.043	9.247	1.0
32.062	22.078	1.0
15.513	22.848	1.0
27.097	25.132	1.0
8.427	24.787	1.0
0.147	17.297	1.0
24.813	30.118	1.0
21.917	25.859	1.0
2.326	27.877	1.0
20.136	7.825	1.0
1.838	14.021	1.0
18.342	4.675	1.0
20.031	17.861	1.0
22.513	0.764	1.0
25.42	3.026	1.0
0.862	0.896	0.841	0.85	0.749	0.734	0.781	0.786	0.784	0.806	0.757	0.81	0.807	0.776	0.728	0.879	0.709	0.809	0.891	0.8	0.707	0.767