22
26.59	28.02
0.116	3.075
17.366	6.914	1.0
29.807	6.96	1.0
30.607	31.451	1.0
11.383	16.21	1.0
8.757	16.807	1.0
0.185	21.476	1.0
12.511	32.726	1.0
17.762	22.492	1.0
10.508	19.407	1.0
15.075	20.017	1.0
22.676	2.677	1.0
17.993	13.902	1.0
20.808	15.024	1.0
32.653	19.396	1.0
25.128	6.473	1.0
9.928	32.011	1.0
1.214	12.665	1.0
28.126	3.051	1.0
17.197	25.363	1.0
29.444	28.847	1.0
7.091	11.823	1.0
25.967	9.269	1.0
0.806	0.705	0.755	0.721	0.788	0.81	0.874	0.732	0.702	0.79	0.784	0.879	0.754	0.801	0.831	0.781	0.71	0.731	0.801	0.838	0.882	0.831