22
25.173	24.6
27.535	8.62
17.198	26.157	1.0
41.453	11.191	1.0
7.251	8.421	1.0
10.39	31.074	1.0
20.673	36.053	1.0
28.725	5.133	1.0
12.388	40.491	1.0
31.225	16.9	1.0
41.449	0.118	1.0
38.783	33.394	1.0
7.038	2.313	1.0
37.005	5.305	1.0
3.648	26.366	1.0
34.355	0.287	1.0
16.9	36.973	1.0
18.553	13.101	1.0
35.905	14.97	1.0
8.203	12.886	1.0
13.645	15.992	1.0
10.257	17.198	1.0
32.316	12.36	1.0
3.459	36.583	1.0
0.897	0.781	0.892	0.838	0.889	0.714	0.882	0.884	0.859	0.794	0.781	0.722	0.872	0.871	0.72	0.887	0.711	0.798	0.858	0.762	0.866	0.851