22
1.376	5.731
18.342	0.317
0.495	35.83	1.0
21.465	20.421	1.0
26.962	9.042	1.0
9.781	8.759	1.0
37.239	5.966	1.0
4.867	5.627	1.0
31.696	34.229	1.0
38.98	11.773	1.0
29.644	27.687	1.0
25.187	30.384	1.0
34.67	22.851	1.0
17.193	20.84	1.0
13.262	13.701	1.0
34.739	36.685	1.0
7.353	17.656	1.0
8.475	29.799	1.0
22.058	14.108	1.0
13.192	17.325	1.0
12.881	25.451	1.0
0.595	15.704	1.0
15.878	23.158	1.0
30.137	25.188	1.0
0.827	0.704	0.848	0.789	0.753	0.893	0.724	0.867	0.887	0.727	0.789	0.705	0.874	0.83	0.721	0.881	0.737	0.887	0.747	0.795	0.884	0.825