22
23.635	24.452
1.619	10.907
19.743	5.561	1.0
18.15	20.605	1.0
4.735	23.988	1.0
10.017	0.547	1.0
23.9	15.93	1.0
5.003	14.299	1.0
8.451	6.735	1.0
9.446	10.507	1.0
18.088	15.682	1.0
19.661	18.228	1.0
23.36	1.04	1.0
3.271	11.316	1.0
18.41	9.653	1.0
15.084	24.425	1.0
0.476	14.477	1.0
22.031	7.595	1.0
5.617	0.053	1.0
22.822	11.972	1.0
1.317	18.397	1.0
1.202	20.953	1.0
7.223	21.332	1.0
3.055	8.092	1.0
0.749	0.755	0.873	0.791	0.852	0.887	0.83	0.899	0.727	0.768	0.797	0.703	0.877	0.804	0.702	0.802	0.864	0.787	0.719	0.707	0.876	0.826