22
22.819	21.165
20.761	27.015
30.666	21.843	1.0
20.101	4.642	1.0
22.095	18.196	1.0
5.762	16.441	1.0
17.952	17.898	1.0
5.343	28.015	1.0
32.22	5.383	1.0
28.26	0.935	1.0
6.094	19.231	1.0
12.086	22.631	1.0
7.068	21.982	1.0
17.443	1.028	1.0
19.122	14.031	1.0
9.005	30.386	1.0
6.054	11.538	1.0
11.057	27.918	1.0
7.362	7.961	1.0
26.874	21.085	1.0
23.864	33.124	1.0
27.222	15.797	1.0
6.331	0.798	1.0
0.306	5.858	1.0
0.743	0.839	0.817	0.891	0.71	0.763	0.738	0.711	0.819	0.825	0.769	0.764	0.791	0.809	0.886	0.876	0.733	0.854	0.717	0.855	0.738	0.707