22
4.43	11.064
5.962	28.821
35.505	19.957	1.0
26.976	8.594	1.0
13.437	12.289	1.0
16.763	15.548	1.0
41.162	41.129	1.0
10.173	9.175	1.0
30.451	23.738	1.0
37.795	29.789	1.0
38.936	33.931	1.0
33.34	1.771	1.0
38.76	10.782	1.0
28.873	30.475	1.0
11.915	35.498	1.0
38.341	20.91	1.0
27.679	3.24	1.0
18.633	38.101	1.0
3.598	40.959	1.0
24.851	11.568	1.0
26.445	15.672	1.0
12.27	28.74	1.0
14.385	8.916	1.0
35.459	3.435	1.0
0.727	0.787	0.808	0.831	0.798	0.848	0.753	0.805	0.73	0.85	0.728	0.874	0.763	0.819	0.882	0.751	0.761	0.732	0.711	0.834	0.88	0.746