22
7.616	21.071
14.554	16.739
3.272	19.601	1.0
8.892	16.896	1.0
18.621	3.972	1.0
23.857	9.2	1.0
3.399	16.319	1.0
0.787	18.319	1.0
10.636	19.863	1.0
5.121	2.923	1.0
20.881	22.789	1.0
11.234	13.403	1.0
9.543	7.045	1.0
16.101	16.741	1.0
22.846	20.176	1.0
17.329	9.551	1.0
7.223	4.53	1.0
3.134	22.138	1.0
7.446	12.183	1.0
21.552	2.789	1.0
23.525	24.274	1.0
3.065	12.869	1.0
11.847	4.572	1.0
0.02	3.772	1.0
0.875	0.768	0.88	0.806	0.881	0.88	0.833	0.881	0.87	0.728	0.888	0.757	0.788	0.84	0.822	0.881	0.826	0.8	0.783	0.807	0.803	0.88