23
11.147	23.549
16.676	21.84
4.118	13.766	1.0
24.966	18.917	1.0
12.778	22.602	1.0
5.524	4.997	1.0
2.785	24.069	1.0
4.333	2.597	1.0
15.388	4.358	1.0
4.924	16.668	1.0
21.742	19.012	1.0
19.901	10.163	1.0
9.54	23.665	1.0
17.78	3.333	1.0
12.054	0.956	1.0
1.753	5.906	1.0
16.206	1.197	1.0
14.502	25.092	1.0
21.245	25.201	1.0
11.684	11.232	1.0
19.824	1.164	1.0
0.727	18.283	1.0
25.014	22.972	1.0
14.134	20.446	1.0
16.743	6.889	1.0
0.751	0.773	0.809	0.836	0.872	0.809	0.757	0.719	0.895	0.817	0.796	0.76	0.798	0.835	0.856	0.881	0.857	0.848	0.712	0.727	0.806	0.788	0.86