23
1.029	8.978
3.945	32.989
1.114	31.872	1.0
14.106	10.555	1.0
22.639	18.867	1.0
16.489	7.939	1.0
24.173	10.372	1.0
32.418	8.935	1.0
4.959	13.887	1.0
21.087	6.023	1.0
9.742	27.381	1.0
0.675	20.448	1.0
18.961	29.362	1.0
30.555	5.643	1.0
7.988	32.646	1.0
3.543	3.448	1.0
19.625	0.545	1.0
16.274	1.923	1.0
30.913	20.713	1.0
15.007	14.3	1.0
26.56	22.982	1.0
27.166	8.484	1.0
17.51	17.084	1.0
15.391	24.454	1.0
22.825	13.27	1.0
0.706	0.776	0.843	0.731	0.756	0.878	0.806	0.814	0.852	0.747	0.877	0.751	0.714	0.892	0.834	0.848	0.834	0.74	0.753	0.809	0.849	0.875	0.763