23
1.956	15.675
24.416	0.865
7.581	37.95	1.0
37.384	37.208	1.0
11.278	23.562	1.0
1.339	3.245	1.0
20.256	1.593	1.0
10.778	32.146	1.0
30.786	11.462	1.0
13.313	15.626	1.0
15.683	9.658	1.0
23.048	18.995	1.0
30.393	36.529	1.0
25.29	11.879	1.0
11.535	7.02	1.0
19.749	39.983	1.0
38.815	2.657	1.0
6.477	18.104	1.0
13.395	0.149	1.0
4.889	8.144	1.0
37.989	34.453	1.0
1.953	12.283	1.0
12.415	38.088	1.0
41.767	30.673	1.0
16.52	20.95	1.0
0.843	0.814	0.736	0.878	0.816	0.717	0.804	0.745	0.862	0.83	0.891	0.786	0.877	0.828	0.883	0.887	0.769	0.712	0.726	0.731	0.715	0.739	0.73