23
1.048	11.103
17.171	12.93
3.502	24.875	1.0
9.812	8.713	1.0
13.895	6.541	1.0
23.131	11.837	1.0
0.472	3.725	1.0
8.392	16.379	1.0
19.485	24.572	1.0
10.921	15.445	1.0
16.959	10.675	1.0
15.93	19.025	1.0
21.738	8.669	1.0
23.792	1.028	1.0
2.026	18.846	1.0
19.672	11.045	1.0
1.472	22.092	1.0
25.339	10.654	1.0
1.742	12.72	1.0
6.857	10.811	1.0
9.398	23.434	1.0
24.372	24.558	1.0
13.37	22.599	1.0
10.489	2.309	1.0
23.645	19.582	1.0
0.725	0.83	0.721	0.856	0.825	0.738	0.753	0.882	0.813	0.87	0.715	0.756	0.728	0.763	0.722	0.7	0.785	0.78	0.767	0.821	0.837	0.891	0.747