23
27.59	28.535
14.509	22.145
33.598	22.318	1.0
15.86	22.868	1.0
28.577	15.608	1.0
33.343	32.047	1.0
7.427	2.313	1.0
12.058	21.215	1.0
19.932	5.239	1.0
20.987	9.056	1.0
0.823	31.119	1.0
19.526	27.847	1.0
10.238	10.307	1.0
28.467	2.54	1.0
24.124	30.329	1.0
7.884	33.586	1.0
15.85	2.339	1.0
6.828	29.92	1.0
18.961	24.881	1.0
2.126	11.677	1.0
17.62	9.2	1.0
32.877	11.244	1.0
14.796	7.593	1.0
10.848	32.759	1.0
30.944	28.309	1.0
0.854	0.869	0.892	0.776	0.753	0.805	0.897	0.861	0.745	0.887	0.761	0.894	0.775	0.898	0.885	0.888	0.885	0.736	0.838	0.878	0.866	0.714	0.877