23
11.6	23.192
12.12	16.306
28.836	12.523	1.0
3.614	22.175	1.0
24.761	22.729	1.0
3.105	12.614	1.0
25.265	25.621	1.0
17.116	14.202	1.0
24.218	31.771	1.0
31.693	24.257	1.0
8.366	6.672	1.0
31.805	8.488	1.0
6.864	4.014	1.0
13.805	30.028	1.0
0.18	13.723	1.0
32.014	28.816	1.0
14.485	19.998	1.0
29.213	31.613	1.0
12.186	1.078	1.0
10.367	26.398	1.0
28.766	25.611	1.0
8.954	29.715	1.0
7.051	21.147	1.0
9.959	18.956	1.0
4.172	30.195	1.0
0.895	0.801	0.724	0.843	0.884	0.721	0.837	0.876	0.779	0.899	0.763	0.871	0.821	0.851	0.765	0.71	0.802	0.765	0.828	0.734	0.863	0.747	0.875