23
30.937	26.342
15.741	15.085
6.715	10.917	1.0
23.794	38.121	1.0
41.491	15.781	1.0
37.454	38.525	1.0
41.133	26.29	1.0
9.231	39.858	1.0
1.989	0.17	1.0
28.432	2.495	1.0
17.978	14.079	1.0
3.591	37.45	1.0
9.032	21.83	1.0
33.148	7.238	1.0
35.416	34.726	1.0
19.979	40.762	1.0
16.385	35.25	1.0
40.889	23.142	1.0
2.186	3.838	1.0
15.258	0.187	1.0
7.81	4.695	1.0
40.993	42.075	1.0
40.112	19.865	1.0
4.877	15.842	1.0
33.739	23.096	1.0
0.813	0.72	0.819	0.863	0.89	0.867	0.709	0.888	0.772	0.846	0.745	0.817	0.882	0.894	0.849	0.861	0.821	0.827	0.724	0.853	0.743	0.704	0.845