23
12.626	32.776
41.545	19.616
40.041	37.969	1.0
11.81	13.331	1.0
18.03	10.666	1.0
13.306	36.296	1.0
1.582	28.718	1.0
8.216	8.499	1.0
21.777	36.869	1.0
28.574	30.36	1.0
14.368	0.404	1.0
29.042	15.432	1.0
31.171	6.897	1.0
41.109	33.049	1.0
14.533	25.997	1.0
36.349	34.082	1.0
10.772	7.138	1.0
16.5	36.828	1.0
39.409	30.804	1.0
21.403	40.411	1.0
34.863	9.475	1.0
33.849	15.74	1.0
32.564	36.818	1.0
19.912	29.229	1.0
8.666	35.313	1.0
0.788	0.797	0.733	0.761	0.766	0.821	0.757	0.79	0.743	0.722	0.775	0.756	0.842	0.784	0.739	0.885	0.843	0.778	0.71	0.844	0.897	0.888	0.884