23
17.739	17.108
6.806	24.492
36.995	7.88	1.0
36.899	26.189	1.0
0.402	10.86	1.0
7.792	20.924	1.0
33.19	7.63	1.0
42.248	13.255	1.0
10.638	41.826	1.0
14.65	26.297	1.0
3.28	15.053	1.0
28.655	0.019	1.0
41.848	9.08	1.0
33.652	21.451	1.0
35.16	24.28	1.0
8.552	2.017	1.0
41.839	15.85	1.0
15.386	11.303	1.0
32.497	13.78	1.0
22.506	41.665	1.0
35.547	28.527	1.0
6.675	27.355	1.0
41.621	32.892	1.0
36.665	36.036	1.0
11.441	20.03	1.0
0.86	0.863	0.7	0.743	0.788	0.718	0.89	0.866	0.73	0.815	0.791	0.845	0.76	0.792	0.712	0.769	0.842	0.816	0.755	0.792	0.773	0.847	0.864