23
10.399	30.611
33.835	20.803
23.113	29.668	1.0
29.799	23.61	1.0
22.461	12.547	1.0
37.209	36.542	1.0
9.391	16.927	1.0
0.403	22.155	1.0
24.736	7.632	1.0
36.163	13.024	1.0
26.301	32.38	1.0
2.024	25.649	1.0
12.879	24.732	1.0
13.872	16.821	1.0
19.211	13.127	1.0
31.922	9.72	1.0
3.507	21.465	1.0
38.745	2.243	1.0
23.747	27.139	1.0
24.973	24.699	1.0
6.884	41.833	1.0
22.235	4.553	1.0
9.28	29.132	1.0
42.463	25.953	1.0
20.678	22.505	1.0
0.844	0.808	0.859	0.837	0.813	0.837	0.848	0.769	0.77	0.815	0.844	0.804	0.788	0.886	0.733	0.812	0.812	0.742	0.837	0.735	0.738	0.891	0.894