23
17.901	15.498
7.836	0.273
16.39	10.488	1.0
18.808	4.053	1.0
22.287	24.798	1.0
15.148	0.631	1.0
21.45	1.18	1.0
7.48	4.556	1.0
18.503	12.213	1.0
21.353	6.981	1.0
7.524	10.008	1.0
0.531	4.359	1.0
22.039	12.825	1.0
1.758	8.811	1.0
24.721	14.275	1.0
7.655	15.376	1.0
16.087	23.462	1.0
2.908	5.369	1.0
21.196	18.533	1.0
24.732	11.307	1.0
11.902	20.299	1.0
5.246	0.945	1.0
19.92	14.581	1.0
12.626	8.828	1.0
23.203	4.277	1.0
0.74	0.87	0.852	0.892	0.738	0.824	0.775	0.85	0.865	0.89	0.735	0.889	0.792	0.825	0.791	0.879	0.727	0.711	0.804	0.822	0.784	0.897	0.88