23
4.338	18.938
9.13	9.458
15.573	1.082	1.0
24.337	6.966	1.0
21.578	3.28	1.0
20.697	11.911	1.0
9.604	7.841	1.0
22.128	16.366	1.0
6.062	9.784	1.0
12.504	5.813	1.0
6.531	16.361	1.0
11.208	13.557	1.0
5.746	24.926	1.0
21.875	20.768	1.0
19.15	18.713	1.0
0.826	20.295	1.0
21.496	0.713	1.0
8.747	19.113	1.0
17.281	6.912	1.0
15.771	10.012	1.0
18.9	0.667	1.0
4.167	13.95	1.0
7.362	12.901	1.0
2.238	17.649	1.0
9.131	3.737	1.0
0.824	0.845	0.722	0.887	0.805	0.84	0.827	0.721	0.811	0.886	0.701	0.879	0.848	0.816	0.896	0.825	0.868	0.753	0.739	0.789	0.791	0.761	0.806