23
13.131	1.169
12.485	14.907
4.896	12.298	1.0
18.136	11.006	1.0
2.034	2.382	1.0
0.01	16.331	1.0
18.059	18.171	1.0
3.544	19.68	1.0
20.353	7.454	1.0
0.206	25.278	1.0
7.243	18.883	1.0
11.678	19.832	1.0
8.212	8.379	1.0
8.906	25.485	1.0
22.276	4.993	1.0
22.298	22.522	1.0
25.278	15.056	1.0
10.698	13.25	1.0
18.881	0.894	1.0
6.533	1.784	1.0
16.869	14.719	1.0
14.423	8.755	1.0
0.512	20.536	1.0
15.033	2.325	1.0
3.609	23.83	1.0
0.86	0.817	0.827	0.867	0.756	0.851	0.789	0.813	0.752	0.775	0.866	0.766	0.819	0.754	0.734	0.793	0.877	0.787	0.712	0.852	0.731	0.738	0.754