23
7.215	13.744
19.56	20.738
24.323	16.916	1.0
5.468	21.444	1.0
9.905	5.436	1.0
22.494	11.241	1.0
19.758	14.089	1.0
13.431	18.336	1.0
16.318	4.435	1.0
20.299	4.118	1.0
17.735	8.369	1.0
7.143	9.358	1.0
3.842	9.135	1.0
12.006	22.177	1.0
10.831	2.069	1.0
2.481	19.102	1.0
1.994	2.564	1.0
12.013	9.937	1.0
21.339	22.927	1.0
5.574	13.943	1.0
9.949	14.032	1.0
8.437	21.284	1.0
14.775	10.703	1.0
23.139	0.868	1.0
17.573	22.81	1.0
0.828	0.772	0.708	0.752	0.84	0.756	0.794	0.839	0.896	0.847	0.838	0.888	0.711	0.756	0.709	0.734	0.825	0.87	0.773	0.736	0.808	0.712	0.869