23
33.139	4.222
17.558	37.029
35.882	41.094	1.0
42.011	32.168	1.0
29.265	41.533	1.0
34.717	34.168	1.0
8.541	35.83	1.0
1.237	26.506	1.0
42.16	23.63	1.0
23.418	0.591	1.0
4.289	33.019	1.0
36.048	28.114	1.0
30.722	2.152	1.0
31.405	23.124	1.0
26.288	20.355	1.0
27.789	4.698	1.0
24.493	37.062	1.0
31.899	38.651	1.0
35.064	23.275	1.0
38.367	30.789	1.0
16.65	35.283	1.0
1.075	29.356	1.0
25.77	34.908	1.0
39.993	0.218	1.0
35.783	20.418	1.0
0.85	0.824	0.772	0.768	0.789	0.757	0.833	0.808	0.825	0.849	0.714	0.791	0.768	0.817	0.705	0.816	0.848	0.81	0.881	0.816	0.701	0.824	0.825