23
17.86	11.665
10.932	33.199
33.175	5.227	1.0
1.583	14.742	1.0
8.906	10.528	1.0
21.87	10.796	1.0
17.594	24.172	1.0
13.961	17.921	1.0
1.578	4.957	1.0
10.108	15.165	1.0
25.4	17.08	1.0
9.42	21.809	1.0
4.179	10.069	1.0
12.026	0.974	1.0
4.745	22.929	1.0
16.047	27.261	1.0
26.581	25.849	1.0
29.605	2.428	1.0
16.386	31.23	1.0
27.72	9.656	1.0
31.168	22.576	1.0
13.781	9.391	1.0
4.655	1.518	1.0
7.101	6.77	1.0
0.02	31.0	1.0
0.721	0.772	0.886	0.782	0.816	0.846	0.884	0.749	0.791	0.796	0.791	0.789	0.716	0.815	0.852	0.891	0.809	0.834	0.711	0.89	0.795	0.817	0.819