23
40.705	24.672
15.406	15.226
24.737	36.21	1.0
34.052	30.289	1.0
19.872	1.477	1.0
3.338	12.122	1.0
34.968	6.24	1.0
4.449	29.713	1.0
26.479	34.031	1.0
33.273	37.374	1.0
7.909	25.38	1.0
23.803	5.831	1.0
34.763	20.09	1.0
5.919	15.864	1.0
26.104	0.149	1.0
34.923	2.199	1.0
2.45	36.263	1.0
41.897	33.685	1.0
39.957	31.738	1.0
40.93	14.179	1.0
1.14	25.187	1.0
19.473	4.377	1.0
10.266	15.256	1.0
31.1	7.881	1.0
25.688	8.3	1.0
0.756	0.896	0.735	0.846	0.853	0.856	0.741	0.852	0.811	0.818	0.784	0.719	0.838	0.876	0.863	0.74	0.829	0.709	0.797	0.808	0.713	0.732	0.72