23
4.23	14.348
1.214	11.182
5.629	8.417	1.0
20.064	12.509	1.0
15.789	25.185	1.0
9.405	23.49	1.0
5.045	12.65	1.0
15.131	22.064	1.0
12.544	12.767	1.0
4.685	16.762	1.0
14.582	15.034	1.0
8.495	1.074	1.0
2.133	15.067	1.0
21.435	8.694	1.0
21.126	23.788	1.0
15.23	17.977	1.0
22.254	16.19	1.0
8.942	5.444	1.0
10.497	8.234	1.0
21.898	6.175	1.0
0.468	25.084	1.0
8.969	14.339	1.0
23.926	18.484	1.0
19.001	22.16	1.0
11.359	18.962	1.0
0.793	0.797	0.84	0.703	0.723	0.787	0.809	0.868	0.896	0.75	0.755	0.896	0.799	0.743	0.887	0.773	0.728	0.702	0.873	0.827	0.818	0.786	0.839