23
32.567	20.166
6.179	27.185
26.083	8.465	1.0
13.243	13.909	1.0
17.386	22.665	1.0
21.259	6.146	1.0
6.994	14.642	1.0
27.752	17.67	1.0
10.764	5.07	1.0
3.232	3.65	1.0
6.267	8.665	1.0
9.985	16.077	1.0
30.282	2.092	1.0
25.252	21.614	1.0
9.847	9.31	1.0
20.367	20.018	1.0
13.265	16.655	1.0
0.236	28.21	1.0
32.411	13.651	1.0
2.483	25.812	1.0
7.486	11.781	1.0
22.423	25.862	1.0
26.066	0.487	1.0
28.565	13.828	1.0
7.474	1.612	1.0
0.865	0.9	0.892	0.815	0.736	0.815	0.792	0.822	0.717	0.888	0.848	0.723	0.803	0.72	0.869	0.714	0.887	0.721	0.768	0.719	0.731	0.803	0.748