23
17.067	0.026
17.964	1.899
8.881	2.057	1.0
21.73	9.976	1.0
15.883	14.47	1.0
15.596	1.639	1.0
6.995	17.001	1.0
3.643	17.098	1.0
21.911	22.382	1.0
11.662	17.758	1.0
17.384	8.214	1.0
8.971	19.486	1.0
20.932	0.193	1.0
4.905	5.829	1.0
1.227	5.272	1.0
20.039	7.59	1.0
14.833	22.831	1.0
1.585	13.462	1.0
19.968	18.205	1.0
19.057	14.47	1.0
12.879	14.921	1.0
2.2	21.814	1.0
14.529	18.238	1.0
18.77	3.716	1.0
12.024	4.816	1.0
0.756	0.845	0.827	0.84	0.716	0.877	0.854	0.876	0.701	0.842	0.832	0.875	0.742	0.899	0.754	0.898	0.841	0.855	0.893	0.764	0.743	0.714	0.787