23
12.436	22.595
10.541	32.809
6.91	12.664	1.0
3.882	0.913	1.0
7.414	30.9	1.0
11.531	0.355	1.0
25.064	29.175	1.0
7.06	15.58	1.0
24.271	0.569	1.0
14.047	21.692	1.0
14.247	9.52	1.0
33.956	21.988	1.0
29.649	25.714	1.0
33.994	16.111	1.0
17.934	29.873	1.0
21.62	22.03	1.0
30.77	17.167	1.0
14.339	16.751	1.0
17.934	25.314	1.0
9.135	22.111	1.0
33.879	7.894	1.0
31.836	20.622	1.0
27.848	5.184	1.0
17.598	7.719	1.0
20.751	17.152	1.0
0.757	0.855	0.872	0.806	0.885	0.799	0.842	0.82	0.716	0.73	0.859	0.713	0.743	0.763	0.761	0.783	0.778	0.848	0.843	0.706	0.747	0.899	0.821