23
24.071	25.052
13.402	29.819
15.173	14.318	1.0
27.911	1.602	1.0
32.229	3.178	1.0
6.537	7.736	1.0
21.18	33.721	1.0
23.068	26.179	1.0
20.033	4.797	1.0
20.536	18.35	1.0
19.779	26.511	1.0
3.335	11.78	1.0
1.305	7.712	1.0
9.332	24.801	1.0
33.375	30.434	1.0
18.003	19.389	1.0
21.212	21.595	1.0
27.856	13.545	1.0
27.966	25.594	1.0
11.131	1.994	1.0
16.518	8.959	1.0
1.435	27.662	1.0
29.972	21.331	1.0
23.802	22.841	1.0
22.882	8.451	1.0
0.895	0.852	0.783	0.833	0.831	0.748	0.896	0.713	0.775	0.843	0.703	0.881	0.894	0.782	0.863	0.78	0.729	0.757	0.876	0.861	0.888	0.821	0.831