23
16.296	31.348
27.076	31.24
1.216	18.995	1.0
7.709	14.221	1.0
12.18	0.347	1.0
3.087	1.472	1.0
27.425	7.469	1.0
16.293	26.061	1.0
4.732	29.15	1.0
16.316	10.87	1.0
30.999	6.339	1.0
14.507	18.485	1.0
26.954	4.262	1.0
1.762	14.818	1.0
8.373	26.516	1.0
21.073	25.613	1.0
32.564	9.512	1.0
22.362	7.101	1.0
23.405	14.197	1.0
6.572	31.393	1.0
16.655	22.377	1.0
2.793	4.634	1.0
4.27	19.408	1.0
19.089	8.815	1.0
17.991	30.411	1.0
0.761	0.755	0.894	0.775	0.838	0.782	0.706	0.865	0.805	0.71	0.862	0.766	0.853	0.799	0.851	0.877	0.766	0.772	0.86	0.831	0.753	0.893	0.818