24
11.634	6.542
30.79	16.83
40.713	5.562	1.0
35.848	15.86	1.0
4.098	41.919	1.0
11.684	39.949	1.0
5.405	39.59	1.0
16.559	40.072	1.0
0.751	27.6	1.0
30.445	8.212	1.0
22.522	5.353	1.0
31.935	27.461	1.0
27.619	23.896	1.0
4.153	12.051	1.0
24.959	12.88	1.0
35.359	36.855	1.0
16.241	0.399	1.0
40.455	30.928	1.0
33.344	25.2	1.0
5.393	31.91	1.0
15.31	34.224	1.0
25.445	41.066	1.0
41.568	22.818	1.0
1.753	38.461	1.0
17.479	37.302	1.0
13.822	21.018	1.0
0.8	0.759	0.883	0.798	0.86	0.861	0.814	0.82	0.76	0.732	0.728	0.849	0.866	0.878	0.77	0.796	0.746	0.813	0.733	0.792	0.741	0.785	0.763	0.722