24
21.134	1.168
15.177	13.884
25.724	16.447	1.0
23.831	1.635	1.0
9.065	32.904	1.0
29.219	9.993	1.0
18.148	12.631	1.0
21.064	28.98	1.0
34.583	11.904	1.0
0.573	27.775	1.0
22.269	4.114	1.0
31.909	0.304	1.0
2.044	4.493	1.0
32.256	3.847	1.0
34.654	14.967	1.0
5.74	4.378	1.0
15.697	22.665	1.0
1.469	16.374	1.0
2.864	23.639	1.0
19.582	18.727	1.0
18.379	21.636	1.0
3.132	33.63	1.0
32.065	17.035	1.0
20.867	32.927	1.0
13.789	31.594	1.0
17.43	31.921	1.0
0.87	0.842	0.862	0.797	0.868	0.769	0.741	0.875	0.737	0.714	0.781	0.811	0.879	0.834	0.779	0.853	0.843	0.862	0.739	0.849	0.829	0.771	0.8	0.843