24
15.721	34.261
21.009	21.6
16.32	18.495	1.0
1.827	13.063	1.0
7.938	27.873	1.0
31.167	14.582	1.0
20.467	7.915	1.0
31.661	0.942	1.0
30.872	5.399	1.0
18.269	30.111	1.0
33.092	11.4	1.0
9.55	4.962	1.0
24.776	6.053	1.0
4.657	22.68	1.0
0.457	16.701	1.0
8.619	22.398	1.0
0.982	27.259	1.0
14.895	30.815	1.0
22.801	31.726	1.0
31.551	30.445	1.0
3.82	28.755	1.0
6.555	25.15	1.0
11.484	27.12	1.0
19.041	21.269	1.0
32.075	33.786	1.0
27.094	31.537	1.0
0.819	0.898	0.805	0.765	0.895	0.864	0.881	0.779	0.764	0.743	0.891	0.844	0.799	0.89	0.766	0.894	0.79	0.864	0.805	0.856	0.846	0.774	0.757	0.85