24
7.576	8.853
24.568	24.398
4.31	7.838	1.0
22.613	17.681	1.0
11.41	9.76	1.0
13.181	16.681	1.0
13.595	4.333	1.0
20.359	9.35	1.0
23.823	9.94	1.0
16.909	0.195	1.0
6.88	12.281	1.0
4.114	17.792	1.0
10.544	6.163	1.0
13.81	14.256	1.0
17.015	7.698	1.0
6.226	24.21	1.0
8.551	3.474	1.0
0.487	25.996	1.0
24.057	3.607	1.0
14.237	25.031	1.0
8.476	20.788	1.0
13.79	1.343	1.0
21.885	5.171	1.0
2.543	14.559	1.0
22.976	21.733	1.0
24.243	15.34	1.0
0.806	0.732	0.706	0.853	0.872	0.9	0.877	0.713	0.729	0.765	0.727	0.71	0.708	0.852	0.857	0.721	0.866	0.869	0.773	0.75	0.891	0.873	0.794	0.736