24
18.745	5.184
11.743	3.349
16.203	16.554	1.0
19.929	12.65	1.0
0.78	3.785	1.0
0.828	24.959	1.0
19.418	2.4	1.0
6.779	8.46	1.0
4.736	2.834	1.0
17.517	7.57	1.0
20.535	17.426	1.0
21.591	7.438	1.0
10.484	7.957	1.0
0.396	15.892	1.0
11.638	13.407	1.0
0.417	21.864	1.0
23.837	25.2	1.0
8.205	16.162	1.0
25.267	21.64	1.0
12.725	21.275	1.0
14.426	1.116	1.0
3.237	12.58	1.0
10.168	10.587	1.0
24.958	0.914	1.0
13.949	24.045	1.0
4.357	21.181	1.0
0.725	0.886	0.872	0.8	0.883	0.831	0.866	0.723	0.722	0.759	0.801	0.734	0.877	0.898	0.807	0.78	0.867	0.88	0.707	0.895	0.722	0.835	0.833	0.73