24
2.255	14.31
7.254	25.813
18.235	26.123	1.0
23.386	9.174	1.0
8.402	28.308	1.0
26.884	3.323	1.0
29.076	22.977	1.0
17.272	5.311	1.0
11.375	22.76	1.0
4.174	33.396	1.0
5.497	12.031	1.0
20.929	26.17	1.0
20.491	15.377	1.0
25.024	25.875	1.0
23.013	32.026	1.0
0.274	12.828	1.0
6.786	6.607	1.0
34.708	15.154	1.0
22.23	0.683	1.0
4.324	21.921	1.0
26.064	12.842	1.0
26.345	19.873	1.0
33.854	10.754	1.0
14.26	17.865	1.0
27.25	15.273	1.0
10.887	30.307	1.0
0.788	0.735	0.816	0.772	0.847	0.818	0.775	0.848	0.841	0.899	0.723	0.783	0.878	0.706	0.721	0.779	0.864	0.824	0.86	0.778	0.848	0.813	0.831	0.778