24
43.144	18.839
20.119	2.463
5.608	27.629	1.0
28.774	5.62	1.0
21.078	41.365	1.0
0.223	0.195	1.0
13.914	9.544	1.0
7.607	1.469	1.0
34.541	33.737	1.0
25.956	11.156	1.0
38.96	16.637	1.0
9.178	29.006	1.0
34.142	21.901	1.0
20.89	26.336	1.0
38.748	31.437	1.0
11.125	13.726	1.0
34.264	7.587	1.0
41.216	5.954	1.0
25.096	42.423	1.0
31.418	34.416	1.0
10.253	42.497	1.0
9.121	31.765	1.0
11.997	37.98	1.0
3.438	5.669	1.0
26.578	0.166	1.0
11.533	28.153	1.0
0.876	0.806	0.805	0.721	0.857	0.704	0.861	0.746	0.744	0.843	0.731	0.888	0.763	0.864	0.712	0.748	0.845	0.764	0.716	0.852	0.84	0.723	0.722	0.894