24
35.578	28.733
39.534	18.817
42.217	10.347	1.0
1.981	31.539	1.0
11.803	3.857	1.0
31.374	5.99	1.0
30.845	11.315	1.0
7.17	14.277	1.0
21.314	41.098	1.0
29.324	14.608	1.0
4.586	1.994	1.0
14.132	17.195	1.0
31.123	38.574	1.0
25.531	11.508	1.0
19.733	14.948	1.0
13.87	33.743	1.0
36.471	15.995	1.0
24.127	30.415	1.0
3.131	28.256	1.0
25.442	14.812	1.0
26.033	25.37	1.0
19.508	0.414	1.0
31.27	20.13	1.0
39.111	25.633	1.0
34.53	7.891	1.0
1.34	38.887	1.0
0.79	0.855	0.818	0.708	0.822	0.833	0.882	0.849	0.724	0.809	0.725	0.87	0.712	0.81	0.831	0.775	0.796	0.899	0.881	0.717	0.75	0.751	0.753	0.819