24
6.041	17.405
19.171	13.682
9.981	15.317	1.0
22.083	12.339	1.0
9.521	3.925	1.0
9.054	22.684	1.0
30.667	34.691	1.0
12.558	10.384	1.0
32.783	26.439	1.0
6.288	26.115	1.0
26.772	0.596	1.0
19.42	32.196	1.0
12.599	27.89	1.0
28.136	3.112	1.0
10.823	7.573	1.0
30.965	1.3	1.0
32.317	9.726	1.0
32.65	5.26	1.0
30.345	22.922	1.0
29.504	31.587	1.0
16.172	12.743	1.0
4.704	10.527	1.0
21.125	26.317	1.0
20.667	0.928	1.0
18.502	23.335	1.0
13.689	0.037	1.0
0.801	0.782	0.757	0.743	0.707	0.82	0.823	0.873	0.89	0.784	0.798	0.885	0.862	0.73	0.82	0.796	0.766	0.899	0.88	0.844	0.895	0.828	0.727	0.795