24
20.632	23.906
25.081	8.816
1.753	18.03	1.0
23.643	15.324	1.0
11.251	4.918	1.0
15.131	21.236	1.0
16.049	4.236	1.0
25.652	6.555	1.0
17.448	7.857	1.0
10.066	23.056	1.0
9.97	19.003	1.0
7.595	13.257	1.0
12.755	17.582	1.0
2.26	1.63	1.0
3.231	12.564	1.0
19.451	22.089	1.0
22.761	19.057	1.0
19.934	25.452	1.0
4.055	5.811	1.0
19.045	3.035	1.0
19.752	10.526	1.0
5.436	25.74	1.0
6.652	9.434	1.0
19.224	15.411	1.0
14.49	8.669	1.0
24.465	12.928	1.0
0.888	0.826	0.716	0.886	0.83	0.778	0.817	0.831	0.856	0.727	0.798	0.7	0.86	0.811	0.801	0.841	0.768	0.731	0.811	0.741	0.818	0.813	0.723	0.866