24
13.901	8.089
30.661	13.957
20.946	4.284	1.0
26.639	2.705	1.0
6.825	29.254	1.0
31.734	24.355	1.0
23.388	3.684	1.0
3.448	11.134	1.0
16.325	12.094	1.0
26.969	12.625	1.0
19.128	27.591	1.0
10.338	34.227	1.0
31.033	19.456	1.0
16.534	7.342	1.0
3.791	23.0	1.0
1.451	2.232	1.0
1.943	18.197	1.0
26.672	25.767	1.0
9.259	6.658	1.0
27.711	28.642	1.0
1.634	24.598	1.0
13.739	2.413	1.0
27.098	5.708	1.0
4.164	34.724	1.0
7.299	24.1	1.0
17.786	30.668	1.0
0.836	0.746	0.762	0.771	0.705	0.877	0.741	0.772	0.851	0.758	0.761	0.844	0.873	0.803	0.824	0.843	0.814	0.874	0.865	0.788	0.886	0.866	0.773	0.884