24
32.538	17.04
39.944	11.771
26.383	42.522	1.0
36.389	8.783	1.0
17.503	4.358	1.0
27.121	37.92	1.0
42.092	29.329	1.0
0.674	9.36	1.0
14.117	43.267	1.0
10.136	20.626	1.0
13.928	23.536	1.0
37.619	27.137	1.0
0.51	16.012	1.0
11.166	31.32	1.0
31.812	11.429	1.0
4.106	40.385	1.0
34.904	18.597	1.0
38.676	35.555	1.0
21.173	2.858	1.0
6.952	8.585	1.0
10.502	13.815	1.0
9.26	17.75	1.0
40.728	20.085	1.0
19.807	8.465	1.0
14.873	11.56	1.0
33.455	13.376	1.0
0.72	0.861	0.861	0.812	0.753	0.727	0.881	0.804	0.711	0.826	0.837	0.848	0.791	0.711	0.85	0.748	0.762	0.733	0.83	0.795	0.854	0.776	0.731	0.754