24
20.226	12.188
15.51	9.95
5.579	12.56	1.0
20.276	21.514	1.0
1.787	22.37	1.0
12.291	23.667	1.0
2.556	0.625	1.0
5.516	2.803	1.0
12.846	11.191	1.0
18.098	24.721	1.0
15.677	1.575	1.0
25.794	23.844	1.0
9.549	14.351	1.0
6.413	5.447	1.0
8.526	1.141	1.0
25.663	17.774	1.0
7.973	20.949	1.0
18.929	13.445	1.0
1.969	25.938	1.0
20.486	4.704	1.0
0.588	5.262	1.0
8.608	7.585	1.0
20.848	15.768	1.0
15.527	12.121	1.0
10.572	4.87	1.0
16.397	16.012	1.0
0.856	0.853	0.853	0.885	0.806	0.805	0.877	0.827	0.753	0.896	0.817	0.757	0.874	0.836	0.855	0.875	0.72	0.834	0.889	0.748	0.858	0.885	0.776	0.883