24
15.304	7.784
31.096	3.603
20.888	10.39	1.0
20.604	2.316	1.0
10.634	3.587	1.0
10.418	20.12	1.0
9.972	7.259	1.0
27.684	16.245	1.0
7.612	17.059	1.0
25.343	28.662	1.0
1.789	17.222	1.0
29.227	24.472	1.0
4.931	31.745	1.0
7.177	12.502	1.0
25.912	11.165	1.0
19.969	30.315	1.0
32.439	0.1	1.0
28.238	4.558	1.0
7.734	33.601	1.0
17.986	24.874	1.0
1.983	24.907	1.0
29.205	7.577	1.0
33.181	29.671	1.0
8.575	9.48	1.0
22.484	23.221	1.0
0.477	2.161	1.0
0.752	0.752	0.785	0.802	0.709	0.889	0.792	0.841	0.738	0.759	0.786	0.734	0.715	0.745	0.839	0.775	0.824	0.823	0.703	0.868	0.838	0.708	0.752	0.879