24
5.736	39.28
26.637	42.352
28.524	18.346	1.0
36.791	41.076	1.0
18.962	20.454	1.0
0.857	15.466	1.0
34.392	9.754	1.0
14.309	33.762	1.0
42.328	34.063	1.0
33.976	16.071	1.0
25.438	32.886	1.0
19.56	36.423	1.0
42.84	3.908	1.0
18.35	34.198	1.0
25.58	38.9	1.0
28.743	35.444	1.0
13.606	23.152	1.0
5.564	42.109	1.0
11.637	28.952	1.0
34.339	33.008	1.0
1.054	4.033	1.0
6.742	12.463	1.0
39.214	18.196	1.0
28.031	24.962	1.0
13.788	15.979	1.0
18.565	1.053	1.0
0.709	0.813	0.852	0.883	0.733	0.716	0.862	0.733	0.848	0.702	0.711	0.722	0.723	0.75	0.816	0.749	0.871	0.828	0.866	0.744	0.704	0.896	0.728	0.803