24
9.348	6.13
24.201	7.375
9.736	8.933	1.0
22.107	6.895	1.0
24.308	24.853	1.0
21.602	9.65	1.0
17.302	23.882	1.0
7.33	18.446	1.0
4.611	15.291	1.0
13.694	19.09	1.0
3.698	3.759	1.0
5.492	21.022	1.0
13.383	6.115	1.0
14.314	2.516	1.0
15.77	21.493	1.0
0.557	25.044	1.0
7.262	11.815	1.0
0.659	14.246	1.0
19.456	0.962	1.0
23.111	0.71	1.0
8.196	2.838	1.0
21.914	15.824	1.0
0.857	11.69	1.0
25.171	13.403	1.0
1.879	0.002	1.0
17.053	12.325	1.0
0.747	0.79	0.884	0.728	0.736	0.786	0.753	0.791	0.793	0.839	0.751	0.881	0.852	0.744	0.766	0.799	0.701	0.886	0.801	0.877	0.752	0.739	0.703	0.866