24
15.676	4.882
0.52	33.355
14.562	6.026	1.0
20.412	14.434	1.0
10.807	1.724	1.0
9.131	17.684	1.0
13.256	16.026	1.0
21.068	18.589	1.0
34.426	28.446	1.0
30.898	16.94	1.0
7.774	11.114	1.0
15.979	12.243	1.0
33.951	34.277	1.0
10.374	10.082	1.0
11.972	31.174	1.0
30.735	23.139	1.0
9.669	25.179	1.0
0.753	26.378	1.0
14.924	24.219	1.0
8.162	6.817	1.0
25.07	20.135	1.0
6.529	20.964	1.0
22.625	3.808	1.0
27.914	24.344	1.0
32.346	6.844	1.0
4.486	12.448	1.0
0.822	0.822	0.841	0.888	0.788	0.795	0.896	0.791	0.711	0.787	0.772	0.765	0.849	0.716	0.896	0.792	0.822	0.834	0.836	0.702	0.713	0.808	0.883	0.846