24
11.709	16.083
8.77	17.082
31.551	18.142	1.0
27.902	0.52	1.0
2.111	15.377	1.0
30.844	7.862	1.0
21.637	11.269	1.0
11.381	26.799	1.0
17.37	16.343	1.0
20.893	5.189	1.0
27.185	27.594	1.0
30.961	29.984	1.0
5.959	22.683	1.0
10.24	20.085	1.0
17.97	18.997	1.0
4.47	34.629	1.0
2.899	11.305	1.0
14.364	9.035	1.0
11.539	34.234	1.0
28.132	21.39	1.0
3.929	19.149	1.0
0.23	5.036	1.0
15.299	30.072	1.0
7.544	34.035	1.0
13.111	24.674	1.0
11.887	0.425	1.0
0.879	0.766	0.726	0.728	0.725	0.71	0.776	0.784	0.786	0.861	0.837	0.71	0.816	0.812	0.752	0.815	0.709	0.792	0.795	0.898	0.736	0.739	0.871	0.724