24
17.268	13.307
4.519	18.145
7.656	40.695	1.0
16.599	0.586	1.0
17.494	3.101	1.0
21.552	9.156	1.0
2.652	42.706	1.0
3.907	39.944	1.0
7.271	8.172	1.0
21.736	13.218	1.0
27.126	22.98	1.0
4.509	30.499	1.0
41.893	42.972	1.0
8.657	15.744	1.0
26.38	25.662	1.0
0.928	10.072	1.0
20.067	41.295	1.0
7.661	12.459	1.0
37.285	19.321	1.0
33.901	12.733	1.0
41.803	36.432	1.0
0.679	29.083	1.0
32.242	6.127	1.0
12.373	4.5	1.0
2.541	24.753	1.0
2.83	34.062	1.0
0.877	0.843	0.768	0.717	0.757	0.847	0.713	0.825	0.734	0.846	0.714	0.715	0.882	0.732	0.889	0.774	0.766	0.715	0.855	0.766	0.768	0.775	0.845	0.837