24
20.767	6.236
3.068	39.344
36.068	13.826	1.0
29.904	15.385	1.0
24.012	28.981	1.0
8.327	35.897	1.0
25.154	0.496	1.0
17.396	5.907	1.0
23.37	7.373	1.0
29.7	4.725	1.0
32.486	38.859	1.0
20.743	7.912	1.0
18.716	10.303	1.0
1.771	32.849	1.0
30.086	35.226	1.0
24.493	13.868	1.0
0.2	12.715	1.0
28.937	10.633	1.0
41.853	7.874	1.0
18.92	36.653	1.0
16.0	27.007	1.0
39.281	13.603	1.0
7.85	0.297	1.0
20.834	19.842	1.0
21.738	15.025	1.0
33.296	6.759	1.0
0.813	0.882	0.802	0.768	0.772	0.805	0.828	0.749	0.814	0.803	0.738	0.747	0.833	0.725	0.895	0.878	0.797	0.715	0.736	0.833	0.876	0.883	0.828	0.766