24
8.699	7.795
2.24	25.9
15.233	3.195	1.0
25.322	19.091	1.0
13.32	11.223	1.0
18.7	7.271	1.0
3.802	12.056	1.0
22.218	13.359	1.0
19.552	2.974	1.0
21.222	24.898	1.0
0.99	1.422	1.0
7.103	11.945	1.0
17.049	23.504	1.0
12.053	22.684	1.0
3.593	18.679	1.0
25.533	8.714	1.0
16.823	1.103	1.0
4.212	1.172	1.0
3.645	21.454	1.0
19.669	16.31	1.0
7.318	17.758	1.0
10.166	7.098	1.0
9.763	16.801	1.0
9.922	10.865	1.0
15.173	19.344	1.0
25.837	25.375	1.0
0.846	0.879	0.719	0.743	0.802	0.71	0.769	0.788	0.853	0.854	0.887	0.728	0.818	0.805	0.891	0.824	0.779	0.818	0.774	0.706	0.829	0.87	0.717	0.892