24
10.826	16.629
4.722	17.091
9.434	18.098	1.0
20.644	12.058	1.0
8.074	21.331	1.0
15.631	1.495	1.0
21.594	17.286	1.0
16.871	20.66	1.0
17.357	17.211	1.0
12.886	21.17	1.0
2.306	24.728	1.0
13.008	12.465	1.0
24.421	10.11	1.0
14.137	18.834	1.0
16.711	4.741	1.0
6.539	17.074	1.0
19.166	25.074	1.0
20.783	22.41	1.0
18.842	6.437	1.0
14.484	6.831	1.0
24.536	0.402	1.0
4.824	20.243	1.0
25.582	13.723	1.0
9.175	14.409	1.0
13.777	24.674	1.0
23.558	15.494	1.0
0.78	0.807	0.771	0.719	0.734	0.823	0.797	0.751	0.783	0.833	0.811	0.704	0.729	0.881	0.806	0.875	0.819	0.741	0.854	0.896	0.743	0.839	0.808	0.771