24
22.244	5.4
15.396	10.93
9.997	19.733	1.0
6.824	20.952	1.0
18.667	6.166	1.0
4.937	13.342	1.0
0.417	22.72	1.0
4.986	25.535	1.0
19.761	24.748	1.0
11.844	5.98	1.0
9.066	2.471	1.0
21.72	13.83	1.0
17.498	15.279	1.0
1.998	12.282	1.0
8.732	17.337	1.0
23.674	4.563	1.0
22.986	20.365	1.0
6.323	8.569	1.0
15.789	12.953	1.0
19.764	9.371	1.0
18.115	20.368	1.0
20.781	18.339	1.0
0.573	1.905	1.0
12.683	10.68	1.0
12.247	25.629	1.0
13.483	1.34	1.0
0.724	0.899	0.889	0.786	0.828	0.719	0.731	0.842	0.853	0.766	0.822	0.834	0.897	0.826	0.733	0.751	0.843	0.707	0.864	0.858	0.885	0.825	0.888	0.798