24
2.844	23.182
10.602	25.585
34.107	2.788	1.0
25.35	21.022	1.0
24.278	23.422	1.0
17.671	36.773	1.0
21.896	37.156	1.0
13.821	37.358	1.0
4.585	42.95	1.0
6.92	27.714	1.0
32.354	16.016	1.0
23.89	13.73	1.0
21.738	25.159	1.0
22.733	42.421	1.0
41.779	6.405	1.0
27.314	17.645	1.0
29.747	41.888	1.0
12.176	14.832	1.0
20.376	10.848	1.0
39.439	18.84	1.0
37.57	25.611	1.0
35.772	36.452	1.0
28.127	6.222	1.0
4.226	8.249	1.0
39.106	14.433	1.0
14.635	41.95	1.0
0.789	0.825	0.89	0.822	0.881	0.88	0.747	0.733	0.734	0.816	0.703	0.882	0.711	0.81	0.877	0.766	0.844	0.769	0.861	0.816	0.87	0.728	0.892	0.748