25
42.42	2.171
7.073	39.457
42.915	24.8	1.0
19.43	22.252	1.0
39.547	21.204	1.0
4.688	26.027	1.0
40.673	43.452	1.0
21.725	25.702	1.0
38.981	32.092	1.0
24.167	31.784	1.0
1.987	17.998	1.0
26.13	35.326	1.0
17.128	36.37	1.0
37.399	2.278	1.0
34.11	24.133	1.0
11.925	30.79	1.0
30.771	19.724	1.0
26.937	12.227	1.0
19.229	27.275	1.0
24.345	16.468	1.0
16.436	31.657	1.0
40.173	36.975	1.0
20.192	13.942	1.0
0.301	25.463	1.0
26.343	24.063	1.0
10.935	19.99	1.0
15.685	25.878	1.0
0.816	0.816	0.775	0.85	0.885	0.882	0.717	0.847	0.763	0.783	0.811	0.874	0.844	0.774	0.707	0.796	0.717	0.854	0.798	0.711	0.88	0.771	0.782	0.722	0.783