25
9.311	11.344
27.062	7.852
29.836	7.776	1.0
16.914	33.024	1.0
25.885	13.064	1.0
33.843	28.032	1.0
3.448	13.404	1.0
8.268	20.418	1.0
32.252	22.295	1.0
18.871	22.311	1.0
5.277	9.934	1.0
14.223	2.48	1.0
26.089	26.853	1.0
8.396	3.241	1.0
8.256	15.571	1.0
35.121	31.774	1.0
28.068	29.417	1.0
27.296	4.865	1.0
16.276	21.184	1.0
26.335	22.491	1.0
15.181	7.654	1.0
31.719	17.73	1.0
18.119	1.326	1.0
14.716	13.276	1.0
23.273	0.546	1.0
3.045	7.921	1.0
12.441	35.275	1.0
0.804	0.702	0.709	0.795	0.882	0.83	0.838	0.829	0.763	0.85	0.888	0.866	0.867	0.822	0.843	0.707	0.755	0.716	0.879	0.885	0.75	0.841	0.899	0.783	0.874