25
17.244	16.702
4.668	2.313
21.992	20.0	1.0
11.205	1.093	1.0
22.638	15.02	1.0
1.957	3.56	1.0
6.13	1.35	1.0
0.669	9.621	1.0
11.69	26.102	1.0
21.219	22.759	1.0
26.223	7.874	1.0
0.245	14.446	1.0
5.304	26.429	1.0
8.375	14.975	1.0
6.611	11.686	1.0
12.156	9.524	1.0
3.777	8.311	1.0
0.081	20.894	1.0
5.231	21.168	1.0
21.103	12.179	1.0
14.796	4.791	1.0
19.761	17.558	1.0
15.589	18.131	1.0
1.944	0.16	1.0
9.694	21.644	1.0
24.304	2.559	1.0
11.04	18.303	1.0
0.74	0.826	0.728	0.728	0.729	0.87	0.717	0.728	0.85	0.871	0.727	0.818	0.802	0.895	0.727	0.726	0.854	0.8	0.758	0.719	0.824	0.773	0.772	0.703	0.788