25
13.725	11.779
35.234	21.455
15.669	16.32	1.0
23.039	20.579	1.0
36.625	24.347	1.0
40.532	2.254	1.0
16.387	37.803	1.0
26.947	11.39	1.0
19.136	29.252	1.0
29.168	40.908	1.0
23.262	30.835	1.0
9.962	43.626	1.0
11.751	13.892	1.0
5.209	40.157	1.0
33.756	29.801	1.0
30.884	6.444	1.0
41.62	43.04	1.0
1.014	20.639	1.0
24.701	35.605	1.0
17.464	23.167	1.0
13.122	28.838	1.0
3.003	24.185	1.0
39.65	19.215	1.0
43.902	34.036	1.0
43.872	5.117	1.0
29.608	33.717	1.0
26.688	8.688	1.0
0.764	0.886	0.89	0.872	0.764	0.755	0.713	0.887	0.756	0.876	0.752	0.899	0.772	0.811	0.882	0.715	0.749	0.89	0.726	0.856	0.727	0.832	0.722	0.886	0.728