25
12.496	25.942
6.791	17.825
5.316	32.598	1.0
13.938	6.914	1.0
3.608	15.946	1.0
17.15	7.962	1.0
24.202	9.487	1.0
2.425	33.748	1.0
30.09	7.146	1.0
9.498	27.447	1.0
10.045	19.362	1.0
24.761	0.601	1.0
21.864	12.348	1.0
26.072	32.202	1.0
6.896	10.369	1.0
13.374	30.752	1.0
35.242	33.218	1.0
34.321	5.143	1.0
30.443	33.823	1.0
20.739	1.832	1.0
29.848	25.869	1.0
31.726	20.313	1.0
18.344	10.665	1.0
23.457	2.828	1.0
14.503	1.09	1.0
26.74	28.308	1.0
3.896	30.292	1.0
0.84	0.734	0.724	0.804	0.887	0.867	0.799	0.813	0.85	0.741	0.84	0.831	0.732	0.746	0.802	0.898	0.797	0.73	0.836	0.72	0.896	0.846	0.89	0.824	0.762