25
22.318	20.802
11.597	6.725
27.157	25.63	1.0
29.161	31.8	1.0
36.208	35.687	1.0
43.072	27.608	1.0
7.353	43.196	1.0
4.492	13.558	1.0
10.034	27.211	1.0
12.998	16.851	1.0
3.341	2.171	1.0
42.102	42.515	1.0
27.76	19.212	1.0
6.347	34.92	1.0
5.851	16.627	1.0
28.243	43.401	1.0
32.316	3.553	1.0
11.888	8.663	1.0
26.821	10.019	1.0
39.701	29.666	1.0
9.672	24.679	1.0
3.469	10.757	1.0
16.702	29.57	1.0
25.404	21.74	1.0
19.371	26.114	1.0
16.009	34.065	1.0
29.915	1.585	1.0
0.752	0.858	0.833	0.89	0.843	0.741	0.803	0.867	0.889	0.893	0.755	0.727	0.861	0.796	0.888	0.763	0.722	0.8	0.754	0.726	0.859	0.84	0.842	0.721	0.703