25
13.251	20.616
25.515	24.577
1.219	16.983	1.0
16.042	18.454	1.0
12.194	7.034	1.0
18.646	19.577	1.0
14.871	23.482	1.0
16.878	3.645	1.0
24.846	13.144	1.0
3.698	21.273	1.0
10.488	24.314	1.0
23.811	16.351	1.0
21.821	24.87	1.0
20.796	17.923	1.0
11.526	18.966	1.0
20.897	4.868	1.0
3.85	10.69	1.0
14.75	9.275	1.0
9.109	13.061	1.0
4.656	25.879	1.0
7.506	7.951	1.0
7.894	17.601	1.0
17.333	11.711	1.0
0.574	7.393	1.0
5.309	13.318	1.0
11.795	13.726	1.0
20.708	14.894	1.0
0.726	0.729	0.779	0.875	0.705	0.863	0.885	0.74	0.891	0.775	0.707	0.837	0.736	0.842	0.756	0.825	0.781	0.719	0.861	0.777	0.75	0.795	0.897	0.796	0.739