25
20.942	5.198
3.712	13.543
26.671	27.9	1.0
15.434	13.114	1.0
15.649	35.297	1.0
6.865	10.66	1.0
9.309	11.932	1.0
19.949	11.109	1.0
28.366	1.307	1.0
31.678	1.098	1.0
7.464	28.591	1.0
14.949	28.129	1.0
1.957	21.395	1.0
4.134	23.462	1.0
28.894	25.52	1.0
32.976	35.318	1.0
5.572	31.762	1.0
23.868	9.495	1.0
10.807	17.487	1.0
18.105	25.852	1.0
30.461	30.055	1.0
8.558	6.983	1.0
31.025	17.187	1.0
7.809	33.188	1.0
32.623	8.157	1.0
23.58	25.447	1.0
34.281	27.327	1.0
0.812	0.802	0.752	0.817	0.814	0.714	0.801	0.738	0.841	0.78	0.721	0.7	0.768	0.81	0.706	0.795	0.765	0.711	0.808	0.79	0.824	0.845	0.712	0.842	0.827