25
7.162	15.746
2.715	12.413
4.768	6.104	1.0
15.686	6.803	1.0
16.161	2.908	1.0
21.55	20.974	1.0
3.216	16.512	1.0
8.775	21.656	1.0
22.789	0.873	1.0
0.71	20.369	1.0
20.119	11.316	1.0
1.24	1.639	1.0
9.453	16.711	1.0
21.352	25.001	1.0
22.084	14.794	1.0
20.746	7.721	1.0
7.505	3.679	1.0
4.783	13.337	1.0
8.211	9.174	1.0
9.053	1.53	1.0
10.056	7.355	1.0
26.358	15.816	1.0
13.624	13.249	1.0
12.553	5.308	1.0
3.635	11.061	1.0
12.427	22.261	1.0
26.323	9.8	1.0
0.768	0.707	0.827	0.873	0.801	0.734	0.813	0.771	0.726	0.884	0.838	0.786	0.877	0.851	0.889	0.853	0.824	0.861	0.81	0.702	0.869	0.802	0.765	0.817	0.795