25
4.309	6.367
12.275	19.461
3.642	22.432	1.0
4.512	4.297	1.0
13.647	7.107	1.0
8.935	11.658	1.0
13.188	15.455	1.0
18.123	6.258	1.0
24.373	9.519	1.0
23.739	21.316	1.0
0.116	15.998	1.0
13.37	10.246	1.0
16.413	24.699	1.0
19.652	23.764	1.0
7.76	7.841	1.0
8.864	22.12	1.0
8.39	24.67	1.0
11.136	7.077	1.0
24.627	4.631	1.0
2.968	18.275	1.0
24.388	0.77	1.0
6.622	2.935	1.0
5.687	17.543	1.0
18.927	13.604	1.0
18.867	17.757	1.0
21.929	16.968	1.0
26.016	24.877	1.0
0.899	0.764	0.859	0.754	0.861	0.711	0.865	0.804	0.819	0.702	0.9	0.702	0.862	0.774	0.734	0.799	0.815	0.744	0.769	0.883	0.808	0.878	0.802	0.767	0.83