25
10.874	19.448
3.601	9.145
7.315	3.905	1.0
10.092	1.563	1.0
22.338	5.259	1.0
1.641	5.037	1.0
2.397	25.672	1.0
2.581	21.018	1.0
25.308	17.128	1.0
0.747	9.017	1.0
3.056	0.036	1.0
15.315	12.364	1.0
3.481	18.543	1.0
18.897	24.687	1.0
12.455	5.793	1.0
1.753	13.002	1.0
25.67	1.487	1.0
4.334	11.812	1.0
20.744	8.583	1.0
16.863	18.397	1.0
25.335	4.629	1.0
20.579	15.229	1.0
16.1	24.181	1.0
22.113	21.915	1.0
7.315	0.761	1.0
13.292	14.093	1.0
14.728	7.34	1.0
0.755	0.897	0.769	0.727	0.899	0.841	0.778	0.864	0.765	0.802	0.874	0.894	0.814	0.881	0.774	0.856	0.866	0.742	0.759	0.819	0.841	0.818	0.883	0.811	0.883