25
4.958	14.041
2.524	15.125
3.376	6.039	1.0
3.538	22.078	1.0
12.797	24.821	1.0
3.381	25.983	1.0
21.14	17.866	1.0
8.461	25.751	1.0
19.11	22.933	1.0
0.187	14.174	1.0
23.863	26.056	1.0
5.164	17.354	1.0
11.835	12.176	1.0
12.176	15.219	1.0
26.283	1.545	1.0
4.488	11.246	1.0
20.976	0.024	1.0
10.358	1.247	1.0
14.484	19.005	1.0
18.436	13.294	1.0
18.179	7.405	1.0
6.726	13.372	1.0
1.68	1.906	1.0
25.197	23.511	1.0
5.531	8.212	1.0
0.018	11.523	1.0
16.064	3.463	1.0
0.839	0.741	0.726	0.73	0.856	0.811	0.796	0.845	0.749	0.782	0.861	0.724	0.749	0.703	0.88	0.824	0.796	0.877	0.73	0.792	0.762	0.743	0.825	0.842	0.773