25
14.144	25.687
31.457	33.62
2.634	12.869	1.0
0.601	8.115	1.0
28.701	21.558	1.0
14.769	29.781	1.0
6.401	18.452	1.0
30.288	14.658	1.0
4.261	33.828	1.0
22.539	12.86	1.0
20.415	0.911	1.0
11.574	6.225	1.0
25.989	26.601	1.0
31.878	6.67	1.0
17.324	15.406	1.0
25.661	19.764	1.0
26.421	4.758	1.0
31.734	21.538	1.0
3.494	4.515	1.0
2.408	2.02	1.0
20.769	9.146	1.0
19.999	20.016	1.0
17.788	18.048	1.0
12.398	20.359	1.0
6.739	12.614	1.0
35.226	31.2	1.0
9.929	12.456	1.0
0.713	0.706	0.856	0.781	0.858	0.777	0.798	0.815	0.886	0.852	0.849	0.756	0.776	0.783	0.75	0.861	0.726	0.893	0.779	0.73	0.87	0.732	0.843	0.884	0.897