25
20.067	6.49
5.666	26.414
3.564	2.703	1.0
21.959	18.971	1.0
18.928	14.435	1.0
23.11	9.629	1.0
6.644	2.83	1.0
6.033	5.64	1.0
19.139	4.567	1.0
12.279	25.597	1.0
9.699	24.621	1.0
0.029	4.446	1.0
10.856	19.899	1.0
16.575	18.182	1.0
14.342	8.714	1.0
22.407	3.387	1.0
20.17	25.408	1.0
13.692	18.65	1.0
24.947	4.79	1.0
1.716	11.583	1.0
12.858	3.726	1.0
17.64	23.513	1.0
13.405	11.508	1.0
1.458	0.701	1.0
5.422	16.027	1.0
9.841	3.209	1.0
13.013	0.752	1.0
0.86	0.823	0.876	0.741	0.723	0.715	0.878	0.825	0.873	0.868	0.71	0.771	0.728	0.806	0.732	0.723	0.796	0.856	0.803	0.771	0.883	0.704	0.789	0.855	0.746