25
30.272	19.614
15.75	30.772
34.814	13.313	1.0
21.223	26.884	1.0
2.446	12.18	1.0
16.776	3.723	1.0
6.864	18.259	1.0
15.253	28.345	1.0
6.439	21.601	1.0
2.077	35.17	1.0
31.786	15.855	1.0
27.626	26.603	1.0
13.933	30.673	1.0
17.624	21.951	1.0
23.958	18.097	1.0
28.046	5.455	1.0
2.471	29.168	1.0
15.482	32.682	1.0
6.449	2.658	1.0
17.561	17.184	1.0
30.622	2.911	1.0
25.819	4.095	1.0
0.545	18.446	1.0
31.491	25.934	1.0
11.697	23.505	1.0
9.486	16.516	1.0
21.623	24.298	1.0
0.753	0.866	0.866	0.7	0.759	0.818	0.719	0.809	0.73	0.812	0.869	0.766	0.747	0.85	0.847	0.897	0.788	0.716	0.758	0.858	0.741	0.703	0.821	0.782	0.833