25
41.519	9.179
18.835	13.936
33.074	15.967	1.0
2.059	39.539	1.0
1.15	6.477	1.0
7.122	2.089	1.0
41.568	1.469	1.0
17.423	4.771	1.0
14.749	29.286	1.0
39.807	6.616	1.0
22.082	25.113	1.0
16.427	11.446	1.0
16.964	42.205	1.0
8.284	17.289	1.0
44.174	33.967	1.0
22.135	43.378	1.0
27.049	40.936	1.0
24.51	38.96	1.0
2.802	13.136	1.0
9.464	12.5	1.0
26.216	16.468	1.0
37.418	24.826	1.0
27.219	28.374	1.0
15.511	8.832	1.0
10.967	35.281	1.0
2.634	17.519	1.0
23.709	30.602	1.0
0.881	0.875	0.785	0.882	0.736	0.79	0.833	0.814	0.841	0.894	0.712	0.78	0.707	0.721	0.835	0.86	0.866	0.865	0.768	0.89	0.845	0.711	0.722	0.734	0.802