25
28.206	2.1
19.562	17.423
33.024	0.233	1.0
29.447	27.627	1.0
7.842	4.717	1.0
33.204	32.567	1.0
11.753	31.496	1.0
8.198	23.751	1.0
6.647	11.904	1.0
4.754	8.831	1.0
0.689	28.926	1.0
1.322	34.361	1.0
31.884	34.752	1.0
30.932	17.671	1.0
25.133	19.789	1.0
31.396	6.171	1.0
30.3	10.927	1.0
17.32	24.958	1.0
23.807	3.299	1.0
3.896	0.411	1.0
24.791	32.451	1.0
7.468	27.143	1.0
25.562	11.712	1.0
33.602	24.236	1.0
3.437	23.569	1.0
11.981	17.89	1.0
23.094	10.853	1.0
0.823	0.751	0.754	0.731	0.788	0.785	0.835	0.783	0.866	0.774	0.885	0.819	0.705	0.838	0.819	0.752	0.806	0.849	0.898	0.799	0.791	0.743	0.72	0.713	0.873