25
43.441	15.675
7.878	11.229
21.951	11.723	1.0
4.327	19.268	1.0
16.442	37.114	1.0
43.301	12.674	1.0
33.291	14.452	1.0
4.797	15.489	1.0
0.958	18.848	1.0
28.2	23.016	1.0
40.943	14.506	1.0
19.217	40.834	1.0
14.072	34.974	1.0
10.456	36.639	1.0
24.82	11.104	1.0
40.059	17.38	1.0
31.616	22.944	1.0
24.785	38.585	1.0
3.264	3.012	1.0
10.074	41.729	1.0
8.427	27.625	1.0
40.082	24.096	1.0
16.533	16.723	1.0
17.037	0.457	1.0
43.004	2.457	1.0
41.692	43.787	1.0
12.785	7.592	1.0
0.8	0.79	0.708	0.861	0.759	0.752	0.891	0.704	0.871	0.752	0.888	0.84	0.856	0.709	0.722	0.712	0.812	0.796	0.869	0.728	0.843	0.79	0.798	0.778	0.873