25
17.607	13.187
23.861	22.139
4.759	6.514	1.0
43.901	12.937	1.0
8.536	28.307	1.0
20.222	7.443	1.0
33.655	6.643	1.0
28.105	22.071	1.0
24.305	40.754	1.0
4.436	41.533	1.0
7.691	34.639	1.0
39.356	43.813	1.0
15.66	39.73	1.0
25.728	0.688	1.0
41.947	18.308	1.0
33.967	40.909	1.0
41.258	36.513	1.0
16.079	15.256	1.0
36.072	3.566	1.0
39.123	30.599	1.0
38.746	39.815	1.0
22.819	29.358	1.0
20.025	33.417	1.0
32.585	14.25	1.0
41.257	42.021	1.0
39.965	12.316	1.0
5.696	38.635	1.0
0.709	0.729	0.761	0.701	0.827	0.711	0.886	0.881	0.807	0.855	0.812	0.836	0.785	0.778	0.748	0.752	0.803	0.797	0.789	0.789	0.801	0.876	0.724	0.8	0.881