25
13.869	10.709
13.104	5.908
8.697	10.738	1.0
26.482	10.043	1.0
18.44	15.277	1.0
21.213	18.256	1.0
9.155	24.025	1.0
6.094	15.793	1.0
18.278	2.195	1.0
25.681	4.453	1.0
18.541	9.545	1.0
2.096	3.082	1.0
5.526	5.81	1.0
24.231	14.912	1.0
11.132	26.102	1.0
18.524	24.211	1.0
0.331	11.663	1.0
6.975	21.032	1.0
11.548	18.132	1.0
12.822	14.652	1.0
0.149	25.642	1.0
11.605	9.891	1.0
14.939	16.94	1.0
21.796	7.525	1.0
3.06	26.097	1.0
2.251	18.32	1.0
21.392	0.033	1.0
0.728	0.754	0.796	0.783	0.729	0.74	0.839	0.893	0.82	0.778	0.782	0.789	0.766	0.713	0.817	0.836	0.874	0.83	0.732	0.885	0.892	0.849	0.893	0.809	0.848