25
24.914	20.942
20.324	10.925
32.05	16.202	1.0
3.186	29.205	1.0
8.963	7.925	1.0
19.397	15.55	1.0
1.324	10.903	1.0
31.429	19.585	1.0
29.742	28.358	1.0
20.551	21.149	1.0
21.445	33.692	1.0
10.697	25.453	1.0
31.868	33.21	1.0
13.846	1.869	1.0
32.188	6.832	1.0
24.178	24.985	1.0
22.025	9.931	1.0
25.844	15.88	1.0
12.292	8.753	1.0
27.258	11.852	1.0
13.952	26.009	1.0
14.499	14.29	1.0
25.118	3.024	1.0
5.017	11.197	1.0
18.022	12.336	1.0
16.462	34.99	1.0
33.942	20.447	1.0
0.774	0.722	0.752	0.806	0.78	0.862	0.858	0.86	0.873	0.865	0.732	0.89	0.703	0.879	0.829	0.898	0.854	0.71	0.893	0.754	0.784	0.762	0.705	0.733	0.805