25
16.271	31.452
33.918	9.869
33.796	1.476	1.0
22.091	12.463	1.0
28.292	15.262	1.0
7.368	23.804	1.0
26.812	24.736	1.0
6.988	7.737	1.0
20.359	32.755	1.0
23.203	24.331	1.0
2.678	8.771	1.0
10.929	7.075	1.0
2.833	3.7	1.0
22.877	3.588	1.0
13.893	13.049	1.0
4.556	19.706	1.0
28.118	28.882	1.0
16.211	1.337	1.0
11.04	33.881	1.0
9.183	31.519	1.0
34.441	27.164	1.0
29.55	13.073	1.0
30.647	21.065	1.0
9.511	28.932	1.0
30.972	33.647	1.0
29.481	1.233	1.0
14.569	27.673	1.0
0.809	0.884	0.817	0.739	0.872	0.729	0.85	0.809	0.823	0.713	0.813	0.816	0.753	0.84	0.767	0.773	0.824	0.794	0.711	0.841	0.817	0.721	0.853	0.783	0.723