25
9.119	11.276
16.315	40.848
12.103	17.463	1.0
28.27	42.201	1.0
12.87	27.668	1.0
43.653	26.485	1.0
29.244	20.65	1.0
7.617	31.481	1.0
10.593	7.804	1.0
24.173	34.509	1.0
5.151	40.299	1.0
14.656	25.545	1.0
22.738	15.284	1.0
7.166	44.002	1.0
14.44	11.614	1.0
25.757	9.584	1.0
5.643	16.505	1.0
22.785	3.041	1.0
36.725	40.273	1.0
12.128	35.68	1.0
27.519	17.534	1.0
16.192	27.958	1.0
18.266	37.647	1.0
33.184	27.961	1.0
8.497	18.917	1.0
19.998	32.758	1.0
39.756	18.579	1.0
0.864	0.781	0.81	0.81	0.844	0.834	0.819	0.87	0.805	0.719	0.849	0.731	0.818	0.776	0.718	0.843	0.877	0.713	0.781	0.869	0.828	0.778	0.76	0.812	0.778