25
6.427	23.77
42.119	26.065
20.7	19.266	1.0
25.644	0.042	1.0
41.344	19.499	1.0
21.625	3.123	1.0
10.23	19.982	1.0
23.198	28.561	1.0
1.108	23.48	1.0
12.184	12.036	1.0
35.03	16.341	1.0
38.145	15.998	1.0
5.629	15.551	1.0
22.797	37.418	1.0
19.178	24.653	1.0
35.743	33.872	1.0
33.254	21.125	1.0
32.332	3.726	1.0
28.067	22.413	1.0
17.804	42.014	1.0
1.245	11.931	1.0
4.128	22.512	1.0
1.311	26.111	1.0
21.879	32.635	1.0
20.852	30.066	1.0
8.778	13.381	1.0
24.226	20.405	1.0
0.72	0.847	0.839	0.899	0.733	0.809	0.713	0.787	0.821	0.73	0.804	0.747	0.849	0.726	0.875	0.886	0.852	0.732	0.763	0.866	0.72	0.797	0.828	0.813	0.779