25
43.781	9.644
20.723	37.011
6.366	4.281	1.0
31.074	18.961	1.0
9.885	26.896	1.0
11.651	36.682	1.0
20.239	1.753	1.0
12.34	42.189	1.0
19.158	4.523	1.0
14.752	31.65	1.0
14.767	8.291	1.0
0.321	39.82	1.0
27.939	18.834	1.0
43.996	15.119	1.0
4.441	38.602	1.0
12.788	28.877	1.0
33.813	23.516	1.0
36.871	3.185	1.0
4.51	12.244	1.0
11.315	7.9	1.0
16.214	43.141	1.0
43.119	23.992	1.0
19.837	23.306	1.0
27.345	42.244	1.0
5.833	27.84	1.0
29.753	8.841	1.0
30.515	16.205	1.0
0.729	0.885	0.883	0.725	0.805	0.865	0.77	0.727	0.825	0.897	0.812	0.8	0.81	0.706	0.866	0.799	0.819	0.869	0.73	0.744	0.9	0.796	0.856	0.772	0.824