25
31.981	12.19
5.743	23.698
41.856	35.779	1.0
41.929	20.337	1.0
15.496	28.676	1.0
24.982	22.319	1.0
27.946	3.417	1.0
21.436	8.691	1.0
10.558	9.277	1.0
6.473	12.733	1.0
12.702	29.786	1.0
20.633	0.681	1.0
24.329	9.472	1.0
16.993	6.185	1.0
8.736	14.832	1.0
22.477	12.259	1.0
30.493	19.14	1.0
0.252	35.178	1.0
19.854	15.551	1.0
40.625	39.586	1.0
39.963	0.465	1.0
23.336	25.457	1.0
9.049	43.48	1.0
15.26	38.225	1.0
23.936	2.716	1.0
0.053	15.041	1.0
43.035	26.413	1.0
0.727	0.738	0.887	0.724	0.722	0.791	0.718	0.794	0.722	0.76	0.808	0.826	0.702	0.791	0.8	0.744	0.818	0.826	0.847	0.894	0.761	0.733	0.897	0.837	0.746