26
25.034	2.905
0.996	22.992
0.666	5.819	1.0
26.841	10.114	1.0
15.41	18.969	1.0
24.146	8.287	1.0
8.339	7.769	1.0
9.674	25.714	1.0
11.146	2.598	1.0
4.212	24.167	1.0
21.633	15.589	1.0
9.579	4.749	1.0
11.577	19.513	1.0
16.533	13.996	1.0
19.96	7.56	1.0
3.087	11.937	1.0
14.945	10.248	1.0
2.511	4.102	1.0
18.212	3.354	1.0
6.312	26.489	1.0
4.049	19.094	1.0
9.456	17.428	1.0
17.627	22.085	1.0
5.457	2.474	1.0
11.841	23.824	1.0
2.033	15.359	1.0
1.187	20.54	1.0
17.545	16.425	1.0
0.713	0.719	0.714	0.702	0.887	0.882	0.78	0.704	0.812	0.706	0.795	0.882	0.742	0.741	0.768	0.883	0.869	0.754	0.701	0.751	0.869	0.884	0.882	0.864	0.771	0.824