26
12.656	11.848
9.847	25.62
15.726	12.586	1.0
9.152	23.265	1.0
24.407	12.274	1.0
2.991	24.762	1.0
17.411	16.626	1.0
15.64	25.028	1.0
6.761	9.452	1.0
19.899	23.233	1.0
5.626	14.419	1.0
17.081	3.469	1.0
12.822	17.389	1.0
8.13	14.892	1.0
16.602	20.169	1.0
22.446	2.759	1.0
17.362	9.837	1.0
23.955	7.118	1.0
11.367	1.767	1.0
1.962	16.864	1.0
21.038	10.647	1.0
6.143	22.055	1.0
14.237	9.042	1.0
8.854	11.585	1.0
19.843	25.98	1.0
7.424	4.901	1.0
25.279	20.113	1.0
18.724	5.519	1.0
0.738	0.736	0.738	0.717	0.894	0.754	0.865	0.791	0.84	0.84	0.877	0.867	0.817	0.781	0.828	0.842	0.77	0.7	0.882	0.89	0.854	0.793	0.754	0.843	0.811	0.886