26
24.056	10.149
18.36	23.903
43.187	38.467	1.0
31.681	42.48	1.0
4.788	8.021	1.0
6.272	15.52	1.0
14.658	34.414	1.0
19.091	32.172	1.0
2.714	25.724	1.0
22.378	30.332	1.0
11.551	1.83	1.0
20.264	23.828	1.0
22.855	24.55	1.0
20.717	20.69	1.0
25.241	31.788	1.0
32.746	2.163	1.0
35.075	40.691	1.0
28.762	5.934	1.0
34.699	31.833	1.0
26.314	23.066	1.0
38.897	5.487	1.0
28.556	20.01	1.0
17.305	12.331	1.0
8.151	18.855	1.0
17.708	9.485	1.0
23.524	19.824	1.0
39.183	37.592	1.0
16.111	5.143	1.0
0.888	0.818	0.753	0.877	0.819	0.722	0.799	0.826	0.869	0.88	0.75	0.788	0.874	0.759	0.791	0.749	0.73	0.815	0.739	0.726	0.844	0.847	0.845	0.79	0.864	0.715