26
9.45	14.549
34.854	30.36
8.188	13.294	1.0
34.918	20.264	1.0
11.587	26.001	1.0
13.992	6.992	1.0
35.805	4.847	1.0
4.221	19.437	1.0
23.295	1.068	1.0
11.932	28.931	1.0
0.935	14.535	1.0
8.578	6.544	1.0
22.125	6.511	1.0
13.958	2.754	1.0
0.168	19.6	1.0
3.146	29.252	1.0
25.42	19.655	1.0
24.034	35.182	1.0
7.655	0.081	1.0
29.096	10.492	1.0
1.798	1.855	1.0
10.925	35.592	1.0
25.524	5.503	1.0
21.745	14.239	1.0
25.854	12.257	1.0
8.12	21.958	1.0
3.122	5.128	1.0
33.384	25.649	1.0
0.812	0.892	0.851	0.755	0.744	0.821	0.722	0.839	0.849	0.806	0.724	0.863	0.737	0.785	0.744	0.765	0.765	0.75	0.717	0.83	0.895	0.799	0.767	0.793	0.778	0.838