26
19.657	3.271
19.35	6.501
4.45	3.36	1.0
5.037	25.464	1.0
13.802	5.336	1.0
11.452	11.276	1.0
16.667	18.641	1.0
7.799	23.96	1.0
20.867	20.959	1.0
21.222	18.048	1.0
15.54	9.616	1.0
1.301	24.303	1.0
4.686	13.968	1.0
15.6	2.2	1.0
17.12	7.663	1.0
19.368	10.75	1.0
1.383	0.284	1.0
13.284	26.293	1.0
26.228	1.493	1.0
7.459	8.127	1.0
26.113	12.759	1.0
22.547	15.281	1.0
13.302	7.984	1.0
1.383	8.607	1.0
20.407	24.945	1.0
14.856	16.518	1.0
10.931	1.866	1.0
8.165	19.116	1.0
0.772	0.714	0.805	0.822	0.824	0.734	0.867	0.773	0.719	0.77	0.824	0.802	0.789	0.758	0.787	0.854	0.831	0.784	0.739	0.702	0.747	0.81	0.895	0.879	0.797	0.881