26
29.678	24.183
18.223	30.778
12.306	24.119	1.0
15.271	32.635	1.0
14.101	7.172	1.0
10.095	2.818	1.0
24.623	22.696	1.0
4.196	0.512	1.0
24.091	32.701	1.0
7.198	9.098	1.0
31.227	20.037	1.0
12.931	28.311	1.0
30.681	13.858	1.0
27.447	4.219	1.0
21.619	1.733	1.0
21.04	22.918	1.0
18.777	2.706	1.0
11.276	17.042	1.0
29.386	26.784	1.0
29.322	34.762	1.0
2.227	14.547	1.0
30.296	16.74	1.0
14.508	21.382	1.0
26.907	28.889	1.0
0.195	19.264	1.0
21.919	8.657	1.0
4.998	22.28	1.0
18.315	28.228	1.0
0.709	0.77	0.736	0.848	0.88	0.87	0.869	0.841	0.866	0.837	0.888	0.764	0.864	0.767	0.774	0.869	0.794	0.866	0.703	0.706	0.784	0.802	0.719	0.846	0.839	0.746