26
38.209	6.145
23.21	7.209
19.794	23.362	1.0
0.545	13.135	1.0
29.555	32.965	1.0
14.138	1.183	1.0
31.526	3.44	1.0
7.631	9.886	1.0
43.97	7.878	1.0
12.135	24.593	1.0
41.735	39.173	1.0
34.878	15.062	1.0
35.781	2.636	1.0
20.667	39.272	1.0
3.026	21.977	1.0
36.103	30.056	1.0
4.21	41.518	1.0
20.966	10.697	1.0
40.927	19.663	1.0
26.245	31.35	1.0
4.124	10.072	1.0
36.778	37.259	1.0
43.262	1.518	1.0
31.248	7.79	1.0
8.639	34.986	1.0
41.04	10.033	1.0
4.074	0.122	1.0
9.822	4.936	1.0
0.736	0.812	0.854	0.858	0.768	0.774	0.806	0.727	0.812	0.887	0.847	0.836	0.797	0.764	0.75	0.862	0.826	0.72	0.883	0.73	0.899	0.838	0.811	0.791	0.816	0.862