26
8.844	22.216
6.658	10.583
26.421	9.203	1.0
20.17	12.93	1.0
26.485	18.801	1.0
10.884	3.931	1.0
10.534	24.683	1.0
13.893	21.075	1.0
0.79	19.026	1.0
1.075	21.661	1.0
7.531	3.984	1.0
1.523	1.34	1.0
23.634	5.014	1.0
17.166	8.376	1.0
16.226	23.05	1.0
16.901	18.02	1.0
5.64	24.366	1.0
15.036	11.602	1.0
2.632	8.469	1.0
9.28	0.858	1.0
11.271	16.708	1.0
22.207	22.923	1.0
26.32	4.465	1.0
8.383	11.28	1.0
26.484	13.927	1.0
22.114	2.651	1.0
19.699	23.409	1.0
12.235	6.941	1.0
0.879	0.746	0.861	0.71	0.801	0.823	0.859	0.721	0.78	0.774	0.723	0.729	0.822	0.797	0.896	0.846	0.864	0.779	0.861	0.87	0.784	0.878	0.734	0.757	0.731	0.797