26
2.82	17.251
4.928	23.046
14.731	11.909	1.0
9.244	9.545	1.0
5.347	8.787	1.0
5.981	25.378	1.0
20.886	20.226	1.0
17.455	25.258	1.0
16.539	19.209	1.0
2.018	1.068	1.0
9.294	1.99	1.0
12.036	1.929	1.0
16.083	4.102	1.0
23.148	0.597	1.0
20.026	14.536	1.0
8.295	15.244	1.0
7.983	21.818	1.0
1.261	8.074	1.0
11.454	23.089	1.0
2.329	10.352	1.0
1.113	24.236	1.0
4.651	14.372	1.0
16.849	22.278	1.0
25.526	5.955	1.0
9.427	5.994	1.0
16.137	7.843	1.0
13.16	26.542	1.0
0.083	14.036	1.0
0.895	0.702	0.785	0.895	0.725	0.837	0.759	0.738	0.703	0.849	0.859	0.762	0.746	0.771	0.783	0.702	0.74	0.786	0.725	0.79	0.825	0.717	0.894	0.808	0.895	0.732