26
39.713	22.041
22.172	5.997
43.757	25.064	1.0
17.895	4.609	1.0
44.579	19.181	1.0
44.698	30.232	1.0
23.737	34.34	1.0
7.202	43.176	1.0
20.156	40.0	1.0
25.272	8.865	1.0
9.109	4.456	1.0
2.548	33.252	1.0
1.889	42.382	1.0
2.409	4.746	1.0
24.321	45.141	1.0
23.006	39.443	1.0
8.264	1.88	1.0
26.088	14.685	1.0
6.657	27.652	1.0
13.301	26.376	1.0
38.146	17.713	1.0
34.793	36.707	1.0
15.887	20.644	1.0
38.754	35.17	1.0
6.389	22.666	1.0
4.824	39.421	1.0
11.103	20.893	1.0
14.087	16.746	1.0
0.705	0.755	0.76	0.753	0.837	0.837	0.765	0.732	0.784	0.83	0.726	0.85	0.79	0.72	0.845	0.72	0.825	0.802	0.836	0.809	0.835	0.892	0.781	0.798	0.734	0.813