26
8.785	16.299
13.974	1.279
10.862	17.032	1.0
25.603	35.319	1.0
17.969	20.173	1.0
30.883	33.619	1.0
31.971	21.37	1.0
21.377	7.125	1.0
3.641	34.406	1.0
7.34	0.31	1.0
27.979	21.426	1.0
11.272	14.374	1.0
23.119	33.227	1.0
10.704	3.075	1.0
17.332	6.142	1.0
26.787	15.649	1.0
10.5	35.066	1.0
23.342	25.856	1.0
7.443	13.389	1.0
13.999	12.161	1.0
21.595	21.108	1.0
1.72	0.08	1.0
28.915	28.696	1.0
2.501	8.096	1.0
25.802	31.315	1.0
27.862	0.376	1.0
18.337	25.427	1.0
11.695	20.496	1.0
0.84	0.784	0.855	0.856	0.791	0.759	0.803	0.731	0.879	0.722	0.812	0.867	0.822	0.759	0.825	0.712	0.889	0.807	0.8	0.782	0.745	0.811	0.71	0.776	0.823	0.813