26
11.469	8.406
22.179	6.283
19.992	21.173	1.0
26.363	9.977	1.0
19.437	10.654	1.0
0.677	21.837	1.0
20.101	24.502	1.0
9.494	22.413	1.0
13.565	17.958	1.0
11.739	23.693	1.0
10.24	12.073	1.0
2.062	9.291	1.0
11.614	14.475	1.0
7.224	19.993	1.0
20.611	13.121	1.0
7.58	10.408	1.0
22.042	9.571	1.0
16.257	14.809	1.0
25.045	18.017	1.0
3.854	4.234	1.0
17.618	19.506	1.0
15.036	9.479	1.0
10.15	0.303	1.0
14.811	0.867	1.0
17.053	3.193	1.0
6.948	26.13	1.0
24.321	26.302	1.0
24.012	3.345	1.0
0.787	0.838	0.807	0.825	0.849	0.745	0.738	0.877	0.757	0.764	0.844	0.877	0.788	0.831	0.861	0.849	0.826	0.841	0.884	0.718	0.875	0.842	0.721	0.881	0.817	0.797