26
18.024	9.038
5.435	15.519
17.258	12.185	1.0
15.843	19.192	1.0
13.484	22.378	1.0
6.295	18.666	1.0
20.706	10.186	1.0
10.666	3.416	1.0
19.699	25.991	1.0
23.069	14.583	1.0
27.076	0.452	1.0
9.614	17.663	1.0
3.877	24.542	1.0
23.516	10.494	1.0
0.182	14.73	1.0
17.688	5.669	1.0
16.758	25.718	1.0
22.718	21.094	1.0
22.452	3.207	1.0
11.564	14.113	1.0
1.269	5.657	1.0
25.559	27.068	1.0
26.465	20.947	1.0
13.571	0.005	1.0
10.734	21.011	1.0
1.824	18.967	1.0
23.484	7.747	1.0
15.015	14.437	1.0
0.717	0.762	0.853	0.861	0.78	0.745	0.829	0.881	0.824	0.886	0.796	0.701	0.828	0.886	0.752	0.841	0.823	0.846	0.747	0.812	0.866	0.838	0.721	0.702	0.865	0.846