26
17.863	11.697
2.671	28.88
6.484	25.753	1.0
0.85	13.584	1.0
11.448	24.197	1.0
18.011	33.83	1.0
33.292	32.485	1.0
8.906	7.764	1.0
32.005	9.742	1.0
23.536	29.874	1.0
27.606	23.363	1.0
24.191	9.473	1.0
6.068	6.964	1.0
28.454	2.554	1.0
14.059	29.244	1.0
8.353	33.606	1.0
33.43	28.709	1.0
17.432	27.593	1.0
15.4	7.927	1.0
1.823	16.5	1.0
28.886	9.403	1.0
30.001	21.251	1.0
13.032	12.685	1.0
32.972	14.621	1.0
35.682	20.479	1.0
23.924	32.811	1.0
7.128	12.577	1.0
17.654	20.104	1.0
0.812	0.834	0.709	0.834	0.758	0.818	0.743	0.845	0.844	0.765	0.859	0.89	0.871	0.714	0.731	0.708	0.764	0.764	0.707	0.715	0.727	0.732	0.823	0.865	0.821	0.758