26
29.368	32.916
34.141	8.934
25.67	11.412	1.0
31.071	12.137	1.0
39.085	21.767	1.0
12.139	38.054	1.0
14.12	6.619	1.0
19.844	22.384	1.0
40.147	25.723	1.0
25.427	20.143	1.0
3.133	21.874	1.0
1.875	16.311	1.0
5.119	28.029	1.0
42.089	43.036	1.0
27.375	23.139	1.0
21.853	10.206	1.0
11.044	19.666	1.0
7.78	26.61	1.0
35.215	28.217	1.0
42.263	9.457	1.0
7.267	41.561	1.0
31.182	27.273	1.0
28.394	42.866	1.0
13.614	4.011	1.0
39.23	31.61	1.0
38.311	19.226	1.0
29.166	19.097	1.0
15.455	18.689	1.0
0.841	0.832	0.7	0.71	0.707	0.767	0.873	0.818	0.771	0.739	0.771	0.721	0.71	0.875	0.794	0.825	0.86	0.74	0.847	0.745	0.734	0.87	0.814	0.804	0.765	0.725