26
31.891	1.184
28.949	17.012
43.54	14.076	1.0
7.609	29.048	1.0
28.849	7.239	1.0
23.517	22.282	1.0
34.38	32.909	1.0
17.779	18.171	1.0
5.751	36.443	1.0
42.668	40.022	1.0
35.877	14.542	1.0
7.081	43.679	1.0
4.92	41.954	1.0
7.74	13.834	1.0
31.112	33.575	1.0
33.567	36.729	1.0
4.616	29.953	1.0
21.786	43.771	1.0
34.009	22.006	1.0
42.715	1.654	1.0
44.334	29.46	1.0
14.817	28.881	1.0
16.216	44.289	1.0
13.392	18.545	1.0
40.717	24.671	1.0
24.029	14.807	1.0
19.351	23.298	1.0
42.444	44.304	1.0
0.859	0.798	0.733	0.725	0.739	0.717	0.826	0.895	0.707	0.807	0.886	0.858	0.754	0.729	0.768	0.762	0.795	0.713	0.754	0.73	0.811	0.74	0.758	0.797	0.792	0.788