26
28.574	20.228
32.455	32.43
20.629	16.438	1.0
25.809	6.022	1.0
1.777	7.503	1.0
15.436	30.726	1.0
8.031	35.264	1.0
31.926	17.478	1.0
9.938	6.059	1.0
21.312	7.78	1.0
1.074	28.6	1.0
5.507	20.83	1.0
2.096	4.026	1.0
13.898	4.364	1.0
8.941	25.043	1.0
2.556	17.119	1.0
25.19	25.258	1.0
16.995	2.964	1.0
11.685	16.76	1.0
32.075	24.636	1.0
27.523	22.09	1.0
20.011	30.443	1.0
35.945	25.954	1.0
15.811	15.851	1.0
24.765	0.881	1.0
17.787	11.369	1.0
22.05	21.461	1.0
5.697	31.852	1.0
0.715	0.868	0.731	0.821	0.777	0.822	0.878	0.846	0.811	0.801	0.805	0.74	0.856	0.725	0.872	0.874	0.737	0.761	0.827	0.821	0.809	0.737	0.836	0.891	0.834	0.894