26
45.169	2.139
38.43	43.837
33.658	42.244	1.0
35.682	38.984	1.0
5.789	39.615	1.0
44.604	12.496	1.0
30.331	38.788	1.0
36.288	28.503	1.0
6.566	5.732	1.0
42.013	26.738	1.0
26.863	29.932	1.0
28.759	7.202	1.0
17.185	36.785	1.0
38.889	14.005	1.0
45.028	18.906	1.0
1.776	18.705	1.0
29.326	13.554	1.0
45.107	6.172	1.0
19.484	13.25	1.0
41.582	37.727	1.0
37.0	36.16	1.0
36.726	21.246	1.0
41.885	7.255	1.0
37.962	10.829	1.0
10.341	19.662	1.0
14.367	36.215	1.0
22.638	13.198	1.0
43.157	33.673	1.0
0.797	0.885	0.898	0.736	0.837	0.842	0.71	0.705	0.775	0.869	0.766	0.82	0.776	0.725	0.819	0.735	0.804	0.708	0.745	0.749	0.835	0.745	0.898	0.75	0.8	0.772