26
28.129	22.09
9.395	3.708
6.738	1.414	1.0
22.932	34.635	1.0
5.356	20.757	1.0
12.234	30.275	1.0
5.236	30.085	1.0
35.927	0.324	1.0
25.958	33.413	1.0
8.672	27.923	1.0
16.381	31.002	1.0
0.223	35.446	1.0
20.949	9.44	1.0
15.361	15.834	1.0
26.405	2.783	1.0
9.568	10.855	1.0
25.662	12.758	1.0
3.11	11.755	1.0
31.691	35.995	1.0
30.597	11.321	1.0
15.54	2.849	1.0
2.901	28.587	1.0
30.873	0.126	1.0
26.097	9.144	1.0
14.677	11.326	1.0
35.615	7.607	1.0
7.563	7.319	1.0
32.228	9.397	1.0
0.783	0.756	0.719	0.762	0.716	0.751	0.833	0.746	0.746	0.863	0.801	0.775	0.764	0.755	0.768	0.871	0.752	0.745	0.86	0.758	0.771	0.79	0.805	0.824	0.772	0.732