26
25.915	15.253
32.707	28.35
44.232	3.27	1.0
30.482	2.023	1.0
37.538	7.506	1.0
33.24	13.834	1.0
44.884	16.267	1.0
19.942	38.339	1.0
20.054	23.464	1.0
36.243	11.482	1.0
13.944	3.266	1.0
8.075	36.968	1.0
28.359	16.203	1.0
21.9	6.649	1.0
28.503	25.61	1.0
15.978	28.444	1.0
44.641	21.641	1.0
37.365	26.121	1.0
8.619	8.17	1.0
33.692	43.479	1.0
24.249	25.912	1.0
10.902	32.857	1.0
43.577	35.564	1.0
36.437	2.867	1.0
2.826	10.059	1.0
3.429	0.323	1.0
5.777	13.028	1.0
10.48	2.418	1.0
0.8	0.865	0.735	0.83	0.742	0.825	0.716	0.722	0.71	0.774	0.887	0.847	0.863	0.729	0.805	0.702	0.817	0.77	0.74	0.899	0.862	0.858	0.831	0.855	0.773	0.873