26
17.419	11.803
3.621	18.591
9.349	20.891	1.0
6.498	11.704	1.0
9.927	12.706	1.0
8.447	4.96	1.0
0.302	25.773	1.0
3.012	9.551	1.0
9.363	8.154	1.0
15.167	6.603	1.0
18.357	5.447	1.0
1.762	12.721	1.0
5.989	14.167	1.0
16.301	10.309	1.0
14.052	9.161	1.0
3.855	25.298	1.0
17.185	17.404	1.0
24.099	8.552	1.0
6.285	22.233	1.0
24.908	5.954	1.0
23.379	25.845	1.0
19.29	19.562	1.0
23.633	13.601	1.0
24.845	16.264	1.0
21.844	0.794	1.0
19.12	24.94	1.0
26.248	23.499	1.0
16.572	3.139	1.0
0.769	0.712	0.795	0.798	0.893	0.794	0.847	0.789	0.895	0.814	0.836	0.853	0.76	0.894	0.811	0.849	0.881	0.734	0.759	0.867	0.893	0.89	0.881	0.898	0.845	0.831