26
13.109	34.011
34.882	35.254
15.432	14.773	1.0
11.364	45.072	1.0
2.57	16.966	1.0
26.373	26.262	1.0
12.225	18.948	1.0
26.804	29.931	1.0
27.817	20.165	1.0
30.249	4.117	1.0
23.336	36.698	1.0
31.399	0.973	1.0
29.329	36.951	1.0
39.214	14.185	1.0
23.848	43.816	1.0
32.45	40.588	1.0
13.907	23.065	1.0
31.091	22.776	1.0
7.004	22.34	1.0
37.885	20.875	1.0
40.664	42.947	1.0
15.495	26.202	1.0
25.76	15.051	1.0
7.376	24.854	1.0
15.269	20.293	1.0
6.028	1.344	1.0
4.068	5.095	1.0
32.982	32.04	1.0
0.837	0.703	0.879	0.847	0.738	0.738	0.825	0.895	0.894	0.833	0.748	0.809	0.798	0.743	0.879	0.761	0.797	0.748	0.769	0.728	0.862	0.741	0.724	0.826	0.783	0.838