27
1.729	17.528
15.298	4.11
20.647	35.496	1.0
5.061	7.056	1.0
30.439	25.69	1.0
19.216	23.023	1.0
7.618	5.513	1.0
22.394	10.436	1.0
33.127	15.392	1.0
10.693	17.632	1.0
2.096	0.241	1.0
26.901	4.031	1.0
29.607	2.644	1.0
31.411	22.719	1.0
34.596	20.659	1.0
33.597	33.578	1.0
20.921	17.746	1.0
24.969	27.513	1.0
15.864	33.761	1.0
2.61	13.449	1.0
5.639	2.567	1.0
24.768	21.295	1.0
4.752	16.595	1.0
5.55	34.594	1.0
27.146	31.179	1.0
8.454	19.524	1.0
11.915	9.947	1.0
14.152	30.189	1.0
20.908	14.218	1.0
0.883	0.798	0.878	0.832	0.761	0.88	0.849	0.82	0.812	0.702	0.754	0.772	0.754	0.777	0.866	0.728	0.736	0.764	0.731	0.747	0.753	0.803	0.82	0.756	0.822	0.799	0.846