27
26.346	13.198
4.522	1.901
19.661	1.142	1.0
1.565	14.054	1.0
24.99	11.968	1.0
19.986	26.596	1.0
22.225	8.197	1.0
7.57	26.879	1.0
24.068	21.491	1.0
12.183	20.572	1.0
5.836	7.289	1.0
17.718	21.49	1.0
17.282	2.582	1.0
14.624	22.609	1.0
25.698	15.721	1.0
20.099	13.063	1.0
0.293	11.61	1.0
12.792	27.366	1.0
13.563	3.437	1.0
19.978	4.167	1.0
14.728	15.76	1.0
11.219	13.689	1.0
7.183	23.361	1.0
26.148	7.497	1.0
14.351	6.512	1.0
15.62	24.991	1.0
0.824	7.681	1.0
10.608	16.771	1.0
8.986	21.069	1.0
0.883	0.853	0.809	0.8	0.822	0.799	0.789	0.769	0.721	0.852	0.825	0.809	0.859	0.718	0.77	0.888	0.702	0.894	0.761	0.771	0.749	0.846	0.757	0.814	0.72	0.797	0.869