27
11.428	19.342
7.2	21.539
17.465	4.102	1.0
7.583	17.972	1.0
19.362	10.54	1.0
14.112	21.991	1.0
15.34	1.708	1.0
19.483	23.504	1.0
0.209	1.489	1.0
9.835	23.201	1.0
25.455	12.061	1.0
1.885	18.46	1.0
7.805	12.461	1.0
22.171	25.387	1.0
25.084	25.023	1.0
20.81	15.497	1.0
6.193	24.005	1.0
15.993	13.566	1.0
0.075	25.322	1.0
5.042	18.298	1.0
3.023	25.078	1.0
23.433	14.221	1.0
8.896	8.483	1.0
14.355	8.362	1.0
8.569	15.486	1.0
7.612	26.342	1.0
1.297	4.567	1.0
18.896	26.498	1.0
12.733	2.091	1.0
0.808	0.872	0.844	0.814	0.807	0.792	0.701	0.761	0.766	0.888	0.816	0.726	0.723	0.892	0.721	0.776	0.897	0.786	0.883	0.873	0.779	0.823	0.758	0.756	0.885	0.767	0.71