27
29.119	24.154
34.595	4.957
6.986	26.958	1.0
19.354	27.107	1.0
11.683	2.634	1.0
14.476	27.967	1.0
10.365	11.801	1.0
34.149	16.858	1.0
11.709	31.494	1.0
22.81	11.456	1.0
4.767	22.686	1.0
26.011	2.275	1.0
26.5	35.616	1.0
11.755	24.08	1.0
32.754	31.654	1.0
24.384	23.595	1.0
13.179	11.26	1.0
16.64	15.062	1.0
31.214	24.75	1.0
25.37	8.435	1.0
29.211	28.158	1.0
34.079	26.416	1.0
20.844	8.604	1.0
1.316	29.279	1.0
16.508	36.756	1.0
33.632	12.317	1.0
4.037	1.665	1.0
14.738	34.894	1.0
12.228	26.622	1.0
0.855	0.771	0.704	0.774	0.814	0.847	0.816	0.776	0.75	0.811	0.807	0.735	0.853	0.758	0.82	0.807	0.831	0.703	0.772	0.834	0.89	0.826	0.716	0.723	0.762	0.706	0.808