27
7.409	10.601
18.643	14.464
37.973	1.141	1.0
13.691	9.024	1.0
21.681	7.918	1.0
5.269	9.778	1.0
38.752	45.433	1.0
0.396	27.314	1.0
15.57	5.474	1.0
1.217	18.273	1.0
25.67	0.331	1.0
42.194	28.247	1.0
40.004	37.422	1.0
31.391	16.249	1.0
28.554	27.295	1.0
28.731	39.097	1.0
23.93	34.121	1.0
1.444	13.49	1.0
36.982	3.533	1.0
21.555	12.356	1.0
4.644	27.175	1.0
6.54	40.405	1.0
20.771	20.295	1.0
10.591	16.218	1.0
21.599	1.248	1.0
36.151	30.722	1.0
35.953	42.869	1.0
29.33	31.438	1.0
45.6	17.512	1.0
0.848	0.723	0.84	0.823	0.856	0.813	0.875	0.827	0.859	0.764	0.757	0.742	0.843	0.809	0.748	0.826	0.865	0.859	0.794	0.794	0.758	0.746	0.811	0.828	0.858	0.783	0.812