27
14.556	16.598
18.827	22.355
13.553	19.333	1.0
0.234	11.477	1.0
2.311	8.008	1.0
23.119	15.583	1.0
11.906	23.127	1.0
16.16	2.295	1.0
12.102	0.652	1.0
22.436	8.945	1.0
26.759	16.594	1.0
3.798	26.475	1.0
7.795	13.655	1.0
12.905	6.958	1.0
10.909	4.038	1.0
7.971	5.939	1.0
13.505	13.089	1.0
5.46	9.423	1.0
11.183	26.917	1.0
20.759	2.485	1.0
19.767	9.976	1.0
10.97	17.132	1.0
1.595	2.719	1.0
27.439	26.993	1.0
1.611	20.259	1.0
8.131	19.695	1.0
27.589	13.115	1.0
19.639	16.534	1.0
4.617	22.827	1.0
0.898	0.775	0.702	0.876	0.873	0.836	0.735	0.834	0.762	0.853	0.839	0.78	0.891	0.787	0.861	0.75	0.815	0.767	0.722	0.794	0.863	0.723	0.877	0.889	0.852	0.855	0.826