27
15.272	13.094
4.411	27.136
0.709	2.531	1.0
26.838	12.073	1.0
20.959	25.267	1.0
16.117	26.936	1.0
4.23	10.208	1.0
6.215	0.088	1.0
11.142	6.288	1.0
4.726	12.717	1.0
13.995	12.178	1.0
27.14	20.815	1.0
2.952	25.535	1.0
8.309	21.944	1.0
14.095	7.735	1.0
17.392	8.172	1.0
5.451	24.01	1.0
11.827	25.762	1.0
7.291	2.841	1.0
2.234	20.801	1.0
19.72	14.214	1.0
6.017	27.46	1.0
5.699	20.853	1.0
4.706	6.225	1.0
26.684	3.619	1.0
14.287	3.681	1.0
24.566	9.426	1.0
20.755	10.614	1.0
13.538	16.008	1.0
0.887	0.881	0.703	0.884	0.792	0.813	0.813	0.873	0.896	0.834	0.755	0.791	0.767	0.725	0.795	0.739	0.813	0.827	0.844	0.773	0.847	0.723	0.851	0.852	0.838	0.79	0.875