27
28.122	45.659
19.217	39.943
39.515	20.007	1.0
23.663	10.56	1.0
41.962	45.258	1.0
8.375	21.216	1.0
33.193	8.183	1.0
5.326	40.492	1.0
35.438	13.251	1.0
16.526	45.301	1.0
14.001	32.566	1.0
45.62	4.49	1.0
26.669	2.513	1.0
17.143	18.085	1.0
37.678	1.734	1.0
0.346	4.286	1.0
4.328	12.006	1.0
45.967	9.373	1.0
25.93	19.431	1.0
25.939	27.854	1.0
34.256	30.261	1.0
3.782	31.975	1.0
36.416	25.176	1.0
42.361	17.794	1.0
34.097	36.646	1.0
46.046	28.141	1.0
30.441	39.53	1.0
27.957	41.273	1.0
40.735	40.349	1.0
0.822	0.723	0.829	0.791	0.898	0.711	0.89	0.891	0.837	0.767	0.734	0.768	0.857	0.762	0.855	0.8	0.799	0.707	0.856	0.842	0.712	0.9	0.72	0.898	0.746	0.848	0.84