27
17.636	2.021
20.796	3.289
8.266	26.915	1.0
22.413	9.032	1.0
8.738	23.075	1.0
24.223	19.695	1.0
12.082	9.222	1.0
21.553	25.214	1.0
14.501	18.341	1.0
0.24	7.386	1.0
2.991	1.457	1.0
13.564	0.597	1.0
3.609	4.334	1.0
25.584	0.31	1.0
11.529	22.925	1.0
0.05	2.657	1.0
9.599	15.207	1.0
6.211	0.411	1.0
26.585	10.041	1.0
0.711	11.391	1.0
26.444	26.498	1.0
12.16	3.886	1.0
14.972	8.054	1.0
13.213	25.858	1.0
7.064	6.903	1.0
19.489	13.667	1.0
26.153	21.914	1.0
23.627	14.268	1.0
1.732	18.522	1.0
0.788	0.818	0.873	0.873	0.733	0.81	0.751	0.841	0.856	0.745	0.707	0.774	0.83	0.858	0.882	0.74	0.876	0.893	0.855	0.829	0.899	0.857	0.775	0.863	0.895	0.765	0.726