27
9.904	4.883
3.722	0.759
5.73	8.016	1.0
11.389	9.816	1.0
17.865	17.079	1.0
9.527	24.213	1.0
17.866	33.746	1.0
16.847	28.402	1.0
35.654	21.554	1.0
1.379	36.364	1.0
0.426	6.992	1.0
29.202	16.233	1.0
34.5	10.772	1.0
13.895	1.799	1.0
16.998	5.681	1.0
6.325	30.605	1.0
29.189	25.774	1.0
9.988	20.263	1.0
22.184	2.954	1.0
12.927	16.72	1.0
3.631	32.516	1.0
36.508	5.099	1.0
13.258	30.138	1.0
20.527	27.642	1.0
24.56	32.027	1.0
26.678	29.187	1.0
31.746	36.49	1.0
20.735	32.726	1.0
36.336	18.506	1.0
0.87	0.815	0.808	0.842	0.745	0.895	0.794	0.856	0.767	0.798	0.787	0.834	0.811	0.821	0.816	0.892	0.795	0.892	0.75	0.704	0.798	0.864	0.895	0.844	0.743	0.727	0.831