27
1.309	14.014
22.292	14.839
10.771	4.981	1.0
24.809	15.937	1.0
14.031	13.75	1.0
5.125	21.395	1.0
21.092	9.375	1.0
16.145	19.019	1.0
20.433	22.046	1.0
25.928	25.304	1.0
26.622	18.545	1.0
3.254	25.669	1.0
0.161	26.542	1.0
27.091	5.688	1.0
23.825	3.683	1.0
5.878	14.21	1.0
1.908	8.049	1.0
27.009	8.776	1.0
13.053	9.681	1.0
16.897	8.392	1.0
16.798	1.528	1.0
20.589	6.364	1.0
8.64	11.86	1.0
11.508	20.924	1.0
12.531	0.492	1.0
6.214	17.649	1.0
0.556	15.641	1.0
9.627	15.252	1.0
23.211	23.684	1.0
0.846	0.809	0.756	0.819	0.704	0.873	0.846	0.802	0.821	0.779	0.854	0.896	0.714	0.811	0.797	0.825	0.891	0.809	0.806	0.888	0.717	0.833	0.888	0.796	0.721	0.835	0.773