27
21.578	31.793
41.294	34.816
11.044	8.022	1.0
14.762	39.105	1.0
3.53	42.831	1.0
29.554	30.593	1.0
42.22	16.959	1.0
35.779	22.263	1.0
32.086	33.931	1.0
26.571	34.446	1.0
42.836	23.179	1.0
18.963	9.941	1.0
5.336	31.886	1.0
16.499	31.814	1.0
26.712	20.152	1.0
41.656	12.175	1.0
13.068	4.496	1.0
26.571	14.668	1.0
12.876	15.199	1.0
31.737	9.861	1.0
34.441	10.275	1.0
19.714	45.112	1.0
36.025	26.153	1.0
10.111	19.967	1.0
8.778	30.971	1.0
39.248	17.893	1.0
12.81	28.81	1.0
13.689	44.951	1.0
5.432	35.55	1.0
0.802	0.704	0.741	0.894	0.822	0.817	0.822	0.78	0.831	0.73	0.706	0.834	0.833	0.826	0.857	0.793	0.733	0.855	0.762	0.845	0.745	0.802	0.874	0.853	0.814	0.769	0.721