27
1.401	30.443
34.747	15.921
24.878	22.649	1.0
4.287	3.774	1.0
6.207	31.351	1.0
11.602	15.232	1.0
35.841	25.572	1.0
20.146	32.807	1.0
31.961	29.518	1.0
8.943	18.456	1.0
7.481	8.351	1.0
17.381	10.405	1.0
3.436	20.791	1.0
7.391	26.01	1.0
27.962	33.725	1.0
16.37	22.599	1.0
25.367	9.238	1.0
24.38	6.927	1.0
31.542	11.115	1.0
12.493	31.235	1.0
30.097	17.151	1.0
25.752	31.877	1.0
1.244	27.035	1.0
34.714	19.294	1.0
15.899	31.792	1.0
0.432	21.919	1.0
15.446	27.554	1.0
16.737	5.929	1.0
0.575	35.399	1.0
0.751	0.861	0.876	0.848	0.851	0.818	0.89	0.871	0.786	0.879	0.799	0.81	0.746	0.874	0.761	0.738	0.714	0.777	0.715	0.801	0.864	0.77	0.702	0.759	0.865	0.879	0.779