27
36.252	15.969
16.705	1.273
13.664	5.986	1.0
5.972	22.258	1.0
3.799	28.058	1.0
23.374	11.243	1.0
5.578	18.015	1.0
17.699	23.141	1.0
2.236	2.357	1.0
15.372	33.192	1.0
3.428	5.133	1.0
16.567	19.372	1.0
25.327	13.698	1.0
9.255	8.036	1.0
11.712	26.605	1.0
20.363	16.029	1.0
31.743	21.598	1.0
35.096	12.212	1.0
21.51	6.921	1.0
6.338	36.651	1.0
18.874	9.542	1.0
19.996	2.602	1.0
6.876	28.611	1.0
10.911	31.112	1.0
10.011	14.87	1.0
32.212	29.978	1.0
7.112	14.034	1.0
30.434	25.035	1.0
32.19	4.027	1.0
0.762	0.887	0.879	0.806	0.752	0.849	0.798	0.829	0.739	0.879	0.857	0.831	0.76	0.764	0.776	0.794	0.793	0.773	0.763	0.86	0.853	0.846	0.85	0.717	0.756	0.845	0.773