27
0.727	19.265
12.406	8.754
4.939	11.726	1.0
10.03	1.493	1.0
10.359	15.347	1.0
12.313	22.165	1.0
22.204	7.735	1.0
9.707	17.935	1.0
17.249	1.175	1.0
3.809	2.376	1.0
17.102	6.621	1.0
26.517	14.571	1.0
22.682	24.139	1.0
0.204	15.562	1.0
2.287	18.623	1.0
14.279	7.541	1.0
1.034	6.496	1.0
1.559	21.695	1.0
10.437	5.051	1.0
12.203	10.683	1.0
25.23	7.885	1.0
19.982	16.459	1.0
20.964	0.578	1.0
18.794	26.802	1.0
8.03	7.44	1.0
4.495	24.662	1.0
17.09	17.83	1.0
23.676	10.17	1.0
26.485	19.725	1.0
0.821	0.899	0.709	0.735	0.736	0.818	0.863	0.756	0.847	0.778	0.713	0.734	0.896	0.838	0.818	0.837	0.718	0.789	0.85	0.746	0.708	0.857	0.784	0.896	0.785	0.807	0.728