27
14.07	17.236
18.492	40.56
39.751	5.31	1.0
7.946	16.99	1.0
21.225	21.813	1.0
16.741	21.317	1.0
39.016	41.559	1.0
5.56	42.021	1.0
10.876	14.53	1.0
25.897	30.69	1.0
38.028	38.663	1.0
43.976	24.17	1.0
28.611	44.337	1.0
39.779	28.937	1.0
23.233	40.528	1.0
21.256	1.651	1.0
35.54	28.195	1.0
1.182	29.338	1.0
20.119	27.89	1.0
5.331	25.717	1.0
40.99	35.346	1.0
7.254	0.28	1.0
39.977	31.995	1.0
24.301	22.581	1.0
45.392	22.006	1.0
26.17	8.879	1.0
15.47	24.439	1.0
41.838	16.128	1.0
11.731	37.611	1.0
0.723	0.775	0.796	0.829	0.725	0.737	0.885	0.732	0.758	0.868	0.82	0.781	0.734	0.749	0.749	0.847	0.855	0.897	0.711	0.702	0.885	0.869	0.867	0.815	0.753	0.757	0.828