27
1.857	3.168
23.397	4.745
21.931	27.129	1.0
2.977	18.503	1.0
16.872	23.007	1.0
9.309	23.986	1.0
23.272	9.043	1.0
23.583	16.154	1.0
21.608	1.406	1.0
16.153	5.749	1.0
10.512	13.117	1.0
20.399	4.183	1.0
12.936	9.258	1.0
10.473	7.126	1.0
11.444	25.352	1.0
15.788	19.259	1.0
1.552	8.622	1.0
18.051	10.643	1.0
2.92	15.543	1.0
14.203	3.662	1.0
0.621	24.655	1.0
13.895	11.641	1.0
26.601	19.004	1.0
8.357	1.742	1.0
11.641	17.173	1.0
14.914	26.045	1.0
26.444	9.405	1.0
16.56	13.428	1.0
1.95	12.553	1.0
0.865	0.757	0.703	0.834	0.769	0.8	0.808	0.862	0.731	0.734	0.833	0.705	0.772	0.701	0.75	0.711	0.727	0.859	0.701	0.896	0.812	0.757	0.714	0.751	0.784	0.812	0.861