27
34.835	17.201
11.943	19.766
17.098	5.868	1.0
21.983	24.172	1.0
7.892	27.055	1.0
33.173	34.904	1.0
34.177	39.717	1.0
41.143	8.675	1.0
23.075	32.857	1.0
10.171	5.724	1.0
45.569	45.028	1.0
4.319	2.394	1.0
0.722	14.732	1.0
40.595	22.795	1.0
39.747	34.479	1.0
35.079	29.213	1.0
41.419	31.405	1.0
18.917	32.099	1.0
31.524	10.232	1.0
2.499	25.129	1.0
17.917	17.351	1.0
18.336	45.976	1.0
10.708	42.963	1.0
38.142	3.306	1.0
5.396	34.002	1.0
36.872	31.02	1.0
12.185	38.291	1.0
34.824	12.353	1.0
23.965	28.207	1.0
0.83	0.81	0.737	0.733	0.743	0.763	0.844	0.864	0.795	0.815	0.767	0.71	0.724	0.801	0.816	0.833	0.785	0.801	0.776	0.871	0.762	0.843	0.724	0.733	0.84	0.863	0.892