27
19.304	23.293
21.898	22.714
14.701	16.942	1.0
15.707	22.549	1.0
27.083	24.194	1.0
8.551	25.384	1.0
12.737	19.961	1.0
19.913	21.141	1.0
11.083	3.104	1.0
8.556	0.433	1.0
20.597	6.399	1.0
3.439	0.352	1.0
6.647	20.175	1.0
0.754	0.452	1.0
0.572	17.561	1.0
26.372	11.302	1.0
9.703	22.833	1.0
7.709	15.757	1.0
3.955	12.579	1.0
23.028	3.273	1.0
19.057	14.791	1.0
11.419	8.369	1.0
22.544	20.675	1.0
22.712	11.172	1.0
14.381	0.203	1.0
25.262	5.124	1.0
7.89	4.107	1.0
7.429	12.711	1.0
18.831	25.667	1.0
0.722	0.858	0.846	0.724	0.866	0.848	0.823	0.863	0.82	0.733	0.794	0.885	0.784	0.871	0.836	0.879	0.772	0.81	0.865	0.76	0.877	0.749	0.891	0.741	0.759	0.868	0.789