27
27.765	20.911
26.778	42.67
33.752	8.088	1.0
2.304	4.342	1.0
17.142	5.625	1.0
25.382	20.987	1.0
4.337	2.879	1.0
16.752	21.265	1.0
40.939	35.655	1.0
25.286	40.295	1.0
4.426	31.206	1.0
38.454	10.249	1.0
41.566	9.677	1.0
6.791	17.939	1.0
14.122	45.029	1.0
7.148	40.124	1.0
17.259	26.675	1.0
9.516	10.663	1.0
14.919	15.624	1.0
1.127	44.979	1.0
12.293	18.147	1.0
39.568	41.497	1.0
11.163	25.089	1.0
6.885	8.196	1.0
19.158	43.477	1.0
3.459	35.749	1.0
36.169	36.913	1.0
41.181	29.834	1.0
42.138	27.348	1.0
0.764	0.854	0.884	0.802	0.884	0.779	0.794	0.883	0.86	0.743	0.853	0.825	0.82	0.816	0.874	0.898	0.772	0.736	0.772	0.716	0.714	0.793	0.813	0.752	0.749	0.879	0.701