27
8.377	10.072
33.693	21.533
35.705	14.722	1.0
31.221	9.543	1.0
31.344	21.231	1.0
21.528	28.891	1.0
35.115	8.594	1.0
28.718	3.164	1.0
7.503	0.157	1.0
20.022	22.888	1.0
17.708	11.977	1.0
15.128	32.177	1.0
4.747	11.467	1.0
20.889	34.955	1.0
6.064	2.506	1.0
5.484	18.33	1.0
25.618	1.773	1.0
13.826	14.22	1.0
0.009	19.668	1.0
25.02	29.09	1.0
27.008	21.306	1.0
22.073	13.078	1.0
23.765	32.194	1.0
3.593	6.004	1.0
11.038	28.606	1.0
33.149	13.822	1.0
36.75	33.759	1.0
28.054	33.681	1.0
12.203	22.238	1.0
0.79	0.748	0.822	0.894	0.71	0.825	0.835	0.884	0.738	0.81	0.725	0.793	0.714	0.708	0.77	0.855	0.859	0.71	0.708	0.809	0.888	0.875	0.872	0.845	0.839	0.727	0.794