27
25.002	20.881
9.01	2.414
5.222	15.052	1.0
5.987	10.406	1.0
27.541	7.351	1.0
7.77	27.491	1.0
16.684	5.946	1.0
22.024	10.705	1.0
25.054	5.202	1.0
16.673	18.574	1.0
12.715	0.682	1.0
0.277	22.168	1.0
20.962	19.442	1.0
18.063	1.733	1.0
5.136	3.437	1.0
20.433	7.595	1.0
0.42	9.803	1.0
5.985	22.224	1.0
2.075	16.524	1.0
14.347	25.501	1.0
13.684	17.097	1.0
2.162	13.516	1.0
0.69	24.855	1.0
4.489	26.96	1.0
1.641	4.005	1.0
24.919	0.872	1.0
3.058	9.528	1.0
10.515	4.247	1.0
8.371	20.73	1.0
0.828	0.883	0.735	0.731	0.803	0.798	0.875	0.814	0.765	0.737	0.78	0.82	0.878	0.741	0.843	0.787	0.807	0.784	0.795	0.882	0.828	0.863	0.794	0.72	0.868	0.732	0.9