27
15.373	23.235
2.452	23.746
24.395	30.019	1.0
36.048	15.522	1.0
4.788	23.156	1.0
19.027	35.141	1.0
31.144	34.935	1.0
1.214	34.218	1.0
13.169	21.094	1.0
17.615	7.085	1.0
27.667	19.248	1.0
28.813	25.56	1.0
1.368	7.404	1.0
16.226	26.534	1.0
12.111	18.642	1.0
22.022	33.607	1.0
5.648	32.683	1.0
22.547	26.113	1.0
36.441	6.881	1.0
30.237	8.566	1.0
24.621	35.347	1.0
32.639	12.685	1.0
17.278	1.95	1.0
28.802	28.582	1.0
22.794	0.768	1.0
15.911	17.821	1.0
13.804	11.264	1.0
35.2	22.945	1.0
8.389	29.658	1.0
0.718	0.754	0.784	0.83	0.898	0.756	0.708	0.821	0.799	0.763	0.808	0.841	0.719	0.883	0.891	0.759	0.89	0.809	0.777	0.844	0.86	0.886	0.711	0.777	0.819	0.893	0.745