27
19.742	41.418
33.592	16.726
32.052	32.422	1.0
3.468	33.36	1.0
30.356	36.35	1.0
29.097	22.508	1.0
7.063	30.853	1.0
40.694	9.018	1.0
3.74	21.605	1.0
26.064	18.962	1.0
9.633	4.05	1.0
8.93	17.653	1.0
44.61	26.152	1.0
45.669	0.048	1.0
23.088	28.464	1.0
8.443	13.066	1.0
17.251	33.806	1.0
21.906	2.473	1.0
30.822	1.572	1.0
25.858	38.984	1.0
18.583	5.166	1.0
17.9	38.905	1.0
29.725	43.816	1.0
13.954	15.264	1.0
4.929	37.748	1.0
39.107	4.088	1.0
38.453	24.251	1.0
1.91	36.879	1.0
29.808	27.503	1.0
0.842	0.703	0.702	0.791	0.711	0.74	0.796	0.779	0.812	0.787	0.883	0.764	0.838	0.89	0.803	0.803	0.87	0.766	0.884	0.775	0.73	0.768	0.804	0.85	0.811	0.842	0.87