27
27.205	9.709
8.296	7.166
21.702	33.754	1.0
0.404	32.16	1.0
34.167	17.797	1.0
16.693	19.308	1.0
2.86	26.3	1.0
15.064	9.539	1.0
7.081	36.433	1.0
32.807	21.282	1.0
16.663	4.204	1.0
20.578	28.171	1.0
6.705	0.422	1.0
15.283	34.725	1.0
22.328	1.621	1.0
29.563	3.634	1.0
32.512	28.659	1.0
25.549	4.781	1.0
19.191	30.302	1.0
27.987	36.061	1.0
32.589	14.757	1.0
23.631	26.959	1.0
12.026	3.674	1.0
29.756	32.223	1.0
4.143	4.598	1.0
23.875	22.483	1.0
26.047	30.916	1.0
10.729	21.637	1.0
14.018	17.855	1.0
0.835	0.833	0.874	0.811	0.712	0.837	0.888	0.785	0.735	0.833	0.791	0.876	0.702	0.785	0.746	0.864	0.834	0.763	0.819	0.89	0.769	0.871	0.734	0.884	0.735	0.714	0.712