27
12.324	2.775
27.821	27.421
10.179	26.417	1.0
32.491	34.299	1.0
34.641	9.527	1.0
20.184	11.195	1.0
10.355	2.97	1.0
34.508	16.029	1.0
35.543	24.308	1.0
17.411	13.759	1.0
14.47	34.528	1.0
33.325	22.602	1.0
11.186	5.667	1.0
24.469	15.347	1.0
30.227	14.112	1.0
14.05	8.575	1.0
1.724	22.738	1.0
12.886	20.583	1.0
17.108	4.377	1.0
7.48	1.712	1.0
21.527	9.048	1.0
32.128	6.683	1.0
0.289	33.407	1.0
1.629	29.784	1.0
10.768	10.387	1.0
11.791	33.88	1.0
29.723	30.941	1.0
33.333	3.998	1.0
1.183	15.894	1.0
0.793	0.719	0.787	0.705	0.834	0.817	0.772	0.759	0.854	0.732	0.825	0.788	0.797	0.889	0.727	0.784	0.732	0.71	0.809	0.702	0.871	0.741	0.836	0.834	0.884	0.796	0.768