27
29.51	0.927
37.791	23.219
42.746	10.376	1.0
41.008	25.077	1.0
44.012	35.382	1.0
10.922	25.952	1.0
28.315	23.137	1.0
33.833	24.939	1.0
20.229	2.09	1.0
39.109	1.163	1.0
35.472	36.559	1.0
7.023	38.822	1.0
16.702	25.718	1.0
44.814	24.044	1.0
30.575	34.298	1.0
12.013	15.636	1.0
43.323	2.824	1.0
7.596	28.791	1.0
39.927	41.914	1.0
36.433	31.968	1.0
0.1	30.48	1.0
33.873	42.504	1.0
13.998	18.736	1.0
33.437	8.693	1.0
21.662	8.393	1.0
15.497	36.006	1.0
36.547	44.567	1.0
32.671	13.131	1.0
10.202	37.802	1.0
0.87	0.786	0.814	0.824	0.883	0.776	0.777	0.787	0.832	0.726	0.852	0.862	0.75	0.848	0.82	0.872	0.709	0.72	0.839	0.774	0.816	0.754	0.89	0.847	0.886	0.817	0.735