27
34.707	31.446
34.75	44.141
40.166	32.749	1.0
39.954	6.673	1.0
32.833	20.332	1.0
40.14	14.253	1.0
33.31	15.302	1.0
36.491	11.246	1.0
45.264	41.721	1.0
7.084	5.348	1.0
11.929	41.64	1.0
27.205	44.4	1.0
44.866	13.59	1.0
35.771	18.312	1.0
38.928	10.491	1.0
0.017	2.48	1.0
12.096	34.411	1.0
6.963	1.207	1.0
9.456	35.144	1.0
29.11	1.633	1.0
14.667	40.294	1.0
19.68	1.385	1.0
44.265	31.129	1.0
18.928	11.416	1.0
19.023	42.316	1.0
3.622	35.043	1.0
43.877	36.911	1.0
8.69	9.561	1.0
20.558	9.091	1.0
0.875	0.786	0.857	0.862	0.762	0.701	0.734	0.82	0.882	0.878	0.883	0.897	0.78	0.733	0.806	0.814	0.883	0.851	0.821	0.836	0.793	0.776	0.725	0.747	0.819	0.801	0.841