28
11.655	13.122
16.118	14.639
44.518	8.434	1.0
18.503	24.61	1.0
38.43	13.463	1.0
0.857	21.043	1.0
17.648	30.668	1.0
37.119	32.372	1.0
8.111	28.664	1.0
29.824	31.042	1.0
43.782	40.169	1.0
13.27	5.338	1.0
18.106	3.355	1.0
24.679	18.846	1.0
18.21	45.09	1.0
36.192	22.592	1.0
27.097	25.895	1.0
19.578	28.133	1.0
42.228	32.832	1.0
5.042	4.823	1.0
17.08	20.345	1.0
22.738	37.525	1.0
36.035	38.677	1.0
28.995	18.872	1.0
23.328	0.596	1.0
14.197	36.485	1.0
32.736	25.278	1.0
23.014	33.205	1.0
39.917	25.154	1.0
33.186	6.857	1.0
0.766	0.734	0.73	0.779	0.784	0.721	0.877	0.888	0.843	0.788	0.849	0.815	0.825	0.806	0.842	0.749	0.768	0.757	0.812	0.802	0.713	0.895	0.709	0.837	0.796	0.737	0.766	0.768