28
3.462	20.916
9.913	46.359
3.337	31.683	1.0
26.582	5.394	1.0
42.28	38.351	1.0
40.32	1.446	1.0
46.696	4.858	1.0
8.232	14.542	1.0
45.121	35.139	1.0
36.29	22.076	1.0
1.023	35.451	1.0
31.873	4.14	1.0
6.373	27.635	1.0
35.378	8.386	1.0
2.293	45.817	1.0
26.831	26.942	1.0
32.996	26.745	1.0
32.747	43.298	1.0
39.125	41.823	1.0
35.971	0.432	1.0
25.002	0.476	1.0
39.266	7.659	1.0
19.8	7.631	1.0
39.872	45.742	1.0
9.114	18.911	1.0
38.433	36.992	1.0
23.433	33.706	1.0
15.121	13.469	1.0
16.778	17.996	1.0
11.351	46.813	1.0
0.776	0.873	0.721	0.835	0.873	0.829	0.878	0.813	0.857	0.851	0.897	0.813	0.852	0.744	0.778	0.801	0.786	0.82	0.807	0.755	0.856	0.858	0.783	0.825	0.715	0.775	0.742	0.823