28
23.75	26.827
42.152	8.649
16.677	18.306	1.0
43.871	11.02	1.0
23.38	0.579	1.0
12.238	0.284	1.0
13.129	8.959	1.0
40.243	2.657	1.0
25.353	33.688	1.0
12.893	13.602	1.0
37.111	25.94	1.0
0.941	21.234	1.0
18.037	7.14	1.0
30.638	34.666	1.0
46.47	20.083	1.0
20.7	36.724	1.0
3.583	46.619	1.0
3.508	16.444	1.0
10.283	14.755	1.0
3.972	39.408	1.0
29.406	5.952	1.0
42.69	16.667	1.0
16.78	46.109	1.0
6.738	19.18	1.0
34.327	15.953	1.0
38.53	32.212	1.0
11.528	42.171	1.0
8.847	9.665	1.0
15.199	21.065	1.0
30.139	28.286	1.0
0.72	0.831	0.726	0.776	0.781	0.898	0.791	0.856	0.839	0.848	0.711	0.776	0.797	0.806	0.781	0.794	0.79	0.701	0.848	0.744	0.809	0.817	0.883	0.871	0.873	0.864	0.865	0.898