28
2.736	1.471
34.137	29.428
26.213	27.886	1.0
19.545	31.419	1.0
0.609	12.325	1.0
1.291	6.945	1.0
25.396	30.98	1.0
25.615	15.919	1.0
7.695	21.139	1.0
22.155	15.509	1.0
36.801	36.844	1.0
16.994	22.392	1.0
29.093	33.289	1.0
20.468	25.747	1.0
16.39	13.1	1.0
28.375	5.191	1.0
11.354	29.567	1.0
20.693	1.147	1.0
12.353	22.471	1.0
15.249	0.011	1.0
15.099	7.802	1.0
32.543	2.31	1.0
6.341	15.609	1.0
35.584	2.315	1.0
32.791	10.426	1.0
22.747	7.974	1.0
36.681	18.384	1.0
26.876	20.501	1.0
28.763	16.609	1.0
9.479	25.93	1.0
0.878	0.888	0.83	0.875	0.752	0.899	0.719	0.878	0.831	0.713	0.784	0.857	0.7	0.812	0.802	0.79	0.766	0.743	0.844	0.833	0.74	0.809	0.862	0.856	0.728	0.874	0.775	0.783