28
37.122	41.132
42.1	42.507
27.299	33.155	1.0
19.093	30.936	1.0
17.678	4.767	1.0
6.312	32.822	1.0
1.661	10.075	1.0
45.927	15.104	1.0
0.106	22.757	1.0
18.524	35.108	1.0
2.494	39.542	1.0
12.774	42.474	1.0
22.73	13.053	1.0
20.945	1.547	1.0
3.864	3.856	1.0
17.156	10.571	1.0
25.179	29.296	1.0
29.154	4.343	1.0
0.003	28.452	1.0
16.143	18.072	1.0
22.017	33.907	1.0
0.065	13.111	1.0
28.161	25.338	1.0
11.28	4.244	1.0
9.696	21.341	1.0
9.264	31.89	1.0
29.014	44.892	1.0
33.689	16.477	1.0
43.386	9.346	1.0
22.917	36.468	1.0
0.744	0.713	0.803	0.897	0.824	0.755	0.703	0.783	0.756	0.813	0.866	0.855	0.775	0.801	0.816	0.833	0.808	0.894	0.703	0.87	0.842	0.878	0.715	0.864	0.871	0.774	0.809	0.882