28
33.844	4.786
16.647	1.195
8.781	10.409	1.0
30.192	11.726	1.0
8.466	26.029	1.0
24.95	27.389	1.0
15.29	15.425	1.0
28.402	16.674	1.0
10.936	4.154	1.0
23.046	17.158	1.0
1.167	26.86	1.0
13.828	20.447	1.0
35.068	36.802	1.0
10.42	13.794	1.0
12.087	6.985	1.0
21.589	23.642	1.0
25.902	0.323	1.0
29.81	37.123	1.0
3.485	4.788	1.0
2.808	7.2	1.0
25.425	13.057	1.0
31.685	26.039	1.0
31.791	35.506	1.0
34.944	10.256	1.0
14.83	30.748	1.0
4.354	27.026	1.0
33.146	12.492	1.0
3.225	13.465	1.0
23.121	8.213	1.0
28.754	20.226	1.0
0.827	0.801	0.894	0.707	0.705	0.774	0.807	0.895	0.798	0.801	0.735	0.832	0.836	0.765	0.884	0.742	0.831	0.893	0.787	0.827	0.883	0.884	0.771	0.702	0.872	0.874	0.791	0.857