28
2.992	8.449
17.242	28.019
21.729	18.225	1.0
4.704	18.12	1.0
14.764	18.717	1.0
24.055	20.943	1.0
26.072	1.522	1.0
17.92	14.017	1.0
16.429	0.144	1.0
7.927	24.198	1.0
2.878	13.495	1.0
24.824	7.966	1.0
14.464	7.823	1.0
4.597	27.893	1.0
20.038	24.178	1.0
10.815	3.864	1.0
22.987	14.975	1.0
17.506	5.107	1.0
21.847	3.578	1.0
3.97	2.545	1.0
12.064	27.21	1.0
21.706	22.214	1.0
21.074	6.729	1.0
11.193	11.166	1.0
21.675	10.144	1.0
5.951	15.295	1.0
22.53	25.259	1.0
7.455	10.309	1.0
26.141	18.471	1.0
17.305	18.178	1.0
0.867	0.728	0.83	0.755	0.853	0.897	0.859	0.745	0.882	0.886	0.807	0.734	0.785	0.823	0.837	0.701	0.884	0.849	0.836	0.836	0.781	0.846	0.749	0.76	0.817	0.711	0.757	0.748