28
13.043	15.273
7.309	7.483
0.671	27.517	1.0
14.514	0.417	1.0
20.276	16.3	1.0
13.238	13.108	1.0
5.77	26.353	1.0
19.632	10.228	1.0
27.894	24.471	1.0
19.822	3.435	1.0
1.187	17.508	1.0
3.69	4.811	1.0
0.087	13.489	1.0
26.877	5.66	1.0
5.048	19.373	1.0
22.611	15.352	1.0
17.579	2.036	1.0
16.271	27.489	1.0
10.767	16.458	1.0
10.396	3.733	1.0
12.093	1.798	1.0
2.904	12.114	1.0
23.789	27.087	1.0
15.589	14.109	1.0
12.767	9.459	1.0
2.181	20.916	1.0
26.64	21.875	1.0
8.731	1.477	1.0
23.364	23.183	1.0
16.728	5.07	1.0
0.841	0.751	0.783	0.897	0.714	0.791	0.725	0.707	0.873	0.722	0.745	0.888	0.741	0.873	0.774	0.791	0.766	0.837	0.802	0.733	0.753	0.724	0.714	0.816	0.899	0.861	0.739	0.78