28
20.523	23.177
14.028	23.784
21.973	2.153	1.0
4.724	21.042	1.0
20.599	4.676	1.0
17.414	13.061	1.0
1.736	13.433	1.0
17.41	24.656	1.0
22.406	19.735	1.0
27.817	17.928	1.0
25.316	13.858	1.0
8.779	10.133	1.0
15.842	20.529	1.0
2.3	1.233	1.0
10.315	16.551	1.0
27.116	2.822	1.0
26.322	9.501	1.0
10.682	12.629	1.0
17.989	7.924	1.0
28.019	24.908	1.0
25.173	25.924	1.0
1.463	23.072	1.0
10.122	5.4	1.0
12.639	7.177	1.0
8.461	0.666	1.0
18.655	1.019	1.0
0.037	25.663	1.0
5.045	7.88	1.0
22.229	27.269	1.0
3.057	17.784	1.0
0.753	0.84	0.848	0.89	0.707	0.894	0.71	0.8	0.806	0.733	0.865	0.855	0.832	0.702	0.868	0.83	0.885	0.833	0.753	0.834	0.804	0.866	0.775	0.847	0.763	0.895	0.781	0.707