28
20.195	8.546
6.539	6.368
19.977	3.096	1.0
7.523	22.256	1.0
13.894	23.929	1.0
16.411	24.006	1.0
3.23	21.835	1.0
16.141	28.136	1.0
13.868	20.436	1.0
9.804	26.344	1.0
25.211	24.417	1.0
6.349	27.361	1.0
27.746	14.584	1.0
22.04	8.094	1.0
17.589	21.482	1.0
15.589	3.064	1.0
25.409	7.4	1.0
12.701	13.226	1.0
17.826	9.599	1.0
8.52	11.34	1.0
21.263	22.085	1.0
0.455	0.45	1.0
1.824	15.99	1.0
27.821	9.625	1.0
21.828	13.216	1.0
23.826	21.985	1.0
14.194	17.333	1.0
11.004	18.399	1.0
22.483	17.064	1.0
27.081	19.319	1.0
0.869	0.751	0.751	0.762	0.768	0.758	0.887	0.868	0.766	0.818	0.874	0.883	0.766	0.781	0.729	0.774	0.702	0.747	0.719	0.751	0.834	0.73	0.887	0.744	0.709	0.735	0.778	0.758