28
2.063	14.202
24.561	30.136
30.527	13.793	1.0
14.554	25.655	1.0
39.687	5.692	1.0
40.383	16.323	1.0
17.84	21.523	1.0
36.161	6.933	1.0
29.983	21.128	1.0
13.259	10.822	1.0
40.056	2.64	1.0
45.373	42.692	1.0
32.711	22.823	1.0
45.903	36.634	1.0
23.703	38.818	1.0
45.8	10.189	1.0
45.727	31.827	1.0
0.833	26.73	1.0
3.949	41.272	1.0
46.673	45.805	1.0
36.996	9.508	1.0
35.305	36.434	1.0
35.067	32.858	1.0
45.039	27.024	1.0
15.045	37.788	1.0
33.74	10.728	1.0
11.595	41.931	1.0
1.997	23.446	1.0
33.517	44.101	1.0
7.691	22.966	1.0
0.811	0.705	0.778	0.712	0.855	0.731	0.785	0.747	0.778	0.847	0.801	0.898	0.743	0.723	0.732	0.792	0.889	0.744	0.878	0.889	0.855	0.811	0.72	0.813	0.71	0.829	0.756	0.784