28
12.215	45.703
13.639	7.839
42.372	24.881	1.0
13.646	20.729	1.0
40.798	9.294	1.0
19.798	35.504	1.0
10.685	24.477	1.0
46.273	11.679	1.0
37.499	5.343	1.0
20.415	4.041	1.0
33.001	14.399	1.0
43.763	22.378	1.0
27.702	41.488	1.0
35.962	28.259	1.0
24.838	33.507	1.0
45.051	46.626	1.0
4.291	35.593	1.0
5.595	15.02	1.0
35.61	14.374	1.0
1.635	29.172	1.0
10.293	7.229	1.0
22.571	12.414	1.0
11.437	15.676	1.0
5.583	7.696	1.0
4.798	29.211	1.0
32.104	8.545	1.0
35.9	21.823	1.0
27.085	19.708	1.0
33.53	27.618	1.0
22.411	40.155	1.0
0.719	0.772	0.864	0.705	0.733	0.739	0.757	0.837	0.723	0.816	0.723	0.701	0.859	0.813	0.732	0.792	0.79	0.71	0.817	0.829	0.838	0.819	0.875	0.845	0.78	0.741	0.834	0.839