28
22.455	15.708
13.82	4.079
0.059	12.484	1.0
26.009	4.941	1.0
14.071	15.76	1.0
6.639	8.947	1.0
9.692	14.176	1.0
8.415	25.551	1.0
24.228	27.892	1.0
1.885	22.922	1.0
15.035	23.694	1.0
13.201	26.032	1.0
15.367	9.166	1.0
27.077	8.261	1.0
18.228	18.949	1.0
15.038	18.091	1.0
0.543	16.299	1.0
27.578	14.968	1.0
26.199	20.967	1.0
8.238	19.752	1.0
7.071	22.18	1.0
20.476	16.078	1.0
22.248	19.099	1.0
3.232	14.728	1.0
19.366	24.829	1.0
2.147	3.295	1.0
15.953	3.334	1.0
23.812	22.637	1.0
20.866	8.948	1.0
3.664	27.067	1.0
0.875	0.725	0.743	0.78	0.879	0.88	0.727	0.838	0.713	0.716	0.769	0.704	0.761	0.751	0.811	0.719	0.839	0.776	0.807	0.729	0.705	0.74	0.828	0.878	0.813	0.889	0.723	0.896