28
25.51	7.74
16.354	20.629
13.776	7.959	1.0
23.726	20.006	1.0
19.172	14.989	1.0
23.315	1.793	1.0
20.964	0.106	1.0
13.846	2.013	1.0
5.55	6.152	1.0
14.771	5.473	1.0
0.625	13.846	1.0
22.336	11.439	1.0
7.877	2.789	1.0
17.538	26.765	1.0
4.256	20.855	1.0
8.127	23.223	1.0
3.849	11.647	1.0
1.349	17.8	1.0
23.18	8.874	1.0
18.956	8.477	1.0
8.253	27.839	1.0
0.479	11.203	1.0
11.544	11.52	1.0
27.346	9.634	1.0
16.993	10.418	1.0
0.06	5.272	1.0
19.699	21.841	1.0
4.776	1.634	1.0
21.293	19.12	1.0
3.032	5.062	1.0
0.877	0.772	0.789	0.766	0.814	0.884	0.797	0.794	0.883	0.831	0.744	0.819	0.755	0.8	0.81	0.701	0.853	0.74	0.887	0.747	0.745	0.776	0.742	0.731	0.825	0.798	0.762	0.804