28
6.726	19.283
19.066	0.168
20.7	25.873	1.0
15.861	0.911	1.0
25.464	18.268	1.0
8.698	20.808	1.0
5.243	0.536	1.0
0.534	26.932	1.0
15.166	7.547	1.0
27.195	26.869	1.0
3.182	16.654	1.0
1.82	19.329	1.0
1.495	1.085	1.0
10.255	18.42	1.0
18.908	12.241	1.0
9.741	8.034	1.0
15.207	18.431	1.0
27.061	20.305	1.0
15.734	27.554	1.0
22.106	15.69	1.0
26.671	1.209	1.0
5.314	9.007	1.0
17.264	14.799	1.0
26.384	13.196	1.0
16.124	3.53	1.0
15.827	12.327	1.0
5.392	13.966	1.0
22.304	3.273	1.0
11.427	21.51	1.0
4.875	11.498	1.0
0.878	0.864	0.86	0.705	0.78	0.72	0.771	0.836	0.842	0.761	0.746	0.759	0.771	0.841	0.791	0.78	0.851	0.838	0.833	0.878	0.755	0.896	0.827	0.835	0.77	0.805	0.773	0.734