28
33.799	21.36
36.398	12.27
36.52	36.585	1.0
23.477	23.246	1.0
22.87	31.189	1.0
23.417	25.869	1.0
13.145	22.291	1.0
6.373	7.882	1.0
0.019	15.527	1.0
5.243	5.404	1.0
3.577	24.957	1.0
0.84	27.151	1.0
19.554	37.069	1.0
9.891	9.926	1.0
3.365	11.574	1.0
33.977	4.848	1.0
8.92	6.58	1.0
18.941	30.238	1.0
30.379	31.374	1.0
30.817	5.632	1.0
6.352	0.87	1.0
29.67	24.042	1.0
7.597	25.476	1.0
9.916	30.618	1.0
19.793	32.913	1.0
4.531	18.638	1.0
17.46	4.997	1.0
21.588	4.51	1.0
27.616	12.076	1.0
0.881	35.892	1.0
0.888	0.831	0.837	0.729	0.701	0.793	0.701	0.774	0.799	0.738	0.708	0.883	0.878	0.842	0.84	0.754	0.805	0.833	0.715	0.872	0.718	0.702	0.856	0.752	0.771	0.805	0.719	0.809