28
17.731	24.479
12.475	13.301
3.806	20.789	1.0
9.613	10.051	1.0
22.67	17.889	1.0
24.508	11.591	1.0
9.569	16.999	1.0
4.885	18.202	1.0
25.814	9.15	1.0
2.099	4.355	1.0
19.281	5.087	1.0
10.031	3.96	1.0
22.532	8.98	1.0
17.434	9.369	1.0
16.774	12.726	1.0
19.273	16.315	1.0
23.78	20.564	1.0
5.666	27.656	1.0
25.268	28.024	1.0
7.345	8.307	1.0
27.409	25.795	1.0
18.428	0.885	1.0
7.39	12.485	1.0
9.799	23.728	1.0
1.508	10.454	1.0
1.742	17.698	1.0
22.324	6.141	1.0
1.395	26.045	1.0
5.654	1.469	1.0
9.137	26.48	1.0
0.777	0.857	0.762	0.761	0.743	0.787	0.769	0.814	0.727	0.882	0.735	0.78	0.744	0.762	0.787	0.792	0.793	0.779	0.883	0.849	0.883	0.775	0.83	0.879	0.889	0.805	0.846	0.72