28
18.662	19.82
31.578	12.643
34.062	17.071	1.0
35.259	31.992	1.0
29.303	11.467	1.0
11.385	11.118	1.0
17.317	13.067	1.0
8.942	13.782	1.0
2.626	16.252	1.0
25.323	19.734	1.0
7.256	25.66	1.0
1.345	0.74	1.0
30.536	29.971	1.0
37.449	6.711	1.0
15.589	28.534	1.0
1.587	34.863	1.0
24.425	28.567	1.0
35.713	36.274	1.0
3.9	11.022	1.0
11.556	1.232	1.0
29.723	2.112	1.0
16.36	4.837	1.0
27.989	17.629	1.0
19.704	36.683	1.0
8.609	17.796	1.0
14.729	34.891	1.0
32.242	19.864	1.0
23.209	12.803	1.0
7.523	8.004	1.0
8.28	2.51	1.0
0.744	0.86	0.803	0.822	0.868	0.718	0.883	0.812	0.866	0.727	0.854	0.705	0.738	0.834	0.773	0.73	0.731	0.791	0.899	0.845	0.721	0.87	0.763	0.828	0.783	0.872	0.854	0.787