28
9.421	26.784
23.622	35.507
15.872	22.949	1.0
25.221	30.691	1.0
20.322	35.794	1.0
23.843	5.138	1.0
19.287	19.978	1.0
17.697	3.046	1.0
36.928	24.663	1.0
13.156	8.112	1.0
6.678	5.639	1.0
4.154	8.375	1.0
5.425	13.945	1.0
34.755	12.674	1.0
35.858	4.01	1.0
21.028	33.37	1.0
35.368	6.874	1.0
1.271	22.79	1.0
23.67	9.909	1.0
22.968	15.754	1.0
10.298	20.093	1.0
24.668	0.236	1.0
29.758	11.634	1.0
36.982	0.638	1.0
25.162	18.908	1.0
10.267	28.661	1.0
8.344	0.907	1.0
12.204	15.593	1.0
20.293	29.612	1.0
29.849	30.123	1.0
0.814	0.851	0.785	0.84	0.842	0.824	0.818	0.816	0.804	0.763	0.843	0.883	0.878	0.717	0.703	0.844	0.7	0.722	0.806	0.895	0.862	0.714	0.741	0.751	0.823	0.778	0.882	0.725