28
20.495	21.406
21.073	29.776
0.869	18.079	1.0
23.951	5.841	1.0
33.218	26.436	1.0
31.146	20.215	1.0
11.047	23.094	1.0
16.251	2.317	1.0
18.066	18.943	1.0
27.282	10.342	1.0
25.797	1.713	1.0
36.547	10.464	1.0
25.715	18.797	1.0
16.171	29.626	1.0
27.273	4.88	1.0
11.932	26.766	1.0
32.498	6.019	1.0
10.682	4.928	1.0
4.915	3.352	1.0
3.172	31.586	1.0
1.588	26.312	1.0
33.856	2.423	1.0
37.426	33.001	1.0
11.351	36.9	1.0
20.709	9.923	1.0
37.076	25.186	1.0
8.572	12.969	1.0
13.891	18.794	1.0
6.219	20.208	1.0
36.898	35.711	1.0
0.89	0.822	0.71	0.795	0.826	0.738	0.881	0.821	0.779	0.898	0.826	0.736	0.837	0.716	0.821	0.72	0.758	0.73	0.814	0.7	0.777	0.856	0.892	0.842	0.899	0.745	0.814	0.73