28
20.215	1.347
34.634	11.214
28.416	36.338	1.0
12.606	5.954	1.0
18.821	33.068	1.0
14.695	12.684	1.0
3.434	0.213	1.0
19.29	8.277	1.0
21.303	27.114	1.0
36.215	23.293	1.0
4.675	15.275	1.0
15.284	10.017	1.0
17.52	3.079	1.0
1.274	13.995	1.0
4.984	19.801	1.0
0.05	18.982	1.0
5.295	36.554	1.0
16.83	21.669	1.0
0.963	11.118	1.0
33.917	31.546	1.0
10.563	9.422	1.0
15.856	24.217	1.0
7.62	18.48	1.0
1.534	22.378	1.0
7.373	10.463	1.0
20.129	15.295	1.0
36.289	33.316	1.0
35.04	7.767	1.0
29.915	7.534	1.0
1.724	2.187	1.0
0.801	0.731	0.87	0.779	0.889	0.722	0.711	0.708	0.703	0.784	0.798	0.803	0.725	0.791	0.702	0.762	0.781	0.819	0.757	0.779	0.859	0.849	0.751	0.707	0.723	0.835	0.732	0.741