28
1.675	7.974
13.736	26.719
12.814	11.855	1.0
19.024	18.09	1.0
0.923	2.183	1.0
13.879	9.036	1.0
27.674	7.647	1.0
2.382	25.79	1.0
22.064	27.352	1.0
24.274	4.292	1.0
1.954	19.532	1.0
19.12	27.444	1.0
17.336	14.841	1.0
9.211	6.656	1.0
21.246	23.908	1.0
24.728	8.766	1.0
6.406	26.788	1.0
17.046	3.672	1.0
6.207	10.56	1.0
8.493	22.434	1.0
25.339	20.217	1.0
13.197	0.557	1.0
7.2	18.751	1.0
14.158	15.076	1.0
10.495	25.1	1.0
4.981	16.623	1.0
25.136	0.996	1.0
15.68	6.692	1.0
20.953	15.338	1.0
2.807	22.164	1.0
0.879	0.853	0.758	0.719	0.822	0.774	0.887	0.758	0.834	0.757	0.827	0.771	0.771	0.845	0.85	0.756	0.852	0.791	0.787	0.831	0.849	0.828	0.79	0.725	0.832	0.764	0.835	0.797