28
6.811	0.683
12.518	31.756
9.436	22.407	1.0
31.297	12.577	1.0
16.878	18.803	1.0
16.57	14.047	1.0
13.216	28.924	1.0
22.679	10.123	1.0
22.789	21.23	1.0
10.335	6.874	1.0
32.805	23.625	1.0
8.147	18.157	1.0
7.798	31.67	1.0
34.203	8.737	1.0
15.252	34.189	1.0
28.784	32.287	1.0
9.858	27.102	1.0
17.87	25.01	1.0
29.125	7.365	1.0
31.148	33.955	1.0
21.283	14.007	1.0
23.388	34.347	1.0
6.003	37.278	1.0
12.678	5.94	1.0
1.489	8.853	1.0
27.218	23.121	1.0
25.303	29.224	1.0
21.901	17.074	1.0
35.264	34.298	1.0
28.476	28.524	1.0
0.751	0.743	0.8	0.837	0.731	0.751	0.867	0.879	0.857	0.847	0.744	0.822	0.759	0.832	0.751	0.842	0.77	0.892	0.787	0.775	0.711	0.837	0.751	0.764	0.844	0.888	0.831	0.782