28
18.962	36.863
42.278	27.628
17.702	4.747	1.0
29.743	10.494	1.0
46.868	43.345	1.0
30.671	42.231	1.0
38.682	23.347	1.0
6.057	13.67	1.0
6.843	21.136	1.0
24.829	2.374	1.0
42.98	24.462	1.0
8.819	30.512	1.0
33.623	19.313	1.0
31.094	19.73	1.0
26.408	5.856	1.0
45.793	9.4	1.0
11.087	42.028	1.0
5.166	32.307	1.0
29.887	17.428	1.0
29.497	34.458	1.0
35.573	6.124	1.0
39.196	33.699	1.0
26.739	39.905	1.0
28.133	43.81	1.0
44.914	3.057	1.0
39.928	43.45	1.0
36.077	44.884	1.0
20.224	17.446	1.0
38.738	13.104	1.0
42.116	39.044	1.0
0.773	0.801	0.753	0.877	0.731	0.701	0.735	0.809	0.729	0.802	0.703	0.718	0.841	0.857	0.849	0.817	0.798	0.828	0.883	0.835	0.702	0.818	0.771	0.862	0.879	0.861	0.732	0.849