28
36.237	28.83
34.817	22.952
25.015	5.494	1.0
17.578	19.006	1.0
28.878	23.345	1.0
35.985	35.506	1.0
10.339	10.552	1.0
29.93	4.825	1.0
4.637	24.41	1.0
25.944	21.611	1.0
19.884	13.666	1.0
15.018	7.589	1.0
6.594	29.856	1.0
26.696	2.08	1.0
9.182	25.147	1.0
17.078	26.336	1.0
27.821	19.479	1.0
19.194	8.028	1.0
15.507	16.997	1.0
4.758	13.451	1.0
11.405	13.519	1.0
31.981	3.242	1.0
36.657	26.986	1.0
27.594	35.413	1.0
6.309	26.81	1.0
12.833	10.834	1.0
0.698	9.064	1.0
28.404	30.039	1.0
31.822	31.127	1.0
30.117	25.518	1.0
0.842	0.845	0.726	0.731	0.739	0.879	0.762	0.702	0.741	0.843	0.743	0.738	0.849	0.751	0.701	0.881	0.814	0.77	0.783	0.814	0.887	0.796	0.851	0.861	0.708	0.861	0.731	0.736