28
20.869	30.612
9.898	1.091
16.144	18.575	1.0
15.053	15.207	1.0
29.348	25.133	1.0
1.397	9.547	1.0
2.232	20.946	1.0
25.503	33.407	1.0
5.38	14.104	1.0
25.981	3.068	1.0
8.182	20.074	1.0
0.317	11.915	1.0
30.193	14.268	1.0
34.554	8.831	1.0
8.771	8.183	1.0
12.018	13.079	1.0
24.888	8.886	1.0
18.786	22.746	1.0
5.04	37.455	1.0
0.923	33.929	1.0
5.691	27.129	1.0
11.187	20.213	1.0
31.816	35.227	1.0
23.75	24.024	1.0
36.333	22.014	1.0
35.262	33.119	1.0
21.408	19.518	1.0
21.959	32.456	1.0
21.363	0.219	1.0
9.807	11.076	1.0
0.797	0.801	0.828	0.752	0.846	0.708	0.714	0.896	0.895	0.892	0.768	0.771	0.717	0.803	0.805	0.816	0.805	0.836	0.856	0.781	0.811	0.767	0.75	0.857	0.799	0.802	0.748	0.873