29
8.024	4.075
10.493	27.51
13.331	0.713	1.0
3.827	0.072	1.0
20.159	11.742	1.0
24.449	2.623	1.0
16.729	6.773	1.0
9.284	13.894	1.0
19.886	17.23	1.0
9.052	17.82	1.0
14.542	8.526	1.0
6.441	14.679	1.0
0.533	3.139	1.0
15.262	16.003	1.0
26.676	12.803	1.0
6.478	26.759	1.0
9.267	7.42	1.0
24.342	24.74	1.0
4.247	6.106	1.0
27.058	5.713	1.0
8.619	24.366	1.0
13.486	22.981	1.0
16.746	3.997	1.0
2.707	19.069	1.0
16.529	28.597	1.0
14.704	12.34	1.0
0.91	20.954	1.0
17.549	11.579	1.0
24.611	9.212	1.0
5.258	23.666	1.0
27.5	18.548	1.0
0.822	0.859	0.717	0.732	0.875	0.81	0.819	0.881	0.734	0.856	0.79	0.794	0.812	0.717	0.882	0.71	0.893	0.831	0.76	0.771	0.752	0.805	0.833	0.803	0.873	0.746	0.751	0.842	0.812