29
5.891	1.091
26.202	9.633
23.742	8.605	1.0
10.251	6.82	1.0
25.236	1.855	1.0
26.014	19.092	1.0
10.682	11.255	1.0
27.965	7.302	1.0
14.901	3.928	1.0
15.107	23.602	1.0
10.03	20.4	1.0
18.448	15.822	1.0
6.597	3.008	1.0
3.738	28.594	1.0
24.329	22.561	1.0
2.934	22.414	1.0
21.766	0.931	1.0
26.575	11.304	1.0
22.843	25.463	1.0
27.672	15.538	1.0
15.564	19.224	1.0
13.159	12.946	1.0
9.152	17.044	1.0
11.393	15.236	1.0
16.419	13.336	1.0
19.367	4.638	1.0
3.653	16.277	1.0
0.995	25.862	1.0
19.984	13.285	1.0
4.152	20.035	1.0
6.662	11.166	1.0
0.716	0.793	0.754	0.867	0.813	0.707	0.886	0.809	0.889	0.814	0.802	0.776	0.86	0.875	0.801	0.84	0.885	0.867	0.798	0.74	0.819	0.816	0.715	0.759	0.839	0.725	0.824	0.855	0.863