29
1.531	25.249
25.937	37.244
17.538	0.945	1.0
17.02	6.053	1.0
5.163	29.765	1.0
29.963	24.881	1.0
13.329	3.724	1.0
3.392	36.666	1.0
12.854	20.824	1.0
5.631	19.271	1.0
2.463	1.243	1.0
35.097	23.625	1.0
0.962	30.636	1.0
29.758	31.357	1.0
22.787	12.927	1.0
23.153	30.456	1.0
28.201	10.494	1.0
15.856	31.896	1.0
37.604	25.741	1.0
27.897	5.654	1.0
10.418	33.446	1.0
2.749	7.297	1.0
8.936	30.859	1.0
3.158	10.08	1.0
21.916	2.306	1.0
15.897	14.191	1.0
12.727	18.301	1.0
23.101	18.581	1.0
30.728	9.14	1.0
30.932	19.683	1.0
11.934	35.468	1.0
0.71	0.714	0.723	0.831	0.775	0.766	0.707	0.818	0.722	0.867	0.838	0.862	0.777	0.893	0.894	0.848	0.862	0.737	0.779	0.78	0.887	0.717	0.792	0.844	0.772	0.816	0.862	0.813	0.759