29
3.311	23.684
8.715	15.198
30.8	9.26	1.0
8.305	5.901	1.0
5.594	19.285	1.0
25.197	0.269	1.0
35.99	20.402	1.0
16.48	2.021	1.0
1.134	20.048	1.0
23.255	3.143	1.0
8.656	2.112	1.0
17.066	15.562	1.0
22.934	25.583	1.0
20.308	24.878	1.0
3.571	28.266	1.0
16.803	35.935	1.0
0.947	14.153	1.0
12.657	9.289	1.0
31.544	1.678	1.0
9.541	23.716	1.0
16.829	23.845	1.0
33.248	20.814	1.0
35.626	14.465	1.0
19.408	10.236	1.0
22.52	16.073	1.0
16.242	31.417	1.0
11.909	1.095	1.0
37.162	23.548	1.0
33.753	38.014	1.0
24.739	8.001	1.0
14.642	21.26	1.0
0.755	0.862	0.874	0.74	0.769	0.725	0.815	0.846	0.873	0.79	0.785	0.874	0.86	0.835	0.766	0.766	0.889	0.809	0.797	0.726	0.799	0.849	0.709	0.889	0.867	0.801	0.716	0.873	0.857