29
1.7	34.696
9.45	40.991
21.475	31.127	1.0
36.548	16.922	1.0
16.615	42.854	1.0
4.079	31.734	1.0
1.344	12.544	1.0
9.497	15.751	1.0
38.0	7.41	1.0
32.113	39.688	1.0
0.544	23.727	1.0
39.052	19.042	1.0
18.522	7.799	1.0
47.384	44.134	1.0
19.111	29.575	1.0
45.755	32.901	1.0
21.073	4.054	1.0
28.45	30.692	1.0
46.729	9.477	1.0
20.074	43.632	1.0
34.203	20.246	1.0
28.487	7.214	1.0
31.728	19.428	1.0
11.775	25.972	1.0
12.703	1.394	1.0
9.746	45.418	1.0
17.57	18.142	1.0
20.481	37.669	1.0
30.409	16.359	1.0
31.16	7.205	1.0
39.55	26.29	1.0
0.834	0.84	0.732	0.834	0.863	0.823	0.763	0.818	0.721	0.843	0.74	0.879	0.76	0.771	0.735	0.882	0.892	0.714	0.884	0.853	0.861	0.891	0.853	0.884	0.752	0.803	0.796	0.751	0.741