29
27.768	19.126
15.964	20.576
22.37	18.43	1.0
2.807	3.207	1.0
21.923	3.789	1.0
6.438	3.433	1.0
23.014	20.903	1.0
15.677	6.021	1.0
17.784	24.171	1.0
22.77	0.051	1.0
18.117	26.717	1.0
19.62	11.174	1.0
9.538	13.969	1.0
7.211	27.663	1.0
11.453	11.451	1.0
19.962	13.88	1.0
19.594	17.666	1.0
17.705	7.661	1.0
4.255	25.825	1.0
11.107	26.422	1.0
25.455	10.8	1.0
6.036	18.799	1.0
10.01	19.593	1.0
15.088	24.58	1.0
9.2	22.443	1.0
8.016	9.584	1.0
2.771	20.826	1.0
4.751	15.266	1.0
9.209	3.286	1.0
12.666	0.261	1.0
20.612	24.144	1.0
0.736	0.769	0.736	0.715	0.837	0.767	0.772	0.825	0.866	0.791	0.843	0.815	0.898	0.777	0.763	0.86	0.887	0.888	0.851	0.864	0.766	0.721	0.76	0.792	0.851	0.719	0.708	0.801	0.765