29
7.926	30.348
14.195	33.479
22.386	23.86	1.0
39.58	41.918	1.0
10.968	45.383	1.0
44.06	18.371	1.0
1.538	9.279	1.0
31.946	14.369	1.0
28.25	42.358	1.0
23.308	29.701	1.0
18.952	16.727	1.0
15.222	41.707	1.0
23.484	38.546	1.0
45.117	40.21	1.0
3.712	24.759	1.0
13.721	3.549	1.0
18.059	26.824	1.0
13.377	15.446	1.0
4.815	42.067	1.0
34.244	42.358	1.0
25.1	8.755	1.0
27.04	1.198	1.0
31.703	45.031	1.0
5.754	4.984	1.0
11.697	18.687	1.0
46.164	0.687	1.0
0.363	31.483	1.0
1.39	27.767	1.0
38.695	11.277	1.0
39.619	4.529	1.0
38.044	7.327	1.0
0.9	0.764	0.768	0.752	0.808	0.73	0.746	0.801	0.767	0.703	0.81	0.805	0.868	0.741	0.769	0.832	0.873	0.721	0.719	0.824	0.738	0.824	0.896	0.752	0.812	0.716	0.711	0.719	0.734