29
12.478	46.781
31.258	35.689
41.24	8.705	1.0
16.974	14.042	1.0
21.311	19.297	1.0
9.877	2.382	1.0
9.849	13.473	1.0
4.106	14.565	1.0
27.545	6.45	1.0
45.55	31.057	1.0
30.234	7.275	1.0
0.986	25.233	1.0
28.212	29.954	1.0
11.65	39.058	1.0
43.156	21.795	1.0
29.484	19.287	1.0
28.192	23.284	1.0
31.885	29.206	1.0
19.501	38.461	1.0
9.956	25.0	1.0
47.705	10.427	1.0
39.337	19.704	1.0
42.617	34.42	1.0
29.447	11.049	1.0
33.359	38.837	1.0
28.352	16.25	1.0
1.377	13.366	1.0
6.145	27.098	1.0
7.076	1.823	1.0
21.292	32.772	1.0
27.591	37.659	1.0
0.876	0.85	0.749	0.844	0.869	0.744	0.781	0.809	0.702	0.812	0.791	0.712	0.81	0.834	0.749	0.797	0.736	0.73	0.862	0.721	0.755	0.729	0.773	0.779	0.882	0.755	0.811	0.857	0.881