29
1.267	28.001
2.354	1.718
12.361	4.591	1.0
17.589	19.871	1.0
13.901	19.705	1.0
2.793	22.108	1.0
9.925	19.188	1.0
13.248	27.004	1.0
16.948	4.938	1.0
10.408	26.688	1.0
5.56	25.571	1.0
1.167	13.822	1.0
4.26	18.868	1.0
28.139	22.423	1.0
26.043	5.672	1.0
27.929	24.941	1.0
23.184	10.282	1.0
17.459	7.458	1.0
17.088	13.418	1.0
21.47	25.09	1.0
16.503	23.566	1.0
3.663	6.151	1.0
6.433	16.214	1.0
9.14	2.729	1.0
27.063	10.607	1.0
13.577	15.283	1.0
7.388	12.453	1.0
24.309	17.862	1.0
9.001	9.479	1.0
12.893	22.319	1.0
14.098	9.311	1.0
0.766	0.9	0.799	0.849	0.778	0.898	0.717	0.8	0.744	0.851	0.752	0.882	0.722	0.852	0.746	0.895	0.765	0.834	0.801	0.898	0.746	0.874	0.866	0.848	0.855	0.782	0.748	0.869	0.806