29
6.738	12.883
4.32	27.068
37.315	41.367	1.0
16.592	20.971	1.0
26.536	15.391	1.0
31.699	33.681	1.0
8.715	47.366	1.0
34.316	13.331	1.0
28.759	45.087	1.0
46.946	20.884	1.0
8.846	24.678	1.0
31.008	21.616	1.0
15.558	6.326	1.0
12.165	10.416	1.0
29.679	35.18	1.0
37.195	38.38	1.0
44.791	18.872	1.0
3.742	32.88	1.0
40.071	1.997	1.0
9.644	13.349	1.0
6.66	39.162	1.0
47.55	25.581	1.0
30.83	28.186	1.0
12.815	27.019	1.0
28.693	3.806	1.0
31.032	2.539	1.0
20.872	18.913	1.0
16.889	15.423	1.0
14.428	12.082	1.0
1.248	41.446	1.0
38.462	13.943	1.0
0.818	0.78	0.761	0.81	0.753	0.874	0.744	0.846	0.752	0.844	0.851	0.791	0.805	0.855	0.752	0.836	0.787	0.786	0.752	0.893	0.773	0.888	0.857	0.874	0.735	0.702	0.882	0.819	0.767