29
33.697	24.352
4.137	31.666
25.6	24.83	1.0
1.207	10.947	1.0
28.262	2.959	1.0
10.952	5.035	1.0
3.403	37.643	1.0
3.706	10.034	1.0
31.068	0.298	1.0
31.512	37.243	1.0
32.588	3.846	1.0
9.434	15.337	1.0
37.422	14.732	1.0
13.928	13.037	1.0
20.517	8.9	1.0
11.387	34.392	1.0
34.037	22.384	1.0
32.793	17.46	1.0
28.646	28.519	1.0
19.909	29.232	1.0
25.125	36.715	1.0
23.009	5.2	1.0
22.583	28.201	1.0
28.749	33.92	1.0
20.122	12.838	1.0
33.128	9.873	1.0
36.732	11.945	1.0
9.414	0.424	1.0
25.512	19.158	1.0
17.455	25.786	1.0
37.387	36.427	1.0
0.825	0.897	0.823	0.863	0.831	0.707	0.76	0.862	0.728	0.782	0.843	0.732	0.798	0.804	0.736	0.704	0.743	0.734	0.776	0.757	0.869	0.75	0.896	0.774	0.886	0.865	0.801	0.756	0.843