29
17.543	1.51
2.081	19.315
20.721	6.032	1.0
4.136	16.855	1.0
4.297	1.562	1.0
6.664	22.356	1.0
5.976	14.691	1.0
1.097	25.071	1.0
1.476	12.0	1.0
13.394	26.152	1.0
12.258	7.243	1.0
9.032	10.41	1.0
8.61	18.3	1.0
14.165	8.926	1.0
28.38	4.518	1.0
23.556	19.262	1.0
19.768	18.278	1.0
12.392	23.473	1.0
3.339	23.054	1.0
20.789	9.416	1.0
23.495	16.338	1.0
1.827	7.748	1.0
12.858	12.825	1.0
10.294	4.876	1.0
14.362	17.325	1.0
15.604	3.397	1.0
4.668	7.106	1.0
26.73	0.184	1.0
4.969	9.949	1.0
18.486	10.776	1.0
28.351	19.333	1.0
0.76	0.849	0.756	0.863	0.796	0.709	0.77	0.829	0.772	0.744	0.786	0.811	0.723	0.795	0.831	0.889	0.704	0.805	0.832	0.716	0.806	0.835	0.795	0.808	0.788	0.71	0.769	0.88	0.722