29
2.604	16.384
41.749	1.748
7.588	33.781	1.0
44.793	22.789	1.0
10.47	44.677	1.0
27.244	30.605	1.0
32.016	17.372	1.0
18.151	42.041	1.0
2.145	43.051	1.0
2.645	19.652	1.0
14.694	11.744	1.0
18.962	23.8	1.0
9.958	13.405	1.0
18.962	46.099	1.0
29.206	4.839	1.0
17.16	30.196	1.0
16.777	1.917	1.0
13.812	38.054	1.0
33.236	5.037	1.0
37.557	27.169	1.0
43.679	11.778	1.0
19.915	12.76	1.0
14.077	2.298	1.0
6.875	11.853	1.0
31.019	40.257	1.0
35.888	31.255	1.0
43.521	31.72	1.0
14.397	19.148	1.0
25.401	12.741	1.0
19.458	9.523	1.0
29.048	13.52	1.0
0.821	0.895	0.815	0.831	0.742	0.845	0.734	0.869	0.882	0.813	0.751	0.7	0.822	0.796	0.719	0.803	0.721	0.786	0.731	0.78	0.855	0.797	0.731	0.836	0.767	0.702	0.818	0.716	0.846