29
5.399	43.604
13.983	15.076
46.657	0.775	1.0
12.252	35.676	1.0
26.18	35.102	1.0
26.983	26.845	1.0
12.53	18.229	1.0
46.522	14.087	1.0
3.655	28.149	1.0
7.07	10.162	1.0
12.922	10.49	1.0
34.808	39.87	1.0
12.391	26.066	1.0
27.106	40.153	1.0
31.778	8.407	1.0
1.521	38.467	1.0
37.024	14.948	1.0
22.899	24.154	1.0
35.805	36.946	1.0
11.152	40.519	1.0
43.979	20.561	1.0
37.387	27.034	1.0
40.21	15.229	1.0
3.95	10.245	1.0
14.899	24.638	1.0
31.388	38.288	1.0
17.454	6.237	1.0
13.11	30.791	1.0
16.649	12.798	1.0
5.338	25.672	1.0
20.304	9.093	1.0
0.722	0.824	0.799	0.712	0.881	0.869	0.813	0.783	0.74	0.739	0.855	0.742	0.739	0.887	0.796	0.728	0.712	0.867	0.748	0.76	0.848	0.849	0.897	0.772	0.801	0.839	0.892	0.895	0.841