29
16.045	6.544
13.544	19.067
11.359	20.825	1.0
0.653	18.081	1.0
10.551	8.604	1.0
13.46	6.879	1.0
14.618	2.944	1.0
15.126	11.563	1.0
28.232	21.187	1.0
2.286	13.547	1.0
14.45	14.293	1.0
23.715	7.344	1.0
19.052	18.501	1.0
10.338	26.224	1.0
4.413	25.6	1.0
0.489	26.654	1.0
0.274	9.719	1.0
2.879	19.638	1.0
19.851	24.923	1.0
15.704	28.265	1.0
18.377	0.344	1.0
24.103	20.978	1.0
21.272	20.088	1.0
8.411	14.132	1.0
27.499	4.205	1.0
15.796	19.202	1.0
6.115	13.058	1.0
7.69	26.224	1.0
19.697	13.453	1.0
11.467	18.068	1.0
23.08	17.24	1.0
0.737	0.778	0.818	0.731	0.834	0.853	0.821	0.726	0.735	0.85	0.72	0.719	0.792	0.843	0.72	0.726	0.844	0.896	0.839	0.753	0.718	0.792	0.894	0.716	0.818	0.852	0.793	0.82	0.771