29
22.648	45.27
46.292	29.263
15.992	18.832	1.0
38.718	16.147	1.0
12.666	40.624	1.0
11.586	27.041	1.0
36.832	34.835	1.0
31.013	6.092	1.0
35.961	7.006	1.0
40.956	8.156	1.0
18.628	3.441	1.0
39.084	36.992	1.0
6.166	30.616	1.0
18.252	46.29	1.0
45.701	42.434	1.0
30.561	1.673	1.0
5.745	7.105	1.0
11.759	22.31	1.0
12.345	46.662	1.0
43.29	11.733	1.0
14.973	26.97	1.0
30.922	19.505	1.0
15.287	11.946	1.0
25.876	29.52	1.0
12.895	8.554	1.0
44.854	7.481	1.0
16.212	8.844	1.0
4.001	11.752	1.0
20.932	32.817	1.0
45.856	46.334	1.0
40.78	32.132	1.0
0.879	0.752	0.76	0.845	0.764	0.762	0.873	0.816	0.855	0.859	0.853	0.71	0.899	0.871	0.732	0.741	0.784	0.89	0.868	0.707	0.881	0.735	0.728	0.888	0.703	0.727	0.814	0.844	0.853