29
15.8	7.371
23.233	14.142
13.925	27.956	1.0
5.489	15.33	1.0
16.625	26.737	1.0
28.01	15.613	1.0
6.71	18.503	1.0
10.705	22.707	1.0
24.987	23.736	1.0
4.158	0.322	1.0
9.653	25.468	1.0
3.099	19.336	1.0
14.69	9.32	1.0
19.055	14.063	1.0
15.606	16.549	1.0
22.054	25.778	1.0
21.393	11.014	1.0
21.391	15.032	1.0
0.874	8.996	1.0
24.868	2.536	1.0
19.242	22.936	1.0
1.59	21.351	1.0
7.973	6.859	1.0
1.376	16.248	1.0
27.825	24.758	1.0
23.195	8.206	1.0
4.356	12.178	1.0
15.605	1.258	1.0
12.716	14.032	1.0
6.299	2.285	1.0
1.149	25.756	1.0
0.853	0.768	0.795	0.862	0.788	0.88	0.822	0.839	0.816	0.776	0.723	0.779	0.885	0.805	0.783	0.749	0.778	0.75	0.76	0.714	0.765	0.721	0.774	0.812	0.863	0.701	0.709	0.887	0.794