29
33.094	16.416
9.026	25.466
31.272	45.929	1.0
26.213	34.115	1.0
28.871	23.778	1.0
1.746	35.007	1.0
29.283	4.693	1.0
38.284	15.294	1.0
3.527	25.621	1.0
45.213	10.2	1.0
20.746	46.441	1.0
43.221	1.468	1.0
44.211	43.057	1.0
25.511	20.123	1.0
23.356	14.735	1.0
34.016	41.5	1.0
0.782	44.665	1.0
10.275	23.543	1.0
46.717	17.313	1.0
45.579	28.565	1.0
31.007	35.263	1.0
32.567	19.728	1.0
23.238	24.827	1.0
40.827	28.793	1.0
27.536	11.824	1.0
45.327	40.688	1.0
19.102	43.19	1.0
4.289	34.293	1.0
14.711	10.958	1.0
40.51	12.192	1.0
7.294	29.58	1.0
0.762	0.834	0.737	0.73	0.769	0.836	0.879	0.816	0.75	0.74	0.748	0.704	0.719	0.728	0.85	0.892	0.894	0.746	0.718	0.872	0.88	0.822	0.843	0.888	0.855	0.705	0.886	0.857	0.73