29
13.703	11.247
19.14	19.256
38.732	28.137	1.0
26.129	33.144	1.0
23.294	20.902	1.0
36.58	3.964	1.0
4.041	25.609	1.0
16.515	14.665	1.0
14.424	9.024	1.0
26.617	47.505	1.0
4.069	10.039	1.0
5.876	7.34	1.0
26.22	24.728	1.0
30.75	44.58	1.0
7.618	24.613	1.0
37.755	42.188	1.0
35.403	11.452	1.0
9.084	0.262	1.0
9.296	11.006	1.0
12.437	40.617	1.0
47.043	33.519	1.0
2.234	13.964	1.0
36.589	7.038	1.0
0.508	8.458	1.0
38.572	16.885	1.0
17.619	19.332	1.0
25.941	19.86	1.0
35.122	44.95	1.0
30.588	28.149	1.0
1.064	41.039	1.0
17.737	11.376	1.0
0.755	0.787	0.762	0.731	0.806	0.896	0.801	0.778	0.797	0.817	0.73	0.797	0.856	0.713	0.795	0.802	0.884	0.875	0.707	0.844	0.715	0.726	0.803	0.807	0.723	0.746	0.873	0.757	0.838