29
23.426	24.716
15.481	20.457
10.005	19.578	1.0
16.278	12.735	1.0
10.998	32.47	1.0
26.736	17.858	1.0
13.098	23.726	1.0
0.694	24.269	1.0
29.702	32.806	1.0
30.72	7.509	1.0
23.662	16.959	1.0
10.422	7.98	1.0
35.576	3.068	1.0
23.849	31.817	1.0
5.267	24.259	1.0
10.663	36.071	1.0
2.412	12.386	1.0
16.919	9.004	1.0
28.577	5.689	1.0
31.974	17.43	1.0
37.748	31.569	1.0
2.043	3.388	1.0
35.846	9.799	1.0
1.977	20.59	1.0
8.01	37.105	1.0
18.83	14.774	1.0
7.591	10.732	1.0
1.222	28.092	1.0
7.772	1.83	1.0
32.465	28.619	1.0
27.142	14.63	1.0
0.824	0.855	0.847	0.72	0.753	0.821	0.825	0.795	0.773	0.767	0.846	0.855	0.79	0.771	0.769	0.866	0.79	0.764	0.71	0.801	0.705	0.857	0.805	0.867	0.798	0.844	0.842	0.873	0.811