29
7.524	7.134
37.854	26.478
26.946	3.726	1.0
35.99	33.386	1.0
2.957	21.292	1.0
17.55	7.715	1.0
19.6	23.223	1.0
21.534	29.569	1.0
23.194	24.607	1.0
34.988	27.645	1.0
24.338	36.844	1.0
9.028	4.319	1.0
22.277	9.521	1.0
32.308	31.363	1.0
31.628	10.217	1.0
38.082	13.064	1.0
4.207	32.641	1.0
2.383	10.607	1.0
15.151	18.168	1.0
33.951	17.613	1.0
5.546	18.402	1.0
24.86	13.757	1.0
33.232	36.982	1.0
27.245	23.205	1.0
1.977	29.342	1.0
0.772	19.323	1.0
16.006	14.876	1.0
33.479	23.154	1.0
9.789	20.475	1.0
28.52	33.043	1.0
6.583	23.097	1.0
0.88	0.712	0.78	0.871	0.71	0.828	0.847	0.782	0.767	0.808	0.896	0.751	0.808	0.714	0.833	0.839	0.847	0.74	0.704	0.76	0.73	0.874	0.756	0.828	0.72	0.763	0.7	0.882	0.725