29
23.31	22.31
35.056	18.012
37.494	25.91	1.0
12.152	12.227	1.0
33.47	0.583	1.0
4.113	27.773	1.0
9.503	14.473	1.0
35.269	22.202	1.0
21.51	16.643	1.0
24.773	8.759	1.0
18.128	16.02	1.0
15.413	27.613	1.0
26.818	30.112	1.0
24.393	17.357	1.0
4.452	8.852	1.0
3.698	16.103	1.0
28.527	26.958	1.0
34.515	36.901	1.0
19.517	19.956	1.0
10.209	1.211	1.0
24.93	0.946	1.0
7.412	31.98	1.0
29.451	2.037	1.0
0.888	23.385	1.0
13.005	28.504	1.0
28.344	10.072	1.0
23.452	10.947	1.0
15.362	0.878	1.0
2.728	32.803	1.0
1.018	2.505	1.0
30.237	21.079	1.0
0.805	0.878	0.771	0.836	0.735	0.811	0.823	0.733	0.835	0.783	0.809	0.812	0.723	0.806	0.864	0.876	0.71	0.728	0.816	0.899	0.77	0.838	0.846	0.858	0.794	0.816	0.737	0.796	0.746