29
1.903	15.855
21.201	26.506
13.844	14.242	1.0
26.512	17.476	1.0
22.943	26.783	1.0
13.571	4.251	1.0
8.956	18.876	1.0
20.268	9.728	1.0
19.301	26.786	1.0
21.653	0.123	1.0
24.995	3.048	1.0
25.314	10.838	1.0
25.652	20.919	1.0
27.122	24.709	1.0
28.123	12.874	1.0
3.591	6.297	1.0
8.301	12.161	1.0
17.365	13.434	1.0
2.143	18.655	1.0
3.486	2.253	1.0
15.094	1.115	1.0
27.589	7.711	1.0
27.079	28.11	1.0
28.333	4.37	1.0
0.632	25.8	1.0
14.673	9.659	1.0
7.988	8.041	1.0
19.239	18.086	1.0
11.595	21.102	1.0
10.518	3.704	1.0
20.534	15.375	1.0
0.756	0.898	0.836	0.76	0.706	0.716	0.799	0.763	0.747	0.822	0.9	0.882	0.815	0.771	0.728	0.861	0.81	0.748	0.722	0.746	0.778	0.733	0.828	0.787	0.736	0.789	0.84	0.786	0.798