29
19.918	18.101
11.968	6.721
2.465	10.561	1.0
9.274	17.53	1.0
4.712	15.138	1.0
15.686	24.784	1.0
11.688	11.323	1.0
22.486	3.703	1.0
14.319	5.811	1.0
0.288	15.155	1.0
26.329	18.97	1.0
11.235	27.313	1.0
2.979	20.275	1.0
10.175	8.012	1.0
18.329	22.522	1.0
0.942	6.463	1.0
8.08	2.196	1.0
4.235	27.425	1.0
11.658	15.879	1.0
17.342	0.379	1.0
23.342	0.78	1.0
21.329	7.552	1.0
10.02	23.209	1.0
6.255	24.48	1.0
9.851	0.224	1.0
22.377	16.494	1.0
18.223	15.351	1.0
14.123	1.341	1.0
5.43	0.772	1.0
23.173	20.592	1.0
1.895	3.293	1.0
0.779	0.749	0.704	0.766	0.874	0.837	0.776	0.763	0.777	0.724	0.85	0.824	0.887	0.762	0.707	0.782	0.843	0.8	0.728	0.798	0.71	0.749	0.718	0.761	0.771	0.724	0.853	0.845	0.766