30
3.399	27.22
9.634	9.287
18.844	14.865	1.0
8.814	0.931	1.0
1.08	19.182	1.0
23.774	24.407	1.0
26.18	10.68	1.0
18.234	11.686	1.0
13.448	18.431	1.0
13.929	28.98	1.0
13.372	26.032	1.0
22.146	28.28	1.0
6.107	23.016	1.0
6.097	7.529	1.0
28.232	29.049	1.0
2.95	24.024	1.0
0.731	9.612	1.0
2.6	1.823	1.0
5.195	11.731	1.0
16.712	24.43	1.0
8.266	25.248	1.0
12.006	9.911	1.0
14.298	14.036	1.0
29.106	6.439	1.0
26.248	13.899	1.0
10.755	14.22	1.0
18.937	1.227	1.0
26.635	3.566	1.0
0.846	16.362	1.0
8.332	28.991	1.0
11.365	16.905	1.0
28.829	11.096	1.0
0.867	0.808	0.894	0.81	0.743	0.702	0.74	0.763	0.808	0.784	0.839	0.891	0.749	0.87	0.78	0.704	0.74	0.805	0.766	0.724	0.75	0.747	0.859	0.814	0.804	0.821	0.805	0.861	0.835	0.737