30
6.048	23.425
46.374	41.258
30.186	21.182	1.0
32.351	4.711	1.0
28.126	34.769	1.0
6.423	15.386	1.0
4.185	6.107	1.0
32.872	43.533	1.0
46.801	48.15	1.0
23.668	33.001	1.0
34.443	34.784	1.0
41.28	46.705	1.0
17.995	32.646	1.0
2.812	20.163	1.0
9.061	6.695	1.0
8.984	21.9	1.0
0.828	28.682	1.0
39.334	13.525	1.0
0.722	18.776	1.0
26.267	42.883	1.0
16.088	39.589	1.0
26.731	16.846	1.0
46.588	43.257	1.0
46.841	11.322	1.0
42.68	36.038	1.0
30.555	41.893	1.0
12.667	42.239	1.0
37.871	18.714	1.0
40.707	24.502	1.0
23.071	37.287	1.0
36.98	10.496	1.0
22.297	15.379	1.0
0.72	0.703	0.794	0.874	0.791	0.817	0.898	0.836	0.743	0.816	0.749	0.728	0.839	0.73	0.832	0.785	0.888	0.829	0.766	0.811	0.85	0.825	0.815	0.875	0.737	0.836	0.842	0.722	0.841	0.772