30
7.289	34.951
4.267	9.929
18.686	15.094	1.0
0.754	19.584	1.0
32.363	28.628	1.0
19.735	18.879	1.0
1.618	2.409	1.0
37.199	21.196	1.0
27.141	27.873	1.0
18.382	28.613	1.0
12.008	0.708	1.0
20.771	11.131	1.0
0.186	32.386	1.0
29.393	18.544	1.0
10.066	31.789	1.0
29.555	37.468	1.0
27.314	7.953	1.0
13.221	20.785	1.0
11.578	18.426	1.0
28.298	32.61	1.0
21.451	23.214	1.0
10.973	23.965	1.0
14.591	13.348	1.0
38.59	31.264	1.0
34.988	3.988	1.0
31.488	16.204	1.0
10.166	4.473	1.0
9.268	12.961	1.0
35.633	15.394	1.0
23.831	4.055	1.0
30.154	25.584	1.0
6.959	27.156	1.0
0.859	0.816	0.829	0.837	0.76	0.84	0.729	0.871	0.85	0.812	0.742	0.71	0.888	0.816	0.735	0.738	0.72	0.724	0.703	0.848	0.858	0.893	0.705	0.825	0.772	0.888	0.893	0.724	0.818	0.827