30
15.521	0.225
34.681	24.902
3.737	6.899	1.0
28.859	20.614	1.0
26.118	9.23	1.0
35.082	22.631	1.0
15.606	31.246	1.0
22.429	7.423	1.0
23.192	31.262	1.0
25.884	30.132	1.0
16.477	6.007	1.0
2.149	0.189	1.0
27.959	2.298	1.0
29.309	9.063	1.0
37.849	1.048	1.0
4.6	21.159	1.0
24.631	35.215	1.0
32.39	24.487	1.0
14.928	26.558	1.0
8.126	10.214	1.0
35.262	7.829	1.0
17.747	16.47	1.0
22.21	27.588	1.0
27.273	18.112	1.0
30.898	37.879	1.0
7.267	5.889	1.0
20.419	34.793	1.0
37.795	35.53	1.0
6.767	23.816	1.0
9.141	0.713	1.0
32.606	10.764	1.0
4.601	28.452	1.0
0.843	0.815	0.725	0.855	0.764	0.759	0.837	0.886	0.863	0.828	0.778	0.814	0.794	0.73	0.856	0.795	0.779	0.704	0.72	0.886	0.841	0.791	0.884	0.713	0.83	0.845	0.785	0.832	0.866	0.727