30
37.098	14.021
3.403	40.05
1.779	21.23	1.0
25.173	1.371	1.0
8.565	46.023	1.0
8.983	8.464	1.0
31.394	2.58	1.0
41.213	46.413	1.0
11.847	0.076	1.0
40.393	30.401	1.0
27.724	2.914	1.0
42.23	4.655	1.0
46.639	14.585	1.0
14.142	12.26	1.0
42.347	37.132	1.0
44.361	47.452	1.0
1.791	25.232	1.0
48.188	26.214	1.0
27.647	25.605	1.0
20.171	47.952	1.0
44.105	10.87	1.0
4.768	30.202	1.0
32.472	35.49	1.0
42.115	14.02	1.0
35.02	33.19	1.0
11.298	14.249	1.0
31.722	17.459	1.0
37.73	46.065	1.0
39.589	33.069	1.0
32.983	47.846	1.0
32.246	9.374	1.0
12.313	19.113	1.0
0.881	0.809	0.783	0.814	0.77	0.84	0.746	0.878	0.766	0.897	0.738	0.749	0.744	0.872	0.85	0.717	0.86	0.867	0.733	0.86	0.854	0.758	0.813	0.864	0.839	0.899	0.76	0.745	0.881	0.801