30
11.257	16.38
16.848	29.008
19.576	23.59	1.0
24.362	4.664	1.0
13.769	24.192	1.0
11.265	4.973	1.0
2.706	8.021	1.0
24.631	23.913	1.0
26.631	21.13	1.0
27.034	2.978	1.0
23.645	8.85	1.0
8.357	3.099	1.0
20.666	9.577	1.0
5.909	10.566	1.0
17.165	21.424	1.0
21.271	16.844	1.0
11.996	20.832	1.0
26.409	16.743	1.0
23.204	0.404	1.0
20.701	6.176	1.0
20.681	14.082	1.0
23.283	14.29	1.0
12.492	10.036	1.0
8.984	14.862	1.0
15.328	6.33	1.0
22.33	21.049	1.0
2.088	17.916	1.0
17.163	8.687	1.0
0.331	1.904	1.0
16.287	2.491	1.0
15.9	11.912	1.0
7.9	26.858	1.0
0.709	0.835	0.709	0.729	0.837	0.882	0.71	0.814	0.896	0.804	0.821	0.779	0.712	0.794	0.87	0.846	0.756	0.831	0.822	0.793	0.842	0.796	0.815	0.827	0.834	0.802	0.761	0.735	0.798	0.838