30
13.478	36.336
24.001	21.636
24.237	13.304	1.0
22.472	34.471	1.0
14.149	15.402	1.0
4.59	30.103	1.0
21.929	22.473	1.0
0.309	12.572	1.0
18.786	29.929	1.0
12.347	7.016	1.0
37.317	36.339	1.0
15.517	1.108	1.0
16.939	20.145	1.0
37.253	9.71	1.0
30.946	18.687	1.0
16.341	25.108	1.0
27.713	29.715	1.0
37.58	0.197	1.0
0.803	22.524	1.0
12.986	10.997	1.0
7.546	25.163	1.0
25.092	35.042	1.0
6.455	6.788	1.0
8.63	35.866	1.0
21.401	27.968	1.0
15.13	4.998	1.0
17.804	38.387	1.0
34.537	21.544	1.0
11.883	22.614	1.0
34.076	12.188	1.0
35.402	2.26	1.0
27.397	16.409	1.0
0.889	0.888	0.737	0.899	0.776	0.837	0.862	0.759	0.804	0.881	0.737	0.889	0.813	0.762	0.778	0.84	0.707	0.858	0.782	0.89	0.885	0.871	0.843	0.891	0.744	0.737	0.779	0.856	0.84	0.878