30
10.115	33.408
28.759	44.064
28.699	20.226	1.0
44.443	39.169	1.0
6.953	0.659	1.0
7.677	4.982	1.0
29.193	2.389	1.0
25.948	38.207	1.0
2.676	38.096	1.0
44.552	15.165	1.0
3.505	33.61	1.0
33.546	17.765	1.0
39.442	45.087	1.0
2.808	12.406	1.0
24.887	28.358	1.0
44.649	18.657	1.0
17.257	17.979	1.0
45.602	1.198	1.0
16.612	15.253	1.0
0.949	41.144	1.0
34.735	39.818	1.0
12.977	45.2	1.0
18.853	27.343	1.0
27.186	35.199	1.0
46.35	48.115	1.0
34.073	12.575	1.0
7.872	43.607	1.0
43.038	3.995	1.0
19.858	11.009	1.0
29.112	17.277	1.0
32.79	26.798	1.0
12.421	7.938	1.0
0.819	0.703	0.861	0.821	0.804	0.748	0.726	0.807	0.851	0.864	0.787	0.857	0.746	0.793	0.805	0.829	0.84	0.712	0.772	0.77	0.775	0.715	0.743	0.851	0.702	0.879	0.899	0.804	0.878	0.811