30
15.102	1.344
9.915	14.173
23.406	29.02	1.0
17.996	19.143	1.0
20.107	15.146	1.0
23.796	11.524	1.0
20.54	10.298	1.0
4.517	8.758	1.0
0.785	25.108	1.0
28.449	20.957	1.0
2.919	21.463	1.0
7.386	3.776	1.0
25.035	6.679	1.0
1.104	1.748	1.0
23.313	16.851	1.0
12.818	12.738	1.0
6.854	18.959	1.0
3.287	25.721	1.0
27.3	11.369	1.0
21.612	7.745	1.0
20.192	1.396	1.0
1.286	14.331	1.0
20.675	25.122	1.0
12.275	18.412	1.0
7.664	27.815	1.0
21.409	4.283	1.0
12.057	0.035	1.0
14.464	3.676	1.0
8.775	7.6	1.0
16.224	7.216	1.0
28.395	17.309	1.0
27.713	26.385	1.0
0.717	0.733	0.702	0.763	0.788	0.783	0.719	0.878	0.838	0.832	0.809	0.891	0.799	0.899	0.81	0.836	0.732	0.818	0.759	0.748	0.797	0.845	0.828	0.866	0.762	0.706	0.826	0.84	0.892	0.752