30
22.592	36.398
21.222	29.878
19.805	19.871	1.0
6.967	20.537	1.0
0.418	10.866	1.0
11.509	14.367	1.0
34.69	6.843	1.0
6.525	29.983	1.0
37.581	18.072	1.0
9.735	27.028	1.0
12.665	3.582	1.0
32.131	17.847	1.0
34.139	32.975	1.0
24.353	3.344	1.0
9.191	17.891	1.0
1.979	37.311	1.0
17.061	15.662	1.0
23.492	31.776	1.0
27.478	9.212	1.0
30.725	6.433	1.0
21.27	27.837	1.0
24.004	35.094	1.0
16.564	23.888	1.0
2.519	9.333	1.0
26.537	11.903	1.0
36.38	26.868	1.0
8.699	33.172	1.0
24.286	14.455	1.0
26.648	31.442	1.0
12.267	25.512	1.0
26.294	37.794	1.0
8.826	7.496	1.0
0.727	0.703	0.81	0.728	0.8	0.872	0.803	0.813	0.839	0.791	0.723	0.872	0.773	0.855	0.794	0.796	0.811	0.803	0.86	0.882	0.789	0.708	0.707	0.795	0.858	0.889	0.812	0.796	0.799	0.878