30
35.742	4.393
14.193	8.935
35.193	9.688	1.0
17.305	18.351	1.0
5.78	1.684	1.0
37.972	9.64	1.0
13.178	14.785	1.0
12.889	6.294	1.0
37.262	19.021	1.0
25.144	21.411	1.0
8.602	34.939	1.0
20.301	1.493	1.0
34.998	15.038	1.0
0.053	22.864	1.0
12.413	35.505	1.0
5.148	15.693	1.0
5.756	10.7	1.0
12.693	0.661	1.0
3.058	2.964	1.0
11.502	18.479	1.0
1.439	14.667	1.0
10.015	20.492	1.0
38.7	6.568	1.0
0.339	5.304	1.0
0.45	2.42	1.0
34.613	18.722	1.0
34.428	27.105	1.0
22.381	4.897	1.0
5.206	22.063	1.0
15.974	16.119	1.0
27.121	29.645	1.0
6.5	33.11	1.0
0.78	0.717	0.884	0.894	0.752	0.864	0.775	0.714	0.796	0.86	0.725	0.872	0.709	0.714	0.852	0.863	0.759	0.805	0.802	0.868	0.723	0.705	0.807	0.718	0.723	0.768	0.751	0.816	0.824	0.74