30
45.383	12.725
8.437	46.412
3.778	36.807	1.0
36.646	11.489	1.0
14.115	25.15	1.0
39.119	21.035	1.0
9.052	38.942	1.0
5.878	15.489	1.0
0.195	32.694	1.0
23.454	0.24	1.0
38.584	27.781	1.0
29.499	37.612	1.0
24.121	30.233	1.0
16.656	4.792	1.0
15.487	39.611	1.0
26.88	19.901	1.0
27.194	13.041	1.0
32.916	43.293	1.0
37.95	3.39	1.0
27.899	8.026	1.0
27.779	33.303	1.0
38.167	31.305	1.0
12.65	0.668	1.0
21.394	20.012	1.0
29.752	2.686	1.0
17.306	41.772	1.0
8.459	48.327	1.0
44.884	33.262	1.0
11.923	13.096	1.0
23.465	10.384	1.0
34.442	46.954	1.0
3.706	1.405	1.0
0.844	0.851	0.796	0.899	0.863	0.804	0.701	0.784	0.852	0.724	0.759	0.835	0.888	0.826	0.81	0.874	0.798	0.9	0.77	0.766	0.701	0.847	0.73	0.709	0.729	0.832	0.847	0.828	0.758	0.848