30
15.988	6.97
12.055	24.228
4.933	26.84	1.0
18.158	22.246	1.0
20.893	11.677	1.0
21.109	16.326	1.0
27.292	4.519	1.0
25.234	28.133	1.0
14.389	14.517	1.0
2.697	12.118	1.0
23.934	10.342	1.0
12.484	10.287	1.0
5.832	3.881	1.0
20.958	26.46	1.0
16.796	19.033	1.0
3.455	22.169	1.0
26.25	13.538	1.0
26.993	23.168	1.0
10.688	24.966	1.0
10.315	6.972	1.0
15.227	9.809	1.0
14.24	22.789	1.0
21.218	1.048	1.0
17.811	12.506	1.0
8.791	16.344	1.0
17.729	1.164	1.0
14.073	25.328	1.0
0.358	1.694	1.0
27.803	18.505	1.0
7.979	0.524	1.0
23.43	2.423	1.0
28.826	9.793	1.0
0.829	0.74	0.824	0.865	0.831	0.896	0.733	0.73	0.846	0.839	0.74	0.71	0.835	0.825	0.811	0.788	0.79	0.851	0.836	0.795	0.852	0.887	0.875	0.797	0.782	0.887	0.828	0.754	0.866	0.732