30
24.318	7.041
4.47	3.074
2.628	2.761	1.0
20.987	9.753	1.0
20.79	31.173	1.0
26.01	30.309	1.0
3.072	36.582	1.0
33.13	31.648	1.0
16.595	30.551	1.0
11.168	16.978	1.0
28.221	28.6	1.0
34.777	25.048	1.0
14.759	23.759	1.0
2.547	21.532	1.0
5.302	8.016	1.0
21.235	38.793	1.0
30.123	19.955	1.0
7.407	26.966	1.0
33.844	17.889	1.0
25.129	3.943	1.0
28.128	15.786	1.0
7.316	34.073	1.0
9.747	2.489	1.0
25.953	18.585	1.0
35.36	37.17	1.0
16.316	21.035	1.0
1.393	11.074	1.0
37.231	3.917	1.0
14.001	15.138	1.0
16.845	33.248	1.0
17.879	9.934	1.0
11.14	29.48	1.0
0.818	0.759	0.846	0.726	0.746	0.74	0.823	0.731	0.883	0.854	0.891	0.809	0.792	0.754	0.819	0.89	0.897	0.885	0.807	0.896	0.776	0.758	0.838	0.848	0.709	0.882	0.708	0.71	0.779	0.704