30
30.59	24.349
1.974	30.059
31.691	43.812	1.0
18.024	43.085	1.0
42.98	36.399	1.0
25.602	44.286	1.0
6.489	38.647	1.0
37.594	7.382	1.0
0.158	18.505	1.0
22.647	10.971	1.0
22.726	19.591	1.0
16.716	24.969	1.0
29.699	14.423	1.0
10.782	41.318	1.0
26.015	35.213	1.0
19.52	0.442	1.0
15.396	33.793	1.0
38.641	37.444	1.0
28.579	37.011	1.0
36.376	44.522	1.0
46.27	30.543	1.0
26.279	17.185	1.0
0.341	13.127	1.0
21.497	27.813	1.0
2.783	36.607	1.0
25.938	19.993	1.0
32.779	40.822	1.0
42.31	29.381	1.0
38.494	25.035	1.0
36.326	17.14	1.0
45.807	15.225	1.0
20.303	12.866	1.0
0.869	0.712	0.822	0.746	0.862	0.79	0.767	0.821	0.746	0.815	0.86	0.711	0.748	0.822	0.87	0.879	0.832	0.796	0.732	0.73	0.827	0.75	0.886	0.863	0.757	0.816	0.712	0.715	0.884	0.878