30
25.697	5.856
35.894	7.354
30.157	28.211	1.0
21.002	8.001	1.0
17.917	31.256	1.0
30.808	2.813	1.0
21.127	22.296	1.0
0.19	30.467	1.0
33.734	31.868	1.0
2.285	27.645	1.0
30.595	11.306	1.0
0.966	6.477	1.0
26.993	22.411	1.0
36.43	37.631	1.0
26.283	36.475	1.0
33.006	38.746	1.0
18.821	12.597	1.0
25.698	14.395	1.0
26.149	32.284	1.0
16.992	4.941	1.0
7.642	29.079	1.0
22.773	13.684	1.0
27.428	7.437	1.0
15.119	30.527	1.0
10.307	8.11	1.0
8.541	19.169	1.0
30.079	32.158	1.0
32.775	12.929	1.0
11.381	37.186	1.0
31.541	15.438	1.0
34.882	23.006	1.0
22.453	25.784	1.0
0.842	0.809	0.788	0.824	0.882	0.746	0.828	0.771	0.744	0.846	0.737	0.777	0.781	0.833	0.762	0.748	0.802	0.707	0.807	0.773	0.734	0.72	0.84	0.718	0.847	0.785	0.749	0.885	0.863	0.835