30
1.139	4.271
22.731	29.612
3.127	23.652	1.0
10.71	19.119	1.0
33.007	17.27	1.0
1.014	14.04	1.0
22.9	32.357	1.0
21.016	12.287	1.0
22.272	19.152	1.0
36.936	37.454	1.0
21.147	8.376	1.0
19.013	1.609	1.0
19.264	30.829	1.0
8.179	6.058	1.0
11.082	34.296	1.0
25.458	32.181	1.0
26.051	10.552	1.0
25.437	36.895	1.0
27.521	21.765	1.0
11.627	27.051	1.0
29.527	33.582	1.0
29.547	15.907	1.0
33.974	4.891	1.0
15.434	0.371	1.0
4.147	6.348	1.0
18.678	5.342	1.0
15.689	18.973	1.0
12.302	16.503	1.0
14.552	35.651	1.0
6.41	4.236	1.0
5.69	38.729	1.0
25.124	19.939	1.0
0.784	0.873	0.842	0.883	0.708	0.713	0.786	0.88	0.87	0.744	0.895	0.746	0.889	0.742	0.783	0.776	0.776	0.713	0.767	0.812	0.894	0.712	0.821	0.879	0.896	0.76	0.739	0.706	0.751	0.837