30
4.202	19.313
31.107	25.025
37.886	3.397	1.0
5.296	35.281	1.0
0.142	4.691	1.0
32.59	21.19	1.0
3.831	10.209	1.0
25.344	2.921	1.0
15.241	6.148	1.0
18.341	8.359	1.0
8.227	26.758	1.0
28.697	0.267	1.0
13.624	37.125	1.0
10.605	29.196	1.0
29.529	7.616	1.0
18.157	24.974	1.0
34.318	14.053	1.0
19.381	28.352	1.0
36.301	25.096	1.0
35.53	29.034	1.0
32.88	24.379	1.0
31.18	2.102	1.0
1.153	1.613	1.0
30.248	10.846	1.0
12.067	26.991	1.0
7.288	5.633	1.0
16.927	18.357	1.0
10.095	23.895	1.0
34.499	18.745	1.0
17.821	14.006	1.0
11.127	32.472	1.0
26.847	23.324	1.0
0.703	0.73	0.891	0.869	0.818	0.711	0.822	0.796	0.863	0.752	0.781	0.806	0.824	0.896	0.735	0.828	0.729	0.838	0.713	0.775	0.728	0.793	0.88	0.727	0.778	0.845	0.781	0.832	0.835	0.814