30
5.403	43.543
7.305	36.192
23.954	11.217	1.0
29.298	41.591	1.0
38.366	38.932	1.0
37.762	16.697	1.0
44.249	22.098	1.0
44.991	35.406	1.0
2.505	3.088	1.0
45.924	16.624	1.0
25.652	13.227	1.0
33.129	44.677	1.0
32.984	35.108	1.0
18.154	27.311	1.0
44.949	11.243	1.0
4.061	14.976	1.0
36.328	0.945	1.0
3.821	21.845	1.0
25.447	19.455	1.0
12.005	11.459	1.0
7.618	26.796	1.0
40.592	6.882	1.0
0.412	44.288	1.0
18.647	0.581	1.0
2.393	6.537	1.0
33.161	23.428	1.0
13.283	13.751	1.0
43.546	6.357	1.0
40.225	33.177	1.0
5.964	2.225	1.0
39.637	42.416	1.0
36.321	33.929	1.0
0.794	0.774	0.824	0.724	0.772	0.862	0.802	0.732	0.816	0.85	0.752	0.788	0.756	0.737	0.725	0.8	0.866	0.795	0.808	0.862	0.846	0.819	0.833	0.849	0.796	0.869	0.704	0.724	0.733	0.826