30
22.998	16.754
23.527	13.452
18.519	4.738	1.0
6.555	11.906	1.0
23.114	19.507	1.0
3.223	22.632	1.0
12.359	11.591	1.0
18.854	0.425	1.0
8.587	14.334	1.0
25.03	6.221	1.0
9.172	8.149	1.0
1.529	12.313	1.0
26.806	21.479	1.0
8.342	21.667	1.0
28.279	7.514	1.0
17.876	25.164	1.0
19.479	28.816	1.0
3.382	4.774	1.0
18.842	11.12	1.0
5.504	1.369	1.0
6.407	6.981	1.0
21.446	21.889	1.0
22.082	9.594	1.0
0.815	27.988	1.0
14.012	27.897	1.0
23.956	25.333	1.0
23.383	1.123	1.0
21.041	16.509	1.0
10.778	24.15	1.0
10.533	19.024	1.0
18.209	16.693	1.0
8.997	5.527	1.0
0.832	0.748	0.766	0.882	0.82	0.87	0.802	0.782	0.707	0.759	0.762	0.832	0.779	0.78	0.847	0.78	0.838	0.855	0.811	0.817	0.778	0.881	0.858	0.755	0.825	0.885	0.768	0.732	0.858	0.823