30
8.391	4.171
11.676	14.314
9.155	27.039	1.0
3.981	6.929	1.0
8.755	24.297	1.0
25.409	21.074	1.0
3.275	12.258	1.0
4.81	1.307	1.0
11.128	22.535	1.0
7.432	2.11	1.0
28.899	12.951	1.0
13.259	25.74	1.0
4.577	26.28	1.0
6.567	12.797	1.0
14.094	7.627	1.0
21.336	11.1	1.0
22.38	14.023	1.0
27.177	8.495	1.0
16.177	18.368	1.0
6.589	22.872	1.0
14.142	11.473	1.0
24.594	28.025	1.0
20.053	5.458	1.0
16.417	6.63	1.0
12.875	18.093	1.0
22.249	20.394	1.0
3.579	4.318	1.0
6.889	20.338	1.0
21.647	7.541	1.0
16.042	22.268	1.0
5.849	17.442	1.0
28.837	28.789	1.0
0.799	0.796	0.706	0.822	0.821	0.739	0.842	0.759	0.831	0.729	0.804	0.847	0.707	0.804	0.746	0.76	0.812	0.733	0.749	0.85	0.869	0.824	0.763	0.779	0.857	0.793	0.829	0.849	0.711	0.748