30
30.374	43.188
47.243	27.812
37.771	32.653	1.0
46.824	23.16	1.0
22.049	45.366	1.0
22.103	0.218	1.0
13.775	6.55	1.0
6.757	43.743	1.0
5.548	13.272	1.0
30.588	22.383	1.0
42.048	28.916	1.0
30.954	25.353	1.0
25.759	35.74	1.0
12.692	23.835	1.0
32.895	7.839	1.0
45.321	19.433	1.0
6.905	40.966	1.0
29.444	16.066	1.0
18.544	29.355	1.0
15.726	4.899	1.0
26.237	31.297	1.0
18.465	10.818	1.0
1.141	12.16	1.0
48.074	20.264	1.0
17.703	6.603	1.0
26.654	2.545	1.0
2.607	32.909	1.0
2.986	25.662	1.0
3.086	37.395	1.0
21.025	15.047	1.0
21.801	7.558	1.0
43.087	10.342	1.0
0.777	0.809	0.783	0.881	0.865	0.899	0.778	0.705	0.897	0.883	0.746	0.739	0.773	0.729	0.891	0.811	0.822	0.807	0.814	0.755	0.711	0.83	0.86	0.838	0.749	0.841	0.708	0.825	0.87	0.788