0	7.195	12.601
27	6.37011	12.5189
27	4.663	13.226
47	3.77011	12.6941
47	3.063	12.987
20	1.74811	15.1639
20	2.041	15.871
28	2.98389	16.5389
28	4.691	17.246
38	6.429	17.134
38	7.429	16.134
7	7.62289	15.1221
7	8.33	15.415
23	6.08411	18.9909
23	4.66989	18.9909
15	1.131	18.53
15	0.838107	19.2371
2	1.94489	19.7359
2	3.652	20.443
25	8.001	21.03
25	9.70811	20.3229
29	11.24	19.817
29	12.9471	19.1099
18	14.205	18.113
18	15.9121	17.4059
50	16.616	17.12
50	17.616	16.12
17	17.548	15.517
17	17.548	13.517
44	17.359	12.947
44	18.0661	12.6541
41	19.2149	19.0819
41	19.922	18.789
34	20.368	17.224
34	20.368	15.224
10	20.74	13.667
10	20.0329	13.3741
22	13.081	17.211
22	12.7881	16.5039
45	13.3719	16.2051
45	13.3719	14.7909
46	6.69411	7.51211
46	6.987	6.805
1	7.503	6.373
1	7.79589	5.66589
48	7.43211	5.03611
48	7.43211	3.62189
11	8.179	3.127
11	7.47189	2.83411
42	1.43811	12.2859
42	0.731	11.993
31	0.985	11.137
31	1.985	10.137
8	2.68989	9.01511
8	4.10411	9.01511
24	6.29189	9.95189
24	7.999	10.659
3	8.499	10.95
3	10.2061	11.6571
5	11.296	12.475
5	12.0031	12.7679
6	12.7569	12.6721
6	13.464	10.965
37	13.634	10.164
37	14.634	9.164
26	16.556	8.441
26	18.556	8.441
14	19.971	8.483
14	20.971	7.483
39	20.9071	1.11911
39	20.2	1.412
19	20.114	2.585
19	19.114	3.585
33	15.6431	5.28889
33	13.936	5.996
49	12.902	6.68
49	11.902	5.68
32	12.0091	4.61211
32	12.302	3.905
16	13.8299	2.83011
16	15.537	2.123
35	16.193	1.899
35	17.193	2.899
30	17.2989	4.59589
30	17.006	5.303
13	1.827	6.57
13	1.53411	5.86289
12	3.43689	5.20411
12	4.85111	5.20411
9	15.9359	20.1509
9	16.643	19.858
43	5.064	1.134
43	4.35689	0.841107
4	3.441	1.073
4	1.73389	0.365893
36	1.097	0.067
36	0.097	1.067
40	1.00689	3.18189
40	2.42111	3.18189
21	11.584	0.459
21	13.2911	1.16611
51	18.706	6.808
4,51,29,18,16,46,36,33,21,24,62,38,7,
1,23,9,64,26,17,38,47,10,65,33,2,
0,25,62,21,24,38,28,66,16,64,7,
0,61,34,16,51,65,13,42,43,47,5,
4,8,58,51,52,59,16,48,34,63,42,25,6,
2,10,66,30,25,14,43,33,62,15,38,16,3,
5,65,30,41,33,13,24,34,57,40,18,7,
0,69,8,49,62,32,9,17,37,39,28,1,
0,29,13,48,41,35,32,21,61,58,20,59,56,5,
4,58,43,67,12,21,17,20,48,46,60,7,
4,44,64,63,46,25,68,67,69,60,23,7,
4,38,61,67,52,23,20,25,9,41,47,60,7,
4,69,21,16,31,44,64,55,67,58,61,6,
2,57,29,47,33,16,42,60,23,38,56,6,
1,10,42,9,52,39,61,56,53,17,67,47,14,2,
5,43,41,11,44,21,17,54,38,30,69,12,48,6,
2,59,45,16,57,61,40,10,20,29,19,6,
2,17,50,1,22,60,15,8,29,62,3,
0,25,45,21,42,37,13,54,63,68,10,51,65,7,
3,44,9,39,43,40,42,22,61,17,34,67,5,
0,43,29,33,41,53,63,67,16,34,69,1,
4,12,64,42,54,59,31,20,23,14,5,
1,34,23,59,52,60,20,38,68,65,63,17,7,
2,26,36,33,21,51,41,15,42,67,37,48,3,
6,18,32,9,17,46,8,34,15,38,7,
0,55,44,36,67,66,15,43,52,48,2,
1,59,46,65,19,62,60,51,23,27,3,
0,18,47,11,57,29,66,23,21,14,36,5,
1,13,38,9,65,35,16,61,69,52,18,4,
6,42,23,60,57,45,41,61,22,27,7,
3,53,43,48,57,17,37,36,38,69,58,31,6,
0,28,10,25,45,1,51,11,22,9,34,68,2,
0,24,33,21,63,45,12,46,51,62,53,25,15,4,
4,13,16,41,23,45,27,59,26,55,62,6,
1,55,33,49,51,14,53,50,59,68,2,
4,62,21,64,13,26,67,5,15,43,54,6,
4,12,11,16,64,23,29,47,44,52,43,42,28,7,
0,48,60,12,65,49,20,39,45,69,6,
0,36,39,26,69,41,58,9,59,19,1,
0,31,17,61,20,12,10,8,46,62,50,3,
2,8,41,10,25,32,66,48,9,11,67,49,52,26,24,64,4,
4,11,20,63,28,47,64,27,24,5,
0,43,50,69,8,47,25,68,49,26,60,37,7,
1,57,43,25,9,37,39,11,14,33,66,60,3,
5,23,51,61,25,16,43,63,49,15,65,28,6,
2,62,52,63,16,39,50,10,29,56,47,42,3,
0,63,51,8,23,25,43,9,55,20,11,39,45,5,
0,16,34,65,43,53,17,47,31,36,69,28,55,20,2,
5,67,48,45,66,51,40,55,44,15,7,
1,63,21,28,27,61,59,38,66,67,37,15,43,4,
