0	13.006	7.045
4	7.91011	8.66889
4	6.49589	8.66889
1	6.05588	8.01668
1	6.05588	7.25132
5	8.97289	7.12411
5	8.75612	6.03432
3	1.81988	8.02432
3	1.81988	8.78968
2	3.65189	10.4029
2	5.28288	11.4927
6	10.9451	15.7593
6	11.4863	15.2181
7	8.534	7.932
10,61,53,45,68,57,46,78,32,52,89,65,17,62,97,19,14,
1,67,28,55,43,39,82,66,69,46,78,89,25,19,68,15,
6,53,31,25,20,27,71,97,89,77,69,33,87,23,91,93,9,
1,93,78,20,65,87,44,21,76,17,23,54,29,68,15,
1,78,29,96,54,98,79,44,95,28,73,35,48,19,87,81,22,36,91,10,
9,38,83,31,59,58,49,42,37,89,72,71,75,23,11,
