0	7.195	12.601
15	0.838107	17.8229
15	0.838107	19.2371
23	4.66989	18.9909
23	6.08411	18.9909
37	12.9269	9.87111
37	12.634	9.164
13	1.53411	7.27711
13	1.827	6.57
30	17.006	5.303
30	17.2989	6.01011
3	10.2061	10.2429
3	10.2061	11.6571
10	19.74	12.667
10	20.0329	13.3741
22	13.081	17.211
22	12.081	16.211
8	4.397	8.308
8	4.10411	9.01511
27	5.663	12.226
27	6.37011	12.5189
16	13.8299	2.83011
16	14.537	3.123
33	14.936	4.996
33	15.6431	5.28889
19	19.4069	4.29211
19	20.114	4.585
26	18.2631	7.73389
26	17.556	7.441
39	20.2	1.412
39	19.2	0.412
40	2.714	3.889
40	2.42111	3.18189
21	11.584	0.459
21	12.584	1.459
41	19.2149	19.0819
41	19.922	18.789
44	17.359	12.947
44	16.359	11.947
49	12.6091	7.38711
49	11.902	7.68
6	13.464	10.965
6	14.1711	12.6721
34	19.6609	15.5169
34	19.368	16.224
5	12.296	13.475
5	11.296	12.475
48	6.725	5.329
48	7.43211	5.03611
18	15.205	17.113
18	15.9121	17.4059
14	20.2639	9.19011
14	19.971	8.483
38	8.13611	16.4269
38	8.429	17.134
17	16.548	14.517
17	16.8409	15.2241
29	12.9471	19.1099
29	11.5329	19.1099
36	0.097	1.067
36	0.804107	0.774107
9	15.9359	20.1509
9	16.643	19.858
12	4.85111	5.20411
12	3.43689	5.20411
47	3.063	10.987
47	2.35589	11.2799
31	1.985	10.137
31	0.985	11.137
2	2.652	19.443
2	3.652	20.443
25	8.001	21.03
25	9.001	20.03
46	6.69411	7.51211
46	6.987	6.805
1	7.503	6.373
1	8.503	7.373
28	4.39811	16.5389
28	2.98389	16.5389
4	2.441	2.073
4	3.14811	1.78011
45	13.3719	14.7909
45	14.079	14.498
35	16.4859	2.60611
35	17.193	2.899
50	17.616	16.12
50	16.9089	16.4129
24	7.70611	11.3661
24	7.70611	9.95189
32	10.5949	4.61211
32	11.302	4.905
7	8.33	13.415
7	7.33	14.415
20	2.041	15.871
20	1.74811	15.1639
42	1.43811	13.7001
42	1.43811	12.2859
11	8.179	3.127
11	7.47189	1.41989
43	5.77111	0.841107
43	6.064	0.134
51	18.706	6.808
1,28,39,37,17,62,32,8,36,44,7,
5,65,30,41,33,13,24,34,57,40,18,7,
3,13,24,52,66,56,40,67,61,46,4,
0,32,41,47,8,69,29,54,33,23,30,56,1,
3,19,69,50,61,49,63,28,20,11,4,
1,62,17,10,32,8,68,49,27,54,12,15,7,
3,62,44,16,61,64,63,41,40,27,39,53,45,4,
0,25,45,13,54,63,10,51,65,64,66,28,59,6,
0,28,68,16,18,49,39,56,8,19,65,46,59,1,
6,66,8,12,59,33,55,21,24,62,32,30,38,7,
2,29,32,10,8,46,48,62,42,39,3,
6,57,26,34,63,44,52,51,55,20,28,7,
2,38,33,42,34,17,36,41,9,19,39,3,
6,43,44,52,13,67,41,59,36,58,65,61,7,
2,10,63,13,29,17,8,36,32,52,66,4,
0,61,35,23,8,25,51,40,55,44,15,7,
2,18,21,28,27,61,59,38,66,67,37,15,43,4,
5,43,41,11,44,21,17,54,38,30,69,12,48,6,
2,14,51,67,31,15,65,21,16,38,55,4,
1,50,23,33,68,25,13,9,52,61,2,
1,62,64,32,61,51,37,36,38,69,58,31,6,
4,37,18,64,53,10,20,29,47,24,58,23,5,
0,19,47,61,41,45,57,60,23,42,6,
1,58,47,48,59,23,15,64,35,32,69,2,
6,36,11,19,20,25,9,41,47,60,7,
3,63,36,32,9,56,69,41,53,16,57,13,4,
0,56,23,53,19,44,38,27,39,15,26,7,
3,31,30,68,59,49,28,32,52,12,61,65,26,10,4,
5,36,9,58,30,8,68,67,69,60,23,18,7,
1,28,55,14,18,25,60,19,68,42,12,67,50,66,2,
5,23,51,61,25,16,43,63,49,15,65,28,6,
1,57,43,25,9,37,39,11,14,33,66,60,3,
5,29,36,69,34,41,54,62,32,44,51,14,6,
0,55,44,36,67,66,15,43,52,48,2,
0,52,15,18,23,64,39,34,35,49,26,63,6,
4,58,38,43,67,12,21,17,28,47,22,6,
0,43,29,33,41,53,63,67,16,34,69,1,
2,67,38,41,60,58,54,42,64,12,4,
5,47,21,43,42,13,65,9,54,60,7,
1,41,24,56,47,16,49,22,32,65,48,2,
5,19,26,33,53,64,14,28,31,55,6,
2,8,41,10,25,32,68,66,48,9,11,67,49,27,65,3,
5,37,61,58,67,26,40,15,41,6,
1,27,24,58,34,13,53,18,47,11,7,
2,12,1,19,59,9,24,22,30,62,68,3,
4,24,52,18,53,45,69,39,5,68,11,42,22,46,6,
0,25,62,21,24,38,28,66,16,64,7,
1,21,61,13,11,26,43,22,38,7,
2,26,33,21,25,40,50,46,55,49,69,30,5,
0,51,66,45,33,18,67,68,9,59,58,43,1,
