0	0.461	1.364
3	2.84312	2.02268
3	3.767	2.64
2	4.37632	4.44912
2	5.14168	4.44912
1	6.28732	1.84988
1	6.67	1.926
6	6.94332	3.47512
6	6.40212	4.01632
5	1.299	4.941
5	0.681683	5.86488
4	1.41789	6.38189
4	2.50768	6.16512
7	3.845	3.796
4,94,39,53,45,81,33,92,86,26,60,96,49,38,51,97,7,
11,93,62,23,77,20,55,30,16,39,53,99,40,70,32,37,13,
4,36,44,95,34,48,75,74,76,98,57,87,32,65,27,5,
9,38,83,31,59,58,49,42,37,89,72,71,75,23,11,
0,16,99,96,38,34,42,51,52,86,55,32,47,85,49,3,
10,61,53,45,43,68,57,46,78,32,52,89,65,17,34,13,
