0	7.195	12.601
27	6.37011	12.5189
27	5.663	12.226
24	6.29189	11.3661
24	6.29189	9.95189
8	4.10411	9.01511
8	2.68989	9.01511
31	1.985	10.137
31	0.985	11.137
42	0.731	11.993
42	1.731	12.993
47	2.35589	12.6941
47	3.063	12.987
20	2.041	15.871
20	1.041	16.871
15	0.838107	17.8229
15	0.838107	19.2371
23	4.377	19.698
23	4.66989	20.4051
2	3.652	20.443
2	3.35911	21.1501
25	8.29389	21.7371
25	8.29389	20.3229
28	4.39811	17.9531
28	4.691	17.246
38	6.429	17.134
38	7.429	16.134
7	8.33	15.415
7	9.03711	13.7079
3	9.499	11.95
3	10.2061	11.6571
5	11.296	12.475
5	12.0031	12.7679
6	12.7569	12.6721
6	13.464	10.965
37	13.634	10.164
37	14.634	9.164
26	16.556	8.441
26	17.556	9.441
44	17.359	10.947
44	18.0661	12.6541
41	19.922	18.789
41	18.922	19.789
9	17.643	20.858
9	15.9359	20.1509
43	5.064	1.134
43	4.064	0.134
36	1.097	0.067
36	0.804107	0.774107
4	1.441	1.073
4	2.441	2.073
12	3.43689	3.78989
12	3.144	4.497
13	1.53411	5.86289
13	0.827	5.57
40	1.00689	4.59611
40	2.714	3.889
21	11.584	0.459
21	13.2911	1.16611
16	13.8299	1.41589
16	15.537	2.123
35	16.193	1.899
35	17.193	2.899
30	17.2989	4.59589
30	18.006	6.303
14	20.2639	7.77589
14	20.971	7.483
39	20.9071	1.11911
39	20.2	1.412
19	20.114	2.585
19	19.114	3.585
33	15.6431	5.28889
33	13.936	5.996
49	12.6091	5.97289
49	11.1949	5.97289
32	11.302	4.905
32	10.5949	3.19789
11	9.179	2.127
11	8.179	3.127
48	7.43211	3.62189
48	7.43211	5.03611
1	7.79589	5.66589
1	7.503	6.373
46	6.987	6.805
46	6.69411	7.51211
45	13.3719	14.7909
45	13.3719	16.2051
22	12.7881	16.5039
22	12.081	18.211
29	12.24	18.817
29	12.9471	19.1099
18	14.205	18.113
18	15.9121	17.4059
50	16.616	17.12
50	17.616	16.12
17	17.548	15.517
17	18.548	14.517
10	20.0329	13.3741
10	20.74	13.667
34	20.368	15.224
34	19.6609	15.5169
51	18.706	6.808
6,66,8,12,59,33,55,21,24,62,32,30,38,7,
3,30,15,12,64,28,40,25,61,14,36,5,
1,59,46,65,19,62,60,51,23,27,3,
0,55,44,36,67,66,15,43,52,48,2,
0,26,42,10,14,15,28,50,9,32,18,6,
2,42,33,65,10,47,38,66,50,45,53,59,3,
0,25,62,21,8,1,19,53,59,43,46,2,
1,28,39,37,17,62,32,8,36,44,7,
3,32,62,37,15,64,51,9,26,17,27,60,12,4,
0,29,13,48,28,52,15,18,68,11,1,
3,37,39,57,49,4,58,43,38,10,29,5,
0,67,15,12,63,52,68,44,45,17,37,41,1,
4,8,58,51,52,59,16,48,34,63,42,25,6,
2,25,14,62,43,33,32,29,41,34,48,7,
1,62,17,32,8,68,36,33,35,65,9,2,
6,42,23,60,57,45,41,61,22,27,7,
3,53,43,48,57,17,37,36,38,69,58,31,6,
0,28,10,25,45,1,51,11,22,9,34,68,2,
2,55,49,42,9,20,26,54,57,47,25,40,15,4,
1,9,52,42,68,19,44,12,24,60,64,48,69,6,
4,63,56,41,11,44,21,54,38,30,69,12,48,6,
0,31,34,55,46,14,24,63,68,8,23,5,
2,52,62,16,39,50,10,29,56,47,69,19,4,
0,16,34,65,43,61,8,21,47,31,36,69,28,1,
2,57,68,48,65,32,22,29,34,15,37,50,4,
4,50,10,31,41,26,65,40,16,32,5,
6,27,26,49,68,38,17,69,8,47,25,11,7,
0,61,35,8,59,11,62,27,38,21,3,
1,63,21,28,27,61,59,38,66,67,37,15,43,4,
0,37,16,66,68,54,47,56,40,53,65,27,5,
2,8,41,10,25,32,66,48,9,11,67,49,52,26,24,64,4,
2,45,40,30,32,43,61,49,64,47,51,5,
5,21,31,42,45,27,54,39,59,26,55,62,6,
1,55,33,49,51,14,53,50,59,68,2,
4,62,21,64,13,26,67,5,15,43,54,6,
4,12,11,16,64,23,29,47,44,52,43,42,28,7,
5,66,16,44,69,45,39,38,8,59,29,53,7,
2,68,62,30,18,37,32,23,51,52,67,10,11,49,5,
0,45,63,65,11,50,40,25,21,33,26,2,
1,34,23,59,52,60,20,38,68,65,63,17,7,
4,12,64,42,54,59,31,20,23,14,5,
0,43,29,33,41,53,63,67,16,34,69,1,
3,44,9,39,43,40,42,22,61,17,34,67,5,
2,17,20,56,48,16,37,13,63,51,10,7,
6,56,28,8,68,67,69,60,40,23,18,7,
4,38,61,67,52,23,20,25,9,41,47,60,7,
4,69,21,16,31,44,64,55,67,58,61,6,
0,51,63,60,42,16,33,47,29,24,9,57,2,
2,17,50,1,22,60,15,8,29,62,3,
5,56,39,24,47,53,29,10,20,55,19,6,
