0	7.195	12.601
27	6.37011	12.5189
27	5.663	12.226
24	6.29189	11.3661
24	7.999	10.659
3	8.499	10.95
3	8.79189	10.2429
8	4.10411	9.01511
8	2.68989	9.01511
31	1.985	10.137
31	0.985	11.137
42	0.731	11.993
42	1.731	12.993
47	2.35589	12.6941
47	3.063	12.987
20	2.041	15.871
20	1.041	16.871
15	0.838107	17.8229
15	0.838107	19.2371
2	1.94489	19.7359
2	3.652	20.443
23	4.377	19.698
23	4.66989	18.9909
28	4.39811	17.9531
28	4.691	17.246
38	6.429	17.134
38	7.429	16.134
7	8.33	15.415
7	9.33	14.415
5	10.5889	14.1821
5	12.0031	14.1821
45	13.3719	14.7909
45	13.3719	16.2051
22	12.7881	16.5039
22	11.3739	17.9181
25	9.001	20.03
25	9.70811	20.3229
29	11.24	19.817
29	12.9471	19.1099
18	14.4979	18.8201
18	15.9121	18.8201
9	16.643	19.858
9	17.643	20.858
41	18.922	19.789
41	19.922	18.789
34	20.368	17.224
34	19.368	16.224
50	18.3231	16.4129
50	17.616	16.12
17	17.548	15.517
17	18.548	14.517
10	20.0329	13.3741
10	20.0329	11.9599
44	18.359	11.947
44	16.359	11.947
6	14.464	11.965
6	13.464	10.965
37	13.634	10.164
37	14.634	9.164
26	16.556	8.441
26	18.556	8.441
14	19.971	8.483
14	20.2639	7.77589
30	18.006	6.303
30	19.006	5.303
19	19.4069	4.29211
19	20.114	2.585
39	20.2	1.412
39	19.2	0.412
35	17.9001	1.19189
35	16.193	1.899
16	15.537	2.123
16	15.2441	2.83011
33	14.936	4.996
33	13.936	5.996
49	12.902	6.68
49	10.902	6.68
1	9.503	6.373
1	7.503	6.373
46	6.987	6.805
46	6.69411	6.09789
48	6.725	5.329
48	7.43211	3.62189
11	8.179	3.127
11	9.179	2.127
32	10.5949	3.19789
32	11.302	2.905
21	12.584	1.459
21	11.584	0.459
40	2.714	3.889
40	1.00689	4.59611
13	0.827	5.57
13	1.53411	5.86289
12	3.144	4.497
12	3.43689	3.78989
4	2.441	2.073
4	1.441	1.073
36	0.804107	0.774107
36	1.097	0.067
43	4.064	0.134
43	5.77111	0.841107
51	18.706	6.808
6,66,8,12,59,33,55,21,24,62,32,30,38,7,
0,33,53,44,55,37,31,54,69,15,30,3,
4,18,52,69,47,60,39,31,43,29,5,
1,59,46,65,19,62,60,51,23,27,3,
0,55,44,36,67,66,15,43,52,48,2,
0,26,42,10,14,15,28,50,9,32,18,6,
2,42,33,65,10,47,38,66,50,45,53,59,3,
0,25,62,21,8,1,19,53,59,43,46,2,
1,28,39,37,17,62,32,8,36,44,7,
0,29,13,48,41,35,32,21,61,58,20,59,56,5,
4,12,22,11,53,50,66,36,30,65,5,
0,67,15,12,63,52,68,44,45,17,37,41,1,
4,8,58,51,52,59,16,48,34,63,42,25,6,
0,40,47,55,65,67,44,25,30,66,10,2,
1,56,66,63,33,11,18,48,62,34,46,20,52,50,3,
3,44,9,39,43,40,42,22,61,17,34,67,5,
3,14,41,18,58,61,39,40,65,51,10,7,
6,22,28,17,20,55,48,46,51,31,7,
4,44,64,63,46,25,68,67,69,60,23,7,
1,69,12,17,27,53,43,57,21,54,35,3,
0,31,34,55,17,10,24,49,15,65,28,6,
4,63,56,41,11,44,21,54,38,30,69,12,48,6,
2,50,33,16,45,67,28,49,60,38,36,51,4,
6,61,58,67,68,26,40,41,15,36,7,
0,51,63,60,42,16,33,47,29,24,9,57,2,
3,62,16,69,35,27,39,45,53,58,59,48,5,
0,29,44,11,28,25,18,58,38,55,4,
0,60,52,19,24,67,36,38,69,58,31,6,
0,28,10,25,45,1,51,11,22,9,34,68,2,
0,24,33,21,63,45,12,46,51,62,53,25,15,4,
4,13,16,41,23,45,27,39,54,31,5,
0,58,53,60,67,10,36,55,62,66,48,68,2,
3,39,19,9,41,29,12,16,31,45,30,14,6,
2,10,63,13,29,17,8,36,32,52,66,4,
4,24,26,47,23,53,59,58,19,29,12,7,
0,37,16,22,68,44,49,33,61,20,36,1,
4,12,11,16,64,23,47,63,26,57,6,
0,48,35,10,47,58,14,27,37,24,4,
0,61,32,28,24,55,20,59,54,42,12,4,
0,69,34,16,67,63,53,29,33,18,14,62,7,
2,64,23,59,52,60,20,38,68,65,63,17,7,
0,45,63,65,11,50,40,25,21,33,26,2,
5,49,11,10,47,67,52,15,63,50,46,56,27,45,6,
2,18,21,28,27,61,59,38,66,67,37,15,43,4,
0,61,35,8,59,11,62,27,38,21,3,
6,27,26,49,68,38,17,69,8,47,25,11,7,
4,50,10,31,41,26,65,40,16,32,5,
2,57,68,48,65,32,22,29,34,15,37,50,4,
0,16,34,65,43,61,8,21,47,31,36,69,28,1,
1,49,52,62,16,50,39,29,56,69,19,4,
