0	7.195	12.601
7	7.62289	13.7079
7	7.33	14.415
27	6.37011	13.9331
27	5.663	12.226
24	6.29189	11.3661
24	7.999	10.659
3	8.499	10.95
3	10.2061	11.6571
5	11.296	12.475
5	12.0031	12.7679
6	12.7569	12.6721
6	13.464	10.965
37	13.634	10.164
37	12.9269	8.45689
49	12.6091	7.38711
49	12.902	6.68
33	13.936	5.996
33	15.936	5.996
30	17.006	5.303
30	18.7131	4.59589
19	19.4069	4.29211
19	20.114	2.585
39	20.2	1.412
39	19.2	0.412
35	17.9001	1.19189
35	16.4859	1.19189
16	15.2441	1.41589
16	13.8299	1.41589
21	13.2911	1.16611
21	12.584	1.459
32	11.302	2.905
32	10.5949	3.19789
11	9.179	2.127
11	8.179	3.127
48	7.43211	3.62189
48	7.43211	5.03611
1	7.79589	5.66589
1	7.503	6.373
46	6.987	6.805
46	5.27989	7.51211
8	4.397	8.308
8	3.397	7.308
12	3.43689	5.20411
12	4.144	3.497
43	5.064	1.134
43	4.35689	0.841107
4	3.441	1.073
4	1.73389	0.365893
36	1.097	0.067
36	0.097	1.067
40	1.00689	3.18189
40	1.714	4.889
13	1.53411	5.86289
13	1.53411	7.27711
31	1.69211	9.42989
31	1.69211	10.8441
47	2.35589	11.2799
47	2.35589	12.6941
42	1.731	12.993
42	1.43811	13.7001
20	1.041	14.871
20	1.041	16.871
15	0.838107	17.8229
15	0.838107	19.2371
2	1.94489	19.7359
2	2.652	19.443
28	3.691	18.246
28	4.691	17.246
38	6.429	17.134
38	6.72189	17.8411
23	6.08411	18.9909
23	6.377	19.698
25	8.29389	20.3229
25	9.70811	20.3229
29	11.24	19.817
29	12.24	18.817
22	12.081	18.211
22	12.7881	16.5039
45	13.3719	16.2051
45	14.7861	16.2051
18	15.205	17.113
18	15.9121	18.8201
9	16.643	19.858
9	17.643	20.858
41	18.922	19.789
41	19.922	18.789
34	20.368	17.224
34	19.368	16.224
50	18.3231	16.4129
50	17.616	16.12
17	17.548	15.517
17	18.548	14.517
10	20.0329	13.3741
10	20.0329	11.9599
44	18.359	11.947
44	17.359	10.947
26	17.556	9.441
26	18.556	8.441
14	19.971	8.483
14	20.2639	7.77589
51	18.706	6.808
4,24,52,36,18,53,19,45,8,42,11,68,69,39,5,
1,50,61,37,48,31,10,41,38,62,24,6,
0,33,53,44,55,37,31,54,69,15,30,3,
1,13,38,9,65,35,16,61,69,52,18,4,
6,42,23,60,57,45,41,61,22,27,7,
3,53,43,48,57,17,37,36,38,69,58,31,6,
2,68,24,52,66,56,40,67,64,37,14,5,
0,48,12,65,49,10,68,33,23,1,
0,48,14,29,23,64,54,46,33,41,39,56,4,
4,11,47,27,65,31,39,42,21,41,7,
3,39,19,9,41,29,12,16,31,45,30,14,6,
2,10,63,13,29,17,8,36,32,52,66,4,
5,16,59,58,55,19,29,12,18,7,
5,27,65,53,45,25,18,11,51,60,67,7,
1,51,60,56,41,8,53,11,54,22,23,68,59,61,28,21,18,2,
5,49,11,10,47,67,52,15,63,50,46,56,27,45,6,
0,45,63,65,11,50,40,25,21,33,26,2,
1,34,23,59,52,60,20,38,68,65,63,17,7,
4,12,64,42,54,59,31,20,23,14,5,
0,43,29,53,67,63,15,45,49,23,20,59,3,
0,28,68,16,49,39,69,21,15,20,54,25,6,
3,60,66,47,55,68,26,40,23,48,35,18,6,
2,62,52,63,16,39,50,10,29,56,47,42,3,
0,63,51,8,23,25,43,9,55,20,11,39,45,5,
0,16,34,65,43,53,17,47,31,36,69,28,55,20,2,
2,37,46,38,39,27,63,36,64,19,48,67,5,
1,30,23,33,54,28,42,69,8,47,25,11,7,
1,18,15,66,20,67,36,37,55,44,8,30,7,
3,40,50,45,68,18,41,34,69,36,29,5,
0,26,43,15,14,10,42,13,61,21,1,
2,61,49,54,63,30,26,57,48,29,69,31,13,11,51,6,
1,28,39,37,17,62,32,8,36,44,7,
5,56,59,65,44,20,58,61,49,26,69,27,6,
0,67,12,63,52,44,45,17,32,20,11,2,
3,24,50,13,47,65,14,43,40,58,8,4,
0,46,43,18,57,67,34,24,44,7,
5,23,47,28,17,20,55,48,46,51,31,7,
4,13,44,64,63,46,58,30,8,68,67,28,56,6,
2,17,20,56,48,16,37,13,63,51,10,7,
1,47,24,51,38,66,8,48,56,36,3,
1,69,63,46,65,8,22,10,47,51,6,
0,31,34,55,17,10,24,49,15,65,28,6,
4,63,56,41,11,44,21,54,38,30,69,12,48,6,
2,50,33,16,45,67,28,49,60,38,36,51,4,
6,61,58,67,68,26,40,41,15,36,7,
0,51,63,60,42,16,33,47,29,24,9,57,2,
3,62,16,69,35,27,39,45,53,58,59,48,5,
0,45,29,24,12,44,11,66,62,33,54,69,6,
0,24,33,21,63,45,12,26,20,9,42,49,55,2,
4,13,16,41,23,45,27,39,54,31,5,
