0	7.195	12.601
7	7.62289	13.7079
7	9.03711	13.7079
5	10.296	13.475
5	12.0031	12.7679
6	12.7569	12.6721
6	13.464	10.965
37	13.634	10.164
37	14.3411	8.45689
33	14.936	6.996
33	13.936	5.996
49	12.902	6.68
49	12.6091	7.38711
30	17.006	5.303
30	18.7131	4.59589
19	19.4069	4.29211
19	20.114	2.585
39	20.2	1.412
39	19.2	0.412
35	17.9001	1.19189
35	16.4859	1.19189
16	15.2441	1.41589
16	13.8299	1.41589
21	13.2911	1.16611
21	12.584	1.459
32	11.302	2.905
32	10.5949	3.19789
11	9.179	2.127
11	7.179	2.127
4	3.441	1.073
4	1.73389	0.365893
36	1.097	0.067
36	0.804107	-0.640107
43	4.064	0.134
43	5.064	1.134
12	4.144	3.497
12	3.43689	3.78989
40	2.714	3.889
40	1.714	4.889
13	1.53411	5.86289
13	0.827	7.57
31	0.985	9.137
31	1.69211	9.42989
8	2.68989	9.01511
8	4.397	8.308
46	5.27989	7.51211
46	5.987	5.805
48	6.01789	5.03611
48	7.43211	5.03611
1	7.79589	5.66589
1	8.503	7.373
3	9.499	9.95
3	8.499	10.95
24	7.999	10.659
24	6.29189	11.3661
27	5.663	12.226
27	4.663	13.226
47	3.77011	12.6941
47	2.35589	12.6941
42	1.731	12.993
42	1.43811	13.7001
20	1.041	14.871
20	1.041	16.871
15	0.838107	17.8229
15	0.838107	19.2371
2	1.94489	19.7359
2	3.652	20.443
23	4.377	19.698
23	4.66989	18.9909
28	4.39811	17.9531
28	4.691	17.246
38	6.429	17.134
38	8.13611	17.8411
25	9.001	20.03
25	9.70811	20.3229
29	11.24	19.817
29	12.24	18.817
22	12.081	18.211
22	12.7881	16.5039
45	13.3719	16.2051
45	14.7861	16.2051
18	15.205	17.113
18	15.9121	18.8201
9	16.643	19.858
9	17.643	20.858
41	18.922	19.789
41	19.922	18.789
34	20.368	17.224
34	19.368	16.224
50	18.3231	16.4129
50	17.616	16.12
17	17.548	15.517
17	18.548	14.517
10	20.0329	13.3741
10	20.0329	11.9599
44	18.359	11.947
44	17.359	10.947
26	17.556	9.441
26	18.556	8.441
14	19.971	8.483
14	20.2639	7.77589
51	18.706	6.808
5,39,68,11,42,22,61,20,34,48,27,64,7,
4,49,35,58,25,26,45,41,61,22,27,7,
3,53,43,48,57,17,37,36,38,69,58,31,6,
2,68,34,53,19,26,36,69,32,50,29,7,
2,15,40,60,32,53,54,46,33,41,39,56,12,4,
0,48,12,65,49,10,68,33,23,1,
4,11,47,27,65,31,39,42,21,41,7,
3,39,19,9,41,29,12,16,31,45,30,14,6,
2,10,63,13,29,17,8,36,32,52,66,4,
5,16,59,58,55,19,29,12,18,7,
5,27,65,53,45,25,18,11,51,60,67,7,
1,51,60,56,41,8,53,11,54,22,23,68,59,61,28,21,18,2,
5,49,11,10,47,67,52,15,63,50,46,56,27,45,6,
0,45,59,66,58,64,18,13,55,61,54,52,4,
0,63,51,8,23,25,43,9,55,20,11,39,45,5,
0,16,34,65,43,61,49,24,29,52,7,
2,52,62,16,39,50,10,29,56,47,69,19,4,
5,32,10,31,16,23,20,64,48,35,18,6,
0,61,35,8,59,11,62,27,39,38,46,37,2,
2,10,45,57,31,22,24,46,38,68,37,7,
6,68,54,56,13,14,24,33,57,42,34,7,
0,28,68,16,49,18,67,19,60,51,23,27,3,
3,59,32,50,35,9,17,11,36,8,28,40,6,
1,58,12,47,34,23,35,32,13,50,56,19,3,
2,67,38,41,34,59,31,20,23,14,5,
4,18,52,69,47,60,39,31,44,57,20,6,
0,33,53,44,55,37,31,54,69,15,30,3,
4,19,22,51,29,18,16,46,58,12,8,66,6,
1,23,9,52,60,20,67,46,12,33,65,10,21,40,3,
0,26,43,15,14,10,42,13,61,21,1,
2,61,49,54,63,30,26,57,48,29,69,31,13,11,51,6,
1,28,39,37,17,62,32,8,36,44,7,
0,29,13,48,41,35,32,21,61,58,20,59,56,5,
4,12,22,11,53,50,66,36,30,65,5,
0,67,15,12,63,52,68,44,45,17,37,41,1,
1,61,12,22,32,45,65,14,43,40,8,4,
6,22,28,17,20,55,48,46,51,31,7,
4,13,44,64,63,46,58,30,8,68,67,28,56,6,
2,17,20,56,48,16,37,13,63,51,10,7,
1,47,24,51,38,66,8,48,56,36,3,
1,69,63,46,65,8,22,10,47,51,6,
0,31,34,55,17,10,24,49,15,65,28,6,
4,63,56,41,11,44,21,54,38,30,69,12,48,6,
2,50,33,16,45,67,28,49,60,38,36,51,4,
6,61,58,67,68,26,40,41,15,36,7,
0,51,63,60,42,16,33,47,29,24,9,57,2,
3,62,16,69,35,27,39,45,53,58,59,48,5,
0,45,29,24,12,44,11,66,62,33,54,69,6,
0,24,33,21,63,45,12,26,20,9,42,49,55,2,
4,13,16,41,23,45,27,39,54,31,5,
