0	0.461	1.364
3	2.84312	1.25732
3	4.69088	1.25732
1	5.67	0.926
1	6.28732	1.84988
2	5.14168	4.44912
2	5.68288	4.99032
6	6.40212	4.78168
6	6.40212	4.01632
5	1.299	4.941
5	0.681683	5.86488
4	1.41789	6.38189
4	2.50768	6.16512
7	3.845	3.796
9,64,84,74,61,85,22,77,95,32,50,75,35,87,65,20,78,29,54,68,15,
5,27,65,32,87,57,48,75,74,76,61,37,88,52,50,8,
13,37,32,70,40,79,98,31,54,96,45,82,25,72,56,15,
7,79,87,54,58,49,25,53,89,72,27,17,38,83,31,9,
0,16,99,96,38,34,42,51,52,86,55,32,47,85,49,3,
10,61,53,45,43,68,57,46,78,32,52,89,65,17,34,13,
