0	0.461	1.364
5	0.299	3.941
5	1.00611	5.64811
4	1.41789	6.38189
4	2.83211	6.38189
2	3.83512	5.75568
2	5.46611	4.66589
6	6.40212	4.01632
6	6.94332	3.47512
1	6.28732	1.84988
1	5.67	0.926
3	4.69088	1.25732
3	3.767	2.64
7	3.845	3.796
2,24,38,34,74,37,48,18,54,94,67,79,78,56,30,45,72,12,
10,61,53,45,68,57,46,78,32,52,89,65,17,62,97,19,14,
7,18,68,71,74,43,19,58,48,35,73,28,95,41,38,39,53,99,40,70,14,
9,38,83,31,59,58,49,42,37,89,72,71,75,23,11,
5,27,65,32,87,57,48,75,74,76,61,37,88,52,50,8,
4,94,39,53,45,81,33,92,67,27,73,16,35,87,65,20,78,29,68,15,
