0	7.195	12.601
7	7.62289	13.7079
7	7.62289	15.1221
38	7.429	16.134
38	6.429	17.134
28	4.691	17.246
28	2.98389	16.5389
42	1.43811	13.7001
42	1.43811	12.2859
31	0.985	11.137
31	1.985	10.137
8	2.68989	9.01511
8	4.10411	9.01511
3	8.499	10.95
3	10.2061	11.6571
5	11.296	12.475
5	12.0031	14.1821
45	13.3719	14.7909
45	13.3719	16.2051
22	12.7881	16.5039
22	12.081	18.211
29	12.24	18.817
29	11.24	19.817
25	9.70811	20.3229
25	8.001	21.03
2	3.35911	21.1501
2	3.652	20.443
23	4.66989	20.4051
23	4.377	19.698
15	0.838107	19.2371
15	0.838107	17.8229
20	1.041	16.871
20	2.041	15.871
47	3.063	12.987
47	3.77011	12.6941
27	4.663	13.226
27	5.663	12.226
24	6.29189	11.3661
24	6.29189	9.95189
46	6.69411	7.51211
46	6.987	6.805
1	7.503	6.373
1	7.79589	5.66589
48	7.43211	5.03611
48	7.43211	3.62189
11	8.179	3.127
11	9.179	2.127
32	10.5949	3.19789
32	11.302	4.905
49	11.1949	5.97289
49	12.6091	5.97289
33	13.936	5.996
33	15.6431	5.28889
19	19.114	3.585
19	20.114	2.585
39	20.2	1.412
39	19.2	0.412
35	17.9001	1.19189
35	16.4859	1.19189
16	15.2441	1.41589
16	13.8299	1.41589
21	13.2911	1.16611
21	11.584	0.459
40	2.714	3.889
40	1.00689	4.59611
13	0.827	5.57
13	1.53411	5.86289
12	3.144	4.497
12	3.43689	3.78989
4	2.441	2.073
4	1.441	1.073
36	0.804107	0.774107
36	1.097	0.067
43	4.064	0.134
43	5.064	1.134
9	15.9359	20.1509
9	16.643	19.858
18	15.9121	18.8201
18	16.205	18.113
50	16.9089	17.8271
50	17.616	16.12
17	17.548	15.517
17	18.548	14.517
10	20.0329	13.3741
10	20.0329	11.9599
14	20.2639	9.19011
14	20.2639	7.77589
30	18.7131	6.01011
30	18.006	6.303
26	17.556	7.441
26	16.556	8.441
37	14.634	9.164
37	13.634	10.164
6	13.464	10.965
6	14.464	11.965
44	16.359	11.947
44	17.359	12.947
41	19.2149	19.0819
41	19.922	18.789
34	20.368	17.224
34	20.368	15.224
51	18.706	6.808
3,13,49,58,36,52,24,4,18,53,19,45,69,68,39,5,
4,8,58,51,52,59,16,48,34,63,42,25,6,
0,61,34,16,51,65,13,42,43,47,5,
1,21,61,13,11,26,43,22,38,7,
0,55,44,36,67,66,15,43,52,48,2,
1,59,46,65,19,62,60,51,23,27,3,
1,13,38,9,65,35,16,61,69,52,18,4,
1,44,30,69,43,17,59,40,45,57,42,6,
3,44,9,39,43,40,42,22,61,17,34,67,5,
2,17,20,56,48,16,37,13,63,51,10,7,
4,13,44,64,63,46,58,30,8,68,67,28,56,6,
4,58,43,67,12,21,17,20,48,46,60,7,
0,29,13,48,28,52,15,18,68,11,1,
3,32,62,37,15,64,51,9,26,17,27,60,12,4,
1,28,39,37,17,62,32,8,36,44,7,
0,25,62,21,8,1,19,53,59,43,46,2,
1,23,9,64,26,17,38,47,10,65,33,2,
4,19,22,51,29,18,16,46,58,12,8,66,6,
3,30,15,12,64,28,40,25,61,14,36,5,
0,43,29,33,41,53,63,67,16,34,69,1,
4,12,64,42,54,59,31,20,23,14,5,
1,34,23,59,52,60,20,38,68,65,63,17,7,
0,45,63,65,11,50,40,25,21,33,26,2,
2,68,62,30,18,37,32,23,51,52,67,10,11,49,5,
5,66,16,44,69,45,39,38,8,59,29,53,7,
4,12,11,16,64,23,29,47,44,52,43,42,28,7,
4,62,21,64,13,26,67,5,15,43,54,6,
2,10,63,13,29,17,8,36,32,52,66,4,
5,16,59,58,55,19,29,12,18,7,
5,27,65,53,45,25,18,11,51,60,67,7,
1,63,21,28,27,61,59,38,66,67,37,15,43,4,
0,61,35,8,59,11,62,27,38,21,3,
6,27,26,49,68,38,17,69,8,47,25,11,7,
4,50,10,31,41,26,65,40,16,32,5,
2,57,68,48,65,32,22,29,34,15,37,50,4,
0,16,34,65,43,61,8,21,47,31,36,69,28,1,
2,52,62,16,39,50,10,29,56,47,69,19,4,
5,23,51,61,25,16,43,63,49,15,65,28,6,
0,33,48,15,68,65,8,46,27,17,69,1,
3,22,62,19,56,9,51,54,68,67,58,61,6,
0,51,63,60,42,16,33,47,29,24,9,57,2,
3,62,16,69,35,27,39,45,53,58,59,48,5,
3,36,9,56,69,13,16,41,33,21,5,
1,57,36,55,37,46,13,52,30,45,2,
4,15,40,53,62,38,64,52,44,43,6,
0,28,10,25,45,1,51,11,22,9,34,68,2,
0,60,52,19,24,67,36,38,69,58,31,6,
2,14,51,67,31,15,65,21,16,38,55,4,
5,43,41,11,44,21,17,54,38,30,69,12,48,6,
2,59,45,16,57,61,40,10,20,29,19,6,
