211	0	1	1.948	0,77,53,90,20,40,97,86,54,22,63,59,62,96,76,1,
211	0	2	1.805	0,77,53,90,20,40,97,86,54,63,59,62,66,98,81,2,
211	0	3	1.859	0,24,91,90,20,40,97,86,54,63,59,62,66,56,29,19,3,
211	0	4	2.252	0,24,91,76,96,62,59,86,54,22,61,78,35,99,18,68,65,4,
211	0	5	2.353	0,24,91,76,96,62,59,63,54,22,25,46,61,78,35,99,64,50,5,
211	0	6	2.449	0,24,91,76,96,62,59,63,86,54,22,85,25,46,87,94,17,67,58,84,6,
211	0	7	2.359	0,24,91,76,96,62,59,63,54,22,46,87,94,80,75,79,95,55,28,82,7,
211	0	8	2.382	0,24,91,76,96,62,59,63,54,22,46,87,94,80,75,79,95,47,49,8,
211	0	9	2.462	0,24,91,76,96,62,59,63,54,22,46,87,94,80,75,93,16,44,70,9,
211	0	10	2.647	0,24,91,76,96,62,59,63,54,22,46,87,94,80,75,93,16,70,44,21,10,
211	0	11	2.417	0,24,91,76,96,62,59,63,54,22,85,32,60,73,72,41,36,26,11,
211	0	12	2.345	0,24,91,76,96,62,59,86,97,40,33,83,60,73,57,37,12,
211	0	13	2.191	0,24,91,76,96,62,59,86,97,40,20,90,31,27,45,13,
211	0	14	1.942	0,24,91,76,96,62,86,97,40,20,31,39,71,69,38,14,
211	0	15	1.91	0,24,91,76,96,62,59,63,86,97,40,20,90,53,77,15,
211	1	2	1.842	1,76,96,62,59,86,22,54,63,48,29,56,98,92,81,2,
211	1	3	1.911	1,76,96,62,59,63,86,54,22,61,78,48,56,29,19,3,
211	1	4	1.905	1,76,96,62,59,63,54,22,61,78,35,99,18,65,4,
211	1	5	2.248	1,76,96,62,59,63,54,22,85,25,46,61,78,35,99,64,50,5,
211	1	6	2.31	1,76,96,62,59,63,61,87,94,80,75,79,95,74,17,67,58,84,6,
211	1	7	2.176	1,96,62,59,63,54,22,25,46,87,94,80,75,79,95,55,28,82,7,
211	1	8	2.389	1,76,96,62,59,63,54,22,25,46,87,94,80,75,79,95,55,28,82,51,8,
211	1	9	2.44	1,76,96,62,59,63,54,22,61,87,94,80,75,79,47,89,16,44,70,9,
211	1	10	2.509	1,76,96,62,59,63,54,22,25,46,87,94,80,75,93,16,70,44,21,10,
211	1	11	2.453	1,76,96,62,59,86,54,22,46,25,85,32,83,73,60,72,41,36,26,11,
211	1	12	2.301	1,76,96,62,59,86,54,22,46,25,85,32,83,60,73,57,37,12,
211	1	13	2.275	1,76,96,62,59,63,54,86,97,40,20,90,31,39,71,27,45,13,
211	1	14	1.792	1,76,96,62,59,86,97,40,20,31,39,71,69,38,14,
211	1	15	1.902	1,76,96,62,59,63,22,54,86,97,40,20,90,53,77,15,
211	2	3	1.828	2,81,92,98,66,62,59,63,54,22,61,78,48,29,19,3,
211	2	4	1.744	2,81,92,98,66,62,59,63,54,22,61,78,68,65,4,
211	2	5	1.944	2,81,92,98,66,59,62,86,54,22,61,35,99,64,50,5,
211	2	6	2.068	2,81,92,98,66,59,62,86,54,22,61,87,17,67,58,84,6,
211	2	7	2.067	2,81,98,66,59,63,61,87,94,80,75,79,95,55,28,82,7,
211	2	8	2.287	2,81,92,98,66,62,59,63,54,22,46,87,94,80,75,79,95,55,28,51,8,
211	2	9	2.364	2,81,92,98,66,62,59,63,54,22,25,46,87,94,80,75,93,16,44,70,9,
211	2	10	2.468	2,81,92,98,66,62,59,63,54,22,46,25,85,32,60,73,72,41,36,21,10,
211	2	11	2.372	2,81,92,98,66,59,62,86,54,22,85,32,83,73,60,72,41,36,26,11,
211	2	12	2.325	2,81,92,98,66,59,62,86,54,22,25,85,32,83,60,73,57,43,42,12,
211	2	13	2.293	2,81,92,98,66,59,62,86,97,40,20,90,31,39,71,38,69,45,13,
211	2	14	1.989	2,81,92,98,66,48,59,62,86,97,40,20,90,31,39,71,69,38,14,
211	2	15	1.698	2,81,92,98,66,59,62,86,97,40,20,90,53,77,15,
211	3	4	1.848	3,19,29,56,66,62,59,63,54,22,61,35,99,18,65,4,
211	3	5	1.911	3,19,29,56,66,62,59,63,54,22,61,35,99,64,50,5,
211	3	6	2.132	3,19,29,56,48,59,62,86,54,22,25,46,87,17,67,58,84,6,
211	3	7	2.022	3,19,68,18,99,35,87,94,80,75,79,95,55,28,51,82,7,
211	3	8	2.23	3,19,29,56,66,62,59,63,54,22,25,46,87,94,80,75,79,47,49,8,
211	3	9	2.377	3,19,29,56,66,62,59,63,54,22,25,46,87,94,80,75,93,16,44,70,9,
211	3	10	2.481	3,19,29,56,66,62,59,63,54,22,46,25,85,32,60,73,72,41,36,21,10,
211	3	11	2.45	3,19,29,56,66,59,62,86,54,22,46,25,85,32,60,73,72,41,36,26,11,
211	3	12	2.49	3,19,29,56,66,62,59,63,54,22,46,25,85,32,83,60,73,57,43,42,37,12,
211	3	13	2.47	3,19,29,56,66,62,59,63,54,86,97,40,20,90,31,39,71,38,69,27,45,13,
211	3	14	2.262	3,19,29,56,48,66,62,59,63,22,54,86,97,40,20,90,31,39,71,69,38,14,
211	3	15	2.194	3,19,29,56,66,62,59,63,54,86,97,40,33,20,90,31,39,71,15,
211	4	5	2.021	4,65,18,99,35,87,94,75,80,74,17,67,58,50,5,
211	4	6	1.979	4,65,18,99,35,87,94,80,79,95,74,17,67,58,84,6,
211	4	7	1.805	4,65,18,99,35,87,94,80,75,79,95,55,28,82,7,
211	4	8	1.952	4,65,18,99,35,87,94,80,79,95,55,28,82,51,8,
211	4	9	2.377	4,65,18,99,35,64,58,67,17,74,95,80,75,79,47,89,16,44,70,9,
211	4	10	2.519	4,65,18,99,35,67,17,74,95,79,80,75,93,89,16,70,44,23,21,10,
211	4	11	2.509	4,65,18,99,35,67,58,17,74,95,79,80,75,93,16,44,23,36,26,11,
211	4	12	2.734	4,65,18,99,35,67,58,17,74,95,79,80,75,93,16,44,23,36,30,43,42,12,
211	4	13	2.689	4,65,18,99,35,61,22,54,63,59,62,86,97,40,20,90,39,31,27,45,13,
211	4	14	2.387	4,65,68,78,61,22,54,63,59,62,86,97,40,20,90,31,39,71,69,38,14,
211	4	15	2.39	4,65,18,99,35,78,61,22,54,63,59,62,86,97,40,20,90,53,77,15,
211	5	6	2.123	5,50,58,17,67,87,94,80,75,79,89,47,95,74,84,6,
211	5	7	1.798	5,50,58,67,17,74,95,80,75,93,89,47,28,82,7,
211	5	8	1.881	5,50,58,67,17,74,55,95,79,80,75,93,89,47,49,8,
211	5	9	2.14	5,50,58,67,17,74,80,75,79,95,55,47,89,93,16,44,70,9,
211	5	10	2.432	5,50,84,58,67,17,74,80,75,79,95,55,47,89,93,16,44,70,21,10,
211	5	11	2.412	5,50,84,58,67,17,74,95,79,80,75,93,16,70,44,23,41,36,26,11,
211	5	12	2.501	5,50,58,67,17,74,95,79,80,75,93,16,70,44,23,36,41,30,43,42,12,
211	5	13	2.589	5,50,58,67,17,74,95,79,80,75,93,16,44,23,36,30,43,42,37,13,
211	5	14	2.469	5,50,64,99,35,61,22,54,63,59,62,86,97,40,20,31,39,71,69,38,14,
211	5	15	2.594	5,50,64,35,99,18,68,29,56,66,62,59,63,54,86,97,40,20,90,53,77,15,
211	6	7	1.739	6,84,58,67,17,74,95,80,75,79,47,55,28,51,82,7,
211	6	8	1.844	6,84,58,67,17,74,95,80,75,93,89,47,55,28,51,8,
211	6	9	1.945	6,84,58,67,17,74,80,75,79,95,55,47,89,16,44,70,9,
211	6	10	2.003	6,84,58,67,17,74,95,79,80,75,93,16,70,44,23,21,10,
211	6	11	2.309	6,84,58,67,17,74,95,79,80,75,93,16,70,44,23,36,41,30,26,11,
211	6	12	2.424	6,84,58,67,17,74,95,79,80,75,93,16,70,44,23,36,41,30,43,42,12,
211	6	13	2.521	6,84,58,67,17,74,95,79,80,75,93,16,70,44,23,36,30,43,37,13,
211	6	14	2.508	6,84,58,67,17,74,95,79,75,80,94,87,46,25,85,33,31,39,71,38,14,
211	6	15	2.562	6,84,58,67,17,94,87,46,25,22,54,63,59,62,86,97,40,20,90,53,77,15,
211	7	8	1.903	7,82,28,55,95,80,75,79,47,89,93,16,44,70,49,8,
211	7	9	2.134	7,28,55,95,74,58,67,17,94,80,75,79,93,16,44,70,9,
211	7	10	2.025	7,82,51,28,55,95,80,75,79,47,89,93,16,44,70,21,10,
211	7	11	2.126	7,82,51,28,55,95,80,75,79,47,89,16,70,44,23,36,26,11,
211	7	12	2.292	7,82,51,28,55,95,79,80,75,93,16,70,44,23,36,41,30,43,42,12,
211	7	13	2.434	7,82,28,55,95,79,80,75,93,16,70,44,23,41,72,43,42,37,13,
211	7	14	2.321	7,82,28,55,95,79,75,80,94,87,46,25,85,33,31,39,71,69,38,14,
211	7	15	2.428	7,82,28,55,95,79,75,80,94,87,46,22,54,86,97,40,20,90,53,77,15,
211	8	9	1.942	8,51,82,28,55,95,80,75,79,47,89,93,16,44,70,9,
211	8	10	1.945	8,51,82,28,55,95,80,75,79,89,16,70,44,21,10,
211	8	11	2.048	8,51,82,28,55,95,79,80,75,93,16,44,23,36,26,11,
211	8	12	2.338	8,51,28,55,95,79,80,75,93,16,70,44,23,36,41,72,43,42,12,
211	8	13	2.525	8,51,28,55,95,80,75,93,16,70,44,23,36,41,72,43,42,37,13,
211	8	14	2.38	8,51,28,55,95,79,75,80,94,87,46,25,85,33,31,39,71,38,14,
211	8	15	2.425	8,49,47,79,75,80,94,87,46,25,22,54,86,97,40,20,90,53,77,15,
211	9	10	2.175	9,70,44,16,89,47,55,95,79,80,75,93,52,23,21,10,
211	9	11	2.181	9,70,44,16,89,47,95,79,75,93,52,72,41,36,26,11,
211	9	12	2.228	9,70,44,16,89,47,95,79,80,75,93,52,72,43,42,12,
211	9	13	2.483	9,70,44,16,89,47,95,79,80,75,93,52,60,73,57,27,45,13,
211	9	14	2.374	9,70,44,23,36,30,41,72,73,60,32,83,31,39,71,69,38,14,
211	9	15	2.45	9,70,44,16,89,79,75,80,94,87,46,25,85,33,20,90,53,77,15,
211	10	11	2.305	10,21,23,44,16,89,47,79,80,75,93,52,41,36,26,11,
211	10	12	2.264	10,21,23,36,30,41,72,60,32,83,73,57,43,42,37,12,
211	10	13	2.239	10,21,36,41,72,60,73,83,31,39,71,38,69,27,45,13,
211	10	14	2.247	10,21,36,41,72,30,42,43,57,73,60,83,31,39,71,69,38,14,
211	10	15	2.611	10,21,36,41,72,60,73,83,32,85,22,54,86,97,40,20,90,53,77,15,
211	11	12	2.422	11,21,23,36,30,41,72,60,32,83,73,57,43,42,37,12,
211	11	13	2.257	11,26,30,36,41,72,60,32,83,73,57,43,42,37,27,45,13,
211	11	14	2.17	11,26,36,41,72,30,42,43,57,73,60,83,31,39,71,69,38,14,
211	11	15	2.374	11,26,36,30,41,72,60,73,83,32,33,97,40,20,90,53,77,15,
211	12	13	2.245	12,42,43,30,36,41,72,60,73,83,31,39,71,27,45,13,
211	12	14	1.936	12,42,43,30,36,41,72,60,73,83,31,39,71,69,38,14,
211	12	15	2.16	12,42,43,30,41,72,60,73,83,32,33,20,90,53,77,15,
211	13	14	2.067	13,37,42,43,30,41,72,60,73,83,31,39,71,69,38,14,
211	13	15	2.19	13,45,27,37,57,73,60,83,32,33,40,20,90,53,77,15,
211	14	15	1.971	14,38,69,71,39,31,33,86,97,40,20,90,53,77,15,
