348	0	1	2.023	0,98,80,47,96,71,28,72,52,90,17,83,30,57,61,1,
348	0	2	1.936	0,98,45,69,75,50,43,47,96,71,40,17,83,57,30,2,
348	0	3	2.082	0,45,69,20,49,75,50,43,47,96,71,28,72,52,90,62,3,
348	0	4	2.42	0,45,69,73,20,49,54,46,43,50,75,47,96,71,28,52,72,55,4,
348	0	5	2.603	0,98,45,69,73,42,20,66,49,75,50,43,47,96,88,56,38,99,5,
348	0	6	2.437	0,45,69,73,20,66,49,75,43,50,54,46,67,18,53,41,48,21,6,
348	0	7	2.689	0,45,69,73,42,20,66,49,75,43,50,54,46,67,18,53,41,92,89,7,
348	0	8	2.618	0,45,69,73,42,20,49,75,50,43,46,54,82,79,86,16,81,37,85,8,
348	0	9	2.343	0,98,45,69,75,50,43,46,54,82,79,86,58,65,24,44,19,26,59,9,
348	0	10	2.287	0,45,69,73,20,66,49,75,50,43,46,54,82,79,86,58,65,24,44,19,10,
348	0	11	2.243	0,45,69,73,42,20,66,49,75,50,43,46,54,82,79,86,51,93,39,33,11,
348	0	12	2.22	0,45,69,73,20,66,49,75,50,43,46,54,27,63,31,34,76,22,78,35,12,
348	0	13	1.797	0,45,69,73,20,49,75,50,43,46,54,27,63,31,34,13,
348	0	14	1.862	0,45,69,75,50,43,46,54,49,66,20,73,42,97,60,91,14,
348	0	15	2.063	0,45,69,73,42,20,49,75,50,43,46,54,27,66,97,15,
348	1	2	2.224	1,61,30,57,83,17,90,52,72,38,99,64,55,84,62,2,
348	1	3	1.928	1,61,57,30,83,17,40,47,96,71,28,72,52,90,62,3,
348	1	4	2.356	1,61,57,30,83,17,90,52,72,28,71,96,88,56,38,64,55,4,
348	1	5	2.361	1,61,57,30,83,17,90,52,72,64,99,95,53,41,48,21,29,5,
348	1	6	2.312	1,61,57,30,83,17,90,52,72,64,38,56,95,53,41,48,21,6,
348	1	7	2.501	1,61,57,30,83,17,90,52,72,28,38,64,99,95,53,41,92,89,7,
348	1	8	2.699	1,61,40,71,96,47,75,50,43,46,54,82,79,86,16,81,37,85,8,
348	1	9	2.452	1,80,47,75,50,43,46,54,82,79,86,58,65,24,44,19,26,59,9,
348	1	10	2.388	1,61,40,71,96,47,75,50,43,46,54,82,79,86,58,65,24,44,19,10,
348	1	11	2.39	1,30,57,83,17,40,71,96,47,43,50,46,54,82,79,86,74,39,33,11,
348	1	12	2.26	1,30,57,83,17,40,71,96,47,43,50,46,54,27,63,31,22,78,35,12,
348	1	13	2.14	1,61,30,57,83,17,40,47,75,50,43,46,54,27,63,31,34,13,
348	1	14	1.889	1,61,40,71,96,47,43,50,46,54,49,66,97,60,91,14,
348	1	15	1.941	1,30,57,83,17,40,71,96,47,43,50,75,20,73,42,15,
348	2	3	1.948	2,30,57,83,17,90,52,72,28,56,38,99,64,55,84,3,
348	2	4	1.982	2,30,57,83,17,90,52,72,28,88,56,38,99,64,55,4,
348	2	5	2.123	2,30,57,83,17,90,52,72,38,95,53,41,48,21,29,5,
348	2	6	2.127	2,30,57,83,17,90,52,72,38,64,99,95,53,41,48,21,29,6,
348	2	7	2.362	2,30,57,83,17,90,52,72,38,64,99,95,53,41,48,92,89,7,
348	2	8	2.583	2,30,57,83,17,90,52,72,38,64,99,95,53,41,48,92,89,8,
348	2	9	2.438	2,30,57,83,17,40,71,96,43,50,46,54,82,70,16,81,37,59,9,
348	2	10	2.304	2,30,57,83,17,40,71,96,43,50,46,54,82,79,86,58,44,19,10,
348	2	11	2.25	2,30,57,83,17,40,71,96,47,43,50,46,54,82,79,86,74,39,33,11,
348	2	12	2.232	2,30,57,83,17,40,71,96,47,75,50,43,46,54,27,63,31,76,22,78,35,12,
348	2	13	2.081	2,30,57,83,17,40,71,96,47,75,50,43,46,54,27,63,31,76,34,13,
348	2	14	1.992	2,30,57,83,17,40,71,96,47,75,50,43,46,54,49,66,97,60,91,14,
348	2	15	1.801	2,30,57,83,17,40,71,96,47,43,50,75,20,73,42,15,
348	3	4	2.225	3,62,90,52,72,38,56,88,67,18,53,95,99,64,55,4,
348	3	5	2.286	3,62,90,52,72,38,56,88,67,18,53,41,48,21,29,5,
348	3	6	2.028	3,62,90,52,72,28,56,38,64,99,95,53,41,48,21,6,
348	3	7	2.335	3,84,62,90,52,72,28,56,38,64,99,95,53,41,92,89,7,
348	3	8	2.729	3,62,90,52,72,28,71,96,47,43,50,46,54,82,70,16,81,37,85,8,
348	3	9	2.579	3,62,90,52,72,28,71,96,43,50,54,82,79,86,58,44,19,26,59,9,
348	3	10	2.444	3,62,90,52,72,28,71,96,43,50,46,54,82,79,86,58,65,24,44,19,10,
348	3	11	2.368	3,62,90,52,72,28,71,96,47,75,50,43,46,54,82,79,86,74,39,33,11,
348	3	12	2.416	3,62,90,52,72,28,40,71,96,47,75,50,43,46,54,27,63,31,76,22,78,35,12,
348	3	13	2.265	3,62,90,52,72,28,40,71,96,47,75,50,43,46,54,27,63,31,76,34,13,
348	3	14	2.241	3,62,90,52,72,28,71,96,47,75,50,43,46,54,27,49,66,97,60,91,14,
348	3	15	2.087	3,62,90,52,72,28,71,96,47,75,50,43,46,54,49,20,73,42,15,
348	4	5	2.375	4,55,64,99,38,56,88,67,18,53,95,41,48,21,29,5,
348	4	6	2.206	4,55,84,62,90,52,72,38,64,99,95,53,41,48,21,6,
348	4	7	2.474	4,55,64,99,38,56,88,67,18,53,95,41,48,92,89,7,
348	4	8	2.693	4,55,64,99,38,56,88,67,18,95,53,41,48,92,89,8,
348	4	9	2.438	4,55,64,38,56,88,67,94,70,16,58,65,24,44,19,26,59,9,
348	4	10	2.587	4,55,52,72,28,71,96,43,50,46,54,82,79,86,58,65,24,44,19,10,
348	4	11	2.654	4,55,90,52,72,28,71,96,47,75,50,43,46,54,82,79,86,51,93,39,33,11,
348	4	12	2.604	4,84,62,90,52,72,28,71,96,47,75,50,43,46,54,27,63,31,76,22,78,35,12,
348	4	13	2.616	4,84,62,90,52,72,28,40,71,96,47,75,50,43,46,54,27,63,31,87,34,13,
348	4	14	2.478	4,55,72,52,28,71,96,47,75,50,43,46,54,49,66,20,73,42,97,60,91,14,
348	4	15	2.366	4,55,72,52,28,71,96,47,75,50,43,46,54,49,20,69,73,42,15,
348	5	6	2.526	5,55,90,52,72,64,38,56,67,18,53,41,48,21,6,
348	5	7	2.713	5,55,64,99,38,56,88,67,18,53,95,41,48,92,89,7,
348	5	8	2.779	5,29,21,48,41,53,95,99,64,38,56,67,18,25,32,23,8,
348	5	9	2.571	5,29,21,48,41,53,18,67,94,70,16,58,24,44,19,26,59,9,
348	5	10	2.668	5,29,21,48,41,53,18,67,94,70,16,58,65,24,68,44,19,26,10,
348	5	11	2.6	5,29,21,48,41,53,25,32,81,37,26,19,44,24,65,51,93,39,33,11,
348	5	12	2.598	5,99,38,56,88,96,47,75,50,43,46,54,27,63,31,76,22,78,35,12,
348	5	13	2.716	5,99,64,38,72,52,28,71,96,47,75,50,43,46,54,27,63,31,76,34,13,
348	5	14	2.627	5,99,64,38,72,52,28,71,96,47,75,50,43,46,54,49,66,97,60,91,14,
348	5	15	2.534	5,29,21,48,41,53,18,67,46,54,50,43,75,49,66,20,73,42,15,
348	6	7	2.447	6,21,48,41,53,95,99,64,38,56,67,18,25,92,89,7,
348	6	8	2.49	6,21,48,41,53,95,99,64,38,56,67,18,25,32,23,8,
348	6	9	2.25	6,21,48,41,53,18,67,94,70,16,58,44,19,26,59,9,
348	6	10	2.401	6,21,48,41,53,18,67,94,70,16,58,51,93,65,24,44,19,68,10,
348	6	11	2.365	6,21,48,92,32,81,37,26,19,44,68,24,65,51,93,39,36,33,11,
348	6	12	2.483	6,21,48,92,32,81,37,26,19,44,68,24,65,51,93,39,33,36,77,12,
348	6	13	2.535	6,21,48,41,53,18,67,46,54,50,43,75,49,66,27,63,31,76,34,13,
348	6	14	2.583	6,21,48,41,53,18,67,46,54,50,43,75,49,66,20,69,73,42,97,60,91,14,
348	6	15	2.719	6,21,48,41,53,18,67,88,96,47,75,43,50,46,54,49,20,69,73,42,15,
348	7	8	2.401	7,89,92,23,32,81,58,65,24,68,44,19,26,59,85,8,
348	7	9	2.165	7,89,92,32,81,37,44,24,65,51,93,68,19,26,59,9,
348	7	10	2.146	7,89,92,23,32,37,26,19,44,24,65,58,51,93,68,10,
348	7	11	2.244	7,89,92,23,32,81,37,26,19,44,68,24,65,58,51,93,39,33,11,
348	7	12	2.307	7,89,92,32,81,37,26,19,44,24,65,51,93,39,33,36,77,35,12,
348	7	13	2.511	7,89,92,32,37,26,19,44,24,65,93,39,36,77,35,78,22,76,34,13,
348	7	14	2.647	7,89,48,41,53,18,67,46,54,50,43,75,49,66,20,73,42,97,60,91,14,
348	7	15	2.702	7,89,92,32,81,16,86,79,82,54,46,43,50,75,49,20,69,73,42,15,
348	8	9	2.228	8,23,32,81,16,58,51,93,65,24,68,44,19,26,37,59,9,
348	8	10	2.089	8,23,32,81,37,26,19,44,24,65,51,93,39,33,68,10,
348	8	11	1.762	8,23,32,81,37,26,19,44,68,24,65,51,93,39,33,11,
348	8	12	2.154	8,85,23,32,81,37,26,19,44,68,24,65,51,93,39,33,36,77,12,
348	8	13	2.224	8,85,59,26,19,44,24,65,93,39,33,36,77,35,78,22,76,34,13,
348	8	14	2.524	8,23,32,37,81,16,70,86,79,82,54,46,43,50,75,49,66,97,60,91,14,
348	8	15	2.546	8,85,59,26,19,44,24,58,86,79,82,54,46,43,50,75,20,73,42,15,
348	9	10	1.958	9,59,26,19,44,24,65,58,51,93,39,74,36,33,68,10,
348	9	11	1.665	9,59,26,37,81,58,65,24,44,19,68,93,51,39,33,11,
348	9	12	2.187	9,59,26,37,81,16,58,44,19,68,24,65,51,93,39,33,36,77,35,12,
348	9	13	2.018	9,59,26,19,44,68,24,65,51,93,39,33,36,77,35,78,22,76,34,13,
348	9	14	2.207	9,59,26,19,44,24,58,86,79,82,54,46,43,50,75,49,66,97,60,14,
348	9	15	2.208	9,59,26,19,44,24,65,58,86,79,82,54,46,43,50,75,20,73,42,15,
348	10	11	1.592	10,68,24,44,19,26,37,81,16,58,65,51,93,39,33,11,
348	10	12	1.718	10,26,19,44,68,24,65,58,51,93,39,33,36,77,35,12,
348	10	13	1.792	10,68,19,44,24,65,51,93,39,33,36,77,35,78,22,76,34,13,
348	10	14	2	10,19,44,24,58,86,79,82,54,46,43,50,75,49,66,97,60,91,14,
348	10	15	2.183	10,19,44,24,65,58,86,79,82,54,46,43,50,75,49,20,69,73,42,15,
348	11	12	1.656	11,33,39,93,68,19,44,24,65,58,51,74,22,78,35,12,
348	11	13	1.845	11,33,68,19,44,24,65,51,93,39,36,77,35,78,22,76,34,13,
348	11	14	1.919	11,33,39,93,51,86,79,82,54,46,50,43,75,49,66,97,60,91,14,
348	11	15	2.07	11,33,39,74,86,79,82,54,46,43,50,75,49,66,20,69,73,42,15,
348	12	13	1.832	12,35,78,22,31,63,27,54,46,50,75,49,66,87,34,13,
348	12	14	1.707	12,35,78,22,31,63,27,54,46,50,75,49,66,97,60,14,
348	12	15	1.698	12,35,78,22,31,63,27,54,46,43,50,75,20,73,42,15,
348	13	14	1.589	13,34,31,63,27,54,46,43,50,75,49,66,97,60,91,14,
348	13	15	1.655	13,34,31,63,27,54,46,43,50,75,49,66,20,73,42,15,
348	14	15	1.787	14,60,87,31,63,27,54,46,43,50,75,49,20,73,42,15,
