538	0	1	1.835	0,43,72,50,63,18,19,68,40,58,67,80,25,49,76,1,
538	0	2	1.984	0,43,44,76,49,25,24,68,40,58,67,80,83,41,65,90,2,
538	0	3	1.869	0,43,72,50,63,18,19,68,24,40,58,67,80,83,65,3,
538	0	4	2.374	0,43,72,50,18,19,98,93,32,30,21,54,53,37,92,34,81,60,35,4,
538	0	5	2.384	0,43,72,50,63,18,19,98,93,32,30,21,54,53,37,23,92,79,5,
538	0	6	2.406	0,43,72,50,18,19,98,93,32,30,21,54,53,37,23,28,47,95,59,51,87,6,
538	0	7	2.48	0,43,72,50,18,19,98,30,21,54,53,37,23,28,47,95,27,75,64,38,96,7,
538	0	8	2.476	0,43,72,50,18,19,98,30,21,54,53,37,23,51,59,95,27,75,64,38,8,
538	0	9	2.564	0,43,72,50,63,77,20,57,61,85,42,73,88,84,46,36,45,97,71,9,
538	0	10	2.429	0,43,72,50,18,19,33,16,57,61,85,42,73,88,84,46,45,36,10,
538	0	11	2.478	0,43,72,50,18,63,77,20,57,61,85,42,88,45,36,46,84,11,
538	0	12	2.229	0,43,72,50,18,63,77,20,57,61,85,42,73,48,56,12,
538	0	13	2.426	0,43,72,50,63,77,20,57,61,85,42,73,48,89,66,13,
538	0	14	2.375	0,44,76,49,25,80,67,58,40,68,19,18,63,77,62,14,
538	0	15	2.13	0,43,44,76,49,25,80,67,58,40,68,19,18,50,72,15,
538	1	2	2.165	1,76,49,24,40,58,67,80,83,55,60,35,41,65,90,2,
538	1	3	1.954	1,76,49,25,24,67,80,58,40,68,93,32,55,83,65,3,
538	1	4	2.127	1,76,49,24,68,40,93,32,30,21,54,53,37,92,34,81,60,35,4,
538	1	5	2.21	1,76,49,25,80,67,58,40,93,32,30,21,54,53,37,23,92,79,5,
538	1	6	2.097	1,76,49,25,80,67,58,40,93,32,30,21,54,53,37,23,59,51,87,6,
538	1	7	2.219	1,76,49,24,68,93,32,30,21,54,53,37,28,47,95,27,64,38,96,7,
538	1	8	2.38	1,76,49,24,67,58,40,93,32,30,21,54,53,37,23,28,47,95,27,64,38,8,
538	1	9	2.565	1,76,49,24,67,58,40,93,32,30,21,54,53,37,23,28,47,31,99,29,52,82,9,
538	1	10	2.586	1,76,49,25,80,67,58,40,68,19,33,16,57,61,85,42,88,84,46,36,10,
538	1	11	2.493	1,76,49,25,80,67,58,40,68,19,33,16,57,61,85,42,73,48,11,
538	1	12	2.525	1,76,49,24,68,19,33,70,86,17,57,61,85,42,73,48,56,12,
538	1	13	2.522	1,76,49,25,24,80,67,58,40,68,19,18,63,77,20,91,78,13,
538	1	14	2.302	1,76,49,25,80,67,58,40,68,19,18,63,50,72,69,62,14,
538	1	15	2.014	1,76,49,25,24,80,67,58,40,68,19,18,63,50,72,15,
538	2	3	1.971	2,90,80,67,58,40,68,19,33,98,93,32,55,83,65,3,
538	2	4	2.055	2,90,80,67,58,40,93,32,30,21,54,53,37,92,34,81,60,35,4,
538	2	5	2.147	2,80,67,58,40,68,93,32,30,21,54,53,37,23,28,59,51,87,5,
538	2	6	1.918	2,90,80,67,58,40,93,32,30,21,54,53,37,23,28,59,51,87,6,
538	2	7	2.086	2,80,67,58,40,93,32,30,21,54,53,37,23,28,47,75,64,38,96,7,
538	2	8	2.253	2,90,80,67,58,40,93,32,30,21,54,53,37,23,28,47,95,27,75,64,38,8,
538	2	9	2.454	2,80,67,58,40,93,32,30,21,54,53,37,23,28,47,75,64,38,52,29,82,9,
538	2	10	2.476	2,80,67,58,40,68,19,33,16,57,61,85,42,73,88,84,46,36,45,97,10,
538	2	11	2.616	2,80,67,58,40,93,32,30,21,54,39,70,86,17,57,61,85,42,73,48,11,
538	2	12	2.529	2,90,80,67,58,40,93,32,30,39,70,16,57,61,85,42,73,48,56,12,
538	2	13	2.639	2,90,80,67,58,40,68,19,33,16,57,61,85,42,73,48,89,66,13,
538	2	14	2.534	2,90,65,83,80,67,58,40,68,24,25,49,76,44,50,72,69,62,14,
538	2	15	2.307	2,90,65,41,83,80,67,58,40,68,24,25,49,76,44,50,72,15,
538	3	4	1.941	3,65,83,55,93,32,30,21,54,53,37,92,34,81,60,35,4,
538	3	5	1.933	3,65,83,55,32,30,21,54,53,37,23,28,59,51,87,5,
538	3	6	1.722	3,65,83,55,32,30,21,54,53,37,23,28,59,51,87,6,
538	3	7	1.96	3,65,83,55,32,30,21,54,53,37,23,28,47,75,64,38,96,7,
538	3	8	2.129	3,65,83,55,32,30,21,54,53,37,23,28,31,47,95,27,75,64,38,8,
538	3	9	2.386	3,65,83,55,32,30,21,54,53,37,23,28,47,95,27,75,99,29,52,82,9,
538	3	10	2.495	3,65,80,67,58,40,68,19,33,16,57,61,85,42,73,88,84,46,45,36,10,
538	3	11	2.689	3,65,83,55,93,32,30,21,53,37,54,39,70,86,17,57,61,85,42,73,48,11,
538	3	12	2.551	3,65,83,55,32,30,21,53,37,54,39,70,16,57,61,85,73,48,56,12,
538	3	13	2.75	3,65,83,55,32,21,54,39,70,16,57,61,85,42,73,48,89,66,13,
538	3	14	2.603	3,41,65,83,80,67,58,40,68,24,25,49,76,44,43,72,50,69,62,14,
538	3	15	2.476	3,41,65,83,80,67,58,40,68,24,25,49,76,44,18,63,50,72,15,
538	4	5	1.998	4,35,60,81,21,54,53,37,23,28,31,47,95,59,51,87,5,
538	4	6	1.787	4,35,60,81,21,54,53,37,23,28,31,47,95,59,51,87,6,
538	4	7	1.846	4,35,60,81,21,54,53,37,23,28,47,31,75,64,38,96,7,
538	4	8	2.114	4,35,60,81,32,30,21,54,53,37,23,28,31,47,95,27,75,64,38,8,
538	4	9	2.281	4,35,60,81,21,54,53,37,23,28,47,95,27,75,64,38,52,29,82,9,
538	4	10	2.43	4,35,60,81,21,54,53,37,86,17,57,61,85,42,88,45,36,46,84,10,
538	4	11	2.637	4,35,60,81,34,92,37,53,54,21,30,39,70,86,17,57,61,85,42,73,48,11,
538	4	12	2.58	4,35,60,81,34,92,37,53,21,54,39,70,16,57,61,85,42,73,48,56,12,
538	4	13	2.724	4,35,60,81,21,53,37,54,39,70,16,57,61,85,42,73,48,89,66,13,
538	4	14	2.731	4,35,60,81,34,92,23,28,37,53,54,21,30,39,70,16,20,77,62,69,14,
538	4	15	2.537	4,35,60,81,34,92,37,53,54,21,30,32,93,98,19,18,63,50,72,15,
538	5	6	1.877	5,79,34,92,21,54,53,37,23,28,31,47,95,59,51,87,6,
538	5	7	1.873	5,79,92,21,54,53,37,23,28,47,95,27,75,64,38,96,7,
538	5	8	2.043	5,79,34,92,21,54,53,37,23,28,31,47,95,27,75,64,38,8,
538	5	9	2.236	5,79,92,21,54,53,37,23,28,47,95,27,64,75,99,29,52,82,9,
538	5	10	2.34	5,87,51,59,95,27,38,64,75,99,52,29,22,82,71,97,45,36,10,
538	5	11	2.516	5,87,51,59,95,27,38,64,75,99,52,29,22,71,97,45,36,46,84,11,
538	5	12	2.527	5,79,92,37,53,54,21,30,39,70,86,17,57,61,85,42,73,48,56,12,
538	5	13	2.819	5,79,92,37,53,54,21,30,39,70,86,17,57,61,85,42,73,48,89,66,13,
538	5	14	2.695	5,87,51,59,95,47,28,23,37,53,54,21,30,39,70,16,20,77,62,14,
538	5	15	2.611	5,87,51,59,28,23,37,53,54,21,30,32,93,98,19,18,63,50,72,15,
538	6	7	1.775	6,87,51,59,23,28,47,31,99,29,52,64,38,27,96,7,
538	6	8	1.774	6,87,51,59,23,28,47,95,27,38,64,75,99,29,52,8,
538	6	9	1.874	6,87,51,59,23,28,47,95,27,75,64,38,52,29,82,9,
538	6	10	1.857	6,87,51,59,95,27,64,52,29,22,71,97,45,36,46,10,
538	6	11	2.234	6,87,51,59,95,27,38,64,75,52,29,22,71,97,45,36,46,84,11,
538	6	12	2.353	6,87,51,59,23,37,53,54,39,70,16,57,61,85,42,73,48,89,12,
538	6	13	2.518	6,87,51,59,95,47,28,23,37,53,54,21,30,39,70,16,20,91,78,13,
538	6	14	2.484	6,87,51,59,95,47,28,23,37,53,54,21,30,39,70,16,20,77,62,14,
538	6	15	2.536	6,87,51,59,95,47,28,23,37,53,54,21,32,93,98,19,18,63,50,72,15,
538	7	8	1.857	7,96,38,64,27,95,59,51,23,28,47,31,99,29,52,8,
538	7	9	1.978	7,96,38,64,27,75,99,52,29,22,88,84,45,97,71,9,
538	7	10	1.667	7,96,38,64,27,75,99,52,29,22,71,97,36,45,46,84,10,
538	7	11	2.184	7,96,38,64,27,75,99,52,29,22,71,97,45,36,46,84,48,11,
538	7	12	2.414	7,96,38,64,27,75,99,52,29,22,71,97,36,45,46,84,48,89,56,12,
538	7	13	2.607	7,96,27,38,64,75,99,52,29,22,71,97,36,45,46,84,48,89,66,13,
538	7	14	2.56	7,96,38,64,75,27,95,47,28,23,37,53,54,39,70,16,20,77,62,14,
538	7	15	2.611	7,96,38,64,27,95,59,51,23,37,53,54,21,32,93,98,19,18,50,72,15,
538	8	9	1.977	8,38,64,27,95,59,51,23,28,47,31,99,29,52,82,9,
538	8	10	2.001	8,38,64,27,75,99,52,29,22,94,42,73,88,45,36,10,
538	8	11	2.272	8,38,64,27,75,99,52,29,22,71,97,45,36,46,84,88,48,11,
538	8	12	2.295	8,38,64,27,75,52,29,22,71,97,45,36,46,84,48,89,56,12,
538	8	13	2.469	8,38,64,27,75,52,29,22,71,97,45,36,46,84,48,89,66,13,
538	8	14	2.528	8,38,64,75,27,95,47,28,23,37,53,54,39,70,16,20,77,62,14,
538	8	15	2.509	8,38,64,75,47,28,23,37,53,54,21,30,32,93,98,19,18,50,72,15,
538	9	10	1.841	9,82,29,52,38,64,75,99,22,71,97,45,36,46,84,10,
538	9	11	2.426	9,82,52,29,99,22,71,97,45,36,46,84,88,42,85,73,48,11,
538	9	12	2.305	9,71,97,45,36,46,84,88,42,85,61,26,73,48,56,89,66,12,
538	9	13	2.531	9,71,97,45,36,46,84,88,42,85,61,57,26,73,48,89,66,13,
538	9	14	2.664	9,71,97,45,36,46,84,88,73,42,85,26,61,57,16,20,77,62,14,
538	9	15	2.704	9,82,52,29,99,31,28,23,37,53,54,21,30,98,19,18,63,50,72,15,
538	10	11	2.05	10,97,45,36,46,84,88,73,42,85,61,26,48,89,56,11,
538	10	12	1.884	10,97,45,36,46,84,88,73,42,85,61,26,48,89,56,12,
538	10	13	2.517	10,36,45,46,84,88,42,85,61,57,17,86,16,20,91,78,13,
538	10	14	2.424	10,36,45,46,84,88,73,42,85,26,61,57,16,20,77,62,69,14,
538	10	15	2.592	10,36,45,46,84,88,73,42,85,61,57,16,33,19,18,63,50,72,15,
538	11	12	2.173	11,84,46,36,45,88,42,85,61,57,26,73,48,89,12,
538	11	13	2.281	11,84,46,36,45,88,73,42,85,61,57,26,89,66,13,
538	11	14	2.239	11,84,46,36,45,88,73,42,85,61,26,91,78,62,69,14,
538	11	15	2.62	11,84,46,36,45,88,73,42,85,26,61,57,16,20,77,62,69,15,
538	12	13	2.419	12,56,48,84,46,36,45,88,73,42,85,26,89,66,13,
538	12	14	2.436	12,56,89,48,73,42,85,26,61,57,16,20,77,62,69,14,
538	12	15	2.391	12,56,48,73,42,85,26,61,57,20,77,63,18,50,72,15,
538	13	14	2.61	13,66,89,48,73,42,85,26,61,57,16,20,77,62,69,14,
538	13	15	2.553	13,66,89,48,73,85,61,57,16,20,77,63,50,72,15,
538	14	15	2.598	14,62,77,63,18,19,68,40,58,67,80,25,49,44,72,15,
