559	0	1	1.894	0,75,96,50,69,67,78,74,18,45,52,51,68,88,21,1,
559	0	2	1.751	0,75,96,69,67,78,74,18,45,52,51,68,66,56,2,
559	0	3	1.949	0,75,96,61,21,88,56,66,68,51,52,78,74,18,45,79,92,3,
559	0	4	2.061	0,75,96,61,21,88,56,66,68,67,51,52,78,74,18,45,79,92,4,
559	0	5	2.261	0,75,96,61,21,88,68,67,51,52,78,74,18,45,79,92,64,48,23,5,
559	0	6	2.501	0,75,96,61,21,88,68,67,51,52,78,74,18,45,79,92,64,48,23,84,6,
559	0	7	2.51	0,75,96,69,67,51,52,78,74,18,33,17,82,31,30,95,65,72,76,89,53,7,
559	0	8	2.565	0,75,96,69,67,51,52,78,74,18,33,17,31,30,95,41,37,87,86,8,
559	0	9	2.529	0,75,96,69,67,51,52,78,74,18,33,17,31,30,95,41,37,26,87,9,
559	0	10	2.53	0,75,96,69,67,51,52,78,74,18,59,71,97,99,91,44,54,42,10,
559	0	11	2.491	0,75,96,69,67,51,52,78,74,18,33,17,31,93,70,91,19,83,11,
559	0	12	2.412	0,75,96,69,67,51,52,78,74,18,90,25,35,55,29,32,22,60,12,
559	0	13	2.262	0,75,85,50,69,98,25,35,55,29,24,28,32,36,20,49,13,
559	0	14	2.257	0,75,96,69,67,51,52,78,74,90,25,35,55,36,20,14,
559	0	15	2.174	0,75,96,69,67,51,52,78,74,18,90,25,35,58,47,15,
559	1	2	1.66	1,21,88,68,67,51,52,78,74,18,45,79,92,57,2,
559	1	3	1.476	1,21,61,88,68,67,51,52,78,74,18,45,79,92,3,
559	1	4	1.545	1,21,61,88,68,67,51,52,78,74,18,45,79,92,4,
559	1	5	1.922	1,21,61,88,68,67,51,52,78,74,18,45,79,92,64,48,23,5,
559	1	6	2.046	1,21,61,88,56,66,68,67,51,52,78,74,18,33,40,62,81,84,6,
559	1	7	2.173	1,21,61,88,68,67,51,52,78,74,18,33,17,27,65,72,76,89,53,7,
559	1	8	2.443	1,21,61,88,56,66,68,67,51,52,78,74,18,33,17,27,65,46,16,86,8,
559	1	9	2.325	1,21,88,68,67,51,52,78,74,18,33,17,27,95,41,37,26,87,9,
559	1	10	2.387	1,21,61,68,67,51,52,78,74,18,33,17,31,93,70,91,44,54,10,
559	1	11	2.43	1,21,61,68,67,51,52,78,74,18,33,17,31,82,97,99,91,19,83,11,
559	1	12	2.339	1,21,61,88,68,67,51,52,78,74,18,90,25,35,55,29,32,22,60,12,
559	1	13	2.172	1,21,88,68,51,52,78,74,18,90,25,35,55,36,20,49,13,
559	1	14	2.122	1,21,88,68,51,52,78,74,18,90,25,35,55,29,36,20,14,
559	1	15	2.025	1,21,61,88,68,67,51,52,78,74,18,90,98,58,47,15,
559	2	3	1.57	2,56,66,68,67,51,52,78,74,18,33,45,79,92,3,
559	2	4	1.502	2,56,66,68,67,51,52,78,74,18,45,79,92,64,4,
559	2	5	1.812	2,56,66,68,67,51,52,78,74,18,45,79,92,64,48,23,5,
559	2	6	2.052	2,56,66,68,67,51,52,78,74,18,45,79,92,64,48,23,84,6,
559	2	7	2.055	2,56,66,68,67,51,52,78,74,18,33,40,62,73,72,76,89,53,7,
559	2	8	2.417	2,66,68,67,51,52,78,74,18,33,17,82,31,30,95,41,37,26,87,86,8,
559	2	9	2.423	2,56,66,68,67,51,52,78,74,18,33,17,82,31,30,95,41,37,26,87,9,
559	2	10	2.387	2,66,68,67,51,52,78,74,18,33,17,31,82,97,94,99,91,44,54,42,10,
559	2	11	2.381	2,66,68,67,51,52,78,74,18,33,17,31,82,97,94,99,91,44,19,83,11,
559	2	12	2.362	2,56,66,68,67,51,52,78,74,18,90,25,35,55,29,24,28,32,22,60,12,
559	2	13	2.094	2,66,68,67,51,52,78,74,18,90,25,35,55,29,36,20,49,13,
559	2	14	2.111	2,56,66,68,67,51,52,78,74,18,90,25,35,55,29,36,20,14,
559	2	15	2.17	2,56,66,68,67,51,52,78,74,18,59,71,25,35,58,47,15,
559	3	4	1.689	3,57,66,68,67,51,52,78,74,18,45,79,92,64,4,
559	3	5	1.85	3,57,66,68,51,52,78,74,18,45,79,92,64,48,5,
559	3	6	1.946	3,57,66,68,67,51,52,78,74,18,33,40,62,81,84,6,
559	3	7	2.193	3,92,79,45,52,78,74,18,33,17,31,30,95,65,72,76,89,53,7,
559	3	8	2.293	3,92,79,45,52,78,74,18,33,17,27,95,41,37,26,87,86,8,
559	3	9	2.366	3,92,79,45,52,78,74,18,33,17,82,31,30,95,41,37,26,87,9,
559	3	10	2.5	3,92,79,45,52,78,74,18,33,17,31,82,97,94,99,91,44,54,42,43,10,
559	3	11	2.532	3,92,79,45,52,78,74,18,33,17,31,82,97,99,93,70,91,44,19,83,11,
559	3	12	2.498	3,92,79,45,52,78,74,18,90,98,25,35,55,29,24,28,32,22,60,77,12,
559	3	13	2.571	3,57,66,68,67,51,52,78,74,18,59,71,63,24,28,29,55,36,20,49,13,
559	3	14	2.261	3,92,79,45,18,74,78,52,51,67,90,25,35,55,29,36,20,14,
559	3	15	2.167	3,92,79,45,18,74,78,52,51,67,68,88,21,61,96,85,47,15,
559	4	5	1.979	4,64,92,79,45,52,78,74,18,33,40,62,81,23,48,5,
559	4	6	1.998	4,48,64,92,79,45,52,78,74,18,33,40,62,81,84,6,
559	4	7	1.975	4,92,79,45,52,78,74,18,33,40,62,81,76,89,53,7,
559	4	8	2.355	4,92,79,45,52,78,74,18,33,17,31,30,95,65,46,16,86,8,
559	4	9	2.425	4,64,92,79,45,52,78,74,18,33,17,31,30,95,41,37,26,87,9,
559	4	10	2.439	4,92,79,45,52,78,74,18,33,17,31,82,97,94,99,91,44,54,10,
559	4	11	2.545	4,64,92,79,45,52,78,74,18,33,17,31,82,97,94,99,91,44,19,83,11,
559	4	12	2.441	4,64,92,79,45,52,78,74,18,90,25,35,55,29,24,28,32,22,60,12,
559	4	13	2.348	4,64,92,79,45,52,78,74,18,90,98,25,35,55,29,36,20,49,13,
559	4	14	2.397	4,64,92,79,45,18,74,78,52,51,67,90,25,35,55,29,36,20,14,
559	4	15	2.364	4,92,79,45,18,74,78,52,51,67,68,66,56,88,21,61,96,85,15,
559	5	6	2.042	5,48,64,92,79,45,52,78,74,18,33,40,62,81,84,6,
559	5	7	2.187	5,48,64,92,79,45,74,18,33,40,62,81,76,89,53,7,
559	5	8	2.393	5,23,81,62,73,27,30,95,65,72,76,89,53,34,80,16,86,8,
559	5	9	2.554	5,48,64,92,79,45,52,78,74,18,33,17,27,95,41,37,26,87,9,
559	5	10	2.585	5,48,64,92,79,45,52,78,74,18,59,71,97,99,91,44,54,10,
559	5	11	2.633	5,48,64,92,79,45,52,78,74,18,33,17,31,82,93,70,91,19,83,11,
559	5	12	2.645	5,48,64,92,79,45,52,78,74,18,90,25,35,55,29,24,28,32,22,60,12,
559	5	13	2.526	5,48,64,92,79,45,52,78,74,18,59,25,35,55,29,36,20,49,13,
559	5	14	2.484	5,48,64,92,79,45,52,78,74,18,90,98,25,35,55,29,36,20,14,
559	5	15	2.506	5,23,48,64,92,79,45,18,74,78,52,51,67,68,69,50,85,47,15,
559	6	7	2.272	6,84,81,62,73,27,30,95,65,72,76,89,46,80,34,53,7,
559	6	8	2.306	6,89,76,72,65,95,30,31,82,93,70,41,37,26,87,86,8,
559	6	9	2.319	6,76,72,65,95,30,31,82,97,94,99,70,93,41,37,26,9,
559	6	10	2.359	6,76,72,65,95,30,31,82,97,99,93,70,91,44,54,42,43,10,
559	6	11	2.441	6,76,72,65,95,30,31,82,97,94,99,91,44,54,42,43,38,83,11,
559	6	12	2.606	6,76,72,65,95,30,31,82,97,99,94,63,24,55,29,36,32,22,60,77,12,
559	6	13	2.502	6,89,76,72,65,95,30,31,82,97,99,94,63,24,28,29,55,36,20,49,13,
559	6	14	2.735	6,76,72,65,95,30,31,82,97,93,70,99,94,63,24,28,29,55,36,20,49,14,
559	6	15	2.636	6,84,81,62,40,33,18,74,78,52,51,67,68,88,21,61,96,75,85,47,15,
559	7	8	2.101	7,53,89,76,72,65,95,30,93,70,41,37,26,87,86,8,
559	7	9	2.188	7,53,89,76,72,65,95,30,31,82,93,70,41,37,26,87,9,
559	7	10	2.035	7,53,89,76,72,65,95,30,93,70,91,44,54,42,43,10,
559	7	11	2.388	7,53,89,76,72,65,95,30,31,82,97,94,99,91,44,54,42,43,38,11,
559	7	12	2.41	7,53,89,76,72,65,95,30,31,82,97,99,94,63,24,29,32,22,60,12,
559	7	13	2.333	7,53,89,76,72,65,95,30,31,82,97,94,63,24,28,29,36,20,49,13,
559	7	14	2.509	7,53,89,76,72,65,95,30,31,82,97,99,94,63,24,28,32,29,55,36,20,14,
559	7	15	2.674	7,53,89,76,72,65,27,17,33,18,74,78,52,51,67,69,96,75,85,47,15,
559	8	9	2.307	8,86,16,34,80,53,89,76,72,46,65,95,41,37,26,87,9,
559	8	10	2.129	8,86,87,26,37,41,93,70,99,94,91,44,54,42,43,10,
559	8	11	2.028	8,86,87,37,41,93,70,91,44,54,42,43,38,83,11,
559	8	12	2.396	8,86,87,26,37,41,93,70,99,94,63,24,28,29,55,36,32,22,60,12,
559	8	13	2.275	8,86,87,26,37,41,93,70,99,94,63,24,28,29,55,36,20,49,13,
559	8	14	2.57	8,86,87,26,37,41,95,30,31,82,97,99,94,63,24,28,29,55,36,20,14,
559	8	15	2.738	8,86,87,26,37,41,95,30,31,82,97,99,94,63,24,28,29,55,36,58,47,15,
559	9	10	2.192	9,87,26,37,41,93,70,99,94,91,44,54,42,43,38,10,
559	9	11	2.137	9,87,26,37,41,70,99,91,44,54,42,43,38,83,11,
559	9	12	2.317	9,87,26,37,41,93,70,99,94,63,24,28,29,55,36,32,22,60,12,
559	9	13	2.31	9,87,26,37,41,93,70,99,94,63,24,28,32,29,55,36,20,49,13,
559	9	14	2.491	9,87,26,37,41,95,30,31,82,97,99,94,63,24,28,29,55,36,20,14,
559	9	15	2.734	9,87,26,37,41,95,27,17,33,18,74,78,52,51,67,69,50,85,15,
559	10	11	2.173	10,43,42,54,44,91,99,94,63,24,28,22,60,39,83,11,
559	10	12	2.238	10,43,42,54,44,91,70,93,99,94,63,24,28,32,22,60,77,12,
559	10	13	2.192	10,43,42,54,44,91,70,93,99,94,63,24,29,55,36,20,49,13,
559	10	14	2.408	10,42,43,38,19,44,91,70,93,99,94,63,24,28,32,29,55,36,20,14,
559	10	15	2.543	10,38,43,42,54,44,91,70,93,99,94,63,24,28,29,36,20,58,47,15,
559	11	12	2.079	11,38,43,42,54,44,91,99,94,63,24,28,32,22,60,12,
559	11	13	2.072	11,38,43,42,54,44,91,99,94,63,24,29,36,20,49,13,
559	11	14	2.043	11,38,43,42,54,44,91,99,94,63,24,28,29,36,20,14,
559	11	15	2.153	11,83,19,44,91,70,93,99,94,63,24,28,29,55,58,47,15,
559	12	13	2.164	12,77,39,19,44,91,99,94,63,24,28,29,55,36,20,49,13,
559	12	14	2.209	12,77,39,19,44,91,70,93,99,94,63,24,28,29,36,20,14,
559	12	15	2.354	12,77,39,19,44,91,70,93,99,94,63,24,28,29,55,58,47,15,
559	13	14	2.469	13,22,32,28,24,63,94,99,97,71,25,35,55,29,36,20,14,
559	13	15	2.396	13,49,20,36,55,29,28,24,63,94,99,97,71,35,58,47,15,
559	14	15	2.402	14,20,36,55,29,28,24,63,94,99,97,71,25,35,58,47,15,
