117	0	1	2.152	0,42,57,50,34,55,79,52,47,23,65,27,56,93,1,
117	0	2	2.078	0,42,57,40,98,93,56,27,65,23,97,85,17,86,60,74,2,
117	0	3	1.914	0,42,40,98,93,56,83,27,65,97,85,17,86,35,78,3,
117	0	4	2.332	0,42,98,93,56,27,65,23,52,47,71,29,87,59,45,90,95,54,4,
117	0	5	2.3	0,42,98,93,56,83,27,65,23,52,47,71,29,87,59,45,90,72,5,
117	0	6	2.464	0,42,98,93,56,27,65,23,52,47,71,29,87,59,45,90,72,22,6,
117	0	7	2.554	0,42,98,93,56,27,65,23,52,47,71,29,64,88,62,48,28,37,7,
117	0	8	2.637	0,42,98,93,56,27,65,23,52,47,71,49,16,33,26,36,19,18,8,
117	0	9	2.683	0,42,98,93,56,83,27,65,23,52,47,49,16,33,26,36,19,18,9,
117	0	10	2.773	0,42,57,50,34,55,70,61,39,63,77,76,84,82,92,30,38,53,24,10,
117	0	11	2.508	0,42,57,50,34,55,70,61,39,63,77,76,69,80,84,82,20,91,11,
117	0	12	2.525	0,42,98,93,56,27,65,23,52,94,70,61,39,63,77,43,73,12,
117	0	13	2.239	0,42,57,50,34,55,70,61,39,63,77,76,69,73,99,13,
117	0	14	2.338	0,42,98,93,56,27,65,23,47,52,79,55,34,89,21,14,
117	0	15	2.144	0,42,98,93,56,27,65,52,79,55,34,50,31,44,51,15,
117	1	2	2.034	1,93,56,27,65,23,52,47,71,32,85,17,86,60,74,2,
117	1	3	1.864	1,93,56,83,27,65,52,23,97,85,17,86,35,78,3,
117	1	4	1.948	1,93,56,27,65,97,85,32,68,87,59,45,90,95,54,4,
117	1	5	2.353	1,93,56,83,27,65,97,23,52,47,71,32,29,87,59,45,90,72,5,
117	1	6	2.552	1,98,93,56,83,27,65,97,23,52,47,71,29,87,59,45,90,72,22,6,
117	1	7	2.641	1,93,56,27,65,23,47,71,29,87,59,45,75,88,62,48,28,37,7,
117	1	8	2.494	1,93,56,27,65,97,23,52,47,71,49,16,33,26,36,19,18,8,
117	1	9	2.54	1,93,56,83,27,65,97,23,52,47,49,16,33,26,36,19,18,9,
117	1	10	2.619	1,93,56,27,65,23,47,94,61,70,39,63,76,69,84,20,91,10,
117	1	11	2.492	1,93,56,27,65,23,52,94,61,70,39,63,77,76,69,84,20,91,11,
117	1	12	2.433	1,93,56,27,65,23,52,47,94,61,70,39,63,77,76,69,73,12,
117	1	13	2.216	1,93,56,27,65,52,94,61,70,39,63,77,43,73,99,13,
117	1	14	2.234	1,93,56,27,65,23,47,94,61,70,39,63,41,21,14,
117	1	15	1.968	1,93,56,27,65,23,52,79,55,34,50,31,44,51,15,
117	2	3	1.872	2,74,60,83,56,93,98,27,65,97,85,17,86,35,78,3,
117	2	4	1.947	2,56,27,65,23,47,71,29,87,59,45,90,95,54,4,
117	2	5	2.104	2,56,83,27,65,97,23,52,47,71,29,87,59,45,90,72,5,
117	2	6	2.467	2,74,60,86,17,83,56,27,65,97,85,32,68,87,59,45,90,72,22,6,
117	2	7	2.475	2,60,86,78,35,67,54,95,90,45,59,87,29,64,88,62,48,28,37,7,
117	2	8	2.629	2,60,86,17,35,67,54,95,90,45,59,75,88,62,48,28,81,36,19,18,8,
117	2	9	2.621	2,60,86,35,67,54,95,90,45,59,75,88,62,48,28,81,36,19,18,9,
117	2	10	2.661	2,83,27,65,23,52,47,94,61,70,39,63,77,76,69,84,20,91,10,
117	2	11	2.559	2,83,27,65,23,52,47,94,61,70,39,63,77,76,69,80,84,20,91,11,
117	2	12	2.514	2,83,27,65,23,52,47,94,61,70,39,63,41,77,76,69,80,73,12,
117	2	13	2.371	2,83,27,65,23,52,94,61,70,39,63,77,76,69,80,73,99,13,
117	2	14	2.524	2,74,60,86,17,85,97,23,65,27,83,56,93,98,40,57,31,44,21,14,
117	2	15	1.926	2,74,60,86,17,97,65,27,56,93,98,40,57,31,44,51,15,
117	3	4	1.86	3,78,35,86,17,85,32,29,64,87,59,45,90,95,54,4,
117	3	5	1.884	3,78,35,17,85,97,23,52,47,71,29,87,59,45,72,5,
117	3	6	2.176	3,78,35,17,86,83,27,97,85,32,29,87,59,45,72,22,6,
117	3	7	2.175	3,78,35,67,54,95,90,45,59,87,64,75,88,62,48,28,37,7,
117	3	8	2.302	3,78,35,67,54,95,90,45,59,75,88,62,48,28,81,36,19,18,8,
117	3	9	2.485	3,78,35,67,54,95,90,45,59,87,29,64,88,62,48,28,81,36,19,18,9,
117	3	10	2.648	3,78,35,67,54,95,90,45,59,75,88,62,48,28,81,26,25,53,24,10,
117	3	11	2.516	3,78,35,86,17,97,23,47,94,61,70,39,63,77,76,69,84,20,91,11,
117	3	12	2.639	3,78,35,86,17,97,23,52,47,94,61,70,39,63,77,76,69,80,73,99,12,
117	3	13	2.409	3,78,35,86,17,85,97,23,47,94,61,70,39,63,77,43,73,99,13,
117	3	14	2.505	3,78,35,86,17,85,97,23,65,27,83,56,93,98,40,57,31,44,21,14,
117	3	15	2.262	3,78,35,86,17,85,97,23,65,27,83,56,93,98,40,57,31,44,51,15,
117	4	5	1.92	4,54,67,35,78,86,17,85,32,68,87,59,45,90,72,5,
117	4	6	2.061	4,67,35,78,86,17,85,32,29,87,59,45,90,72,22,6,
117	4	7	1.83	4,54,90,45,59,87,29,64,75,88,62,48,28,37,7,
117	4	8	2.162	4,54,95,90,45,59,87,29,64,88,62,48,28,81,26,36,19,18,8,
117	4	9	2.53	4,54,95,90,45,59,87,29,64,75,88,62,48,28,37,81,26,36,19,18,9,
117	4	10	2.425	4,54,95,90,45,59,87,64,88,62,48,28,81,36,19,18,25,53,24,10,
117	4	11	2.548	4,54,95,90,45,59,87,29,71,47,94,70,39,63,76,84,20,91,11,
117	4	12	2.562	4,54,95,90,45,59,87,29,71,47,94,61,70,39,63,77,76,69,80,12,
117	4	13	2.539	4,54,95,90,45,59,87,29,71,47,94,61,70,39,63,77,43,73,99,13,
117	4	14	2.678	4,54,95,90,45,59,87,29,71,47,52,94,61,70,39,34,50,89,21,14,
117	4	15	2.467	4,54,95,90,45,59,87,29,71,47,94,61,70,39,34,50,31,44,51,15,
117	5	6	1.889	5,72,45,90,95,59,87,29,64,75,88,28,48,62,6,
117	5	7	1.708	5,72,45,90,95,59,87,29,64,75,88,62,48,37,7,
117	5	8	1.797	5,72,90,45,59,87,64,88,62,48,28,81,36,19,18,8,
117	5	9	2.283	5,72,45,90,95,59,87,29,64,88,62,48,28,37,81,26,36,19,18,9,
117	5	10	2.349	5,72,45,90,95,59,87,64,88,62,48,28,81,36,19,18,25,53,24,10,
117	5	11	2.441	5,72,45,59,87,29,71,47,94,61,70,39,63,76,69,84,20,91,11,
117	5	12	2.451	5,72,90,45,59,87,29,71,47,94,61,70,39,63,77,43,73,99,12,
117	5	13	2.558	5,72,45,90,95,59,87,29,71,47,52,94,61,70,39,63,77,43,73,99,13,
117	5	14	2.693	5,72,45,90,95,59,87,29,71,47,52,94,61,70,39,63,41,77,58,21,14,
117	5	15	2.486	5,72,45,90,95,59,87,29,71,47,52,94,61,70,39,34,50,31,44,51,15,
117	6	7	1.802	6,22,72,90,45,59,87,29,64,88,62,48,28,37,7,
117	6	8	1.943	6,22,72,45,90,59,87,29,64,88,62,48,28,37,8,
117	6	9	2.022	6,22,72,45,59,87,64,88,62,48,28,81,36,19,18,9,
117	6	10	2.473	6,22,72,45,90,95,59,87,64,88,62,48,28,81,26,25,53,24,10,
117	6	11	2.548	6,75,88,62,48,28,81,26,36,19,18,25,96,38,30,92,20,91,11,
117	6	12	2.53	6,22,72,45,59,87,29,71,47,94,61,70,39,63,77,43,73,12,
117	6	13	2.59	6,22,72,45,59,87,29,71,47,94,61,70,39,63,77,43,73,99,13,
117	6	14	2.722	6,22,72,45,90,59,87,29,71,47,94,61,70,39,34,50,89,21,14,
117	6	15	2.626	6,22,72,45,59,87,29,71,47,23,65,27,56,93,98,40,57,31,44,51,15,
117	7	8	2.112	7,37,28,48,62,88,49,16,33,26,25,36,19,18,8,
117	7	9	2.149	7,37,28,48,62,88,49,16,33,26,25,36,19,18,9,
117	7	10	2.196	7,37,62,48,28,81,36,19,18,25,26,33,96,53,24,10,
117	7	11	2.498	7,37,62,48,28,81,36,19,18,25,96,38,30,66,92,82,84,20,91,11,
117	7	12	2.536	7,37,28,48,62,88,49,16,46,61,70,39,63,77,76,69,80,12,
117	7	13	2.707	7,37,28,48,62,88,49,16,46,61,70,39,63,77,76,69,80,73,99,13,
117	7	14	2.79	7,37,28,48,62,88,64,29,71,47,94,61,70,39,63,77,58,21,14,
117	7	15	2.665	7,37,28,48,62,88,64,87,29,71,47,52,79,55,34,50,31,44,51,15,
117	8	9	2.284	8,18,19,36,81,28,48,62,88,49,16,33,26,25,9,
117	8	10	2.233	8,18,19,36,25,96,38,30,66,92,82,84,20,91,53,24,10,
117	8	11	2.05	8,18,19,36,25,26,33,96,38,30,66,92,82,84,20,91,11,
117	8	12	2.464	8,18,19,36,26,33,16,49,46,61,70,39,63,77,76,69,73,12,
117	8	13	2.615	8,18,19,36,26,33,16,49,46,61,70,39,63,77,76,69,80,73,99,13,
117	8	14	2.698	8,18,19,36,26,33,16,49,46,61,70,39,34,89,50,31,44,21,14,
117	8	15	2.506	8,18,19,36,26,33,16,49,46,61,70,39,55,34,50,31,44,51,15,
117	9	10	2.27	9,18,19,36,25,96,38,30,66,92,82,84,20,91,53,24,10,
117	9	11	2.087	9,18,19,36,25,26,33,96,38,30,66,92,82,84,20,91,11,
117	9	12	2.15	9,18,19,36,25,26,33,96,38,30,66,92,82,84,80,73,12,
117	9	13	2.561	9,18,19,36,26,33,16,49,46,61,70,39,63,77,76,69,73,99,13,
117	9	14	2.629	9,18,19,36,26,33,16,49,46,61,70,39,34,50,31,44,21,14,
117	9	15	2.492	9,18,19,36,26,33,16,49,46,61,70,39,34,89,50,31,44,51,15,
117	10	11	2.202	10,24,53,25,18,19,36,26,96,38,30,92,82,84,20,91,11,
117	10	12	2.252	10,24,53,25,18,19,36,26,33,96,38,30,92,82,84,80,12,
117	10	13	2.504	10,24,53,25,18,19,36,26,33,96,38,30,66,92,82,84,80,73,99,13,
117	10	14	2.695	10,91,20,84,69,76,77,63,39,61,70,55,34,50,31,44,21,14,
117	10	15	2.538	10,91,20,84,80,69,76,77,63,39,61,70,55,34,50,31,44,51,15,
117	11	12	2.299	11,91,20,84,80,69,76,63,39,34,89,41,77,43,73,12,
117	11	13	2.221	11,91,20,92,66,61,70,39,63,77,76,69,80,73,99,13,
117	11	14	2.248	11,91,20,82,84,80,69,76,77,63,39,34,50,89,21,14,
117	11	15	2.343	11,91,20,82,84,80,69,76,77,63,39,70,55,34,50,31,44,51,15,
117	12	13	2.343	12,80,69,76,77,63,39,34,50,89,41,58,43,73,99,13,
117	12	14	2.224	12,73,69,76,77,63,39,61,70,55,34,50,89,21,14,
117	12	15	2.003	12,99,73,80,69,76,77,63,39,34,50,31,44,51,15,
117	13	14	2.18	13,99,73,43,58,77,63,39,61,70,55,34,89,21,14,
117	13	15	1.954	13,99,73,80,69,76,77,63,39,34,50,31,44,51,15,
117	14	15	2.094	14,21,41,63,39,61,70,55,34,89,50,31,44,51,15,
