352	0	1	2.072	0,52,23,41,17,40,35,86,21,25,89,43,83,79,1,
352	0	2	1.703	0,52,23,41,17,40,35,86,21,89,25,28,73,79,83,2,
352	0	3	2.045	0,52,23,41,17,40,35,86,21,89,25,79,83,43,33,62,3,
352	0	4	2.258	0,52,23,41,17,40,35,86,21,89,25,79,83,43,33,62,53,4,
352	0	5	2.52	0,52,23,41,17,40,35,96,45,26,54,20,59,36,32,72,44,19,63,5,
352	0	6	2.45	0,52,23,28,25,89,21,86,96,45,26,54,47,50,20,59,36,32,72,44,6,
352	0	7	2.627	0,52,23,28,25,89,21,86,96,45,26,54,50,47,84,90,61,36,32,72,44,7,
352	0	8	2.502	0,52,23,28,25,89,21,86,96,45,26,54,50,47,84,31,42,55,95,97,56,8,
352	0	9	2.573	0,52,23,28,25,89,21,35,40,71,74,69,81,27,77,58,51,76,30,9,
352	0	10	2.493	0,52,23,28,25,89,21,86,35,40,49,74,69,81,27,77,58,51,76,10,
352	0	11	2.377	0,52,23,28,25,89,21,86,35,40,17,57,75,99,38,66,64,67,92,11,
352	0	12	2.162	0,52,23,41,17,40,57,75,99,93,18,91,66,64,67,92,60,12,
352	0	13	1.912	0,52,23,41,17,35,40,75,99,93,91,18,39,24,13,
352	0	14	1.964	0,52,23,28,25,89,21,86,35,40,17,41,68,16,85,14,
352	0	15	1.801	0,52,23,28,25,89,21,86,35,40,17,41,68,16,22,15,
352	1	2	1.909	1,73,25,28,23,41,17,40,35,86,96,21,89,79,83,2,
352	1	3	1.925	1,79,25,28,23,41,17,40,35,86,21,43,33,62,3,
352	1	4	2.054	1,73,25,28,23,41,17,40,35,86,21,43,33,62,53,4,
352	1	5	2.194	1,73,28,25,89,21,86,96,45,26,20,59,36,32,19,63,5,
352	1	6	2.341	1,73,28,25,89,21,86,96,45,26,54,50,47,84,90,61,36,72,44,6,
352	1	7	2.467	1,73,28,25,89,21,86,96,45,26,54,50,47,84,90,61,36,32,72,44,7,
352	1	8	2.352	1,73,28,25,89,21,86,96,45,26,54,50,47,84,90,42,55,95,97,56,8,
352	1	9	2.546	1,73,28,25,89,21,86,96,45,26,54,50,47,84,31,42,55,95,97,37,9,
352	1	10	2.569	1,73,28,25,21,86,35,40,57,75,49,74,69,81,27,77,58,34,51,76,10,
352	1	11	2.408	1,73,28,25,89,21,86,35,40,17,57,75,99,93,91,66,64,67,92,60,11,
352	1	12	2.178	1,73,28,25,89,21,86,35,40,17,57,75,99,38,66,64,67,92,60,12,
352	1	13	2.05	1,73,28,25,89,21,86,35,40,17,57,75,99,93,91,18,39,24,13,
352	1	14	1.933	1,73,28,25,89,21,86,35,40,17,57,75,99,93,85,14,
352	1	15	1.877	1,73,28,25,89,21,35,40,17,41,23,52,68,16,22,15,
352	2	3	1.94	2,83,79,89,25,28,41,17,40,35,21,43,33,62,3,
352	2	4	2.076	2,83,79,25,28,23,41,17,40,35,96,33,62,53,4,
352	2	5	2.261	2,83,79,89,21,96,45,26,54,20,59,36,32,19,63,5,
352	2	6	2.29	2,83,79,73,28,25,89,21,86,96,45,26,54,20,59,36,72,44,6,
352	2	7	2.421	2,83,79,73,25,89,21,86,96,45,26,54,50,47,84,90,61,82,7,
352	2	8	2.368	2,83,79,89,21,86,96,45,26,54,50,47,84,31,42,55,95,97,56,8,
352	2	9	2.572	2,83,79,89,21,86,96,45,26,54,50,47,84,31,42,55,95,97,37,9,
352	2	10	2.553	2,83,79,25,89,21,86,35,40,71,74,69,81,27,77,58,34,51,76,10,
352	2	11	2.512	2,83,79,25,89,21,86,35,40,17,41,57,75,99,38,66,64,67,92,60,11,
352	2	12	2.326	2,83,79,89,21,86,35,40,57,75,99,93,18,91,66,64,67,92,60,12,
352	2	13	2.174	2,83,79,25,89,21,86,35,40,17,57,75,99,93,91,18,39,24,13,
352	2	14	2.12	2,83,89,21,86,35,40,57,75,99,93,91,18,39,24,80,14,
352	2	15	2.136	2,79,73,28,25,89,21,86,35,40,17,41,23,52,68,16,22,15,
352	3	4	2.357	3,43,21,25,28,23,41,17,40,35,96,33,62,53,4,
352	3	5	2.233	3,62,33,53,78,26,54,20,59,36,32,72,44,19,63,5,
352	3	6	2.08	3,62,33,78,45,26,54,47,50,20,59,36,32,72,44,6,
352	3	7	2.429	3,62,33,78,48,59,20,54,50,47,84,90,61,36,32,72,44,7,
352	3	8	2.426	3,62,33,78,48,59,20,54,50,47,84,90,61,82,55,95,97,56,8,
352	3	9	2.63	3,62,33,78,48,59,20,54,50,47,84,90,61,82,55,95,97,37,9,
352	3	10	2.836	3,62,33,53,98,48,59,20,54,50,47,84,90,42,31,34,58,51,76,10,
352	3	11	2.642	3,62,33,43,21,86,35,40,17,57,75,99,93,91,66,64,67,92,60,11,
352	3	12	2.499	3,62,33,43,89,21,86,35,40,17,57,75,99,38,66,64,67,92,60,12,
352	3	13	2.459	3,43,83,79,25,89,21,86,35,40,57,75,99,93,91,18,39,24,13,
352	3	14	2.502	3,62,33,43,89,21,86,35,40,57,75,99,38,91,18,39,24,80,14,
352	3	15	2.364	3,62,33,43,83,79,73,25,89,21,86,35,40,17,41,68,16,22,15,
352	4	5	2.15	4,98,78,26,54,47,50,20,59,36,32,72,44,19,63,5,
352	4	6	2.008	4,98,48,20,59,50,47,84,90,61,36,32,72,44,6,
352	4	7	2.076	4,98,48,59,20,54,50,47,84,31,42,90,61,82,7,
352	4	8	2.266	4,98,48,20,59,50,47,84,31,42,90,61,82,55,95,97,56,8,
352	4	9	2.47	4,98,48,20,59,50,47,84,31,42,90,61,82,55,95,97,37,9,
352	4	10	2.658	4,98,78,48,20,59,36,61,90,50,47,84,27,77,58,34,51,76,10,
352	4	11	2.737	4,53,33,62,43,21,86,35,40,17,57,75,99,38,66,64,67,92,60,11,
352	4	12	2.617	4,53,33,62,43,21,86,35,40,17,57,75,99,38,66,64,67,92,60,12,
352	4	13	2.561	4,53,33,62,43,21,86,35,40,17,41,57,75,99,93,91,18,24,13,
352	4	14	2.597	4,53,33,62,43,21,86,35,40,57,75,99,93,91,18,39,24,80,14,
352	4	15	2.451	4,53,33,62,43,83,79,25,89,21,86,35,40,17,41,68,16,22,15,
352	5	6	1.9	5,63,48,20,59,50,47,84,90,61,36,32,72,44,6,
352	5	7	1.905	5,63,19,44,72,32,36,59,20,50,47,84,90,61,82,7,
352	5	8	1.791	5,63,19,44,72,32,36,82,61,90,42,55,95,97,56,8,
352	5	9	2.242	5,63,19,44,32,36,59,20,50,47,84,90,42,55,95,97,37,9,
352	5	10	2.525	5,63,19,44,72,32,36,59,20,54,50,47,84,27,77,58,34,51,76,30,10,
352	5	11	2.644	5,63,19,44,32,36,59,20,54,47,50,84,27,77,58,34,51,76,65,11,
352	5	12	2.444	5,63,19,32,36,59,20,50,47,84,27,77,70,46,66,64,67,92,60,12,
352	5	13	2.448	5,63,19,32,36,59,20,50,47,84,27,77,70,46,38,91,18,39,24,13,
352	5	14	2.526	5,63,48,20,59,50,47,84,27,77,70,46,38,91,18,39,24,80,14,
352	5	15	2.568	5,63,19,32,36,59,20,50,47,84,27,81,69,74,49,75,57,16,22,15,
352	6	7	1.748	6,44,32,36,59,20,50,47,84,31,42,90,61,82,7,
352	6	8	1.64	6,44,32,36,59,20,50,47,84,90,42,55,95,56,8,
352	6	9	2.054	6,44,72,32,36,59,20,54,50,47,84,31,42,55,95,97,37,9,
352	6	10	2.23	6,19,44,72,32,36,59,20,54,47,50,84,90,42,31,34,51,76,10,
352	6	11	2.438	6,44,32,36,59,20,54,50,47,84,27,77,70,46,66,64,67,92,60,11,
352	6	12	2.427	6,44,32,36,59,20,54,50,47,84,27,77,70,46,38,66,64,67,92,60,12,
352	6	13	2.311	6,44,72,36,59,20,54,50,47,84,27,77,70,46,38,91,18,39,24,13,
352	6	14	2.39	6,44,72,36,59,20,50,47,84,27,77,70,46,38,91,18,39,24,80,14,
352	6	15	2.442	6,44,32,36,59,20,54,50,47,84,27,81,69,74,49,75,57,16,22,15,
352	7	8	1.715	7,44,32,36,59,20,50,47,84,90,42,55,95,56,8,
352	7	9	1.935	7,72,36,59,20,50,47,84,90,42,55,95,97,37,9,
352	7	10	2.067	7,44,32,36,59,20,54,50,47,84,27,77,58,34,51,76,10,
352	7	11	2.306	7,44,72,36,59,20,50,47,84,27,77,58,34,51,76,65,11,
352	7	12	2.348	7,44,32,36,59,20,54,50,47,84,27,77,70,46,64,67,92,60,12,
352	7	13	2.437	7,44,72,32,36,59,20,54,50,47,84,27,77,70,46,38,91,18,39,24,13,
352	7	14	2.516	7,44,72,32,36,59,20,50,47,84,27,77,70,46,38,91,18,39,24,80,14,
352	7	15	2.585	7,44,72,32,36,59,20,50,47,84,27,77,70,81,69,74,49,75,57,16,22,15,
352	8	9	1.821	8,56,97,95,55,82,61,90,42,31,34,51,76,30,37,9,
352	8	10	1.874	8,56,97,95,55,42,90,50,47,27,77,58,51,76,10,
352	8	11	1.986	8,56,97,95,55,82,61,90,42,31,34,51,76,65,11,
352	8	12	2.201	8,56,95,55,42,90,50,47,84,27,77,70,46,66,64,67,92,60,12,
352	8	13	2.282	8,56,97,95,55,42,90,50,47,84,27,77,70,46,38,91,18,24,13,
352	8	14	2.369	8,56,95,55,42,90,50,47,84,27,77,70,46,38,91,18,39,24,80,14,
352	8	15	2.501	8,56,97,95,55,42,90,50,47,84,27,77,70,81,69,74,49,75,57,16,15,
352	9	10	2.034	9,37,97,95,55,90,50,47,84,27,77,58,51,76,10,
352	9	11	2.19	9,37,97,95,55,82,61,90,42,31,34,51,76,65,11,
352	9	12	2.389	9,97,95,55,90,50,47,84,27,77,70,46,66,64,67,92,60,12,
352	9	13	2.425	9,30,76,51,58,77,27,81,69,74,49,75,57,99,93,91,18,39,24,13,
352	9	14	2.506	9,37,34,58,77,27,81,69,74,49,75,57,99,93,91,18,39,24,80,14,
352	9	15	2.594	9,37,97,95,55,90,50,47,84,77,27,81,69,74,49,75,57,16,22,15,
352	10	11	2.273	10,76,51,34,31,42,90,50,47,84,27,77,58,65,11,
352	10	12	2.196	10,76,51,65,88,92,67,64,66,38,91,18,39,24,87,12,
352	10	13	2.11	10,76,51,65,88,67,92,60,64,66,38,91,18,39,24,13,
352	10	14	2.449	10,76,51,58,77,27,81,69,74,49,75,99,93,91,18,39,24,80,14,
352	10	15	2.665	10,76,51,34,31,42,90,50,47,84,27,81,69,74,49,75,57,16,22,15,
352	11	12	2.218	11,60,92,67,64,66,38,99,75,57,93,91,18,24,87,12,
352	11	13	2.021	11,60,92,67,64,66,38,99,75,57,93,91,18,39,24,13,
352	11	14	2.104	11,92,67,64,66,38,99,75,57,93,91,18,39,24,80,14,
352	11	15	2.578	11,92,67,64,66,38,99,75,57,17,40,35,86,21,89,25,28,23,52,15,
352	12	13	1.901	12,60,92,67,64,66,38,99,75,57,93,91,18,39,24,13,
352	12	14	2.047	12,60,92,67,64,66,38,99,75,57,93,91,18,24,80,14,
352	12	15	2.283	12,60,92,67,64,66,38,99,75,57,40,35,17,41,68,16,22,15,
352	13	14	2.055	13,24,39,18,91,38,29,81,69,74,49,75,57,99,93,85,14,
352	13	15	2.057	13,24,39,18,91,93,99,75,57,40,17,41,68,16,22,15,
352	14	15	2.096	14,80,24,39,18,91,38,29,81,69,74,49,75,57,16,22,15,
