283	0	1	1.558	0,21,46,37,91,65,64,98,94,29,87,44,97,61,1,
283	0	2	1.685	0,21,46,37,91,65,64,94,29,87,44,97,61,58,2,
283	0	3	1.894	0,21,46,37,98,94,29,87,44,97,61,58,49,57,77,3,
283	0	4	2.219	0,21,46,37,91,65,64,98,94,29,63,89,76,60,50,53,78,33,4,
283	0	5	2.359	0,21,46,37,98,94,29,87,44,97,61,40,60,50,53,31,85,62,5,
283	0	6	2.493	0,21,46,37,91,65,64,94,29,63,89,76,45,17,20,66,92,95,81,82,6,
283	0	7	2.52	0,21,46,37,98,94,29,63,89,76,45,17,20,66,92,95,81,82,90,7,
283	0	8	2.421	0,21,46,37,91,65,64,16,96,86,19,26,75,99,51,68,35,38,27,8,
283	0	9	2.289	0,21,46,37,91,65,64,96,86,19,26,75,99,51,72,18,34,79,9,
283	0	10	2.264	0,21,46,37,91,65,64,16,96,86,19,26,75,99,51,72,43,18,34,10,
283	0	11	2.292	0,21,46,37,91,65,64,98,94,16,96,86,19,26,22,70,32,28,48,11,
283	0	12	2.087	0,21,46,37,98,91,65,64,16,96,86,19,26,22,70,28,48,54,12,
283	0	13	2.012	0,44,87,29,94,98,37,46,21,91,65,64,16,96,59,42,25,13,
283	0	14	1.906	0,44,87,29,94,98,37,46,21,91,65,64,16,96,59,14,
283	0	15	1.898	0,1,61,97,44,87,29,94,98,64,65,91,37,46,21,15,
283	1	2	1.97	1,44,87,37,46,21,91,65,64,94,29,97,61,58,2,
283	1	3	2.066	1,61,97,44,87,29,89,76,60,50,53,78,24,83,77,3,
283	1	4	2.178	1,61,97,44,87,94,29,63,89,76,60,50,53,78,33,4,
283	1	5	2.461	1,61,97,44,87,94,29,63,89,76,45,17,20,66,92,41,85,62,5,
283	1	6	2.661	1,61,97,44,87,94,29,63,89,76,45,17,55,20,66,92,95,81,67,6,
283	1	7	2.744	1,61,97,44,87,94,29,63,89,76,45,17,20,66,92,81,95,74,71,7,
283	1	8	2.7	1,61,97,44,87,29,94,16,96,86,19,26,75,99,51,68,35,38,27,8,
283	1	9	2.506	1,61,97,29,94,16,96,86,19,26,75,99,51,72,43,18,34,79,9,
283	1	10	2.591	1,61,97,44,87,29,94,64,16,96,86,19,26,75,99,51,72,18,34,10,
283	1	11	2.462	1,61,97,44,87,37,46,21,91,65,64,16,96,86,19,26,22,70,28,11,
283	1	12	2.325	1,61,97,44,87,29,94,64,16,96,86,19,22,70,32,28,48,54,12,
283	1	13	2.178	1,58,61,97,44,87,29,94,98,37,46,21,91,65,64,59,42,25,13,
283	1	14	2.13	1,61,97,44,87,29,94,98,37,46,21,91,65,64,16,96,59,14,
283	1	15	1.508	1,61,97,44,87,29,94,98,64,65,91,37,46,21,15,
283	2	3	2.233	2,58,40,61,97,44,87,29,63,89,76,60,50,57,77,3,
283	2	4	2.316	2,58,61,97,44,87,29,63,89,76,60,50,53,24,33,4,
283	2	5	2.261	2,49,57,77,83,24,78,33,69,85,62,41,92,95,81,67,5,
283	2	6	2.411	2,49,57,77,83,24,78,33,69,62,85,41,93,20,66,92,95,81,67,6,
283	2	7	2.689	2,49,57,77,83,24,78,31,85,62,41,93,20,66,92,95,81,67,82,90,7,
283	2	8	2.542	2,49,57,77,83,24,78,53,31,41,85,62,67,81,95,74,71,39,27,8,
283	2	9	2.571	2,49,57,83,24,78,31,85,62,41,81,95,74,71,39,27,38,35,9,
283	2	10	2.685	2,58,61,97,44,87,29,94,16,96,86,19,26,75,99,51,72,18,34,10,
283	2	11	2.565	2,58,61,97,44,87,37,46,21,91,65,64,16,96,86,19,22,32,28,11,
283	2	12	2.528	2,58,61,97,44,87,29,94,64,16,96,86,19,22,70,32,28,48,54,12,
283	2	13	2.361	2,58,40,61,97,44,87,29,94,98,37,46,21,91,65,64,59,42,25,13,
283	2	14	2.255	2,58,40,61,97,44,87,29,94,98,37,46,21,91,65,64,59,14,
283	2	15	2.192	2,49,50,60,40,61,97,44,87,29,94,16,64,65,91,37,46,21,15,
283	3	4	2.231	3,77,83,24,78,31,85,41,93,20,66,95,81,62,69,4,
283	3	5	2.02	3,57,83,24,78,53,31,85,62,41,93,92,95,81,67,5,
283	3	6	2.088	3,77,57,83,24,78,53,31,85,62,41,93,20,66,92,95,81,67,6,
283	3	7	2.337	3,77,57,83,24,78,31,85,62,41,93,20,66,92,95,81,67,82,90,7,
283	3	8	2.326	3,77,57,83,24,78,53,31,69,62,85,41,81,95,74,71,39,27,38,8,
283	3	9	2.377	3,77,57,83,24,78,53,31,85,62,41,81,95,74,71,39,27,38,35,9,
283	3	10	2.612	3,77,83,24,78,31,85,62,41,93,20,55,23,73,99,51,72,43,18,34,10,
283	3	11	2.687	3,77,83,24,78,31,85,62,41,93,20,55,23,73,99,51,72,43,84,52,11,
283	3	12	2.609	3,77,83,24,78,53,50,60,76,45,47,88,30,26,22,70,32,28,48,54,12,
283	3	13	2.493	3,77,57,49,58,40,61,97,44,87,37,46,21,91,65,64,59,42,25,13,
283	3	14	2.341	3,77,83,24,78,53,50,60,40,61,97,44,87,29,94,64,65,91,14,
283	3	15	2.136	3,77,83,24,78,53,50,60,76,89,63,29,94,64,65,91,37,46,21,15,
283	4	5	2.15	4,33,24,78,53,31,85,62,41,93,20,66,95,81,67,5,
283	4	6	1.915	4,69,31,85,62,41,93,20,66,92,81,95,74,90,82,6,
283	4	7	2.4	4,33,24,78,53,31,85,62,41,93,20,66,92,81,95,74,82,90,7,
283	4	8	2.525	4,33,24,78,53,31,85,62,41,93,20,66,92,81,95,74,71,39,27,8,
283	4	9	2.599	4,33,69,62,85,41,93,92,66,20,55,23,73,99,51,72,43,18,34,79,9,
283	4	10	2.536	4,69,62,85,41,93,92,66,20,55,23,73,99,51,72,43,18,34,79,10,
283	4	11	2.664	4,69,62,85,41,81,95,74,71,39,27,38,35,68,34,18,43,52,11,
283	4	12	2.726	4,69,62,85,41,93,17,47,88,30,86,19,26,22,70,32,28,48,54,12,
283	4	13	2.599	4,33,78,53,50,60,40,97,44,87,37,46,21,91,65,64,59,42,25,13,
283	4	14	2.6	4,33,24,78,53,50,60,40,61,97,44,87,29,94,98,37,46,21,91,65,14,
283	4	15	2.354	4,33,24,78,53,50,60,40,61,97,44,87,29,94,64,65,91,37,46,21,15,
283	5	6	1.996	5,62,85,31,41,93,20,66,92,81,95,74,90,82,67,6,
283	5	7	2.036	5,62,85,41,93,20,66,92,95,81,67,82,90,74,71,7,
283	5	8	1.995	5,62,85,41,93,20,66,92,81,95,74,71,39,38,27,8,
283	5	9	2.481	5,69,62,85,41,93,92,66,20,55,23,73,99,51,72,43,18,34,79,9,
283	5	10	2.406	5,62,85,41,81,95,74,71,39,27,38,35,68,72,43,18,34,10,
283	5	11	2.503	5,62,85,41,81,95,74,71,39,27,38,35,68,34,18,43,84,52,11,
283	5	12	2.63	5,62,85,41,93,20,17,47,88,30,86,19,26,22,70,32,28,48,54,12,
283	5	13	2.726	5,62,85,41,92,66,20,17,47,88,30,86,19,26,22,70,32,36,25,13,
283	5	14	2.596	5,62,85,41,93,20,17,45,76,89,63,29,94,98,37,46,21,91,65,14,
283	5	15	2.419	5,62,85,41,93,20,17,45,76,89,63,29,94,16,64,65,91,37,46,21,15,
283	6	7	2.111	6,82,90,74,95,81,62,85,41,92,93,20,66,56,71,7,
283	6	8	2.069	6,82,90,74,95,81,62,85,41,92,66,56,39,38,27,8,
283	6	9	2.259	6,82,81,95,92,66,20,55,23,73,99,51,72,43,18,34,79,9,
283	6	10	2.277	6,82,81,95,92,66,20,55,23,73,99,51,72,43,18,34,79,10,
283	6	11	2.467	6,90,82,67,81,95,74,71,39,27,38,35,68,34,18,43,84,52,11,
283	6	12	2.542	6,67,81,95,74,71,39,27,38,35,68,34,18,43,84,52,28,48,54,12,
283	6	13	2.663	6,82,95,81,62,85,41,92,66,20,17,47,88,30,86,19,80,25,13,
283	6	14	2.618	6,67,81,95,66,20,17,45,76,89,63,29,94,98,37,46,21,91,65,14,
283	6	15	2.407	6,67,81,95,92,66,20,17,45,76,89,63,29,94,64,65,91,37,46,21,15,
283	7	8	2.202	7,90,82,67,62,85,31,41,81,95,74,71,39,38,27,8,
283	7	9	2.164	7,90,82,81,95,74,71,39,38,35,68,18,34,79,9,
283	7	10	2.38	7,90,82,81,95,74,71,39,27,38,35,68,34,18,72,43,10,
283	7	11	2.525	7,90,82,81,95,74,71,39,27,38,35,68,34,18,72,84,52,11,
283	7	12	2.744	7,90,82,81,95,74,71,39,27,38,35,68,34,18,43,84,28,48,54,12,
283	7	13	2.763	7,90,82,67,81,95,92,66,93,20,17,47,88,30,86,19,80,25,13,
283	7	14	2.746	7,90,82,81,95,92,66,20,17,45,76,89,63,29,94,98,64,65,91,14,
283	7	15	2.613	7,90,82,81,95,66,20,17,45,76,89,63,29,94,64,65,91,37,46,21,15,
283	8	9	2.313	8,27,38,35,68,51,99,75,22,70,84,43,18,34,79,9,
283	8	10	2.327	8,27,38,35,68,79,34,18,43,72,84,70,32,28,52,10,
283	8	11	2.475	8,27,38,35,68,79,34,18,43,72,51,99,75,22,70,32,28,48,11,
283	8	12	2.473	8,27,38,35,68,79,34,18,43,72,51,99,75,22,70,32,28,48,54,12,
283	8	13	2.523	8,27,38,35,68,79,34,18,43,72,51,99,75,26,86,19,80,25,13,
283	8	14	2.594	8,27,38,35,68,79,34,18,43,72,51,99,75,26,19,80,42,59,14,
283	8	15	2.476	8,27,38,35,68,51,99,75,26,19,86,96,16,64,65,91,98,37,46,21,15,
283	9	10	2.232	9,79,34,18,43,72,51,99,75,26,22,70,32,28,52,10,
283	9	11	2.123	9,79,34,18,43,72,51,99,75,26,22,70,32,36,48,11,
283	9	12	2.476	9,79,34,18,43,72,51,99,75,26,86,19,22,70,32,36,28,48,54,12,
283	9	13	2.559	9,79,34,18,43,72,84,52,28,32,70,22,26,86,19,80,59,42,25,13,
283	9	14	2.545	9,79,34,18,43,84,52,28,32,70,22,26,19,86,96,16,64,65,91,14,
283	9	15	2.244	9,79,34,18,72,51,99,75,26,19,86,96,16,64,65,91,37,46,21,15,
283	10	11	2.141	10,79,34,18,43,72,51,99,75,26,22,70,32,36,48,11,
283	10	12	2.046	10,79,34,18,43,72,51,99,75,26,22,70,32,28,48,54,12,
283	10	13	2.103	10,79,34,18,43,84,52,28,32,70,22,26,19,80,25,13,
283	10	14	2.345	10,79,34,18,43,72,51,99,75,26,19,86,96,16,64,65,91,14,
283	10	15	2.318	10,79,34,18,43,72,51,99,75,26,19,86,96,64,65,91,37,46,21,15,
283	11	12	2.17	11,52,84,43,72,51,99,75,26,19,22,70,32,28,48,54,12,
283	11	13	2.263	11,48,28,32,70,22,26,19,86,96,16,64,65,59,42,25,13,
283	11	14	2.188	11,48,28,32,70,22,26,19,86,96,16,94,64,65,91,14,
283	11	15	1.83	11,28,32,70,22,19,86,96,16,64,65,91,37,46,21,15,
283	12	13	2.179	12,54,48,28,32,70,22,19,86,96,16,64,65,59,42,25,13,
283	12	14	2.131	12,54,48,28,32,22,26,19,86,96,16,94,64,65,91,14,
283	12	15	1.816	12,36,32,70,22,19,86,96,16,64,65,91,37,46,21,15,
283	13	14	2.199	13,25,42,59,64,16,94,29,97,44,87,37,46,21,91,14,
283	13	15	1.846	13,25,42,59,65,91,98,94,29,97,44,87,37,46,21,15,
283	14	15	1.732	14,91,65,64,16,96,94,29,97,44,87,37,46,21,15,
