569	0	1	1.641	0,63,84,94,62,85,56,97,66,88,83,77,21,16,92,1,
569	0	2	1.745	0,63,94,84,43,85,62,41,21,16,92,59,89,69,46,39,2,
569	0	3	2.161	0,63,94,84,85,56,97,66,88,83,77,21,16,92,59,89,69,46,39,3,
569	0	4	2.397	0,63,94,84,43,85,62,41,77,21,16,92,59,89,69,39,3,70,22,64,4,
569	0	5	2.554	0,63,84,94,41,21,16,92,59,46,69,89,39,3,70,22,64,67,26,33,19,5,
569	0	6	2.764	0,63,84,94,62,88,66,56,97,81,54,17,74,52,99,57,75,93,78,55,6,
569	0	7	2.718	0,63,94,84,85,62,88,66,56,97,81,54,17,74,52,99,78,55,29,18,7,
569	0	8	2.835	0,63,84,94,62,88,66,56,97,54,81,96,27,24,53,79,48,49,71,8,
569	0	9	2.6	0,63,84,94,62,88,66,56,97,54,81,96,27,24,53,31,79,48,49,9,
569	0	10	2.511	0,63,84,94,62,83,88,66,56,97,54,81,96,27,24,53,31,79,10,
569	0	11	2.469	0,63,94,84,85,62,83,88,66,56,97,47,34,65,80,36,23,44,11,
569	0	12	2.272	0,63,84,94,62,88,66,56,97,54,81,47,34,65,80,36,61,72,12,
569	0	13	1.994	0,63,84,94,62,88,66,56,97,98,76,58,82,68,35,13,
569	0	14	1.978	0,63,84,94,62,83,88,66,56,97,98,76,58,50,30,14,
569	0	15	1.903	0,63,84,94,62,88,66,56,97,98,76,58,50,30,60,15,
569	1	2	1.737	1,92,16,21,41,62,88,56,97,66,83,46,69,89,39,2,
569	1	3	2.041	1,92,16,21,41,62,85,56,97,66,88,83,77,46,69,89,39,3,
569	1	4	2.198	1,92,16,21,41,62,85,56,97,66,88,83,45,40,38,26,67,4,
569	1	5	2.364	1,92,16,21,77,83,88,66,56,97,54,81,17,74,37,33,19,5,
569	1	6	2.458	1,92,16,21,77,83,88,66,56,97,54,17,74,52,99,57,75,93,6,
569	1	7	2.621	1,92,16,21,77,83,88,66,56,97,54,81,73,25,28,52,99,78,55,29,18,7,
569	1	8	2.603	1,92,16,21,77,83,88,66,56,97,54,81,73,25,28,52,99,95,51,8,
569	1	9	2.46	1,92,16,21,77,83,88,66,56,97,54,81,96,27,24,53,79,48,49,9,
569	1	10	2.486	1,92,16,21,41,62,83,88,66,56,97,54,81,96,27,24,53,31,79,10,
569	1	11	2.458	1,92,16,21,77,83,88,66,56,97,47,34,65,80,36,61,72,12,23,44,11,
569	1	12	2.174	1,92,16,21,77,83,88,56,97,54,81,47,34,65,80,36,61,72,12,
569	1	13	2.196	1,92,16,21,77,83,88,56,97,47,34,65,80,36,72,61,35,13,
569	1	14	2.061	1,92,16,21,77,83,88,66,97,56,85,94,84,43,76,58,50,14,
569	1	15	1.745	1,92,16,21,77,83,66,97,56,85,84,94,63,43,60,15,
569	2	3	1.963	2,89,69,46,59,92,16,21,77,83,45,40,38,64,22,70,3,
569	2	4	2.044	2,89,69,46,59,92,16,21,77,83,45,40,38,64,22,70,4,
569	2	5	2.124	2,89,69,46,39,3,70,22,64,67,26,37,32,75,33,19,5,
569	2	6	2.625	2,89,69,46,59,92,16,21,77,83,88,56,97,54,17,74,32,75,93,6,
569	2	7	2.672	2,89,69,59,92,16,21,77,83,88,66,56,97,54,17,74,52,99,95,18,7,
569	2	8	2.832	2,89,69,59,92,16,21,77,83,88,66,56,97,54,17,74,52,99,95,51,8,
569	2	9	2.579	2,59,92,16,21,77,83,88,66,56,97,54,81,73,25,87,86,90,48,49,9,
569	2	10	2.553	2,89,69,59,92,16,21,77,83,88,56,97,54,81,96,27,24,53,79,10,
569	2	11	2.485	2,89,69,59,92,16,21,77,83,88,56,97,47,34,65,80,36,23,44,11,
569	2	12	2.412	2,89,69,59,92,16,21,77,83,88,66,56,97,47,34,65,80,36,61,72,12,
569	2	13	2.338	2,89,69,46,59,92,16,21,41,62,94,84,43,60,30,50,58,82,68,35,13,
569	2	14	2.152	2,89,69,59,92,16,21,77,83,88,66,56,97,98,76,58,50,30,14,
569	2	15	1.791	2,89,69,46,59,92,16,21,77,41,62,94,84,63,43,60,15,
569	3	4	2.221	3,39,89,69,46,59,92,16,21,77,83,45,40,64,22,70,4,
569	3	5	2.27	3,70,22,64,67,26,37,32,52,99,57,93,75,33,19,5,
569	3	6	2.02	3,70,22,64,67,26,37,32,52,99,57,75,93,78,55,6,
569	3	7	2.588	3,70,22,64,67,26,37,32,74,28,52,99,57,75,93,78,55,29,18,7,
569	3	8	2.848	3,70,22,64,67,26,37,32,57,99,52,28,25,73,87,86,90,48,49,71,8,
569	3	9	2.591	3,70,22,64,67,26,37,32,75,57,99,52,28,25,73,87,86,90,48,49,9,
569	3	10	2.562	3,70,22,64,67,26,33,75,57,99,52,28,25,73,96,27,24,53,79,10,
569	3	11	2.578	3,70,22,64,67,26,37,32,52,28,25,73,96,27,24,53,31,23,44,11,
569	3	12	2.498	3,39,89,69,46,83,88,56,97,54,81,47,34,65,80,36,61,72,12,
569	3	13	2.488	3,39,89,69,46,59,92,16,21,77,83,88,66,56,97,98,76,82,35,13,
569	3	14	2.359	3,39,89,69,46,59,92,16,21,77,83,88,66,56,97,98,76,58,50,14,
569	3	15	2.262	3,39,89,69,46,59,92,16,21,77,83,66,97,56,85,84,94,63,15,
569	4	5	2.351	4,70,22,64,67,26,37,32,52,99,57,93,75,33,19,5,
569	4	6	2.101	4,70,22,64,67,26,37,32,52,99,57,75,93,78,55,6,
569	4	7	2.062	4,70,22,64,67,26,33,37,32,75,57,93,78,55,29,18,7,
569	4	8	2.548	4,19,33,75,57,99,52,28,25,73,87,86,90,48,49,71,8,
569	4	9	2.685	4,67,26,33,75,57,99,52,28,25,73,96,27,24,53,42,86,90,48,9,
569	4	10	2.764	4,70,64,67,26,37,32,75,57,99,52,28,25,73,96,27,24,53,79,10,
569	4	11	2.81	4,70,22,64,67,26,37,32,75,57,99,52,28,25,73,27,24,53,23,44,11,
569	4	12	2.615	4,70,22,64,67,26,37,32,74,17,54,81,47,34,65,80,36,61,72,12,
569	4	13	2.763	4,64,22,70,3,39,89,69,46,59,92,16,21,41,62,94,84,43,58,82,35,13,
569	4	14	2.62	4,64,22,70,3,39,89,69,46,59,92,16,21,41,62,94,84,43,60,30,50,14,
569	4	15	2.445	4,64,22,70,3,39,89,69,46,59,92,16,21,77,62,94,84,63,43,60,15,
569	5	6	2.415	5,19,4,70,22,64,67,26,37,32,52,99,57,93,78,55,6,
569	5	7	2.202	5,19,67,26,37,32,52,99,57,75,93,78,55,29,18,7,
569	5	8	2.466	5,19,33,75,57,99,52,28,25,73,87,86,90,48,49,71,8,
569	5	9	2.471	5,19,33,75,57,99,52,28,25,73,96,27,24,53,79,48,49,9,
569	5	10	2.639	5,19,33,75,57,99,52,28,25,73,96,27,24,53,42,86,90,49,48,10,
569	5	11	2.741	5,19,33,37,32,75,57,99,52,28,25,73,96,27,24,53,31,23,44,11,
569	5	12	2.646	5,19,33,75,57,99,52,74,17,54,81,47,34,65,80,36,61,72,12,
569	5	13	2.733	5,19,33,32,37,74,17,54,81,47,34,65,80,36,72,61,68,35,13,
569	5	14	2.761	5,75,57,99,52,28,25,73,96,27,24,65,34,47,76,58,50,30,14,
569	5	15	2.633	5,19,67,64,22,70,3,39,89,69,46,59,92,16,21,41,62,94,84,43,60,15,
569	6	7	2.321	6,55,78,93,57,75,32,37,74,28,52,99,95,29,18,7,
569	6	8	2.449	6,55,78,99,52,28,25,73,96,27,24,42,86,90,48,49,71,8,
569	6	9	2.191	6,55,78,99,52,28,25,73,27,24,53,31,79,48,49,9,
569	6	10	2.468	6,55,78,99,52,28,25,73,96,27,24,53,42,86,90,49,48,79,10,
569	6	11	2.553	6,55,78,93,57,99,52,28,25,73,96,27,24,53,79,31,23,44,11,
569	6	12	2.675	6,55,78,93,75,57,99,52,28,25,73,27,96,47,34,65,80,36,61,72,12,
569	6	13	2.823	6,93,75,57,99,52,28,25,73,96,27,24,65,47,34,80,36,72,61,35,13,
569	6	14	2.871	6,55,78,93,75,57,99,52,28,25,73,96,27,24,65,34,47,76,58,50,14,
569	6	15	2.871	6,93,75,57,99,52,28,25,73,96,27,24,65,34,47,76,58,50,30,60,15,
569	7	8	2.309	7,18,29,55,78,99,52,28,25,73,87,86,90,48,49,71,8,
569	7	9	2.106	7,18,95,99,52,28,25,73,96,27,24,42,86,90,48,49,9,
569	7	10	2.289	7,18,29,55,78,95,99,52,28,25,73,27,24,53,31,79,10,
569	7	11	2.391	7,18,29,55,78,57,99,52,28,25,73,96,27,24,53,31,23,44,11,
569	7	12	2.464	7,18,95,99,52,28,25,73,96,27,24,65,47,34,80,36,61,72,12,
569	7	13	2.717	7,18,29,55,78,99,52,28,25,73,27,96,47,34,65,80,36,72,61,35,13,
569	7	14	2.768	7,18,29,55,78,99,52,28,25,73,27,24,65,34,47,76,58,50,30,14,
569	7	15	2.765	7,18,95,99,52,74,17,54,81,97,56,66,88,83,62,94,84,43,60,15,
569	8	9	2.294	8,51,95,99,52,28,25,73,27,24,53,42,86,90,49,9,
569	8	10	2.464	8,51,95,99,52,28,25,73,96,27,24,53,42,86,90,49,48,10,
569	8	11	2.503	8,71,49,48,90,86,42,53,24,27,96,47,34,80,36,23,44,11,
569	8	12	2.42	8,71,49,48,79,31,53,24,27,96,47,34,65,80,36,61,72,12,
569	8	13	2.504	8,71,49,48,90,86,42,24,27,96,47,34,65,80,36,72,61,35,13,
569	8	14	2.803	8,51,95,99,52,28,25,73,96,27,24,65,34,47,76,58,50,30,14,
569	8	15	2.736	8,71,49,48,90,86,42,53,24,27,96,65,34,47,76,58,50,30,60,15,
569	9	10	2.198	9,49,48,90,86,42,27,96,47,34,65,24,53,31,79,10,
569	9	11	2.027	9,48,49,90,86,42,27,96,47,34,65,80,36,23,44,11,
569	9	12	2.098	9,49,48,79,31,53,24,27,96,47,34,65,80,36,61,72,12,
569	9	13	2.341	9,49,48,79,53,24,27,96,47,34,65,80,36,72,61,68,35,13,
569	9	14	2.508	9,49,48,79,31,53,24,27,96,65,34,47,76,82,58,50,30,14,
569	9	15	2.582	9,49,48,90,86,42,53,24,27,96,65,34,47,76,82,58,50,30,60,15,
569	10	11	1.982	10,79,31,53,24,27,96,47,34,65,80,36,23,44,11,
569	10	12	1.864	10,79,31,53,24,27,96,47,34,65,80,36,61,72,12,
569	10	13	1.989	10,79,31,53,24,27,96,47,34,65,80,36,61,72,13,
569	10	14	2.131	10,79,31,44,23,80,36,72,61,68,82,58,50,30,14,
569	10	15	2.561	10,79,31,53,24,27,96,65,80,36,72,61,68,82,58,50,30,60,15,
569	11	12	1.875	11,44,23,53,24,27,96,47,34,65,80,36,61,72,12,
569	11	13	1.995	11,31,53,24,27,96,47,34,65,80,36,72,61,35,13,
569	11	14	2.027	11,44,23,36,72,61,80,65,34,47,76,58,50,30,14,
569	11	15	2.522	11,44,23,36,80,65,34,47,97,56,66,88,62,94,63,84,43,60,15,
569	12	13	2.062	12,72,61,36,80,34,47,76,58,30,50,82,68,35,13,
569	12	14	2.133	12,72,61,36,80,65,34,47,97,56,98,76,58,50,14,
569	12	15	2.381	12,72,61,36,80,34,47,81,54,97,56,88,62,94,84,43,60,15,
569	13	14	2.009	13,35,61,72,36,80,65,34,47,76,82,58,50,30,14,
569	13	15	2.003	13,61,72,36,80,65,34,47,76,82,58,50,30,60,15,
569	14	15	2.026	14,30,50,58,76,98,97,56,66,88,62,94,84,43,60,15,
