509	0	1	2.363	0,95,69,60,53,54,91,44,36,16,97,70,21,81,38,1,
509	0	2	2.032	0,95,69,60,53,54,44,36,16,97,70,21,81,38,24,2,
509	0	3	2.205	0,95,69,60,53,54,91,44,36,16,33,70,97,81,21,3,
509	0	4	2.364	0,95,69,60,53,54,44,36,16,97,81,21,70,33,64,52,37,18,4,
509	0	5	2.536	0,95,69,56,97,38,81,21,70,33,64,52,37,18,63,98,82,5,
509	0	6	2.799	0,95,69,56,97,38,81,21,70,33,64,52,37,18,63,98,46,50,80,6,
509	0	7	2.98	0,95,69,26,48,85,62,61,55,86,22,39,66,30,32,59,84,76,29,41,99,7,
509	0	8	2.851	0,71,26,48,62,85,68,87,83,90,49,51,22,39,66,30,32,59,84,29,28,8,
509	0	9	2.728	0,71,26,48,62,85,68,87,83,90,49,51,27,25,45,74,20,43,58,9,
509	0	10	2.539	0,71,26,48,62,85,88,68,87,89,94,83,90,49,51,27,25,45,74,23,96,10,
509	0	11	2.192	0,71,26,48,62,85,68,87,75,73,89,94,83,90,49,51,27,25,45,11,
509	0	12	1.995	0,71,26,48,62,85,68,87,75,73,89,94,83,90,49,51,27,57,12,
509	0	13	1.695	0,95,69,26,61,85,62,48,88,68,87,75,73,89,94,13,
509	0	14	1.984	0,95,69,60,53,55,86,49,90,83,85,62,48,88,68,87,14,
509	0	15	2.156	0,95,69,60,53,55,86,49,90,83,94,89,87,68,88,15,
509	1	2	2.471	1,0,95,69,60,53,54,91,44,36,16,97,70,21,81,24,2,
509	1	3	2.339	1,38,81,21,70,97,56,44,36,16,33,64,52,37,18,4,3,
509	1	4	2.578	1,95,69,60,53,54,44,36,56,97,81,21,70,33,64,52,37,18,4,
509	1	5	2.461	1,2,24,21,81,38,97,70,33,64,52,37,18,63,98,46,50,82,5,
509	1	6	2.538	1,2,24,21,81,38,97,70,33,64,52,37,18,63,98,46,50,42,80,6,
509	1	7	2.517	1,2,24,38,81,21,70,33,64,52,37,18,63,98,46,50,42,99,7,
509	1	8	2.685	1,38,81,21,70,33,64,52,37,18,63,98,50,46,42,41,29,28,8,
509	1	9	2.879	1,95,26,48,62,85,83,90,49,51,27,57,25,45,74,23,20,43,58,9,
509	1	10	2.722	1,69,26,48,62,85,88,68,87,75,73,89,94,57,27,25,45,74,23,96,10,
509	1	11	2.403	1,95,26,48,85,68,87,75,73,89,94,83,90,49,51,27,25,45,11,
509	1	12	2.206	1,95,26,48,85,68,87,75,73,89,94,83,90,49,51,27,57,12,
509	1	13	2.282	1,95,26,48,62,85,88,68,87,83,90,49,51,27,57,94,89,75,73,13,
509	1	14	2.322	1,38,81,21,70,97,16,36,44,60,53,61,62,48,85,88,68,87,14,
509	1	15	2.425	1,38,81,21,70,33,16,36,44,60,53,61,62,48,85,88,15,
509	2	3	2.057	2,24,81,21,70,97,56,44,36,16,33,64,52,37,18,4,3,
509	2	4	1.667	2,24,81,21,70,97,56,44,36,16,33,64,52,37,18,4,
509	2	5	2.072	2,24,21,81,38,97,70,33,64,52,37,18,63,98,46,50,82,5,
509	2	6	1.963	2,24,38,81,21,70,33,64,52,37,18,63,98,46,50,42,80,6,
509	2	7	2.18	2,24,38,81,21,70,33,64,52,37,18,63,98,46,50,42,41,99,7,
509	2	8	2.429	2,24,38,81,21,70,33,64,52,37,18,63,98,46,50,42,41,29,28,8,
509	2	9	2.492	2,24,38,81,21,70,97,16,36,44,91,17,47,66,30,79,43,58,9,
509	2	10	2.538	2,24,38,81,21,70,97,16,36,44,91,17,47,66,30,32,79,43,20,96,10,
509	2	11	2.524	2,24,38,81,21,70,97,56,60,53,55,86,90,49,51,27,57,25,45,11,
509	2	12	2.411	2,24,38,81,21,70,97,56,60,53,55,86,90,49,51,27,57,25,45,12,
509	2	13	2.185	2,24,38,81,21,70,97,56,60,53,55,86,49,90,83,94,89,75,73,13,
509	2	14	1.982	2,24,38,81,21,70,97,56,60,53,61,62,48,85,88,68,87,14,
509	2	15	2.063	2,24,38,81,21,70,97,16,36,44,60,53,61,62,85,48,15,
509	3	4	1.769	3,21,81,38,56,44,36,16,97,70,33,64,52,37,18,4,
509	3	5	1.879	3,24,38,81,21,70,97,33,64,52,37,18,63,98,82,5,
509	3	6	2.107	3,24,81,21,70,97,33,64,52,37,18,63,98,46,50,80,6,
509	3	7	2.325	3,21,81,38,97,70,33,64,52,37,18,63,98,46,50,42,41,99,7,
509	3	8	2.468	3,21,81,97,70,33,64,52,37,18,63,98,50,46,42,41,29,28,8,
509	3	9	2.612	3,64,52,37,18,63,98,46,50,42,41,29,28,76,19,40,58,9,
509	3	10	2.622	3,21,81,70,97,56,44,36,16,78,67,31,47,66,30,92,79,43,20,96,10,
509	3	11	2.685	3,21,81,70,97,56,16,36,44,60,53,55,86,90,49,51,27,57,25,45,11,
509	3	12	2.667	3,21,81,70,97,56,16,36,44,91,54,53,55,86,90,49,51,27,25,45,12,
509	3	13	2.34	3,21,81,70,97,16,36,44,60,53,61,62,48,85,88,68,87,89,75,73,13,
509	3	14	2.368	3,21,81,70,97,56,16,36,44,91,54,53,60,61,62,48,88,68,87,14,
509	3	15	2.189	3,21,81,70,97,56,60,53,61,62,48,85,87,68,88,15,
509	4	5	1.909	4,18,37,52,64,33,70,97,16,65,35,46,50,98,5,
509	4	6	1.907	4,18,37,52,64,21,70,33,65,34,35,46,50,80,6,
509	4	7	2.1	4,18,63,98,46,50,42,72,59,84,76,28,29,41,99,7,
509	4	8	2.445	4,18,37,52,64,33,70,21,81,97,16,78,67,31,59,84,29,28,8,
509	4	9	2.49	4,18,37,52,63,98,46,50,42,72,84,29,28,76,19,40,58,9,
509	4	10	2.451	4,18,37,52,64,33,70,97,16,36,44,91,17,47,66,30,79,20,96,10,
509	4	11	2.652	4,18,37,52,64,33,70,97,56,60,53,55,86,90,49,51,27,57,25,45,11,
509	4	12	2.539	4,18,37,52,64,33,70,97,56,60,53,55,86,90,49,51,27,57,25,45,12,
509	4	13	2.355	4,18,37,52,64,33,70,97,56,60,53,61,62,85,48,88,68,87,75,73,13,
509	4	14	2.368	4,18,37,52,64,33,70,21,81,97,16,36,44,60,53,61,62,48,85,88,68,14,
509	4	15	2.451	4,18,37,52,64,33,70,21,81,97,16,36,44,60,53,61,62,48,85,88,15,
509	5	6	2.178	5,82,98,63,18,37,52,64,65,34,35,46,50,42,80,6,
509	5	7	2.225	5,82,98,50,46,35,77,72,84,59,40,19,76,29,99,7,
509	5	8	2.43	5,82,50,46,35,65,34,31,67,17,47,32,59,84,29,28,8,
509	5	9	2.486	5,82,98,46,50,42,99,41,72,59,84,29,28,76,19,40,58,93,9,
509	5	10	2.433	5,82,98,46,50,42,72,84,29,28,76,19,40,58,93,43,79,20,96,10,
509	5	11	2.588	5,82,98,46,50,42,41,29,28,76,19,40,58,93,43,79,20,23,74,11,
509	5	12	2.676	5,82,98,50,46,35,65,34,78,91,54,55,86,90,49,51,27,57,25,45,12,
509	5	13	2.411	5,82,98,50,46,35,77,31,67,17,22,51,49,90,83,94,89,75,73,13,
509	5	14	2.444	5,82,98,50,46,35,65,34,78,91,54,53,60,61,62,48,85,88,68,87,14,
509	5	15	2.613	5,82,98,50,46,35,65,34,78,91,54,53,61,62,48,85,87,68,88,15,
509	6	7	2.14	6,80,42,50,46,35,77,59,72,84,76,28,29,41,99,7,
509	6	8	2.322	6,80,50,46,35,77,31,67,47,66,30,32,59,84,29,28,8,
509	6	9	2.424	6,80,82,98,46,50,42,72,59,84,29,28,76,19,40,58,93,9,
509	6	10	2.435	6,80,50,46,35,77,59,84,29,28,76,19,40,58,93,43,20,96,10,
509	6	11	2.527	6,80,50,46,42,72,84,29,76,19,40,58,93,43,79,20,23,74,11,
509	6	12	2.691	6,80,50,46,35,77,31,67,17,39,22,86,55,90,49,51,27,57,25,45,12,
509	6	13	2.49	6,80,50,46,35,65,34,78,91,54,53,55,86,49,90,83,94,89,75,73,13,
509	6	14	2.656	6,80,42,50,46,35,34,65,16,36,44,91,54,53,61,62,48,85,88,68,87,14,
509	6	15	2.804	6,80,50,46,35,65,34,31,67,91,54,53,60,61,62,48,85,87,68,88,15,
509	7	8	2.458	7,99,29,28,76,84,59,31,67,17,47,32,40,19,8,
509	7	9	2.112	7,99,41,29,28,76,19,40,58,43,79,20,23,96,93,9,
509	7	10	1.813	7,99,41,72,84,29,76,19,40,58,93,43,79,20,96,10,
509	7	11	2.348	7,99,41,72,59,84,29,28,76,19,40,58,93,43,79,20,96,23,74,11,
509	7	12	2.453	7,99,41,72,84,29,28,76,19,40,58,93,43,79,20,23,74,45,25,12,
509	7	13	2.332	7,99,41,29,76,84,59,32,30,66,39,22,51,49,90,83,94,89,75,73,13,
509	7	14	2.634	7,99,29,28,76,84,59,32,30,66,39,22,51,49,90,83,94,89,73,75,87,68,14,
509	7	15	2.727	7,99,41,72,84,59,32,30,66,39,22,51,49,90,83,94,89,73,75,87,68,88,15,
509	8	9	2.111	8,28,29,72,59,84,76,19,40,58,43,79,20,96,93,9,
509	8	10	1.871	8,28,29,72,59,84,76,19,40,58,93,43,79,20,96,10,
509	8	11	2.212	8,28,29,72,59,84,76,19,40,58,93,43,79,20,96,23,74,11,
509	8	12	2.169	8,28,29,84,76,19,40,58,93,43,79,20,96,23,74,45,25,12,
509	8	13	2.153	8,28,29,76,84,59,32,30,66,39,22,51,49,90,83,94,89,75,73,13,
509	8	14	2.452	8,28,29,76,19,40,32,30,66,39,22,51,49,90,83,94,89,73,75,87,68,14,
509	8	15	2.576	8,28,29,84,59,32,30,66,39,22,51,49,90,83,94,89,73,75,87,68,88,15,
509	9	10	2.182	9,58,40,19,76,84,59,32,47,66,30,92,79,20,96,10,
509	9	11	2.432	9,58,40,32,30,66,39,22,86,55,90,49,51,27,57,25,45,11,
509	9	12	2.382	9,58,43,20,74,45,25,57,27,51,49,90,83,94,89,75,73,13,12,
509	9	13	2.021	9,58,43,20,23,74,45,25,57,27,51,49,90,83,94,89,75,73,13,
509	9	14	2.252	9,58,43,20,23,74,45,25,57,27,51,49,90,83,94,89,75,87,68,14,
509	9	15	2.452	9,58,43,20,23,74,45,25,27,57,94,89,73,75,87,68,85,62,48,15,
509	10	11	2.289	10,96,20,43,79,32,30,66,39,22,51,49,90,57,25,45,11,
509	10	12	2.034	10,96,23,74,45,25,57,27,51,49,90,83,94,89,75,73,13,12,
509	10	13	1.644	10,96,23,74,45,25,57,27,51,49,90,83,94,89,75,73,13,
509	10	14	1.998	10,96,20,23,74,45,25,57,27,51,49,90,83,94,89,73,75,87,68,14,
509	10	15	2.165	10,96,23,74,45,25,57,27,51,49,90,83,94,89,73,75,87,68,88,15,
509	11	12	2.138	11,45,25,27,51,49,90,83,85,62,48,88,68,87,75,73,13,12,
509	11	13	1.748	11,45,25,27,51,49,90,83,85,62,48,88,68,87,75,73,13,
509	11	14	2.001	11,74,45,25,57,27,51,49,90,83,94,89,73,75,87,68,85,48,88,14,
509	11	15	1.92	11,45,25,57,27,51,49,90,83,94,89,73,75,87,68,88,85,62,48,15,
509	12	13	1.635	12,45,25,27,51,49,90,83,85,62,48,88,68,87,75,73,13,
509	12	14	1.51	12,45,25,27,51,49,90,83,94,89,73,75,87,68,88,14,
509	12	15	1.619	12,45,25,27,51,49,90,83,94,89,73,75,87,68,88,15,
509	13	14	1.58	13,73,75,89,83,90,49,51,86,55,61,62,85,48,88,68,14,
509	13	15	1.69	13,73,75,89,94,83,90,49,86,55,61,62,48,85,68,88,15,
509	14	15	1.73	14,68,87,75,73,89,94,83,90,49,86,55,61,62,85,48,15,
