377	0	1	2.052	0,94,33,29,17,79,52,57,19,36,76,26,81,83,1,
377	0	2	2.005	0,94,33,17,52,79,19,57,36,76,80,25,84,26,81,2,
377	0	3	1.771	0,94,33,17,52,79,19,57,36,76,26,81,23,89,3,
377	0	4	1.921	0,94,33,17,52,79,57,19,76,81,26,80,25,84,35,44,4,
377	0	5	2.387	0,16,94,33,17,79,19,57,36,76,81,26,80,25,84,44,35,41,5,
377	0	6	2.287	0,94,33,17,79,19,57,95,40,50,92,72,64,20,88,59,78,73,6,
377	0	7	2.479	0,94,33,17,79,52,67,95,40,50,92,72,64,38,27,20,88,68,97,18,7,
377	0	8	2.539	0,94,33,17,79,19,57,52,67,95,40,50,92,72,64,20,88,68,97,18,66,8,
377	0	9	2.501	0,94,33,17,52,79,19,57,95,40,50,92,72,64,27,38,34,63,99,86,32,28,9,
377	0	10	2.357	0,94,33,17,52,79,19,57,95,45,61,93,75,53,47,91,49,90,46,10,
377	0	11	2.275	0,94,33,17,79,19,57,95,45,37,61,93,75,53,47,91,49,90,46,11,
377	0	12	2.222	0,94,33,17,52,79,19,57,95,45,37,61,75,93,98,70,48,74,12,
377	0	13	1.72	0,94,33,17,79,52,67,60,62,30,65,82,69,51,56,13,
377	0	14	1.76	0,94,33,17,79,19,57,52,67,62,30,65,82,69,51,14,
377	0	15	1.819	0,29,19,57,79,52,17,33,94,16,60,62,30,65,15,
377	1	2	2.012	1,29,94,33,17,52,79,19,57,36,76,26,81,23,2,
377	1	3	1.874	1,29,94,33,17,52,79,19,57,36,76,26,81,23,3,
377	1	4	2.084	1,29,17,52,79,19,57,36,76,81,26,80,25,84,35,44,4,
377	1	5	2.452	1,29,94,33,17,79,52,67,57,19,76,81,26,80,25,84,35,41,5,
377	1	6	2.436	1,29,17,52,79,19,57,95,40,50,92,72,64,20,88,59,78,73,6,
377	1	7	2.479	1,29,17,52,79,19,57,95,40,50,92,72,64,20,88,68,97,18,7,
377	1	8	2.602	1,29,33,17,79,19,57,95,40,50,92,72,64,20,88,68,97,18,66,8,
377	1	9	2.609	1,29,17,52,79,19,57,95,40,50,92,72,64,27,38,34,63,99,86,32,28,9,
377	1	10	2.603	1,29,94,33,17,52,79,19,57,95,45,37,61,93,75,53,47,91,49,90,10,
377	1	11	2.515	1,29,94,33,17,79,52,67,95,45,37,61,93,75,53,47,91,49,90,46,11,
377	1	12	2.391	1,29,19,57,79,52,17,33,94,60,62,30,82,69,51,56,48,74,12,
377	1	13	2.266	1,29,19,57,67,52,79,17,33,94,16,60,62,30,65,82,69,51,56,13,
377	1	14	2.096	1,29,19,57,67,52,79,17,33,94,16,60,62,30,65,82,69,14,
377	1	15	1.847	1,29,19,57,79,52,17,33,94,16,60,62,30,65,15,
377	2	3	2.15	2,81,76,26,84,80,25,43,55,58,77,85,35,44,89,3,
377	2	4	2.383	2,81,26,76,36,40,50,21,58,55,43,25,80,84,44,35,41,4,
377	2	5	2.383	2,81,26,80,25,43,55,58,72,64,20,88,59,78,73,54,5,
377	2	6	2.314	2,81,76,26,84,80,25,43,55,58,72,64,20,88,68,59,78,73,6,
377	2	7	2.479	2,81,76,26,84,80,25,43,85,77,55,58,72,64,20,88,68,97,18,7,
377	2	8	2.554	2,81,26,84,80,25,85,77,55,58,21,92,72,64,20,88,68,97,18,66,8,
377	2	9	2.582	2,81,76,26,84,80,25,43,55,58,21,92,72,64,27,38,34,63,99,86,32,28,9,
377	2	10	2.729	2,81,26,84,80,25,43,55,58,88,20,64,27,38,34,63,53,47,91,49,90,10,
377	2	11	2.538	2,81,26,76,36,40,50,24,45,37,61,93,75,53,47,91,49,90,46,11,
377	2	12	2.469	2,83,19,57,79,17,33,94,60,62,30,82,69,51,56,48,74,12,
377	2	13	2.48	2,83,19,57,67,52,79,17,33,94,60,62,30,82,69,51,56,48,42,13,
377	2	14	2.32	2,83,19,57,67,52,79,17,33,94,16,60,62,30,65,82,69,51,14,
377	2	15	2.277	2,81,26,76,19,57,67,52,79,17,33,94,16,60,62,30,65,15,
377	3	4	2.185	3,23,26,76,36,40,50,21,58,55,43,25,80,84,35,44,4,
377	3	5	2.198	3,89,44,35,84,80,25,85,55,58,20,88,59,78,54,5,
377	3	6	1.896	3,89,44,35,84,80,25,43,55,58,20,88,59,78,73,6,
377	3	7	2.308	3,89,44,35,84,80,25,43,55,58,21,92,72,64,20,88,68,97,18,7,
377	3	8	2.355	3,89,44,35,84,80,25,43,55,58,21,92,72,64,20,88,68,97,18,66,8,
377	3	9	2.375	3,89,44,35,84,80,25,85,55,58,88,20,64,27,38,34,63,99,86,32,28,9,
377	3	10	2.574	3,89,44,35,84,80,25,43,55,58,20,64,27,38,34,63,47,91,49,90,10,
377	3	11	2.485	3,89,44,35,84,80,25,43,55,58,72,64,38,34,63,91,49,90,46,11,
377	3	12	2.634	3,89,44,35,84,80,25,43,55,58,21,92,24,45,37,61,22,98,70,48,74,12,
377	3	13	2.371	3,23,81,26,76,19,57,79,17,33,94,60,62,30,82,69,51,56,13,
377	3	14	2.294	3,23,81,26,76,36,57,19,79,52,17,33,94,60,62,30,65,82,14,
377	3	15	2.07	3,89,44,35,84,25,80,36,57,19,79,52,17,33,94,60,16,15,
377	4	5	2.155	4,44,35,84,80,25,85,55,58,20,88,59,78,73,54,5,
377	4	6	1.932	4,44,35,84,80,25,85,77,55,58,20,88,59,78,73,6,
377	4	7	2.071	4,44,35,84,80,25,85,55,58,72,64,20,88,68,97,18,7,
377	4	8	2.053	4,44,35,84,80,25,43,55,58,72,64,20,88,68,97,18,66,8,
377	4	9	2.272	4,44,35,84,80,25,85,55,58,88,20,64,27,38,34,63,99,86,32,28,9,
377	4	10	2.495	4,44,35,84,80,25,43,55,58,72,64,27,38,34,63,53,47,91,49,90,10,
377	4	11	2.498	4,44,35,84,80,25,43,55,58,72,64,27,38,34,63,53,47,91,49,90,46,11,
377	4	12	2.635	4,44,35,84,80,25,43,55,58,21,50,40,24,45,37,61,22,98,70,48,74,12,
377	4	13	2.524	4,44,35,84,25,80,36,57,19,79,17,33,94,60,62,30,82,69,51,56,13,
377	4	14	2.351	4,44,35,84,25,80,36,57,19,79,17,33,94,60,62,30,65,82,14,
377	4	15	2.261	4,44,35,84,25,80,26,81,76,36,57,19,79,52,17,33,94,60,16,15,
377	5	6	2.084	5,41,35,44,84,80,25,85,55,58,20,88,59,78,73,6,
377	5	7	2.232	5,41,35,44,84,80,25,43,55,58,72,64,20,88,68,97,18,7,
377	5	8	2.228	5,41,35,44,84,25,85,77,55,58,20,88,68,97,18,66,8,
377	5	9	1.942	5,54,73,78,59,68,88,20,64,38,34,63,99,86,32,28,9,
377	5	10	2.384	5,54,73,78,59,88,20,64,27,38,34,63,53,47,91,49,71,46,90,10,
377	5	11	2.559	5,54,73,78,59,68,88,20,64,27,38,34,63,31,53,47,91,49,71,90,46,11,
377	5	12	2.75	5,54,73,78,59,68,88,20,64,72,92,24,45,37,61,22,98,70,48,74,12,
377	5	13	2.668	5,54,73,78,59,68,88,20,64,72,92,24,45,37,61,22,98,70,48,42,13,
377	5	14	2.526	5,41,35,44,84,25,80,36,57,19,79,52,17,33,94,60,62,30,82,14,
377	5	15	2.432	5,41,35,44,84,25,80,26,81,76,19,57,79,52,17,33,94,60,16,15,
377	6	7	2.057	6,73,78,59,68,88,20,64,27,38,34,63,99,66,18,7,
377	6	8	1.878	6,73,78,59,88,20,64,27,38,34,63,99,86,32,28,8,
377	6	9	1.577	6,73,78,59,88,20,64,27,38,34,63,99,86,32,28,9,
377	6	10	1.936	6,73,78,59,88,20,64,27,38,34,63,53,47,91,49,90,10,
377	6	11	2.552	6,73,78,59,88,20,64,72,92,24,45,37,61,93,75,53,47,91,49,90,46,11,
377	6	12	2.548	6,73,78,59,88,20,27,38,64,72,92,24,45,37,61,22,98,70,48,74,12,
377	6	13	2.466	6,73,78,59,88,20,27,38,64,72,92,24,45,37,61,22,98,70,48,42,13,
377	6	14	2.628	6,73,78,59,88,20,64,72,92,50,24,45,37,61,22,98,70,56,51,69,14,
377	6	15	2.526	6,73,78,59,88,20,64,72,92,50,40,95,57,19,79,52,17,33,94,16,15,
377	7	8	2.089	7,18,66,97,68,88,20,64,27,38,34,63,99,86,32,28,8,
377	7	9	1.788	7,18,66,97,68,88,20,64,27,38,34,63,99,86,32,28,9,
377	7	10	2.06	7,18,97,68,88,20,64,27,38,34,63,53,47,91,49,90,46,10,
377	7	11	2.087	7,18,97,68,88,20,64,27,38,34,63,53,47,91,49,71,90,46,11,
377	7	12	2.355	7,18,97,68,88,20,64,72,92,24,45,61,22,98,70,48,74,12,
377	7	13	2.407	7,18,97,68,88,20,64,27,38,34,63,53,47,91,49,71,74,48,42,13,
377	7	14	2.585	7,18,97,68,88,20,64,72,92,24,45,61,22,98,70,48,56,51,69,14,
377	7	15	2.528	7,18,97,68,88,20,64,72,92,50,40,95,57,19,79,17,33,94,16,15,
377	8	9	1.667	8,66,18,97,68,88,20,64,27,38,34,63,99,86,32,28,9,
377	8	10	1.973	8,66,18,97,68,88,20,27,38,34,63,53,47,91,49,90,10,
377	8	11	1.989	8,66,18,97,68,88,20,64,27,38,34,63,47,91,49,90,46,11,
377	8	12	2.248	8,66,18,97,68,88,20,64,27,38,34,63,31,53,47,91,49,71,12,
377	8	13	2.285	8,66,18,97,68,88,20,64,72,92,24,45,37,22,98,70,48,42,13,
377	8	14	2.481	8,66,18,97,68,88,20,64,72,92,24,45,37,22,98,70,56,51,69,14,
377	8	15	2.525	8,66,18,97,68,88,20,64,72,92,50,40,95,67,52,79,17,33,94,16,15,
377	9	10	2.054	9,28,32,86,99,27,38,34,63,31,53,47,91,49,71,46,90,10,
377	9	11	1.946	9,28,32,86,99,38,27,64,34,63,53,47,91,49,90,46,11,
377	9	12	2.05	9,28,32,86,99,91,47,53,75,93,61,22,98,70,48,74,12,
377	9	13	2.338	9,28,32,86,99,38,27,64,72,92,24,45,37,61,22,98,70,48,42,13,
377	9	14	2.534	9,28,32,86,99,38,27,64,72,92,24,45,37,61,22,98,70,56,51,69,14,
377	9	15	2.54	9,28,32,86,91,47,53,75,93,61,37,45,95,57,19,79,52,17,33,94,16,15,
377	10	11	2.262	10,28,32,86,99,38,27,64,34,63,53,47,91,49,90,46,11,
377	10	12	2.078	10,90,49,91,47,53,75,93,61,22,98,70,48,42,74,12,
377	10	13	2.01	10,90,49,47,53,75,93,61,45,37,22,98,70,48,42,13,
377	10	14	2.392	10,90,46,71,49,91,47,53,75,93,61,45,37,22,98,70,56,51,69,14,
377	10	15	2.383	10,90,49,91,47,53,75,93,61,45,95,67,52,79,17,33,94,16,15,
377	11	12	2.049	11,46,90,49,91,47,53,75,93,61,37,22,98,70,48,74,12,
377	11	13	1.967	11,46,90,49,91,47,53,75,93,61,37,22,98,70,48,42,13,
377	11	14	2.073	11,46,90,49,91,47,53,75,93,61,22,98,70,56,51,69,14,
377	11	15	2.095	11,46,90,49,91,47,53,75,93,61,45,37,39,87,30,65,15,
377	12	13	2.198	12,42,48,70,98,22,61,45,37,39,87,30,82,69,56,13,
377	12	14	2.089	12,74,48,70,98,22,61,45,37,39,87,30,65,82,69,14,
377	12	15	1.924	12,74,48,56,51,69,82,65,30,62,60,33,94,16,15,
377	13	14	2.024	13,42,48,70,98,75,93,61,45,37,39,87,30,82,69,14,
377	13	15	1.811	13,56,51,69,82,65,30,62,67,52,79,17,33,94,16,15,
377	14	15	1.897	14,51,56,69,82,65,30,62,67,52,79,17,33,94,16,15,
