389	0	1	2.077	0,17,86,59,44,82,54,73,23,50,76,38,78,92,22,1,
389	0	2	2.149	0,35,26,94,72,47,80,59,44,82,54,73,50,76,38,2,
389	0	3	2.074	0,17,86,59,44,82,99,36,95,60,64,69,73,23,52,3,
389	0	4	2.501	0,17,86,59,44,82,99,36,95,60,64,69,73,54,76,50,23,52,4,
389	0	5	2.418	0,35,26,94,72,47,80,59,44,82,54,73,69,64,60,84,71,34,58,5,
389	0	6	2.484	0,17,86,59,44,82,54,73,69,64,60,84,58,34,71,31,89,65,66,6,
389	0	7	2.628	0,17,86,59,44,82,54,69,64,60,84,58,34,32,29,66,98,49,16,7,
389	0	8	2.787	0,35,26,94,72,47,80,63,48,43,93,79,55,83,46,68,61,19,70,40,8,
389	0	9	2.792	0,35,26,94,72,47,80,63,48,43,93,79,55,83,46,91,68,61,19,70,9,
389	0	10	2.728	0,35,26,94,72,47,80,63,48,43,93,74,45,53,30,79,83,55,27,33,10,
389	0	11	2.331	0,35,26,94,72,47,80,63,48,43,93,79,74,67,45,53,30,25,11,
389	0	12	2.467	0,35,26,94,72,47,80,63,48,43,93,79,74,67,45,53,30,88,12,
389	0	13	2.122	0,35,26,94,72,47,80,63,43,48,90,39,42,20,24,87,96,13,
389	0	14	2.065	0,35,26,94,72,47,80,63,48,39,42,20,24,96,87,14,
389	0	15	2.237	0,35,26,94,72,47,80,63,48,43,42,39,90,37,21,15,
389	1	2	1.97	1,22,92,78,38,56,59,44,82,99,54,73,23,50,76,2,
389	1	3	1.834	1,22,92,78,38,76,50,23,73,54,99,36,64,69,52,3,
389	1	4	2.14	1,22,92,78,38,76,50,23,73,54,82,44,59,99,36,95,64,69,4,
389	1	5	2.079	1,22,92,78,38,76,50,23,73,54,69,64,36,95,60,84,34,58,5,
389	1	6	2.161	1,22,92,78,38,76,50,23,73,54,69,64,60,84,71,31,89,65,66,6,
389	1	7	2.351	1,22,92,78,38,76,50,23,73,54,69,64,60,84,71,31,89,65,98,49,16,7,
389	1	8	2.477	1,22,92,78,38,76,50,23,69,64,60,84,71,31,89,65,98,49,40,8,
389	1	9	2.618	1,22,92,78,38,76,50,73,54,82,44,59,51,62,18,77,61,19,70,9,
389	1	10	2.651	1,22,92,78,38,56,44,82,59,51,62,18,81,77,91,68,19,41,27,10,
389	1	11	2.683	1,22,92,78,38,56,44,82,59,51,62,18,28,46,83,55,79,53,30,25,11,
389	1	12	2.662	1,17,26,94,72,47,80,63,48,90,39,43,93,74,45,53,30,88,12,
389	1	13	2.254	1,17,26,94,72,47,80,63,43,48,90,39,42,20,24,87,96,13,
389	1	14	2.293	1,17,26,94,72,47,80,63,48,90,39,42,20,24,96,87,14,
389	1	15	2.243	1,22,92,78,38,76,50,73,54,82,44,59,86,17,35,15,
389	2	3	1.817	2,78,38,76,50,23,73,54,99,36,95,60,64,69,52,3,
389	2	4	1.808	2,78,38,76,50,23,73,54,69,64,60,84,71,34,58,4,
389	2	5	1.657	2,78,38,76,50,23,73,54,69,64,60,84,71,34,58,5,
389	2	6	2.222	2,38,76,50,23,73,54,69,64,60,84,58,34,71,31,89,65,66,29,6,
389	2	7	2.238	2,78,38,76,50,23,73,69,64,60,84,58,34,71,31,89,65,98,49,16,7,
389	2	8	2.476	2,78,38,76,50,23,73,54,69,64,60,84,71,31,89,65,98,49,85,40,8,
389	2	9	2.527	2,38,76,50,23,73,54,82,44,59,51,62,18,28,91,61,19,70,9,
389	2	10	2.585	2,78,38,76,50,73,54,82,44,59,51,62,18,81,77,91,68,41,27,10,
389	2	11	2.66	2,38,76,50,73,54,82,44,59,51,62,18,28,91,46,83,79,53,30,25,11,
389	2	12	2.657	2,78,38,56,82,44,59,51,62,18,28,91,46,83,79,30,53,45,88,12,
389	2	13	2.531	2,78,38,76,50,23,73,54,82,44,59,47,80,63,48,39,42,20,24,96,13,
389	2	14	2.463	2,78,38,76,50,23,73,54,82,44,59,80,63,48,39,37,21,14,
389	2	15	2.191	2,78,38,76,50,23,73,54,82,44,59,86,94,26,35,15,
389	3	4	1.86	3,23,73,54,82,44,59,99,36,95,64,60,84,34,58,4,
389	3	5	1.712	3,23,50,76,54,73,69,64,99,36,95,60,84,34,58,5,
389	3	6	1.757	3,23,50,76,54,73,69,64,60,84,71,31,89,65,66,6,
389	3	7	2.159	3,52,23,50,76,54,73,69,64,60,84,58,34,32,29,66,98,49,16,7,
389	3	8	2.439	3,23,50,76,54,73,69,64,60,84,58,34,32,29,66,98,49,85,40,8,
389	3	9	2.473	3,52,23,73,54,82,44,59,51,62,18,81,77,91,46,68,61,19,70,9,
389	3	10	2.654	3,52,23,50,76,54,82,44,59,51,62,18,81,77,91,68,61,19,41,27,10,
389	3	11	2.555	3,52,23,73,54,82,44,59,51,62,18,81,77,91,46,83,55,79,53,30,25,11,
389	3	12	2.632	3,23,73,54,82,44,59,51,62,18,28,91,46,83,79,30,53,45,74,67,88,12,
389	3	13	2.515	3,52,23,73,54,69,64,36,99,82,44,59,80,47,90,39,42,20,24,96,13,
389	3	14	2.439	3,23,73,54,82,44,59,80,63,48,90,39,42,20,24,96,87,14,
389	3	15	2.395	3,52,23,73,69,64,60,95,36,99,82,44,59,86,94,26,35,15,
389	4	5	1.773	4,52,23,73,54,82,44,59,99,36,95,60,84,34,58,5,
389	4	6	1.895	4,52,23,50,73,54,69,64,60,58,34,84,71,32,29,6,
389	4	7	2.214	4,52,23,73,54,69,64,60,71,84,58,34,32,29,66,98,49,16,7,
389	4	8	2.468	4,52,23,50,76,54,73,69,64,60,84,71,31,89,65,98,49,85,40,8,
389	4	9	2.52	4,69,64,36,99,82,44,59,51,62,18,81,77,91,68,61,19,70,9,
389	4	10	2.607	4,58,34,84,71,31,89,65,98,49,85,75,81,77,91,68,61,19,41,27,10,
389	4	11	2.582	4,69,64,99,36,95,18,62,51,28,91,46,83,79,74,45,53,30,25,11,
389	4	12	2.617	4,69,64,95,18,62,51,28,91,46,83,55,79,30,53,45,74,67,88,12,
389	4	13	2.524	4,69,64,95,36,99,82,44,59,47,80,63,48,90,39,42,20,24,96,13,
389	4	14	2.581	4,69,64,95,18,62,51,57,63,48,90,39,42,20,24,96,87,14,
389	4	15	2.641	4,58,34,71,84,60,64,69,73,54,82,44,59,80,47,72,94,26,35,15,
389	5	6	1.789	5,34,58,84,60,64,69,99,36,95,31,89,65,66,29,6,
389	5	7	1.829	5,34,84,60,64,69,99,36,95,31,89,65,98,49,16,7,
389	5	8	2.102	5,34,58,84,60,64,69,99,36,95,31,89,65,98,49,40,8,
389	5	9	2.331	5,34,58,84,71,31,89,65,98,49,85,75,81,77,91,68,61,19,70,9,
389	5	10	2.45	5,34,58,84,71,31,89,65,98,49,85,75,81,77,91,68,61,19,41,27,10,
389	5	11	2.461	5,32,29,66,98,49,85,75,81,77,91,46,83,55,79,74,45,53,30,25,11,
389	5	12	2.545	5,32,29,66,98,49,85,75,81,77,91,46,83,55,79,30,53,45,74,67,88,12,
389	5	13	2.469	5,34,58,84,60,64,69,73,54,82,44,59,80,63,48,39,42,20,24,96,13,
389	5	14	2.553	5,34,58,84,60,64,69,99,36,95,18,62,51,57,63,48,90,39,37,14,
389	5	15	2.49	5,58,34,71,84,60,64,69,73,54,82,44,59,80,47,72,94,26,35,15,
389	6	7	1.975	6,29,32,34,58,84,60,64,95,31,89,65,98,49,16,7,
389	6	8	2.006	6,66,98,49,85,75,81,77,91,68,61,19,70,97,40,8,
389	6	9	2.157	6,29,66,98,49,85,75,81,77,91,46,68,61,19,70,97,9,
389	6	10	2.473	6,29,66,98,49,85,75,81,77,91,46,83,55,68,61,19,41,27,10,
389	6	11	2.275	6,66,98,49,85,75,81,77,91,46,83,55,79,93,74,45,53,30,25,11,
389	6	12	2.398	6,29,66,98,49,85,75,81,77,91,46,83,55,79,30,53,45,74,67,88,12,
389	6	13	2.526	6,66,98,49,85,75,81,77,91,46,83,55,79,30,53,45,74,67,20,24,96,13,
389	6	14	2.753	6,29,32,34,58,84,60,64,69,99,36,95,18,62,51,57,63,48,39,37,14,
389	6	15	2.613	6,29,32,34,58,84,60,64,69,73,54,82,44,59,47,72,94,26,35,15,
389	7	8	1.988	7,16,98,49,85,75,81,77,91,68,61,19,70,97,40,8,
389	7	9	2.171	7,16,98,49,85,75,81,77,91,46,68,61,19,41,70,97,9,
389	7	10	2.111	7,16,49,85,75,81,77,91,46,68,61,19,70,41,27,10,
389	7	11	1.989	7,16,98,49,85,75,81,77,91,46,83,79,45,53,30,25,11,
389	7	12	2.544	7,16,49,85,75,81,77,61,19,68,91,46,83,55,79,53,45,74,67,88,12,
389	7	13	2.588	7,16,98,49,85,75,81,77,91,46,83,79,30,53,45,74,67,20,24,96,87,13,
389	7	14	2.7	7,16,49,85,75,81,77,91,46,83,55,79,30,53,45,74,67,20,24,96,87,14,
389	7	15	2.825	7,16,49,98,65,89,31,71,84,60,64,69,73,54,82,44,59,86,94,26,35,15,
389	8	9	2.248	8,40,70,19,61,91,46,83,55,79,45,53,30,27,33,9,
389	8	10	2.184	8,40,70,19,68,91,46,83,79,93,74,45,53,30,25,10,
389	8	11	1.942	8,40,70,19,68,91,46,83,79,93,74,45,53,30,25,11,
389	8	12	2.543	8,40,49,98,85,75,81,77,91,46,83,55,79,30,53,45,74,67,88,12,
389	8	13	2.454	8,40,70,19,61,68,91,46,83,55,79,30,53,45,74,42,20,24,96,13,
389	8	14	2.654	8,40,70,19,61,68,91,46,83,55,79,30,53,45,74,67,20,24,96,87,14,
389	8	15	2.839	8,40,70,19,61,68,46,83,55,79,30,53,45,74,93,43,48,39,37,21,15,
389	9	10	2.111	9,70,19,61,68,46,83,55,79,93,74,45,53,30,25,10,
389	9	11	1.869	9,70,19,61,68,46,83,55,79,93,74,45,53,30,25,11,
389	9	12	1.904	9,70,19,61,68,91,46,83,79,30,53,45,74,67,88,12,
389	9	13	2.236	9,70,19,61,68,91,46,83,55,79,30,53,45,74,67,20,24,96,13,
389	9	14	2.505	9,70,19,61,68,91,46,83,55,79,30,53,45,67,20,24,96,87,14,
389	9	15	2.747	9,70,19,61,68,46,83,55,79,30,53,45,74,93,43,48,90,37,21,15,
389	10	11	1.903	10,27,41,19,61,68,91,46,83,55,79,45,53,30,25,11,
389	10	12	1.974	10,27,41,19,61,68,46,83,55,79,30,53,45,74,67,88,12,
389	10	13	2.133	10,25,30,53,45,67,74,93,43,48,90,39,42,20,24,96,13,
389	10	14	2.381	10,27,30,53,45,74,93,43,48,90,39,42,20,24,96,87,14,
389	10	15	2.546	10,27,41,55,83,79,30,53,45,74,93,43,48,90,39,37,21,15,
389	11	12	2.112	11,25,30,53,45,67,74,93,43,48,39,42,20,24,96,12,
389	11	13	1.795	11,25,30,53,45,67,74,93,43,48,39,42,20,24,96,13,
389	11	14	2.116	11,25,30,53,45,74,93,43,48,90,39,42,20,24,96,87,14,
389	11	15	2.355	11,25,30,53,45,67,74,93,43,48,39,90,47,72,94,26,35,15,
389	12	13	1.904	12,88,67,74,45,53,30,79,93,43,39,42,20,24,96,13,
389	12	14	2.23	12,88,67,45,53,30,79,93,43,48,39,42,20,24,96,87,14,
389	12	15	2.306	12,88,67,74,45,53,30,79,93,43,48,90,72,94,26,35,15,
389	13	14	2.131	13,87,96,24,20,42,39,43,48,63,80,47,90,37,21,14,
389	13	15	1.926	13,96,24,20,42,39,90,48,63,80,47,72,94,26,35,15,
389	14	15	2.137	14,87,96,24,20,42,39,48,63,80,47,72,94,26,35,15,
