452	0	1	2.392	0,83,27,38,94,22,54,97,45,44,68,18,64,75,77,1,
452	0	2	2.178	0,83,27,38,94,22,54,97,45,44,68,18,64,75,85,2,
452	0	3	2.31	0,53,83,27,38,94,22,54,97,45,44,68,18,64,72,84,89,74,3,
452	0	4	2.146	0,27,38,94,77,22,54,97,45,44,68,18,90,82,35,36,41,4,
452	0	5	2.344	0,83,27,38,94,22,54,97,45,44,68,18,90,36,35,82,55,62,5,
452	0	6	2.443	0,83,27,38,94,77,22,54,97,45,44,68,18,90,36,35,82,55,62,6,
452	0	7	2.614	0,83,38,94,77,22,54,97,45,44,68,18,90,35,82,55,62,60,49,79,7,
452	0	8	2.648	0,25,30,63,59,71,48,91,37,16,61,32,88,78,76,65,86,24,31,8,
452	0	9	2.475	0,25,30,63,59,71,48,91,37,16,43,32,88,61,93,78,76,86,9,
452	0	10	2.397	0,25,30,63,59,71,48,91,37,16,43,32,88,61,93,78,76,65,33,10,
452	0	11	2.436	0,25,30,63,59,71,48,91,37,16,32,88,78,93,21,57,47,95,46,11,
452	0	12	2.523	0,25,30,63,59,71,48,91,37,16,32,88,78,93,21,57,47,95,12,
452	0	13	2.403	0,83,27,38,94,77,22,54,34,53,25,30,63,99,81,56,80,13,
452	0	14	2.157	0,83,27,38,94,22,54,34,53,25,30,63,59,99,81,14,
452	0	15	2.228	0,83,27,38,94,77,22,54,34,53,25,30,63,59,99,73,15,
452	1	2	2.076	1,27,38,94,77,22,54,97,45,44,68,18,64,75,85,2,
452	1	3	2.093	1,27,38,94,77,22,54,97,45,44,68,18,64,72,84,89,74,3,
452	1	4	1.89	1,27,38,94,77,22,54,97,45,44,68,18,90,36,41,4,
452	1	5	2.242	1,27,38,94,77,22,54,97,45,44,68,18,90,36,35,82,55,62,5,
452	1	6	2.316	1,27,38,94,77,22,54,97,45,44,68,18,90,35,82,55,62,60,6,
452	1	7	2.426	1,94,77,22,54,97,45,44,68,18,90,36,35,82,55,62,60,49,79,7,
452	1	8	2.73	1,94,77,22,54,97,45,44,68,18,90,35,82,55,62,60,49,79,67,40,8,
452	1	9	2.637	1,27,38,94,77,22,54,97,19,20,48,91,37,16,61,32,88,78,76,86,9,
452	1	10	2.447	1,27,83,53,25,30,63,59,71,48,91,37,16,32,88,78,76,65,33,10,
452	1	11	2.519	1,94,77,22,54,97,19,20,48,91,37,16,32,88,78,93,21,57,47,11,
452	1	12	2.648	1,94,77,22,54,97,19,20,48,91,37,16,32,88,93,21,57,47,95,12,
452	1	13	2.551	1,77,22,94,38,27,83,53,34,25,30,63,59,99,87,98,51,96,80,13,
452	1	14	2.313	1,27,38,94,77,22,54,34,53,25,30,63,99,87,80,56,81,14,
452	1	15	2.206	1,77,22,94,38,27,83,53,25,30,63,59,99,87,81,73,15,
452	2	3	2.237	2,85,75,64,18,90,68,70,26,55,82,35,36,41,74,3,
452	2	4	1.96	2,85,75,72,84,90,18,68,70,26,55,82,35,36,41,4,
452	2	5	2.09	2,85,75,64,45,44,68,18,90,36,35,82,55,62,5,
452	2	6	2.558	2,85,75,64,44,68,90,18,72,84,89,74,41,36,35,82,62,6,
452	2	7	2.57	2,85,75,64,72,84,18,90,36,35,82,55,62,60,92,52,23,67,79,7,
452	2	8	2.689	2,85,75,64,72,84,18,90,36,35,82,55,62,60,92,52,23,28,29,31,8,
452	2	9	2.763	2,85,75,72,84,18,90,36,35,82,55,62,60,92,52,23,28,29,31,24,9,
452	2	10	2.571	2,85,75,64,44,45,19,20,48,91,37,16,32,88,78,76,65,33,10,
452	2	11	2.632	2,85,75,64,68,17,69,43,32,88,78,76,65,33,93,21,57,47,11,
452	2	12	2.72	2,85,77,22,94,38,27,83,53,25,30,63,59,99,87,81,56,80,96,12,
452	2	13	2.684	2,85,77,22,94,38,27,83,53,25,30,63,59,99,98,51,96,80,56,13,
452	2	14	2.495	2,85,77,22,94,38,27,83,53,25,30,63,59,99,98,80,56,81,14,
452	2	15	2.317	2,85,77,22,94,38,27,83,53,25,30,63,59,99,81,73,15,
452	3	4	1.864	3,74,89,84,18,90,68,70,26,62,55,82,35,36,41,4,
452	3	5	1.948	3,74,89,84,72,64,44,68,18,90,36,35,82,55,62,5,
452	3	6	2.014	3,74,89,84,72,64,44,68,18,90,36,35,82,55,62,6,
452	3	7	2.584	3,74,89,84,72,64,18,90,36,35,82,55,62,92,52,23,28,40,67,79,7,
452	3	8	2.444	3,74,89,84,72,18,90,36,35,82,55,62,60,92,52,23,28,29,31,8,
452	3	9	2.611	3,74,89,84,72,18,90,36,35,82,55,62,60,92,52,23,28,29,31,24,9,
452	3	10	2.545	3,74,41,36,35,82,55,62,92,52,23,50,43,32,88,78,76,65,33,10,
452	3	11	2.567	3,74,89,84,18,68,17,69,43,32,88,76,78,93,21,57,47,95,46,11,
452	3	12	2.71	3,74,89,84,72,18,90,68,17,69,43,32,88,78,93,21,57,47,95,12,
452	3	13	2.736	3,42,75,54,22,77,94,38,27,83,53,25,30,63,99,81,56,80,13,
452	3	14	2.661	3,74,89,84,72,64,18,90,68,44,45,19,20,71,99,87,81,56,14,
452	3	15	2.546	3,74,89,84,90,18,68,44,45,97,54,22,77,94,38,27,83,53,25,15,
452	4	5	1.931	4,41,36,35,82,90,18,68,44,17,70,26,55,62,5,
452	4	6	1.835	4,41,74,89,84,72,64,18,90,36,35,82,55,62,60,6,
452	4	7	2.421	4,41,36,35,82,55,62,60,92,39,52,23,28,29,31,40,67,79,7,
452	4	8	2.499	4,41,89,84,72,64,18,90,36,35,82,55,62,92,52,23,28,29,31,8,
452	4	9	2.487	4,41,36,35,82,55,62,60,92,52,23,28,29,43,32,88,78,76,86,9,
452	4	10	2.336	4,41,36,35,82,55,62,92,52,23,28,29,43,32,88,78,76,65,33,10,
452	4	11	2.465	4,41,36,35,82,55,62,92,52,23,28,29,86,65,76,78,93,21,57,47,11,
452	4	12	2.582	4,41,36,35,82,55,62,92,39,50,43,32,88,61,37,91,66,58,12,
452	4	13	2.689	4,41,36,35,82,55,62,92,39,69,43,32,88,61,66,58,51,96,13,
452	4	14	2.606	4,41,36,35,82,90,18,68,44,45,19,20,71,59,63,99,81,56,14,
452	4	15	2.5	4,41,36,35,82,55,62,26,68,44,45,19,20,71,59,63,30,25,15,
452	5	6	2.132	5,82,35,36,90,18,64,44,68,17,70,26,55,62,6,
452	5	7	2.082	5,35,82,55,62,60,92,52,23,28,29,31,40,67,79,7,
452	5	8	2.181	5,36,35,82,55,62,60,92,52,23,28,29,24,31,40,8,
452	5	9	2.458	5,35,82,55,62,60,92,39,50,43,32,88,61,93,78,76,86,9,
452	5	10	2.329	5,35,82,55,62,60,92,52,23,28,29,43,32,88,78,76,65,33,10,
452	5	11	2.467	5,35,82,55,62,60,92,52,23,28,29,24,86,76,78,93,21,57,47,11,
452	5	12	2.574	5,35,82,55,62,92,52,23,50,43,32,88,61,16,37,91,66,58,12,
452	5	13	2.722	5,35,82,55,62,60,92,52,23,50,43,32,88,61,66,58,51,96,13,
452	5	14	2.722	5,62,55,82,35,36,90,18,68,44,45,19,20,71,99,87,81,56,14,
452	5	15	2.566	5,82,35,36,90,18,68,44,45,97,54,22,77,94,38,27,83,53,25,15,
452	6	7	2.188	6,60,62,55,82,35,36,90,18,68,70,26,92,49,79,7,
452	6	8	2.321	6,49,52,23,28,29,43,32,88,78,76,65,86,24,31,8,
452	6	9	2.33	6,60,92,52,23,28,29,43,32,88,61,21,93,78,76,86,9,
452	6	10	2.387	6,49,52,23,50,43,32,88,61,16,37,91,66,21,93,78,65,33,10,
452	6	11	2.491	6,60,92,52,23,28,50,43,32,88,78,76,65,33,93,21,57,47,95,46,11,
452	6	12	2.597	6,49,79,67,40,31,24,86,65,76,78,88,32,61,93,21,57,47,95,12,
452	6	13	2.707	6,60,92,52,23,28,29,43,88,32,61,16,37,91,66,58,51,96,13,
452	6	14	2.746	6,49,52,23,50,43,32,88,61,16,37,91,66,58,51,98,87,56,14,
452	6	15	2.631	6,60,62,55,82,35,90,18,68,44,45,19,20,71,59,63,30,25,15,
452	7	8	2.144	7,79,67,40,29,43,32,88,93,78,76,86,24,31,8,
452	7	9	1.995	7,79,67,23,28,29,43,32,88,61,93,78,76,86,9,
452	7	10	2.071	7,67,40,29,43,32,88,61,66,57,21,93,78,76,65,33,10,
452	7	11	2.336	7,79,67,40,31,24,86,76,78,93,88,32,16,37,91,66,47,95,46,11,
452	7	12	2.386	7,67,40,31,24,86,76,65,33,78,88,32,61,16,37,91,66,58,12,
452	7	13	2.549	7,67,40,31,24,86,65,76,78,88,32,61,16,37,91,66,58,51,96,13,
452	7	14	2.514	7,67,40,29,43,32,88,61,16,37,91,66,58,51,98,87,81,14,
452	7	15	2.671	7,79,67,40,29,43,32,88,61,16,37,91,48,71,59,63,30,25,15,
452	8	9	1.938	8,31,29,43,32,88,61,66,57,21,93,78,76,86,9,
452	8	10	1.857	8,31,24,86,65,76,78,88,32,61,66,21,93,33,10,
452	8	11	1.793	8,31,24,86,76,78,88,32,61,93,21,57,47,95,46,11,
452	8	12	2.337	8,31,24,86,76,65,33,78,93,21,61,88,32,43,16,37,91,66,58,12,
452	8	13	2.417	8,31,24,86,65,76,78,93,61,88,32,43,16,37,91,66,58,51,96,13,
452	8	14	2.407	8,31,24,86,65,76,78,88,32,16,37,91,66,58,51,96,80,56,14,
452	8	15	2.509	8,31,24,86,76,78,88,32,61,16,37,91,48,71,59,63,30,25,15,
452	9	10	1.67	9,86,65,76,78,88,32,16,37,91,66,21,93,33,10,
452	9	11	1.646	9,86,76,65,33,78,88,32,61,93,21,57,47,95,46,11,
452	9	12	2.216	9,86,65,76,78,93,21,61,88,32,43,16,37,91,66,57,47,95,46,12,
452	9	13	2.193	9,86,65,76,78,93,21,61,88,32,43,16,37,91,66,58,51,96,13,
452	9	14	2.22	9,86,76,78,88,32,61,16,37,91,66,58,51,96,80,56,81,14,
452	9	15	2.362	9,86,76,65,33,78,88,32,61,16,37,91,48,71,59,63,30,25,15,
452	10	11	1.517	10,33,65,76,78,88,43,32,61,93,21,57,47,95,46,11,
452	10	12	1.63	10,33,65,76,78,93,88,32,61,16,37,91,66,58,12,
452	10	13	1.715	10,33,65,76,78,88,32,16,37,91,66,58,51,96,13,
452	10	14	2.118	10,33,65,76,78,88,32,16,37,91,66,58,51,98,80,56,81,14,
452	10	15	2.233	10,33,65,76,78,88,43,32,61,16,37,91,48,71,59,63,30,25,15,
452	11	12	1.748	11,46,95,47,57,21,93,78,88,32,16,37,91,66,58,12,
452	11	13	1.851	11,57,21,93,88,32,61,16,37,91,66,58,51,96,13,
452	11	14	1.923	11,57,21,93,88,32,61,16,37,91,48,98,87,81,14,
452	11	15	2.114	11,57,21,93,88,32,16,37,91,48,71,59,63,30,25,15,
452	12	13	2.033	12,95,47,57,21,93,88,32,16,37,91,66,58,51,96,13,
452	12	14	2.089	12,58,66,61,88,32,43,16,37,91,48,98,87,81,14,
452	12	15	2.276	12,58,66,61,88,32,16,37,91,48,71,59,63,30,25,15,
452	13	14	2.246	13,96,51,58,66,61,32,16,37,91,48,98,87,81,14,
452	13	15	2.344	13,56,80,96,51,98,87,81,99,59,63,30,25,73,15,
452	14	15	2.086	14,81,56,80,96,51,98,87,99,59,63,30,25,73,15,
