97	0	1	2.26	0,65,16,84,82,46,85,17,39,61,71,24,26,99,1,
97	0	2	2.093	0,99,26,24,71,17,80,78,54,75,41,52,25,96,2,
97	0	3	1.823	0,99,26,24,71,17,80,78,54,75,41,52,25,96,3,
97	0	4	1.986	0,99,26,24,71,61,39,17,80,78,54,60,41,52,25,73,50,42,4,
97	0	5	2.365	0,99,26,24,71,61,39,17,80,78,54,60,75,41,88,73,50,42,4,5,
97	0	6	2.504	0,65,16,84,82,74,77,93,34,79,95,45,87,64,86,31,63,36,19,6,
97	0	7	2.466	0,59,46,85,72,34,79,95,45,87,64,86,31,55,30,20,28,35,69,7,
97	0	8	2.492	0,65,16,84,82,77,93,34,79,95,45,87,64,86,31,55,30,20,35,69,8,
97	0	9	2.583	0,59,46,85,72,34,79,95,45,87,64,86,55,30,20,69,35,28,37,92,9,
97	0	10	2.709	0,65,16,84,82,74,27,57,58,51,40,67,91,89,94,66,70,81,33,10,
97	0	11	2.569	0,65,16,84,82,74,27,57,51,40,47,67,91,89,94,66,44,18,11,
97	0	12	2.324	0,65,16,84,82,74,27,57,58,51,89,91,67,47,62,38,49,97,12,
97	0	13	2.453	0,65,16,84,82,74,27,57,51,91,67,47,62,38,49,97,13,
97	0	14	2.334	0,99,26,24,85,46,59,84,65,16,74,43,22,98,14,
97	0	15	2.235	0,99,26,24,85,46,82,74,84,65,16,43,98,22,15,
97	1	2	1.856	1,26,24,71,39,17,80,78,54,75,41,52,25,96,2,
97	1	3	1.586	1,26,24,71,39,17,80,78,54,75,41,52,25,96,3,
97	1	4	1.614	1,26,24,71,17,80,78,54,60,75,41,88,73,50,42,4,
97	1	5	2.113	1,26,24,71,61,39,17,80,78,54,75,41,52,25,73,50,42,4,5,
97	1	6	2.344	1,26,24,71,39,61,25,52,41,60,54,78,56,76,31,63,36,19,6,
97	1	7	2.418	1,26,24,85,46,72,34,79,95,45,87,64,86,31,55,30,20,28,35,69,7,
97	1	8	2.339	1,26,24,99,46,85,72,34,79,95,45,87,64,86,31,55,30,20,35,69,8,
97	1	9	2.414	1,26,24,85,72,34,79,95,45,87,64,86,55,30,20,28,37,32,92,9,
97	1	10	2.551	1,26,24,71,61,39,17,80,53,79,34,95,45,87,29,23,70,81,10,
97	1	11	2.525	1,26,24,99,46,72,34,79,95,45,87,94,66,89,91,67,47,62,18,11,
97	1	12	2.322	1,26,24,99,46,85,72,79,34,93,58,51,40,67,47,62,49,97,12,
97	1	13	2.549	1,26,24,99,85,72,34,79,95,45,87,94,66,89,91,67,40,68,13,
97	1	14	2.08	1,26,24,85,46,59,65,16,84,82,74,43,22,98,14,
97	1	15	2.098	1,26,24,71,61,39,17,85,46,82,74,84,16,65,15,
97	2	3	1.57	2,61,39,17,80,78,54,60,75,41,52,25,73,50,42,3,
97	2	4	1.487	2,61,39,17,80,78,54,60,75,41,52,25,73,50,42,4,
97	2	5	1.876	2,61,39,17,80,78,54,60,75,41,52,25,73,50,42,4,5,
97	2	6	2.333	2,96,42,50,73,25,52,41,75,60,54,78,56,76,31,63,36,19,6,
97	2	7	2.365	2,96,25,52,41,75,54,78,53,56,76,31,86,55,30,20,28,35,69,7,
97	2	8	2.45	2,96,25,52,88,41,75,60,54,78,80,53,56,76,31,86,55,30,20,35,69,8,
97	2	9	2.546	2,96,25,52,41,75,54,78,56,76,31,86,55,30,20,69,35,28,37,32,92,9,
97	2	10	2.575	2,96,25,52,41,75,60,54,78,56,53,79,34,95,45,87,29,23,70,81,10,
97	2	11	2.533	2,96,25,52,41,75,54,78,56,53,79,34,95,45,87,94,66,44,18,11,
97	2	12	2.465	2,61,39,17,80,78,54,56,53,95,45,87,94,89,91,67,47,62,49,97,12,
97	2	13	2.562	2,96,25,52,41,75,60,54,78,56,53,95,79,34,93,58,57,27,83,13,
97	2	14	2.474	2,61,39,17,80,78,54,56,53,79,34,93,77,82,74,43,22,98,14,
97	2	15	2.205	2,61,39,17,60,54,78,53,79,34,93,77,82,84,16,65,15,
97	3	4	1.643	3,96,25,52,41,60,54,78,80,53,56,75,88,73,50,42,4,
97	3	5	1.885	3,42,50,73,25,52,41,75,54,78,53,56,76,21,90,5,
97	3	6	1.776	3,96,25,52,41,75,60,54,78,56,76,31,63,36,19,6,
97	3	7	2.049	3,96,25,52,41,75,60,54,78,53,56,76,31,55,30,20,28,35,69,7,
97	3	8	2.056	3,96,25,52,41,75,60,54,78,53,56,76,31,86,55,30,20,28,35,69,8,
97	3	9	2.188	3,96,25,52,41,60,54,78,56,76,31,55,30,20,69,35,28,37,32,92,9,
97	3	10	2.373	3,96,25,52,41,75,54,78,56,53,79,34,95,45,87,29,23,70,81,33,10,
97	3	11	2.426	3,96,25,52,41,75,60,54,78,56,53,79,34,95,45,87,94,89,91,67,47,62,11,
97	3	12	2.273	3,96,25,52,41,60,54,78,53,79,34,93,58,51,91,67,47,62,49,97,12,
97	3	13	2.358	3,96,25,52,88,41,75,60,54,78,56,53,95,79,34,93,58,57,27,83,13,
97	3	14	2.315	3,96,25,52,41,75,60,54,78,56,53,79,34,93,58,57,27,43,98,14,
97	3	15	1.955	3,96,25,52,61,39,17,71,85,46,82,84,16,65,15,
97	4	5	1.802	4,42,50,73,25,52,41,75,54,78,53,56,76,21,90,5,
97	4	6	1.795	4,42,50,73,25,52,41,75,54,78,56,76,31,63,19,6,
97	4	7	1.779	4,42,50,73,25,52,41,60,54,78,56,76,31,63,36,7,
97	4	8	1.859	4,42,50,73,88,41,60,54,78,56,76,31,55,30,69,8,
97	4	9	2.145	4,42,50,73,25,52,41,60,54,78,56,76,31,55,30,20,28,32,92,9,
97	4	10	2.235	4,42,50,73,25,52,41,60,54,78,56,53,95,45,87,29,23,70,81,10,
97	4	11	2.302	4,42,50,73,25,52,41,60,54,78,53,79,34,95,45,87,94,66,44,18,11,
97	4	12	2.309	4,42,50,73,25,52,41,60,54,78,56,53,79,34,93,58,51,40,38,49,97,12,
97	4	13	2.265	4,42,50,73,25,52,41,75,60,54,78,53,79,34,93,58,57,27,83,13,
97	4	14	2.281	4,42,50,73,25,52,41,60,54,78,56,53,79,34,93,77,74,43,98,14,
97	4	15	2.132	4,42,50,73,25,52,41,60,54,78,53,79,34,93,77,82,84,16,65,15,
97	5	6	2.175	5,88,25,52,41,75,60,54,78,53,56,76,31,63,36,19,6,
97	5	7	2.168	5,4,42,50,73,25,52,41,60,54,78,56,76,31,63,36,7,
97	5	8	1.978	5,90,21,63,31,76,86,55,30,20,69,35,28,32,92,37,8,
97	5	9	2.421	5,75,41,60,54,78,53,56,76,31,55,30,20,69,35,28,37,32,92,9,
97	5	10	2.617	5,90,19,36,63,31,76,86,55,30,20,69,35,28,37,32,92,48,70,81,10,
97	5	11	2.611	5,90,21,76,31,86,64,87,45,95,79,34,93,58,51,91,67,47,62,18,11,
97	5	12	2.54	5,90,21,76,31,86,64,87,45,95,79,34,93,58,51,91,67,47,62,49,97,12,
97	5	13	2.653	5,4,42,50,73,25,52,41,60,54,78,56,53,79,34,93,58,57,27,83,13,
97	5	14	2.509	5,90,21,76,31,86,64,87,45,95,79,34,93,77,82,74,43,22,98,14,
97	5	15	2.51	5,90,21,76,31,86,64,87,45,95,79,34,93,58,57,74,84,16,65,15,
97	6	7	2.376	6,19,36,63,31,86,64,95,79,34,45,87,29,28,35,69,7,
97	6	8	2.032	6,19,21,63,31,76,86,55,30,20,69,35,28,32,92,37,8,
97	6	9	2.293	6,19,36,63,31,76,86,55,30,20,69,35,28,37,32,92,70,48,9,
97	6	10	2.29	6,19,36,63,31,76,86,55,30,20,69,35,28,37,32,92,70,81,33,10,
97	6	11	2.51	6,19,36,63,31,86,64,87,45,95,79,34,93,58,51,89,91,67,47,62,11,
97	6	12	2.463	6,19,36,63,31,86,64,87,45,95,79,34,93,58,51,91,67,47,62,49,97,12,
97	6	13	2.707	6,19,36,63,31,86,64,87,45,95,79,34,93,58,51,89,91,67,40,68,83,13,
97	6	14	2.591	6,19,36,63,31,86,64,87,45,95,79,34,93,58,51,57,27,43,22,98,14,
97	6	15	2.538	6,19,36,63,31,86,64,87,45,95,79,34,93,58,57,27,74,84,16,65,15,
97	7	8	1.778	7,36,63,31,76,86,55,30,20,69,35,28,32,92,37,8,
97	7	9	1.896	7,19,36,63,31,76,86,55,30,20,69,35,28,37,92,9,
97	7	10	2.326	7,19,36,63,31,76,86,55,30,20,69,35,28,37,92,48,70,81,10,
97	7	11	2.354	7,36,63,31,86,55,30,20,69,35,28,37,32,92,48,70,81,33,11,
97	7	12	2.391	7,69,35,28,37,32,92,48,81,70,66,94,89,91,67,47,62,38,97,12,
97	7	13	2.612	7,69,35,20,30,55,31,86,64,87,45,95,79,34,93,58,51,57,27,83,13,
97	7	14	2.553	7,69,35,20,30,55,86,64,87,45,95,79,34,93,77,82,84,16,65,22,98,14,
97	7	15	2.439	7,69,35,28,20,30,55,31,86,64,87,45,95,79,34,93,77,82,84,16,65,15,
97	8	9	2.125	8,37,92,32,28,35,69,20,30,55,29,23,70,81,48,9,
97	8	10	2.061	8,37,92,32,28,35,69,20,30,55,29,23,70,81,33,10,
97	8	11	2.312	8,37,32,92,48,70,81,33,44,66,89,91,67,47,62,38,49,11,
97	8	12	2.186	8,37,32,92,48,70,81,33,44,66,94,89,91,67,47,62,49,97,12,
97	8	13	2.466	8,69,35,28,20,30,55,31,86,64,87,45,95,79,34,93,58,57,27,83,13,
97	8	14	2.426	8,69,35,28,20,30,55,86,64,87,45,95,79,34,93,77,74,43,22,98,14,
97	8	15	2.282	8,69,35,28,20,30,55,86,64,87,45,95,79,34,93,77,82,84,16,65,15,
97	9	10	2.069	9,92,32,37,28,35,69,20,30,55,29,23,70,81,33,10,
97	9	11	1.965	9,48,70,81,33,44,66,94,89,91,67,47,62,38,49,11,
97	9	12	1.792	9,48,70,81,33,44,66,94,89,91,67,47,62,49,97,12,
97	9	13	2.501	9,37,32,92,48,70,81,33,44,66,94,89,91,67,47,62,49,97,13,
97	9	14	2.539	9,92,32,37,28,20,30,55,86,64,87,45,95,79,34,93,77,74,43,14,
97	9	15	2.506	9,92,32,37,28,20,30,55,86,64,87,45,95,79,34,93,77,82,84,16,65,15,
97	10	11	1.942	10,33,81,70,44,66,94,89,91,67,47,62,38,97,49,11,
97	10	12	1.755	10,33,81,70,44,66,94,89,91,67,47,62,49,38,97,12,
97	10	13	2.032	10,33,81,70,66,94,89,91,40,67,47,62,38,49,97,13,
97	10	14	2.444	10,33,81,70,66,94,89,91,51,57,27,74,84,16,65,22,98,14,
97	10	15	2.434	10,33,81,70,66,94,89,91,67,40,51,57,27,74,82,84,16,65,15,
97	11	12	1.884	11,18,44,66,94,89,91,40,67,47,62,49,38,68,97,12,
97	11	13	2.132	11,18,44,66,94,89,91,67,47,62,49,97,38,40,68,13,
97	11	14	2.108	11,18,62,47,67,91,51,57,74,84,16,65,22,98,14,
97	11	15	2.342	11,49,97,38,62,47,67,40,91,51,57,27,74,82,84,16,65,15,
97	12	13	2.013	12,97,49,38,62,47,67,91,89,66,94,51,57,27,83,13,
97	12	14	1.917	12,97,49,38,62,47,67,40,51,57,74,43,22,98,14,
97	12	15	1.827	12,97,49,62,47,67,91,51,57,74,82,84,16,65,15,
97	13	14	2.215	13,97,49,38,62,47,67,40,51,57,74,43,22,98,14,
97	13	15	2.132	13,97,49,38,62,47,67,91,51,57,74,84,16,65,15,
97	14	15	2.461	14,98,22,43,74,82,77,93,34,79,72,85,46,59,65,15,
