177	0	1	2.389	0,70,34,64,46,32,36,86,23,59,84,41,52,99,98,1,
177	0	2	2.591	0,70,88,58,98,99,23,59,86,36,46,32,62,16,84,41,52,2,
177	0	3	2.554	0,70,88,58,98,99,23,59,86,36,32,62,30,26,17,71,16,3,
177	0	4	2.348	0,70,88,58,98,99,23,59,86,36,46,32,62,30,26,17,71,4,
177	0	5	2.424	0,70,58,98,99,23,52,41,59,86,36,32,62,30,26,17,91,45,5,
177	0	6	2.478	0,70,88,58,98,99,23,59,86,36,46,32,62,30,26,17,45,91,25,54,33,6,
177	0	7	2.544	0,83,79,94,24,18,60,74,47,31,29,53,63,27,90,69,39,65,38,75,7,
177	0	8	2.491	0,83,79,24,18,60,74,47,31,29,53,63,27,90,66,51,81,35,93,8,
177	0	9	2.53	0,83,79,24,18,60,74,47,31,29,53,66,51,28,81,35,93,56,9,
177	0	10	2.628	0,83,79,24,18,60,74,47,31,29,53,66,51,28,40,82,61,10,
177	0	11	2.736	0,83,79,24,18,60,74,47,31,27,90,63,53,29,48,19,21,44,11,
177	0	12	2.535	0,83,79,94,24,18,60,85,74,47,97,87,50,37,76,96,68,12,
177	0	13	2.236	0,83,79,24,18,60,74,47,97,87,50,37,76,96,68,13,
177	0	14	2.414	0,70,58,88,34,64,73,85,60,18,24,94,42,20,22,14,
177	0	15	2.493	0,70,88,58,98,99,23,59,86,36,49,34,79,42,20,15,
177	1	2	2.384	1,58,88,34,98,99,23,59,86,36,46,32,16,84,41,52,2,
177	1	3	2.337	1,98,99,23,59,86,36,46,32,62,30,26,17,71,16,84,3,
177	1	4	2.386	1,58,70,88,34,49,99,23,59,86,36,32,62,30,26,17,71,4,
177	1	5	2.432	1,58,88,34,49,99,23,52,41,59,86,36,32,62,30,26,17,45,72,5,
177	1	6	2.369	1,58,88,34,98,99,23,59,86,36,32,62,30,26,17,45,91,25,54,33,6,
177	1	7	2.493	1,58,88,34,64,73,85,74,47,31,29,53,63,27,90,69,39,65,38,75,7,
177	1	8	2.466	1,58,88,34,89,64,73,85,27,63,53,66,51,28,81,35,93,56,8,
177	1	9	2.566	1,58,88,34,89,64,73,85,27,63,90,69,51,66,28,81,35,93,56,9,
177	1	10	2.707	1,58,88,34,64,73,85,27,63,53,90,69,51,66,28,40,82,61,10,
177	1	11	2.69	1,98,99,23,59,86,36,32,73,85,74,47,97,87,50,37,21,19,44,11,
177	1	12	2.629	1,98,99,23,59,86,36,46,64,73,85,74,47,97,87,50,37,76,96,12,
177	1	13	2.55	1,58,70,88,34,64,73,85,74,47,97,87,50,37,76,96,68,67,13,
177	1	14	2.566	1,98,99,23,52,41,59,86,36,32,46,64,89,18,24,94,42,20,22,14,
177	1	15	2.283	1,98,99,23,59,52,41,84,86,36,49,34,88,70,83,15,
177	2	3	2.04	2,99,23,52,59,86,36,46,32,62,30,26,17,71,16,3,
177	2	4	1.837	2,99,23,52,41,59,86,36,46,32,62,30,26,17,71,4,
177	2	5	2.176	2,52,41,59,23,99,49,86,36,46,32,62,30,26,17,72,45,91,5,
177	2	6	2.137	2,99,23,59,52,41,84,86,36,46,32,62,30,26,17,45,91,25,33,54,6,
177	2	7	2.376	2,99,23,59,52,41,84,86,36,32,62,30,26,17,45,91,25,54,33,57,7,
177	2	8	2.339	2,99,23,59,86,36,32,62,30,55,39,69,90,66,51,81,35,93,8,
177	2	9	2.52	2,99,23,59,86,36,32,73,85,27,63,90,51,66,28,81,35,93,56,9,
177	2	10	2.613	2,99,23,59,86,36,46,73,85,27,63,90,69,51,66,28,40,82,61,10,
177	2	11	2.68	2,99,23,59,86,36,32,62,30,80,69,90,27,63,53,29,48,21,19,44,11,
177	2	12	2.536	2,99,23,52,41,59,86,36,32,46,73,85,74,47,97,87,50,37,76,96,12,
177	2	13	2.365	2,99,23,59,86,36,32,73,85,74,47,97,87,50,37,76,96,68,13,
177	2	14	2.412	2,99,23,52,59,86,36,49,34,88,58,70,83,79,42,20,22,14,
177	2	15	2.391	2,99,23,59,52,41,84,86,36,32,46,64,89,18,24,94,42,20,15,
177	3	4	1.832	3,84,41,52,23,59,86,36,46,32,62,30,26,17,71,4,
177	3	5	1.78	3,84,41,52,59,23,86,36,46,32,62,30,26,17,45,5,
177	3	6	1.978	3,41,52,99,23,59,86,36,32,62,30,26,17,45,91,25,54,33,6,
177	3	7	2.234	3,84,41,52,59,23,86,36,32,62,30,26,17,45,91,25,54,33,57,7,
177	3	8	2.295	3,16,71,17,26,30,55,39,69,90,51,66,28,81,35,93,56,8,
177	3	9	2.456	3,16,71,17,26,30,55,39,69,90,27,63,53,66,51,28,40,82,9,
177	3	10	2.62	3,16,71,17,26,30,80,69,90,27,63,53,66,51,28,40,82,61,10,
177	3	11	2.719	3,84,41,52,23,59,86,36,32,62,30,80,27,63,53,29,48,21,19,44,11,
177	3	12	2.636	3,84,41,52,23,59,86,36,32,46,64,73,85,74,47,97,87,50,37,76,96,12,
177	3	13	2.566	3,84,41,52,23,59,86,36,46,64,73,85,74,47,97,87,50,37,76,96,68,13,
177	3	14	2.549	3,84,41,52,59,23,99,49,86,36,32,46,64,89,18,24,94,42,20,22,14,
177	3	15	2.496	3,84,41,52,59,23,99,49,86,36,32,46,64,89,18,24,94,42,20,15,
177	4	5	2.034	4,16,84,41,52,23,59,86,36,32,62,30,26,17,45,5,
177	4	6	2.017	4,71,17,26,30,80,27,63,90,69,39,65,38,57,33,6,
177	4	7	2.116	4,71,17,26,30,80,69,90,27,63,53,66,51,81,35,75,7,
177	4	8	2.054	4,71,17,26,30,80,27,63,53,90,51,66,28,81,35,93,8,
177	4	9	2.214	4,71,17,26,30,80,27,63,53,90,51,66,28,81,35,93,56,9,
177	4	10	2.402	4,71,17,26,30,55,39,69,90,27,63,53,66,51,28,40,82,61,10,
177	4	11	2.65	4,71,17,26,30,55,39,51,28,66,90,27,63,53,29,48,21,19,44,11,
177	4	12	2.637	4,71,17,26,30,55,39,69,90,27,63,31,47,97,87,50,37,76,96,12,
177	4	13	2.599	4,71,17,26,30,80,27,63,53,29,31,47,97,87,50,37,76,96,68,13,
177	4	14	2.708	4,71,17,26,30,62,32,46,64,73,85,60,18,24,94,42,20,22,14,
177	4	15	2.613	4,71,17,26,30,62,32,36,86,59,23,99,98,58,88,70,83,15,
177	5	6	1.934	5,45,17,26,30,80,27,63,90,69,39,55,57,33,54,6,
177	5	7	1.939	5,45,17,26,30,55,39,69,90,51,66,28,81,35,75,7,
177	5	8	1.826	5,45,17,26,30,80,27,63,53,66,51,81,35,93,8,
177	5	9	2.045	5,45,91,55,39,69,90,27,63,53,66,51,28,81,35,93,56,9,
177	5	10	2.28	5,45,91,25,54,33,57,38,65,51,66,28,81,35,93,56,82,61,10,
177	5	11	2.425	5,45,91,25,54,33,57,75,38,65,39,69,90,27,63,53,29,48,21,19,44,11,
177	5	12	2.585	5,45,91,25,54,33,57,75,38,65,39,69,90,27,63,53,29,48,19,21,95,12,
177	5	13	2.525	5,45,91,55,39,69,90,27,63,53,29,31,47,97,87,50,37,76,96,68,13,
177	5	14	2.679	5,45,91,55,39,69,90,63,53,29,31,47,74,60,18,24,94,42,20,22,14,
177	5	15	2.672	5,45,91,55,39,69,90,27,63,53,29,31,47,74,60,18,24,94,42,20,15,
177	6	7	1.767	6,33,54,25,55,39,69,90,51,66,28,35,81,38,75,7,
177	6	8	1.608	6,33,57,38,65,39,69,90,66,51,28,81,35,93,8,
177	6	9	1.87	6,54,33,57,75,38,65,39,69,90,66,51,28,81,35,93,56,9,
177	6	10	2.075	6,54,33,57,55,39,69,90,27,63,53,66,51,28,40,82,61,10,
177	6	11	2.289	6,54,33,57,38,81,35,28,66,51,90,27,63,53,29,48,19,21,44,11,
177	6	12	2.433	6,54,33,57,38,81,35,28,66,51,90,27,63,53,29,48,19,21,95,12,
177	6	13	2.379	6,54,33,57,38,65,39,69,90,27,63,53,29,31,47,97,87,50,77,67,13,
177	6	14	2.527	6,57,38,65,39,69,90,27,63,53,29,31,47,74,60,18,24,94,22,14,
177	6	15	2.583	6,33,54,25,55,39,69,90,27,63,53,29,31,47,74,60,18,24,94,42,20,15,
177	7	8	1.529	7,75,38,65,55,39,69,90,51,66,28,81,35,93,8,
177	7	9	1.584	7,75,38,65,39,69,90,51,66,28,81,35,93,56,9,
177	7	10	1.811	7,75,38,65,81,35,93,28,51,66,43,40,82,61,10,
177	7	11	1.908	7,75,35,81,51,66,90,27,63,53,29,48,19,44,11,
177	7	12	2.322	7,75,38,65,55,39,69,90,27,63,53,29,31,47,97,50,37,76,96,12,
177	7	13	2.301	7,75,38,65,39,69,90,27,63,53,29,31,47,97,87,50,37,76,96,68,13,
177	7	14	2.501	7,75,38,65,39,69,90,27,63,53,29,31,47,74,60,18,24,94,42,20,22,14,
177	7	15	2.448	7,75,38,65,39,69,90,27,63,53,29,31,47,74,60,18,24,94,42,20,15,
177	8	9	1.567	8,93,35,81,51,66,90,27,63,53,43,40,82,9,
177	8	10	1.75	8,35,81,28,66,51,90,63,53,43,40,82,61,10,
177	8	11	1.778	8,93,35,81,51,66,90,63,53,29,48,21,19,44,11,
177	8	12	2.09	8,93,35,81,28,66,51,90,69,27,63,53,29,48,19,21,95,12,
177	8	13	2.238	8,93,35,81,51,66,90,27,63,53,29,31,47,97,87,50,77,67,13,
177	8	14	2.344	8,93,35,81,28,66,51,90,63,53,29,31,47,97,87,94,22,14,
177	8	15	2.394	8,35,81,28,66,51,90,27,63,53,29,31,47,97,87,94,42,20,15,
177	9	10	1.84	9,56,93,35,81,28,51,66,43,78,40,82,61,92,10,
177	9	11	1.83	9,56,93,35,81,51,66,28,40,78,48,21,19,44,11,
177	9	12	1.99	9,56,93,35,81,51,66,28,40,78,48,19,21,95,12,
177	9	13	2.288	9,82,40,28,66,51,90,27,63,53,29,31,47,97,50,77,67,13,
177	9	14	2.44	9,82,40,28,66,51,90,63,27,85,60,18,24,94,42,20,22,14,
177	9	15	2.497	9,82,40,28,51,66,53,63,27,31,47,74,60,18,24,94,42,20,15,
177	10	11	2.072	10,61,82,40,28,66,51,90,63,53,29,48,19,44,11,
177	10	12	2.248	10,61,82,40,28,66,51,90,63,53,29,48,19,21,95,12,
177	10	13	2.28	10,61,82,40,43,53,29,31,47,97,50,37,76,96,68,13,
177	10	14	2.557	10,61,82,40,43,53,63,31,47,74,60,18,24,94,42,20,22,14,
177	10	15	2.606	10,61,82,40,28,66,51,90,27,63,31,47,97,87,94,42,20,15,
177	11	12	2.339	11,44,19,21,48,29,53,63,27,47,97,87,50,37,76,96,12,
177	11	13	2.235	11,44,19,21,48,31,47,74,97,87,50,37,76,96,68,67,13,
177	11	14	2.454	11,44,19,21,37,50,87,97,47,85,60,18,24,94,42,20,22,14,
177	11	15	2.581	11,44,19,21,48,29,53,63,27,31,47,74,60,18,24,94,42,20,15,
177	12	13	2.492	12,68,96,76,37,50,87,97,47,74,60,18,24,94,77,67,13,
177	12	14	2.372	12,68,96,76,37,50,87,97,47,74,60,18,24,94,42,20,22,14,
177	12	15	2.588	12,68,96,76,37,50,87,97,31,47,74,85,60,18,24,94,42,20,15,
177	13	14	2.171	13,67,68,96,76,37,50,87,60,18,24,94,42,20,22,14,
177	13	15	2.241	13,68,96,76,37,50,87,97,47,74,60,18,24,94,42,20,15,
177	14	15	2.434	14,22,67,68,96,76,37,50,87,60,18,24,94,42,20,15,
