58	0	2	1.862	0,25,85,52,87,71,47,76,92,93,18,98,20,97,53,2,
58	0	3	1.906	0,25,85,52,87,71,47,76,92,93,18,20,35,37,62,34,31,23,3,
58	0	1	1.894	0,25,24,18,84,82,29,98,20,93,92,76,47,87,71,1,
58	0	4	2.006	0,25,85,52,87,71,47,76,92,93,20,18,98,35,37,62,41,89,39,4,
58	0	5	2.137	0,85,52,87,71,47,76,92,93,20,18,98,35,62,41,55,27,40,21,5,
58	0	6	2.268	0,25,85,52,76,92,93,20,18,98,35,37,62,41,55,27,40,81,60,6,
58	0	7	2.442	0,85,52,76,92,93,20,18,98,35,37,62,41,55,27,64,70,73,74,7,
58	0	11	2.599	0,85,52,87,71,47,76,92,93,20,18,84,99,50,61,79,36,90,45,11,
58	0	8	2.69	0,85,52,76,92,93,20,18,98,35,37,62,41,55,27,64,48,59,72,94,8,
58	0	10	2.597	0,75,63,19,26,46,77,42,80,83,33,36,90,45,17,32,65,91,67,10,
58	0	9	2.507	0,25,85,52,76,92,93,20,18,84,82,38,95,96,57,44,28,86,58,9,
58	1	2	1.712	1,71,87,47,76,92,93,20,18,98,35,37,62,34,97,53,2,
58	0	15	1.889	0,85,52,87,47,76,92,93,20,18,24,54,30,66,63,75,15,
58	0	14	2.04	0,25,52,87,71,47,76,92,93,20,18,54,30,26,46,51,14,
58	1	3	1.634	1,71,87,47,76,92,93,20,18,98,35,37,62,41,34,31,23,3,
58	0	13	2.081	0,75,63,66,19,26,46,77,79,90,36,42,80,83,33,13,
58	1	7	2.261	1,71,87,47,76,92,93,20,18,98,35,62,41,55,27,64,70,73,74,7,
58	1	6	2.106	1,71,47,76,92,93,20,18,98,35,37,62,41,55,27,64,70,81,60,6,
58	1	8	2.509	1,71,87,47,76,92,93,20,18,98,35,62,41,55,27,64,48,59,72,94,8,
58	1	5	1.87	1,71,87,47,76,92,93,20,18,98,35,37,62,41,55,27,40,49,21,5,
58	1	4	1.807	1,71,87,47,76,92,93,20,18,98,29,35,37,62,41,55,89,39,4,
58	0	12	2.412	0,85,52,87,71,47,76,92,93,20,18,54,30,26,46,77,42,80,83,33,12,
58	1	15	1.69	1,71,87,47,76,92,93,20,18,24,54,30,19,63,66,75,15,
58	2	5	1.77	2,53,97,76,92,93,20,98,35,37,62,41,55,27,40,21,5,
58	2	3	1.612	2,53,97,76,92,93,20,18,98,35,37,62,41,34,31,23,3,
58	1	9	2.29	1,71,87,47,76,92,93,20,18,84,82,38,95,96,57,44,28,86,58,9,
58	2	4	1.69	2,53,97,76,92,93,20,18,98,35,37,62,41,55,89,39,4,
58	1	10	2.412	1,71,87,47,76,92,93,20,18,84,82,38,95,96,57,44,28,32,65,67,10,
58	1	11	2.452	1,87,47,76,92,93,20,18,84,82,38,95,96,57,44,28,32,65,67,91,11,
58	1	14	2.103	1,71,87,76,92,93,20,18,84,99,50,30,66,63,19,26,46,51,14,
58	1	13	2.287	1,71,87,47,76,92,93,20,18,84,99,50,61,77,42,80,83,33,13,
58	2	6	2.19	2,53,97,76,92,93,20,18,98,35,37,62,41,55,27,64,48,70,81,60,6,
58	1	12	2.285	1,71,87,47,76,92,93,20,18,84,99,50,61,79,90,36,42,80,83,33,12,
58	2	15	1.782	2,53,71,87,47,76,92,93,20,18,24,54,30,66,63,75,15,
58	3	5	1.648	3,31,23,39,89,55,27,64,48,70,81,40,49,88,21,5,
58	2	10	2.433	2,53,97,76,92,93,20,18,84,82,38,95,96,57,44,28,32,65,91,67,10,
58	3	4	1.669	3,31,23,39,89,55,27,64,48,70,81,40,49,21,88,4,
58	2	9	2.41	2,53,47,87,76,92,93,20,18,84,82,38,95,96,57,44,28,86,58,9,
58	2	11	2.475	2,53,97,76,92,93,20,18,84,82,38,95,96,57,44,28,32,65,67,91,11,
58	2	14	2.223	2,71,87,47,76,92,93,20,18,84,99,50,30,66,63,19,26,46,51,14,
58	2	13	2.454	2,53,71,87,47,76,92,93,20,18,84,99,50,61,77,42,80,83,33,13,
58	2	8	2.586	2,53,97,76,92,93,20,18,98,35,37,62,41,55,27,64,70,48,59,72,94,8,
58	2	7	2.357	2,53,97,76,92,93,20,18,98,29,35,37,62,41,55,27,64,70,73,74,7,
58	2	12	2.42	2,53,71,87,47,76,92,93,20,18,84,99,50,30,26,46,77,42,80,83,33,12,
58	4	5	1.749	4,39,89,34,62,37,41,55,27,64,70,81,40,49,21,5,
58	3	15	2.077	3,23,31,34,41,62,37,35,98,29,82,84,99,50,30,66,63,75,15,
58	3	9	2.483	3,23,31,34,62,37,41,55,27,64,16,78,96,57,68,44,28,86,58,9,
58	3	10	2.493	3,31,23,39,89,55,27,64,16,78,96,57,68,44,28,32,65,91,67,10,
58	3	11	2.555	3,23,31,34,62,37,35,98,29,82,38,95,96,57,44,28,32,65,67,91,11,
58	3	13	2.479	3,23,31,34,62,37,35,98,29,82,84,99,50,61,77,42,80,83,13,
58	3	7	2.435	3,23,31,34,62,37,41,55,27,64,40,49,88,21,81,70,48,73,74,7,
58	3	14	2.273	3,23,31,34,41,62,37,35,98,29,82,84,99,50,30,19,26,46,51,14,
58	3	6	2.248	3,31,23,39,89,34,62,37,41,55,27,64,48,70,40,81,60,73,6,
58	3	8	2.616	3,31,23,39,89,34,62,37,41,55,27,64,70,81,60,73,59,72,94,8,
58	3	12	2.481	3,23,31,34,62,37,35,98,29,82,84,99,50,61,79,90,36,80,83,33,12,
58	4	7	2.009	4,39,34,62,41,55,27,64,48,70,81,60,73,74,7,
58	5	6	1.92	5,21,88,49,40,27,55,41,62,37,64,48,70,81,60,6,
58	4	6	1.862	4,39,23,31,34,62,41,55,27,64,48,70,81,60,6,
58	4	10	2.36	4,88,21,40,81,70,48,16,78,96,57,68,44,28,32,65,91,67,10,
58	4	15	2.237	4,39,89,34,41,62,37,35,98,29,82,84,99,50,30,19,63,66,75,15,
58	4	9	2.474	4,39,89,41,62,37,35,98,29,82,38,95,96,57,68,44,28,86,58,9,
58	4	11	2.578	4,88,21,49,40,81,70,48,16,78,96,44,57,68,28,86,32,65,67,91,11,
58	4	8	2.662	4,39,23,31,34,62,37,41,55,27,64,40,81,70,48,16,72,94,8,
58	4	13	2.685	4,39,89,34,41,62,37,35,98,18,20,93,92,76,24,54,30,19,26,46,77,13,
58	4	14	2.501	4,39,89,34,41,62,37,35,98,20,93,92,18,84,99,50,30,19,26,46,51,14,
58	4	12	2.657	4,88,21,49,40,81,70,48,16,78,96,57,44,68,56,17,90,36,80,83,33,12,
58	5	9	2.099	5,21,40,81,70,48,16,78,96,57,68,44,28,86,58,9,
58	5	8	2.249	5,21,88,49,40,27,64,48,70,81,60,73,59,72,94,8,
58	6	8	2.422	6,60,81,40,27,55,41,62,37,64,70,48,59,72,94,8,
58	5	7	2.112	5,21,88,43,39,89,55,27,64,48,70,81,60,73,74,7,
58	6	7	2.238	6,60,81,40,49,27,55,41,62,37,64,48,70,73,74,7,
58	5	10	2.226	5,21,49,40,81,70,48,16,78,96,57,44,28,32,65,91,67,10,
58	5	15	2.313	5,21,49,40,27,55,41,62,37,35,98,29,82,84,99,50,30,66,63,75,15,
58	5	11	2.533	5,21,88,49,40,81,70,48,16,78,96,57,68,44,28,86,32,65,91,67,11,
58	5	13	2.537	5,60,81,70,48,16,78,96,57,44,68,56,17,90,36,83,80,42,13,
58	5	14	2.48	5,21,88,49,40,27,55,41,62,37,35,98,29,82,84,99,50,30,19,51,14,
58	5	12	2.48	5,60,81,70,48,16,78,96,57,44,68,56,17,90,36,42,80,83,33,12,
58	6	9	2.246	6,73,60,81,70,48,16,78,96,57,44,68,28,86,58,9,
58	7	9	2.36	7,74,73,60,81,70,48,16,78,96,57,44,28,86,58,9,
58	7	8	2.543	7,74,73,60,81,40,49,27,55,64,70,48,59,72,94,8,
58	7	10	2.363	7,74,72,16,78,96,57,68,44,28,86,58,32,65,91,67,10,
58	6	10	2.237	6,60,81,70,48,16,78,96,57,68,44,28,32,65,91,67,10,
58	7	11	2.514	7,74,73,70,48,16,78,96,57,68,44,28,86,32,65,67,91,11,
58	6	11	2.393	6,60,81,70,48,16,78,96,57,68,44,28,86,32,65,91,67,11,
58	6	15	2.427	6,60,81,40,27,55,41,62,37,35,29,82,84,99,50,30,66,63,75,15,
58	6	14	2.475	6,60,81,40,27,55,41,62,37,35,98,84,99,50,30,26,46,51,14,
58	6	13	2.589	6,60,81,70,48,16,78,96,57,44,68,56,17,90,36,83,80,13,
58	6	12	2.54	6,60,81,70,48,16,78,96,57,44,68,56,17,45,90,36,83,33,12,
58	8	10	2.456	8,58,86,28,44,57,68,56,17,90,36,45,91,67,65,10,
58	8	9	2.75	8,7,74,73,60,81,70,48,16,78,96,57,44,28,86,58,9,
58	8	11	2.386	8,58,86,32,65,67,91,17,45,90,36,42,80,83,33,22,11,
58	7	15	2.596	7,74,73,48,64,27,55,41,62,37,35,98,84,99,50,30,66,63,75,15,
58	7	13	2.591	7,72,16,78,96,57,44,68,56,17,45,90,36,33,83,80,42,13,
58	8	15	2.791	8,58,86,28,44,68,57,96,95,38,82,84,99,50,30,19,63,66,75,15,
58	8	13	2.622	8,58,86,28,44,57,68,56,32,65,91,17,45,90,36,83,80,13,
58	8	14	2.857	8,58,86,28,44,57,68,56,17,45,22,33,83,80,42,79,77,14,
58	7	14	2.685	7,74,73,70,64,27,55,41,62,35,98,84,99,50,30,26,46,51,14,
58	8	12	2.385	8,58,86,28,44,57,68,56,17,45,90,36,79,42,80,83,33,12,
58	7	12	2.538	7,94,72,16,78,96,57,44,68,56,17,45,90,36,80,83,33,12,
58	10	11	1.814	10,67,91,65,32,17,45,90,36,42,80,83,33,22,11,
58	9	10	2.254	9,58,86,28,44,57,68,56,17,90,36,45,91,67,65,10,
58	9	11	2.052	9,58,86,28,56,17,45,90,36,42,80,83,33,22,11,
58	10	12	1.576	10,67,91,65,32,56,17,45,90,36,42,80,83,33,12,
58	10	13	2.175	10,67,65,32,28,44,57,68,56,17,45,90,36,33,83,80,13,
58	9	12	1.83	9,58,86,28,44,57,68,56,17,45,90,36,83,33,12,
58	9	13	2.41	9,58,86,28,44,57,68,56,32,65,67,91,17,90,36,83,80,42,13,
58	9	15	2.593	9,58,86,28,44,68,57,96,95,38,82,84,99,50,30,19,66,63,75,15,
58	9	14	2.71	9,58,86,28,44,68,57,96,95,38,82,84,99,50,30,19,26,46,51,14,
58	10	15	2.537	10,65,67,91,17,45,90,36,33,83,80,42,77,46,19,63,66,75,15,
58	10	14	2.428	10,67,91,65,32,56,17,45,90,36,33,83,80,42,79,77,51,14,
58	13	15	2.009	13,42,80,83,33,36,90,79,77,46,26,19,63,66,75,15,
58	12	13	2.061	12,22,11,67,91,65,32,17,45,90,36,33,83,80,42,13,
58	14	15	2.233	14,51,19,30,50,99,84,18,20,93,92,24,54,66,63,75,15,
58	12	15	1.865	12,33,83,80,42,36,90,79,77,46,26,19,63,66,75,15,
58	13	14	2.21	13,42,80,83,33,36,90,79,77,46,26,19,66,63,51,14,
58	12	14	2.066	12,33,83,80,42,36,90,79,77,46,26,19,66,63,51,14,
58	11	13	2.221	11,91,67,65,32,86,28,44,57,68,56,17,45,90,36,42,13,
58	11	14	2.378	11,22,45,91,67,65,32,17,90,36,33,83,80,42,77,14,
58	11	12	1.618	11,91,67,65,32,56,17,45,90,36,42,80,83,33,12,
58	11	15	2.429	11,22,45,90,36,33,83,80,42,79,77,61,46,26,19,63,66,75,15,
