464	0	1	2.045	0,24,21,43,76,63,53,83,33,48,88,45,34,87,50,1,
464	0	2	2.208	0,24,34,88,45,83,33,48,59,80,38,85,75,52,27,2,
464	0	3	2.3	0,21,34,45,83,33,48,59,80,56,55,47,38,52,75,3,
464	0	4	2.203	0,24,21,34,88,45,83,33,48,59,80,38,85,47,56,66,55,4,
464	0	5	2.237	0,24,21,34,88,45,83,33,48,59,80,38,85,47,56,55,66,5,
464	0	6	2.393	0,21,43,76,63,19,74,61,51,35,82,17,91,25,96,41,72,44,6,
464	0	7	2.328	0,21,43,76,63,53,19,74,61,51,35,82,17,91,26,93,30,32,40,7,
464	0	8	2.469	0,21,43,76,63,53,19,74,61,51,35,82,17,91,26,30,93,49,89,8,
464	0	9	2.562	0,21,43,76,63,53,19,74,61,51,35,82,81,23,71,60,68,31,9,
464	0	10	2.566	0,21,43,76,63,53,19,74,61,51,35,82,81,23,71,60,92,10,
464	0	11	2.459	0,24,21,43,76,63,53,19,61,74,64,57,54,79,36,86,37,77,84,11,
464	0	12	2.193	0,21,43,76,63,53,19,61,74,64,69,98,65,18,22,29,12,
464	0	13	1.978	0,21,43,76,63,53,19,61,74,69,98,65,18,73,97,13,
464	0	14	2.18	0,21,43,76,63,53,19,61,74,64,69,98,65,18,73,14,
464	0	15	2.368	0,21,43,76,63,53,19,61,74,69,98,65,18,20,78,15,
464	1	2	1.95	1,50,87,34,45,83,33,48,59,80,38,85,75,52,27,2,
464	1	3	1.816	1,50,87,34,45,83,33,48,59,80,38,47,85,75,3,
464	1	4	1.627	1,50,87,34,45,83,33,48,80,38,85,47,56,55,4,
464	1	5	1.844	1,50,87,34,45,83,33,48,59,80,38,85,47,56,55,66,5,
464	1	6	2.148	1,50,87,34,45,83,33,48,59,80,38,85,47,56,55,66,28,58,6,
464	1	7	2.311	1,50,24,21,43,76,53,63,74,61,51,35,82,17,91,26,93,30,32,40,7,
464	1	8	2.462	1,50,87,34,45,83,33,48,59,94,62,25,96,41,44,72,32,40,49,89,8,
464	1	9	2.576	1,50,87,34,45,83,33,48,59,94,62,91,17,81,23,71,60,68,31,9,
464	1	10	2.616	1,50,24,21,43,76,63,53,19,74,61,51,35,82,81,16,71,60,92,10,
464	1	11	2.368	1,87,50,24,21,43,76,63,53,19,61,74,64,57,54,79,86,37,77,84,11,
464	1	12	2.375	1,50,24,21,43,76,63,53,19,61,74,64,57,54,79,86,36,22,29,12,
464	1	13	2.106	1,50,24,21,43,76,63,53,19,61,74,64,69,98,65,18,73,97,13,
464	1	14	2.109	1,50,24,21,43,76,63,53,19,61,74,64,69,39,78,14,
464	1	15	2.126	1,50,87,34,45,83,33,48,59,19,63,53,76,43,90,15,
464	2	3	1.997	2,34,45,83,33,48,59,80,66,56,55,47,38,85,3,
464	2	4	1.826	2,27,52,88,45,83,33,48,59,80,38,85,47,56,55,4,
464	2	5	2.137	2,27,75,52,88,45,83,33,48,59,80,38,85,47,56,55,66,5,
464	2	6	2.296	2,27,52,75,38,85,47,56,55,66,42,25,96,41,72,32,44,6,
464	2	7	2.195	2,27,52,75,38,85,47,56,55,66,42,96,41,44,72,30,32,40,7,
464	2	8	2.316	2,27,75,38,85,47,56,55,66,42,96,41,44,72,32,40,49,89,8,
464	2	9	2.549	2,27,52,75,38,47,56,55,66,42,96,41,72,32,40,49,89,31,9,
464	2	10	2.692	2,34,45,83,33,48,59,94,62,91,17,82,35,95,23,71,60,92,10,
464	2	11	2.645	2,34,45,88,48,33,83,53,63,19,61,74,64,57,54,79,86,37,77,84,11,
464	2	12	2.563	2,87,50,24,21,43,76,63,53,19,61,74,64,69,98,65,18,22,29,12,
464	2	13	2.348	2,87,50,24,21,43,76,63,53,19,61,74,69,98,65,18,73,97,13,
464	2	14	2.485	2,87,50,24,21,43,76,63,53,19,61,74,69,98,65,18,73,14,
464	2	15	2.325	2,34,45,83,33,48,59,19,61,74,63,53,76,43,90,15,
464	3	4	1.675	3,75,52,88,45,83,33,48,80,38,85,47,56,55,4,
464	3	5	1.801	3,75,52,88,83,33,48,80,38,85,47,56,55,66,5,
464	3	6	2.108	3,75,38,85,47,56,55,66,42,96,41,72,30,40,32,44,6,
464	3	7	2.05	3,75,38,85,47,56,55,66,42,96,41,44,72,32,30,93,40,7,
464	3	8	2.227	3,75,38,85,47,56,55,66,42,96,41,44,72,32,40,30,93,49,89,8,
464	3	9	2.371	3,75,38,85,47,56,55,66,42,96,41,44,72,32,40,49,89,31,9,
464	3	10	2.539	3,85,38,47,56,55,66,42,96,41,72,32,40,49,89,31,68,92,10,
464	3	11	2.618	3,75,52,27,88,45,83,33,48,59,19,61,74,64,57,54,79,86,37,77,84,11,
464	3	12	2.661	3,75,52,88,45,83,33,48,59,19,61,74,64,69,98,65,18,73,97,46,12,
464	3	13	2.368	3,75,52,88,45,83,33,48,59,19,61,74,64,69,98,65,18,73,97,13,
464	3	14	2.482	3,75,52,48,33,83,53,63,19,61,74,69,98,65,18,73,97,14,
464	3	15	2.474	3,75,38,85,47,56,55,66,80,48,33,83,53,63,76,43,90,15,
464	4	5	1.93	4,85,38,47,56,55,66,42,25,96,41,72,44,58,28,5,
464	4	6	1.871	4,47,56,55,66,42,96,41,72,30,93,40,32,44,6,
464	4	7	1.677	4,47,38,56,55,66,42,96,41,72,30,32,40,7,
464	4	8	2.096	4,85,38,47,56,55,66,42,96,41,44,72,32,40,30,93,49,89,8,
464	4	9	2.395	4,47,38,56,55,66,42,96,41,44,72,32,40,30,93,49,89,31,9,
464	4	10	2.423	4,47,56,55,66,42,96,41,72,32,40,30,93,89,31,68,92,10,
464	4	11	2.515	4,55,56,47,85,38,80,48,33,83,19,61,74,64,57,54,79,86,77,84,11,
464	4	12	2.549	4,55,56,47,85,38,80,48,33,83,53,63,19,61,74,64,57,54,79,86,12,
464	4	13	2.361	4,55,56,47,85,38,80,48,33,83,19,61,74,69,98,65,18,73,97,13,
464	4	14	2.498	4,55,56,47,85,38,80,48,33,83,19,61,74,69,98,65,18,73,14,
464	4	15	2.515	4,55,56,47,85,38,75,52,88,45,83,33,48,59,19,53,63,90,15,
464	5	6	2.144	5,28,96,41,25,91,17,82,35,81,16,93,30,72,44,6,
464	5	7	1.96	5,55,47,56,66,42,96,41,44,72,32,30,93,40,7,
464	5	8	1.883	5,55,56,66,42,96,41,72,32,40,30,93,49,89,8,
464	5	9	2.389	5,55,56,66,42,96,41,44,72,32,40,30,93,49,89,31,68,9,
464	5	10	2.416	5,28,58,44,72,32,40,30,93,26,91,17,81,23,71,60,92,10,
464	5	11	2.544	5,28,58,44,72,41,96,25,91,17,82,35,81,23,95,67,37,77,84,11,
464	5	12	2.545	5,66,55,56,47,85,38,80,48,33,83,19,61,74,64,57,54,79,86,12,
464	5	13	2.453	5,66,55,56,47,85,38,80,48,33,83,53,63,69,98,65,18,73,97,13,
464	5	14	2.567	5,66,55,56,47,85,38,80,48,33,83,19,53,63,76,43,90,39,78,14,
464	5	15	2.449	5,66,55,56,47,85,38,80,59,48,33,83,19,63,53,76,43,90,15,
464	6	7	1.771	6,44,41,96,25,91,17,82,35,81,70,26,30,32,40,7,
464	6	8	1.84	6,44,72,41,96,25,91,17,81,70,26,30,93,49,89,8,
464	6	9	1.925	6,44,72,41,96,25,91,17,82,35,95,23,71,60,68,9,
464	6	10	2.307	6,44,72,32,40,30,93,26,70,91,17,82,35,95,23,71,60,92,10,
464	6	11	2.38	6,44,72,32,40,30,93,26,91,17,81,82,35,95,67,37,77,84,11,
464	6	12	2.381	6,44,72,32,40,30,93,26,70,91,17,82,35,95,67,54,79,86,12,
464	6	13	2.384	6,44,72,41,96,25,91,17,82,35,51,61,74,64,69,98,65,18,73,97,13,
464	6	14	2.521	6,44,72,41,96,25,91,17,82,35,51,61,74,64,69,98,65,18,73,14,
464	6	15	2.485	6,44,72,41,96,25,91,17,82,35,51,61,74,19,63,76,43,90,15,
464	7	8	1.792	7,40,32,30,72,41,96,25,91,17,70,26,93,49,89,8,
464	7	9	1.772	7,40,32,30,93,26,91,17,81,23,71,60,68,31,9,
464	7	10	2.029	7,40,32,30,93,26,91,17,82,35,95,23,71,99,60,92,10,
464	7	11	2.099	7,40,32,30,93,26,91,17,82,35,95,67,54,79,37,77,84,11,
464	7	12	2.18	7,40,32,30,93,26,70,91,17,82,35,23,95,67,54,79,86,12,
464	7	13	2.192	7,40,32,30,26,91,17,82,35,51,61,74,69,98,65,18,73,97,13,
464	7	14	2.433	7,40,32,30,93,26,91,17,82,35,51,61,74,64,69,98,65,18,73,14,
464	7	15	2.42	7,40,32,30,93,26,91,17,82,35,51,61,74,19,53,63,76,43,90,15,
464	8	9	1.978	8,89,49,93,30,26,91,17,82,35,95,23,71,60,68,9,
464	8	10	2.163	8,89,49,93,30,26,70,91,17,82,35,81,23,71,60,92,10,
464	8	11	2.201	8,49,40,32,30,93,26,91,17,82,35,95,67,37,77,84,11,
464	8	12	2.288	8,89,49,40,32,30,26,91,17,82,35,95,67,54,79,86,12,
464	8	13	2.317	8,89,49,93,26,91,17,82,35,51,61,74,69,98,65,18,73,97,13,
464	8	14	2.509	8,89,49,93,30,26,91,17,82,35,51,61,74,69,98,65,18,73,14,
464	8	15	2.538	8,89,49,93,30,26,91,17,82,35,51,61,74,19,63,76,43,90,15,
464	9	10	2.314	9,31,60,71,16,81,17,91,82,35,95,23,99,92,10,
464	9	11	2.222	9,31,68,60,99,71,23,95,67,57,54,79,86,77,84,11,
464	9	12	2.334	9,31,60,71,16,70,91,17,82,35,95,67,54,79,86,12,
464	9	13	2.422	9,31,60,71,23,81,82,35,51,61,74,69,98,65,18,73,97,13,
464	9	14	2.654	9,31,68,60,71,16,81,82,35,51,61,74,64,69,98,65,18,73,14,
464	9	15	2.725	9,31,60,71,23,81,17,82,35,51,61,74,19,53,63,76,43,90,15,
464	10	11	2.338	10,92,60,71,16,81,17,91,82,35,95,67,37,77,84,11,
464	10	12	2.419	10,84,77,37,86,79,54,57,98,65,18,73,97,46,22,36,29,12,
464	10	13	2.313	10,92,60,71,23,95,51,61,74,64,69,98,18,73,97,13,
464	10	14	2.671	10,92,60,71,23,81,82,35,51,61,74,64,69,98,65,18,73,14,
464	10	15	2.759	10,92,60,71,16,81,17,82,35,51,61,74,19,53,63,76,43,90,15,
464	11	12	1.998	11,84,77,37,86,79,54,57,98,65,18,73,97,22,36,29,12,
464	11	13	1.923	11,84,77,37,86,79,54,57,98,65,36,29,22,18,73,97,13,
464	11	14	2.239	11,84,77,37,86,79,36,29,22,97,73,18,65,98,20,39,78,14,
464	11	15	2.572	11,84,77,37,86,79,36,65,98,69,64,74,61,19,53,63,76,43,90,15,
464	12	13	2.078	12,29,36,86,79,54,57,64,74,69,98,65,18,73,97,13,
464	12	14	2.375	12,29,36,79,54,57,64,74,61,19,53,63,76,43,90,39,78,14,
464	12	15	2.398	12,29,22,97,73,18,65,98,69,64,74,61,19,53,63,90,15,
464	13	14	2.145	13,97,73,18,65,98,69,74,61,19,53,63,90,39,78,14,
464	13	15	2.07	13,97,73,18,65,98,69,74,61,19,53,63,76,43,90,15,
464	14	15	2.281	14,73,18,65,98,69,64,74,61,19,63,53,76,43,90,15,
