82	0	1	1.965	0,29,60,90,57,89,42,64,36,94,74,45,20,31,79,1,
82	0	2	1.819	0,29,90,57,89,42,64,36,94,45,20,31,61,99,39,2,
82	0	3	1.978	0,29,60,90,57,89,74,94,67,84,77,98,97,58,95,3,
82	0	4	2.126	0,29,60,90,57,89,74,94,36,67,84,77,98,58,97,23,50,4,
82	0	5	2.283	0,29,60,90,57,89,74,94,36,55,35,18,85,92,34,44,51,66,5,
82	0	6	2.39	0,29,60,90,57,89,74,94,36,55,35,40,18,85,92,34,44,38,70,6,
82	0	7	2.554	0,29,90,57,89,74,94,36,55,35,18,85,92,34,44,38,32,22,7,
82	0	8	2.534	0,29,60,90,57,89,42,74,94,36,80,62,35,55,18,40,78,47,71,8,
82	0	9	2.439	0,29,60,90,57,89,42,64,74,94,36,55,35,18,40,88,68,37,69,81,19,9,
82	0	10	2.427	0,29,60,90,57,89,74,94,36,55,35,18,40,88,68,53,25,82,27,30,10,
82	0	11	2.154	0,29,60,90,57,89,42,64,74,94,36,80,62,93,72,25,27,30,11,
82	0	12	2.125	0,29,60,90,57,89,42,64,74,94,36,80,62,49,72,52,54,28,12,
82	0	13	1.992	0,29,60,90,57,89,42,16,64,74,94,36,80,62,76,96,13,
82	0	14	1.694	0,29,60,90,57,89,74,94,36,64,42,16,63,86,26,14,
82	0	15	1.859	0,29,60,90,57,89,74,94,36,64,42,16,86,26,63,15,
82	1	2	2.11	1,29,60,90,57,89,42,74,94,45,20,31,61,99,39,2,
82	1	3	2.256	1,29,60,90,57,89,74,94,67,84,77,98,97,58,95,3,
82	1	4	2.319	1,46,39,99,61,58,95,97,98,77,33,34,59,44,51,66,41,83,4,
82	1	5	2.367	1,46,39,99,61,58,97,98,77,33,34,59,44,51,48,73,38,70,5,
82	1	6	2.376	1,79,46,39,99,61,58,95,97,98,77,33,59,44,51,48,73,38,70,6,
82	1	7	2.458	1,46,39,99,61,58,95,97,98,77,59,44,51,48,73,70,38,32,22,7,
82	1	8	2.58	1,46,39,99,58,97,98,77,59,44,51,48,73,38,32,22,56,65,8,
82	1	9	2.57	1,29,60,90,57,89,74,94,36,55,35,18,40,88,68,53,69,81,19,9,
82	1	10	2.622	1,29,60,90,57,89,42,64,74,94,36,80,62,93,72,25,82,27,30,10,
82	1	11	2.432	1,29,60,90,57,89,42,64,74,94,36,80,62,93,72,25,27,30,11,
82	1	12	2.403	1,29,60,90,57,89,42,64,74,94,36,80,62,49,72,52,54,28,12,
82	1	13	2.27	1,29,60,90,57,89,42,16,64,74,94,36,80,62,76,96,13,
82	1	14	1.972	1,29,60,90,57,89,74,94,36,64,42,16,63,86,26,14,
82	1	15	1.98	1,79,31,20,45,94,74,64,42,89,57,90,60,29,43,15,
82	2	3	2.068	2,46,39,99,61,31,91,84,77,98,97,58,95,23,83,50,3,
82	2	4	1.766	2,46,39,99,61,91,77,98,97,58,95,23,50,83,87,41,4,
82	2	5	1.825	2,46,39,99,61,91,77,98,97,58,95,23,50,83,87,41,5,
82	2	6	1.831	2,39,99,61,58,95,97,98,77,59,51,48,73,38,70,6,
82	2	7	2.241	2,39,99,61,58,95,97,98,77,33,59,44,51,48,73,70,38,32,22,7,
82	2	8	2.322	2,39,99,61,58,97,98,77,59,51,48,73,70,38,32,22,56,65,8,
82	2	9	2.489	2,39,99,61,31,20,45,94,36,55,35,18,40,88,68,37,69,81,19,9,
82	2	10	2.637	2,39,99,61,31,20,45,94,36,55,35,18,40,88,68,37,81,69,24,17,10,
82	2	11	2.549	2,39,99,61,31,20,45,94,36,80,35,55,18,40,88,68,53,25,27,30,11,
82	2	12	2.54	2,39,99,61,31,20,45,74,89,57,42,64,94,36,80,62,76,75,28,54,12,
82	2	13	2.47	2,39,99,61,31,20,45,74,94,36,80,64,42,89,57,16,63,86,96,13,
82	2	14	2.13	2,39,99,61,31,20,45,94,74,89,90,57,42,16,63,86,26,14,
82	2	15	1.915	2,39,99,61,31,20,45,94,36,80,64,42,89,57,90,60,43,15,
82	3	4	1.829	3,95,58,97,98,77,33,34,59,44,51,66,41,83,50,4,
82	3	5	1.801	3,95,58,97,98,77,33,34,59,44,51,48,73,38,70,5,
82	3	6	1.742	3,95,58,97,98,77,33,34,59,44,51,48,73,38,70,6,
82	3	7	2.121	3,95,58,97,98,77,33,59,44,51,48,73,70,38,32,22,56,65,7,
82	3	8	2.262	3,58,97,98,77,33,34,59,44,51,48,73,70,38,32,22,56,65,8,
82	3	9	2.47	3,95,58,97,98,77,84,92,85,18,40,88,68,53,17,69,81,37,19,9,
82	3	10	2.684	3,95,58,97,98,77,84,92,85,18,40,88,68,53,17,69,81,37,19,21,10,
82	3	11	2.638	3,95,58,97,98,77,84,92,85,18,40,35,55,80,62,49,72,25,27,30,11,
82	3	12	2.564	3,95,58,97,98,77,84,67,45,74,89,57,42,16,86,96,75,28,54,12,
82	3	13	2.47	3,95,58,97,98,77,84,67,36,94,74,89,57,42,16,63,26,86,96,13,
82	3	14	2.302	3,58,97,98,77,84,85,18,35,55,36,94,74,89,57,42,16,63,14,
82	3	15	2.019	3,95,58,97,98,77,84,67,94,36,64,42,89,57,90,60,43,15,
82	4	5	1.759	4,83,50,23,95,58,97,98,77,33,34,59,44,51,66,5,
82	4	6	1.728	4,50,23,95,58,97,98,77,33,34,44,48,73,38,70,6,
82	4	7	1.841	4,50,23,95,58,97,98,77,59,51,48,73,38,32,22,7,
82	4	8	2.204	4,50,23,95,58,97,98,77,59,44,51,48,73,38,32,22,56,65,8,
82	4	9	2.382	4,50,23,95,58,97,98,77,84,85,18,40,88,68,37,81,69,24,19,9,
82	4	10	2.507	4,50,23,95,58,97,98,77,84,92,85,18,40,88,68,37,81,69,17,10,
82	4	11	2.527	4,83,50,23,95,58,97,98,77,84,92,85,18,40,88,68,53,25,27,82,30,11,
82	4	12	2.498	4,50,23,95,58,97,98,77,84,85,18,40,35,55,80,76,75,28,54,12,
82	4	13	2.52	4,50,23,95,58,97,98,77,84,67,36,94,74,89,57,42,16,63,86,96,13,
82	4	14	2.342	4,50,23,95,58,97,98,77,84,67,45,94,36,64,42,89,57,16,86,26,14,
82	4	15	2.139	4,50,23,95,58,97,98,77,84,67,94,36,64,42,89,57,90,60,43,15,
82	5	6	1.918	5,41,83,50,23,95,58,97,98,77,33,59,51,48,73,70,6,
82	5	7	1.977	5,66,51,59,33,34,44,48,73,70,38,32,22,56,65,7,
82	5	8	2.045	5,66,51,59,33,34,44,48,73,70,38,32,22,56,65,8,
82	5	9	2.083	5,66,48,73,70,38,32,22,56,65,71,37,69,81,19,9,
82	5	10	2.424	5,66,48,73,70,38,32,22,56,65,47,71,37,69,81,19,24,17,10,
82	5	11	2.55	5,66,73,48,51,44,59,34,33,92,85,18,40,88,68,53,25,82,27,30,11,
82	5	12	2.677	5,41,83,50,23,95,58,97,98,77,84,67,94,36,80,76,75,28,54,12,
82	5	13	2.604	5,66,51,44,34,92,85,18,40,35,55,36,94,74,89,57,42,16,86,96,13,
82	5	14	2.442	5,66,51,44,34,92,85,18,40,35,55,36,94,74,89,57,42,16,86,26,14,
82	5	15	2.326	5,66,51,44,34,92,85,18,40,35,55,36,94,64,42,89,57,90,60,43,15,
82	6	7	2.358	6,70,38,73,48,51,59,98,77,84,33,34,44,32,22,7,
82	6	8	2.215	6,70,73,48,66,51,59,33,34,44,38,32,22,56,65,8,
82	6	9	2.117	6,70,73,48,38,32,22,56,65,47,71,37,69,81,19,9,
82	6	10	2.531	6,70,38,73,48,51,44,34,92,85,18,40,88,68,37,81,69,17,10,
82	6	11	2.426	6,70,38,73,48,51,44,34,92,85,18,40,88,68,53,25,82,27,30,11,
82	6	12	2.544	6,70,38,73,48,51,44,34,92,85,55,35,80,62,76,75,28,54,12,
82	6	13	2.49	6,70,38,73,48,51,44,34,33,92,85,40,18,55,35,62,76,96,13,
82	6	14	2.507	6,70,73,48,51,44,34,92,85,18,40,35,55,36,94,74,89,57,42,16,63,14,
82	6	15	2.39	6,70,73,48,51,44,34,92,85,18,40,35,55,36,94,74,89,57,90,60,43,15,
82	7	8	2.292	7,22,32,38,70,73,48,51,44,59,33,34,78,47,71,8,
82	7	9	2.301	7,22,32,38,70,73,48,51,44,78,47,37,69,81,19,9,
82	7	10	2.459	7,22,32,56,65,47,71,37,69,81,19,24,17,27,25,82,30,10,
82	7	11	2.437	7,22,32,56,65,47,71,37,69,81,19,21,24,17,27,25,82,30,11,
82	7	12	2.488	7,22,56,65,47,71,37,69,81,19,24,17,27,25,82,52,54,28,12,
82	7	13	2.488	7,22,56,65,47,71,37,69,81,19,24,17,27,25,82,54,28,13,
82	7	14	2.558	7,65,56,78,40,18,35,55,80,36,94,74,89,57,42,16,86,26,14,
82	7	15	2.52	7,22,32,38,44,34,92,85,18,35,55,36,94,74,89,57,90,60,43,15,
82	8	9	2.053	8,65,56,22,32,78,47,71,37,81,69,17,24,19,21,9,
82	8	10	2.206	8,65,56,47,71,19,37,81,69,24,17,27,25,82,30,10,
82	8	11	2.001	8,65,56,47,71,37,69,81,19,24,17,27,25,82,30,11,
82	8	12	2.723	8,65,56,47,37,69,81,19,24,17,53,68,88,93,72,52,54,28,12,
82	8	13	2.58	8,71,47,78,40,18,35,55,36,94,74,89,57,42,16,86,26,96,13,
82	8	14	2.541	8,71,47,78,40,18,35,55,36,94,74,89,57,42,64,16,63,86,26,14,
82	8	15	2.554	8,71,37,81,69,53,68,88,40,18,35,55,36,94,64,42,89,57,90,60,43,15,
82	9	10	2.21	9,19,37,81,69,24,17,53,68,88,93,72,25,82,27,30,10,
82	9	11	2.076	9,19,37,81,69,24,17,53,68,88,93,72,25,82,27,30,11,
82	9	12	1.923	9,19,37,81,69,24,17,30,27,82,25,72,52,54,28,12,
82	9	13	2.468	9,19,81,69,37,68,88,40,18,35,55,36,94,64,42,16,86,96,13,
82	9	14	2.363	9,19,81,69,37,68,88,40,18,35,55,36,94,74,89,57,42,16,63,14,
82	9	15	2.246	9,19,81,69,37,68,88,40,18,35,55,36,94,74,89,57,90,60,43,15,
82	10	11	2.182	10,17,24,19,37,81,69,53,68,88,93,72,25,82,27,30,11,
82	10	12	2.059	10,21,19,37,81,69,24,17,27,82,25,72,52,54,28,12,
82	10	13	2.402	10,30,27,25,72,49,62,80,36,94,74,89,57,42,16,86,26,13,
82	10	14	2.245	10,30,27,82,25,72,49,62,80,36,94,74,89,57,42,16,63,14,
82	10	15	2.325	10,30,27,25,72,93,62,80,36,94,74,89,42,16,57,90,60,43,15,
82	11	12	2.203	11,30,27,25,53,68,88,40,18,55,35,62,76,75,28,12,
82	11	13	2.152	11,30,27,25,72,49,62,80,36,94,64,42,16,86,26,13,
82	11	14	1.998	11,30,27,25,72,49,62,80,36,94,64,42,16,86,26,14,
82	11	15	2.017	11,30,27,82,25,72,93,62,80,36,94,74,89,57,90,60,43,15,
82	12	13	2.059	12,54,28,75,76,80,36,94,74,89,42,16,86,96,13,
82	12	14	1.91	12,54,28,75,76,62,80,36,94,74,89,42,16,63,14,
82	12	15	1.763	12,54,28,75,76,80,36,94,74,89,57,90,60,43,15,
82	13	14	1.948	13,96,76,62,80,36,94,74,89,57,42,16,63,86,26,14,
82	13	15	1.872	13,26,86,16,42,64,36,94,74,89,57,90,60,29,43,15,
82	14	15	1.718	14,26,86,16,42,64,36,94,74,89,57,90,60,29,43,15,
