174	0	1	2.202	0,37,72,62,20,54,99,63,61,87,90,32,73,98,85,64,1,
174	0	2	2.342	0,37,72,62,20,54,66,25,92,18,63,61,87,73,32,90,2,
174	0	3	2.034	0,72,37,85,98,63,61,87,73,32,90,74,59,68,84,78,3,
174	0	4	2.711	0,72,37,85,98,73,32,87,63,61,18,92,79,16,80,35,27,29,83,84,4,
174	0	5	2.473	0,72,37,85,98,73,32,87,63,61,18,79,35,27,53,58,91,56,48,5,
174	0	6	2.574	0,72,37,85,98,73,32,87,61,18,79,16,80,35,27,53,58,75,93,28,6,
174	0	7	2.424	0,37,85,98,73,32,87,61,18,79,35,27,53,71,36,65,19,96,82,7,
174	0	8	2.474	0,72,37,85,98,73,32,87,63,61,18,79,35,27,53,71,36,65,19,96,60,31,8,
174	0	9	2.471	0,37,85,98,73,32,87,63,61,18,79,35,27,53,71,36,95,55,30,34,9,
174	0	10	2.483	0,72,62,20,66,25,45,77,33,23,70,39,97,89,51,81,17,43,41,10,
174	0	11	2.541	0,37,85,98,73,32,87,63,61,18,79,16,80,42,46,76,81,17,51,89,97,40,11,
174	0	12	2.272	0,37,85,98,73,32,87,61,18,79,16,80,42,46,76,81,17,51,89,40,12,
174	0	13	2.153	0,72,37,85,98,73,32,87,61,63,99,66,25,45,77,33,23,70,13,
174	0	14	1.874	0,37,85,98,73,32,87,61,63,99,54,66,25,77,45,24,14,
174	0	15	1.936	0,72,37,85,98,73,32,90,87,61,63,99,54,62,20,67,15,
174	1	2	2.318	1,64,32,87,73,98,85,37,72,62,20,54,99,63,61,90,2,
174	1	3	2.169	1,64,37,85,98,99,63,61,87,73,32,90,74,59,68,78,3,
174	1	4	2.363	1,64,32,87,63,61,18,79,16,80,35,27,29,83,84,4,
174	1	5	2.167	1,64,90,32,73,87,63,61,18,29,49,21,91,56,48,5,
174	1	6	2.491	1,64,73,32,87,63,61,18,79,35,27,53,71,36,65,93,57,28,6,
174	1	7	2.418	1,64,73,32,87,61,18,79,16,80,35,27,53,71,36,65,19,96,82,7,
174	1	8	2.394	1,64,73,32,87,63,61,18,79,16,80,35,27,53,71,36,65,19,96,60,31,8,
174	1	9	2.465	1,64,73,32,87,63,61,18,79,16,80,35,27,53,71,36,95,55,30,34,9,
174	1	10	2.462	1,64,73,32,87,63,61,18,79,35,27,53,71,36,95,55,30,34,38,10,
174	1	11	2.335	1,64,73,32,87,63,18,92,79,16,80,42,46,76,81,17,51,89,40,11,
174	1	12	2.232	1,64,73,32,87,63,18,79,16,80,42,76,46,81,17,51,89,40,97,12,
174	1	13	2.305	1,64,32,87,73,98,85,37,72,62,20,66,25,45,77,33,23,70,13,
174	1	14	2.023	1,64,32,87,73,98,85,37,72,62,20,66,25,45,77,24,14,
174	1	15	2.147	1,64,90,32,73,87,61,63,99,98,85,37,72,62,54,20,67,15,
174	2	3	2.442	2,90,32,73,87,63,61,18,79,35,27,29,83,68,78,3,
174	2	4	2.466	2,90,32,87,63,61,18,79,16,80,35,27,29,83,84,4,
174	2	5	2.297	2,90,32,87,63,18,79,35,27,53,58,91,56,48,5,
174	2	6	2.497	2,90,32,73,87,63,61,18,79,35,27,53,58,75,93,57,28,6,
174	2	7	2.415	2,90,32,73,87,61,18,79,35,27,53,71,36,65,19,96,82,7,
174	2	8	2.391	2,90,32,73,87,63,61,18,79,35,27,53,71,36,65,19,96,60,31,8,
174	2	9	2.507	2,90,32,73,87,63,18,79,35,27,53,71,36,95,55,52,38,34,9,
174	2	10	2.542	2,90,32,73,87,63,18,79,35,27,53,71,36,95,55,30,34,38,10,
174	2	11	2.382	2,90,32,73,87,63,61,18,79,16,80,42,76,46,81,17,51,89,40,11,
174	2	12	2.378	2,90,32,73,87,63,61,18,79,16,80,42,46,76,81,17,51,89,40,97,12,
174	2	13	2.408	2,90,32,87,73,98,85,37,72,62,20,66,25,45,77,33,23,70,13,
174	2	14	2.268	2,90,32,73,87,63,18,79,27,35,16,80,42,77,45,24,14,
174	2	15	2.342	2,90,32,73,87,63,18,79,27,35,16,80,42,25,66,20,15,
174	3	4	2.632	3,78,59,74,90,32,73,87,63,61,18,29,49,83,84,4,
174	3	5	2.429	3,78,68,59,74,90,32,73,87,63,61,83,21,91,56,48,5,
174	3	6	2.527	3,78,84,83,49,58,69,65,19,96,31,60,82,88,57,28,6,
174	3	7	2.531	3,78,59,74,83,49,58,69,65,19,96,47,94,22,44,31,60,7,
174	3	8	2.511	3,78,59,74,83,49,58,69,36,71,95,55,30,94,22,44,31,60,8,
174	3	9	2.704	3,78,68,59,74,83,49,58,69,65,19,96,44,22,94,30,52,34,38,9,
174	3	10	2.828	3,78,68,59,74,83,49,58,69,65,19,96,60,31,44,22,94,30,34,38,10,
174	3	11	2.601	3,59,74,90,32,87,63,61,18,79,16,80,46,76,81,17,51,89,40,11,
174	3	12	2.561	3,59,74,90,32,87,63,18,79,16,80,42,46,76,81,17,51,89,40,12,
174	3	13	2.646	3,78,68,59,74,90,32,73,87,61,63,99,54,66,25,45,77,33,23,70,13,
174	3	14	2.513	3,78,68,59,74,90,32,73,87,61,63,99,54,20,66,25,45,77,24,14,
174	3	15	2.251	3,78,68,59,74,90,32,73,87,63,98,85,37,72,62,20,67,15,
174	4	5	2.485	4,84,68,74,90,32,73,87,63,61,83,21,91,56,48,5,
174	4	6	2.503	4,84,68,74,83,49,58,69,65,19,96,82,88,57,28,6,
174	4	7	2.45	4,48,56,91,75,69,65,95,55,30,94,22,44,31,60,7,
174	4	8	2.473	4,48,56,91,75,69,65,36,71,95,55,30,94,22,44,31,60,8,
174	4	9	2.638	4,48,56,91,75,93,28,57,88,82,60,31,44,22,94,30,34,38,9,
174	4	10	2.791	4,48,56,91,75,93,28,57,88,82,60,31,44,22,94,30,52,34,38,10,
174	4	11	2.71	4,84,83,29,18,79,27,35,16,80,42,46,76,81,17,51,89,40,11,
174	4	12	2.648	4,84,83,49,58,53,27,35,79,16,80,42,46,76,81,17,51,89,40,12,
174	4	13	2.679	4,84,68,59,74,90,32,73,87,61,63,99,66,25,45,77,33,23,70,13,
174	4	14	2.641	4,84,68,59,74,90,32,73,87,63,99,54,62,20,66,25,45,77,24,14,
174	4	15	2.746	4,84,68,59,74,90,32,73,87,61,63,99,54,20,66,25,77,45,67,15,
174	5	6	2.207	5,48,56,91,75,69,71,36,65,19,96,82,88,57,28,6,
174	5	7	2.127	5,48,56,91,75,69,65,19,96,47,94,22,44,31,60,7,
174	5	8	1.982	5,48,56,91,21,49,58,69,71,36,65,19,96,60,31,8,
174	5	9	2.008	5,48,56,28,57,88,82,60,31,44,22,94,30,34,9,
174	5	10	2.592	5,48,56,91,75,69,65,19,96,82,60,31,44,22,94,30,52,34,38,10,
174	5	11	2.566	5,48,56,91,21,49,29,27,35,16,80,42,76,46,17,81,51,89,40,11,
174	5	12	2.493	5,48,56,91,58,53,27,35,79,16,80,42,76,46,17,81,51,89,40,12,
174	5	13	2.686	5,48,56,91,58,53,27,35,16,80,42,46,76,81,17,51,89,40,97,39,13,
174	5	14	2.698	5,48,56,91,21,49,58,53,27,35,79,16,80,42,33,70,23,77,45,24,14,
174	5	15	2.715	5,48,56,91,21,49,58,53,27,35,16,80,42,33,70,23,77,45,67,15,
174	6	7	2.19	6,28,57,88,19,50,55,30,94,47,44,22,8,31,60,82,7,
174	6	8	1.998	6,28,57,88,82,60,31,96,19,50,95,55,30,94,44,8,
174	6	9	1.773	6,28,57,88,82,60,31,44,22,94,30,52,34,38,9,
174	6	10	2.44	6,28,57,88,82,60,31,44,22,94,47,50,95,55,30,34,38,41,10,
174	6	11	2.466	6,28,57,88,82,60,31,44,22,94,30,55,26,43,17,51,89,40,11,
174	6	12	2.366	6,28,57,88,82,60,31,44,22,94,30,52,43,17,81,51,89,97,12,
174	6	13	2.624	6,28,57,88,82,60,31,44,22,94,30,52,43,17,51,40,97,39,13,
174	6	14	2.672	6,28,57,88,82,96,19,65,36,71,53,27,35,79,16,42,77,45,24,14,
174	6	15	2.705	6,28,57,88,82,96,19,65,36,71,53,27,35,16,80,42,77,45,67,15,
174	7	8	1.893	7,82,60,31,96,19,65,36,71,95,55,30,94,44,8,
174	7	9	1.756	7,82,60,31,44,22,94,30,50,95,55,52,38,34,9,
174	7	10	2.391	7,28,57,88,82,60,31,96,47,44,22,94,30,55,52,34,38,10,
174	7	11	2.285	7,82,60,31,44,22,94,30,55,95,26,46,76,81,17,51,89,40,11,
174	7	12	2.268	7,82,60,31,44,22,94,30,50,95,55,26,46,76,81,17,51,89,40,12,
174	7	13	2.395	7,82,60,31,44,22,94,30,55,26,46,81,17,51,89,40,97,39,13,
174	7	14	2.446	7,82,60,31,96,19,65,36,71,53,27,35,79,16,80,42,77,45,24,14,
174	7	15	2.62	7,82,60,31,96,19,65,36,71,53,27,35,79,16,80,42,25,66,20,67,15,
174	8	9	1.708	8,31,60,82,96,47,44,22,94,50,95,55,30,34,9,
174	8	10	1.74	8,31,60,82,96,47,44,22,94,30,55,52,34,38,10,
174	8	11	2.077	8,60,31,44,22,94,30,50,55,26,46,76,81,17,51,89,40,11,
174	8	12	2.092	8,60,31,44,22,94,30,55,95,26,46,76,81,17,51,40,89,97,12,
174	8	13	2.335	8,60,31,44,22,94,30,50,95,55,26,46,76,81,17,51,89,97,39,13,
174	8	14	2.339	8,31,60,82,96,19,65,36,71,53,27,35,79,16,80,42,77,45,24,14,
174	8	15	2.462	8,31,60,82,96,19,65,36,71,53,27,35,79,16,80,42,77,45,67,15,
174	9	10	1.9	9,22,44,31,60,82,96,19,50,95,55,30,34,38,10,
174	9	11	1.924	9,22,44,47,94,30,55,26,46,76,81,17,51,89,40,11,
174	9	12	1.844	9,22,44,94,30,55,26,46,76,81,17,51,89,40,97,12,
174	9	13	2.3	9,38,34,30,94,50,95,55,26,46,76,81,17,51,40,89,97,39,13,
174	9	14	2.371	9,34,38,52,43,17,81,51,89,40,97,39,70,23,33,77,45,24,14,
174	9	15	2.556	9,34,38,41,43,17,81,51,89,40,97,39,70,23,33,77,45,67,15,
174	10	11	1.979	10,38,34,30,50,95,55,26,46,76,81,17,51,89,40,11,
174	10	12	1.903	10,38,34,30,50,95,55,26,46,76,81,17,51,89,40,12,
174	10	13	2.028	10,41,43,46,76,81,17,51,89,40,97,39,70,33,23,13,
174	10	14	2.198	10,41,43,46,76,81,17,51,89,40,97,39,70,23,33,77,45,24,14,
174	10	15	2.455	10,41,43,46,76,81,17,51,89,97,39,70,23,33,77,45,25,66,20,15,
174	11	12	2.202	11,40,89,51,17,81,76,46,80,16,79,42,33,70,39,12,
174	11	13	2.017	11,40,89,51,17,81,97,39,70,23,33,77,45,24,13,
174	11	14	1.787	11,40,89,51,17,81,97,39,70,23,33,77,45,24,14,
174	11	15	2.419	11,43,46,76,81,17,51,89,40,97,39,70,23,33,77,45,25,66,20,15,
174	12	13	1.911	12,39,97,40,89,51,17,81,70,23,33,77,45,24,13,
174	12	14	1.681	12,39,97,40,89,51,17,81,70,23,33,77,45,24,14,
174	12	15	1.812	12,97,40,89,51,17,81,46,76,70,23,33,77,45,67,15,
174	13	14	1.78	13,39,97,40,89,51,17,81,70,23,33,77,45,24,14,
174	13	15	2	13,39,97,89,51,17,81,46,76,70,23,33,77,45,67,15,
174	14	15	2.009	14,24,45,77,25,66,99,63,87,32,73,98,85,37,72,15,
