313	0	3	2.172	0,39,42,22,31,79,93,37,16,87,94,27,99,43,92,57,3,
313	0	4	2.419	0,39,42,22,31,61,62,34,93,37,16,87,94,27,99,43,92,4,
313	0	1	2.156	0,39,42,22,31,61,62,34,79,93,37,16,27,87,75,1,
313	0	11	2.227	0,39,22,42,46,59,85,90,65,54,68,58,80,30,89,74,44,48,11,
313	0	8	2.542	0,39,42,22,31,61,62,34,63,47,53,71,82,29,40,38,81,70,18,8,
313	0	9	2.486	0,39,42,22,31,61,62,34,63,47,53,71,82,29,19,60,21,55,96,9,
313	0	10	2.369	0,39,42,22,31,61,62,34,63,47,53,51,24,84,78,89,74,48,10,
313	0	6	2.432	0,39,42,22,31,61,62,34,63,47,53,71,91,23,98,66,52,83,73,56,6,
313	0	2	1.881	0,39,42,22,31,61,62,34,79,93,37,16,87,27,94,2,
313	0	5	2.397	0,39,31,61,62,34,26,63,47,53,71,91,23,98,35,76,36,88,50,5,
313	0	7	2.548	0,39,42,22,31,61,62,34,26,63,47,53,71,91,23,45,86,69,49,72,32,7,
313	1	3	2.438	1,93,79,31,61,62,34,37,16,87,94,27,99,43,92,57,3,
313	1	2	2.138	1,93,79,39,42,22,31,61,62,34,37,16,87,27,94,2,
313	0	14	2.028	0,39,42,22,31,61,62,34,26,63,47,53,41,33,59,85,14,
313	0	15	1.952	0,39,42,22,31,61,62,34,63,47,53,41,33,59,46,15,
313	0	13	2.237	0,39,42,22,31,61,62,63,47,53,51,24,84,78,30,80,58,68,13,
313	1	4	2.603	1,93,37,16,87,94,27,99,57,92,43,67,17,36,50,88,4,
313	0	12	2.223	0,39,42,22,31,61,62,41,46,59,33,90,65,54,68,58,80,30,12,
313	1	5	2.412	1,75,37,16,87,94,27,99,57,92,43,67,17,88,36,64,50,5,
313	1	6	2.348	1,75,87,94,27,99,57,92,43,67,17,36,88,50,64,73,83,56,6,
313	1	8	2.788	1,75,87,94,27,99,57,92,43,67,17,88,36,52,86,69,49,8,
313	1	7	2.617	1,75,87,94,27,99,57,92,43,67,17,36,88,50,64,73,83,32,7,
313	1	15	2.137	1,75,87,94,27,16,37,34,62,61,31,22,42,46,59,15,
313	1	14	2.223	1,75,16,37,93,34,62,61,31,22,42,46,59,41,33,85,14,
313	1	13	2.256	1,93,79,34,62,61,31,22,42,46,59,33,85,90,65,54,58,68,13,
313	2	3	2.184	2,87,94,27,99,43,67,17,36,50,88,4,92,57,3,
313	2	4	2.011	2,87,94,27,99,57,92,43,67,17,36,50,88,4,
313	1	12	2.345	1,93,34,62,61,31,22,42,46,59,33,90,65,54,68,58,80,30,12,
313	1	11	2.607	1,93,79,31,22,42,46,59,85,90,65,54,68,58,80,30,89,74,44,48,11,
313	2	5	1.663	2,87,94,27,99,57,92,43,67,17,36,88,50,5,
313	1	9	2.765	1,93,79,31,61,62,34,26,63,47,53,51,24,84,19,29,40,55,96,9,
313	1	10	2.642	1,93,79,31,61,62,34,26,63,47,53,51,24,84,78,89,74,48,44,10,
313	2	6	2.357	2,87,94,27,97,28,43,99,57,92,67,17,36,88,50,64,73,56,6,
313	2	13	2.203	2,87,16,37,34,62,61,31,22,42,46,59,85,90,65,54,58,68,13,
313	3	4	2.371	3,57,92,99,43,67,17,36,88,50,64,73,83,56,6,5,4,
313	2	15	2.354	2,94,27,87,16,37,93,79,34,62,61,31,39,22,42,46,59,15,
313	2	14	2.335	2,94,27,87,16,37,93,34,62,61,31,22,42,46,59,41,33,85,14,
313	2	12	2.431	2,87,16,37,34,62,61,31,22,42,46,59,85,90,54,68,58,80,30,12,
313	3	5	1.982	3,57,92,99,43,67,17,36,88,50,64,73,83,56,6,5,
313	2	11	2.618	2,87,16,37,34,26,63,47,53,71,82,51,24,84,78,89,74,44,48,11,
313	2	9	2.749	2,94,27,99,57,92,43,67,17,88,36,52,86,69,49,18,96,9,
313	2	10	2.704	2,87,16,37,34,26,63,47,53,71,82,51,24,84,78,89,74,48,44,10,
313	2	8	2.576	2,87,94,27,99,57,92,43,67,17,88,36,76,52,86,69,49,8,
313	2	7	2.443	2,87,94,27,99,57,92,43,67,17,88,36,76,52,86,69,72,32,7,
313	3	13	2.507	3,27,94,87,16,37,34,62,61,31,22,42,46,59,85,90,65,54,68,13,
313	3	12	2.529	3,27,94,87,16,37,34,62,41,33,90,65,54,68,58,80,30,12,
313	4	5	1.985	4,92,57,99,43,67,17,36,88,50,64,73,83,56,6,5,
313	3	15	2.447	3,57,92,43,99,27,94,87,16,37,93,79,62,61,31,22,42,46,15,
313	3	11	2.565	3,57,99,43,28,95,20,26,63,47,53,51,24,84,78,89,74,44,48,11,
313	3	14	2.524	3,57,92,43,99,27,94,87,16,37,34,62,61,31,22,42,46,59,14,
313	3	6	1.592	3,57,92,99,43,67,17,36,88,50,64,73,83,56,6,
313	3	9	2.608	3,57,99,43,67,17,88,36,76,52,86,69,49,18,70,81,55,96,9,
313	3	10	2.686	3,57,99,43,67,17,88,36,76,52,86,69,49,77,81,70,55,21,10,
313	3	8	2.503	3,57,92,99,43,67,17,36,88,50,64,73,83,52,86,69,49,8,
313	3	7	2.37	3,57,92,99,43,67,17,36,88,50,64,73,83,52,86,69,72,32,7,
313	4	13	2.629	4,92,57,99,43,97,20,26,63,47,53,51,24,78,30,80,58,68,13,
313	4	12	2.578	4,92,57,99,43,28,97,20,26,63,47,53,51,24,84,78,30,80,12,
313	4	7	1.848	4,92,57,99,43,67,17,36,52,86,69,72,32,7,
313	4	6	1.595	4,92,57,99,43,67,17,36,88,50,64,73,83,56,6,
313	5	6	1.984	5,4,92,57,99,43,67,17,36,88,50,64,73,83,56,6,
313	4	9	2.547	4,92,57,99,43,67,17,88,36,52,86,69,49,77,81,70,96,9,
313	4	11	2.663	4,92,57,99,43,67,76,52,86,69,49,18,70,81,55,21,44,48,11,
313	4	14	2.612	4,92,57,99,27,94,87,16,37,34,62,61,31,22,42,46,59,33,85,14,
313	4	15	2.605	4,92,57,99,43,97,95,25,98,23,91,71,53,47,63,34,62,61,31,22,42,15,
313	4	10	2.667	4,92,57,99,43,67,17,36,52,86,69,49,18,70,55,21,10,
313	4	8	2.338	4,92,57,99,43,67,17,36,88,50,64,73,83,86,69,49,8,
313	5	7	1.906	5,50,64,36,88,17,67,76,52,86,69,49,72,32,7,
313	5	13	2.621	5,50,64,73,83,69,86,77,81,70,55,21,60,74,89,30,80,58,68,13,
313	6	7	1.787	6,56,83,73,64,50,88,36,76,52,86,69,49,72,32,7,
313	5	9	2.421	5,50,88,36,17,67,76,52,86,69,49,18,70,81,55,96,9,
313	5	12	2.567	5,50,88,36,52,86,69,49,18,70,81,55,40,29,19,84,78,30,12,
313	6	8	2.163	6,56,83,73,64,50,88,17,36,76,52,86,69,72,32,8,
313	5	11	2.495	5,50,88,36,76,52,86,69,49,18,70,81,38,40,29,19,60,44,48,11,
313	5	8	2.437	5,50,64,36,88,17,67,35,66,52,86,69,49,72,32,8,
313	5	10	2.437	5,50,88,36,76,52,86,69,49,18,77,81,70,55,21,44,48,10,
313	5	15	2.54	5,50,88,36,76,35,98,23,91,71,53,47,63,26,34,62,61,31,22,42,46,15,
313	5	14	2.676	5,50,88,36,76,35,98,23,91,71,53,47,63,34,62,61,31,22,42,46,59,85,14,
313	7	9	2.085	7,32,72,49,18,70,81,38,40,29,19,60,21,55,96,9,
313	6	9	2.211	6,56,83,73,64,50,88,17,36,52,86,69,49,18,96,9,
313	7	10	2.057	7,32,72,49,18,70,81,55,21,40,29,19,60,44,48,10,
313	6	10	2.199	6,56,73,83,69,86,77,81,70,55,40,29,19,60,44,48,10,
313	6	13	2.485	6,56,73,83,86,69,49,18,70,81,55,21,60,74,89,30,80,58,68,13,
313	7	8	2.265	7,32,56,83,73,64,50,88,17,36,52,86,69,49,8,
313	6	12	2.516	6,56,73,83,86,69,49,18,70,81,55,40,29,19,60,74,89,30,80,12,
313	6	11	2.483	6,56,73,83,52,86,69,49,18,70,81,55,21,40,29,19,60,44,48,11,
313	7	11	2.453	7,32,72,69,86,49,18,70,81,55,21,40,38,29,19,60,74,44,48,11,
313	6	14	2.685	6,56,73,83,69,86,77,38,40,29,19,84,78,30,80,58,68,54,65,90,14,
313	6	15	2.642	6,56,73,83,52,66,98,25,23,91,71,53,47,63,26,34,62,61,31,22,42,46,15,
313	8	12	2.061	8,18,70,81,55,21,40,38,29,19,84,78,89,30,80,12,
313	8	11	2.015	8,18,77,81,70,55,40,29,19,84,78,89,74,44,48,11,
313	8	9	2.291	8,18,70,81,38,40,29,19,84,78,89,74,60,21,96,9,
313	8	10	2.101	8,18,77,81,70,55,40,29,19,84,78,89,74,48,44,10,
313	7	13	2.45	7,32,72,69,86,77,81,70,55,38,40,29,19,84,78,89,30,80,58,68,13,
313	8	13	2.54	8,18,70,81,55,21,40,29,19,60,74,89,30,80,58,68,54,65,90,13,
313	7	12	2.485	7,32,72,69,86,49,18,70,81,55,21,40,29,19,84,78,89,30,80,12,
313	8	15	2.596	8,18,70,81,55,21,60,74,89,30,80,58,68,54,65,90,85,59,15,
313	7	15	2.601	7,32,72,49,69,86,45,23,91,71,53,47,63,26,34,62,61,31,22,42,46,15,
313	8	14	2.535	8,18,77,81,70,55,38,40,29,19,84,78,89,30,80,58,68,54,65,90,14,
313	7	14	2.528	7,32,72,49,77,81,70,55,40,29,19,84,78,30,80,58,68,54,65,90,14,
313	10	13	1.919	10,48,44,60,40,38,29,19,84,78,89,30,80,58,68,13,
313	9	12	2.022	9,96,70,81,55,21,40,38,29,19,84,78,89,30,80,12,
313	10	12	2.108	10,21,55,70,81,77,38,40,29,19,60,74,89,30,80,12,
313	10	11	2.08	10,21,55,70,81,77,38,40,29,19,78,89,74,44,48,11,
313	9	11	1.988	9,96,70,81,55,21,40,29,19,84,78,89,74,44,48,11,
313	9	10	2.074	9,96,70,81,55,21,40,29,19,84,78,89,74,48,44,10,
313	9	13	2.499	9,96,55,70,81,77,38,40,29,19,84,78,89,30,80,58,68,54,65,90,13,
313	10	15	2.379	10,44,48,74,89,78,24,51,53,47,63,26,34,62,61,31,22,42,15,
313	10	14	2.424	10,48,44,60,21,40,38,29,19,84,78,89,30,80,58,68,54,65,90,14,
313	9	14	2.454	9,96,55,21,60,40,38,29,19,84,78,89,30,80,58,68,54,65,90,14,
313	9	15	2.55	9,96,55,21,40,29,19,84,78,30,80,58,68,54,65,90,85,59,46,15,
313	11	13	1.853	11,48,44,21,40,38,29,19,84,78,89,30,80,58,68,13,
313	11	12	2.026	11,48,44,21,55,70,81,77,38,40,29,19,84,78,30,12,
313	12	13	2.15	12,80,30,89,74,60,19,29,84,24,51,58,68,54,65,13,
313	13	14	1.891	13,68,58,54,65,90,33,41,62,61,31,22,42,46,59,14,
313	14	15	2.119	14,90,65,54,68,58,80,30,78,84,24,51,33,59,15,
313	12	14	2.123	12,30,80,58,68,54,65,90,33,41,62,61,31,22,42,46,59,14,
313	11	14	2.107	11,48,44,60,40,29,19,84,78,89,30,80,58,68,54,65,90,14,
313	13	15	2.173	13,68,58,54,65,90,33,59,46,42,22,31,61,62,79,39,15,
313	11	15	2.206	11,48,44,74,89,78,30,80,58,68,54,65,90,85,33,59,46,15,
313	12	15	2.172	12,30,80,58,68,54,65,90,33,41,62,61,31,39,22,42,46,15,
