253	0	3	2.132	0,30,72,16,49,21,28,22,59,52,48,78,39,29,3,
253	0	4	2.591	0,30,72,16,49,21,28,76,88,36,67,43,57,99,64,53,79,4,
253	0	1	2.442	0,30,72,16,49,21,28,22,59,52,48,78,29,39,2,1,
253	0	6	2.431	0,30,72,16,49,21,28,76,88,36,67,43,82,80,32,71,68,6,
253	0	8	2.462	0,30,72,16,49,21,28,76,88,36,67,43,94,47,73,19,89,74,8,
253	0	2	2.053	0,30,72,16,49,21,28,22,59,52,48,78,29,39,2,
253	0	10	2.427	0,30,72,16,22,49,21,28,55,93,24,83,37,96,95,45,50,42,41,10,
253	0	5	2.39	0,30,21,28,76,88,36,67,43,82,80,32,77,34,90,26,69,5,
253	0	11	2.483	0,30,72,16,22,49,21,28,55,93,60,24,83,37,96,95,50,45,11,
253	0	9	2.514	0,30,16,72,22,62,76,88,36,67,43,82,73,19,89,74,87,63,9,
253	0	7	2.471	0,30,72,16,49,21,28,76,88,36,67,43,35,82,17,80,32,71,68,7,
253	1	3	2.198	1,46,84,72,16,49,21,28,22,59,52,48,78,39,29,3,
253	1	4	2.31	1,46,84,52,48,78,39,29,18,64,99,44,53,27,79,4,
253	0	15	2.191	0,30,72,16,22,49,21,28,55,93,24,83,60,31,54,15,
253	0	14	2.053	0,30,72,16,22,49,21,28,55,93,24,83,60,25,70,14,
253	1	2	2.119	1,46,84,72,16,49,21,28,22,59,52,48,78,29,39,2,
253	0	13	2.346	0,30,72,16,22,49,21,28,55,93,60,24,37,83,38,25,98,13,
253	0	12	2.326	0,30,72,16,22,49,21,28,55,93,24,83,37,96,95,66,65,12,
253	1	7	2.46	1,46,84,72,16,22,62,76,88,36,67,43,35,82,17,80,32,71,68,7,
253	1	8	2.482	1,46,84,72,16,22,62,76,88,36,67,43,82,17,97,75,19,89,74,8,
253	1	5	2.417	1,52,48,78,39,29,18,64,99,57,40,44,51,92,34,90,26,69,5,
253	1	6	2.479	1,46,84,72,16,22,62,76,88,36,67,43,82,17,80,32,71,68,6,
253	1	15	2.187	1,46,84,72,16,49,21,28,55,93,60,25,98,70,31,54,15,
253	2	3	2.452	2,48,78,39,29,18,64,99,57,40,51,44,53,79,27,3,
253	2	4	2.403	2,48,78,39,29,18,64,99,53,44,51,92,34,26,69,90,5,4,
253	1	13	2.465	1,46,84,72,16,49,21,28,55,93,60,24,83,37,96,95,66,38,13,
253	1	14	2.254	1,46,84,72,16,22,49,21,28,55,93,37,83,24,60,25,70,14,
253	1	12	2.531	1,46,84,72,16,22,49,21,28,55,93,60,24,83,37,96,95,66,65,86,12,
253	2	5	2.014	2,48,78,39,29,18,64,99,53,44,51,92,34,26,69,90,5,
253	1	9	2.576	1,84,72,16,22,62,76,88,36,67,43,82,17,97,75,19,89,74,87,63,9,
253	2	6	2.404	2,39,29,18,64,99,57,40,35,82,17,80,32,77,34,26,69,90,6,
253	1	10	2.587	1,46,84,72,16,49,21,28,55,93,60,24,83,37,96,95,45,50,58,42,41,10,
253	1	11	2.704	1,46,84,72,16,49,21,28,55,93,24,83,37,96,95,45,50,58,41,42,11,
253	2	15	2.104	2,39,29,78,48,52,59,72,16,22,49,28,21,54,15,
253	3	4	2.425	3,27,79,53,44,40,35,82,80,32,77,34,90,26,69,5,4,
253	2	13	2.525	2,39,78,48,52,84,46,72,16,22,49,21,28,55,93,60,24,83,38,13,
253	2	12	2.481	2,39,78,48,52,84,72,16,49,21,28,55,93,24,83,37,66,65,86,12,
253	2	14	2.272	2,39,78,48,52,84,72,16,22,49,21,28,55,93,60,25,98,70,14,
253	3	5	2.036	3,27,79,53,44,40,35,82,80,32,77,34,90,26,69,5,
253	2	7	2.539	2,29,39,48,78,18,64,99,57,40,35,82,17,80,32,77,71,68,7,
253	2	9	2.486	2,39,29,18,64,99,44,51,92,77,32,80,17,97,75,19,89,74,87,63,9,
253	2	10	2.608	2,39,29,18,64,99,57,40,35,82,94,47,91,61,33,81,58,42,41,10,
253	2	8	2.581	2,39,29,18,64,99,53,44,51,92,77,32,80,17,97,75,19,89,74,63,87,8,
253	2	11	2.613	2,39,78,48,52,84,72,16,49,21,28,55,93,60,24,83,37,66,23,11,
253	3	6	2.163	3,27,79,53,44,40,35,82,80,32,77,34,26,69,90,6,
253	3	15	2.586	3,29,39,78,48,52,84,46,72,16,49,21,28,55,93,60,31,54,15,
253	3	14	2.376	3,29,39,78,48,52,84,72,16,49,21,28,55,93,60,25,98,70,14,
253	3	13	2.495	3,29,39,78,48,52,59,72,16,22,49,21,28,55,93,60,25,98,13,
253	4	5	2.093	4,79,27,53,44,40,35,82,17,80,32,77,92,34,26,5,
253	3	7	2.508	3,27,79,53,64,99,62,76,88,36,67,43,82,17,80,32,71,68,7,
253	3	12	2.607	3,29,39,78,48,52,84,72,16,49,21,28,55,93,24,83,66,65,86,12,
253	3	9	2.484	3,27,79,53,44,40,35,82,80,32,71,68,97,75,19,89,74,87,63,9,
253	3	8	2.483	3,27,79,53,64,99,57,40,35,82,17,73,97,75,19,89,74,87,63,8,
253	3	11	2.647	3,29,39,78,48,52,84,72,16,49,21,28,55,93,24,83,66,23,11,
253	3	10	2.712	3,27,79,53,44,51,92,77,32,80,35,82,94,47,91,33,81,58,42,41,10,
253	4	7	1.987	4,79,27,18,64,99,57,40,35,82,80,32,71,68,7,
253	5	6	2.009	5,69,26,90,34,92,77,32,80,82,17,73,97,71,68,6,
253	4	6	2.087	4,79,27,18,64,99,57,40,35,82,80,32,71,68,6,
253	4	15	2.68	4,79,53,64,99,57,62,76,88,67,36,96,37,83,24,60,31,54,15,
253	4	14	2.552	4,79,27,18,64,99,62,76,88,67,36,96,37,83,24,60,25,70,14,
253	4	13	2.772	4,79,27,18,64,99,57,40,35,82,43,67,36,96,37,24,83,38,13,
253	4	12	2.757	4,79,27,18,64,99,57,62,76,88,67,36,96,37,24,83,66,23,65,12,
253	4	9	2.477	4,5,69,26,90,34,92,77,32,80,35,82,17,73,97,75,19,89,74,87,63,9,
253	4	8	2.336	4,79,53,64,99,57,40,35,82,17,73,97,75,19,89,74,87,63,8,
253	4	10	2.615	4,79,27,18,64,99,62,76,88,36,67,43,94,47,91,33,81,58,41,10,
253	4	11	2.792	4,79,53,64,99,62,76,88,36,67,43,94,47,91,33,81,58,41,42,11,
253	5	7	1.909	5,69,26,90,34,92,77,32,80,82,17,73,97,71,68,7,
253	6	7	2.036	6,90,69,26,34,92,77,32,80,82,17,73,97,71,68,7,
253	6	8	1.768	6,90,69,26,34,92,77,32,80,97,75,19,89,74,87,63,8,
253	5	8	1.641	5,69,26,90,34,92,77,32,80,97,75,19,89,74,87,63,8,
253	5	9	1.845	5,69,26,90,34,92,77,32,80,17,73,97,75,19,89,74,87,63,9,
253	5	15	2.469	5,69,26,90,34,92,77,32,80,82,43,67,36,88,76,28,21,54,15,
253	5	14	2.43	5,69,26,34,92,77,32,80,82,43,67,36,96,37,24,60,25,70,14,
253	5	12	2.469	5,69,26,90,34,77,32,80,82,43,67,36,96,37,24,83,66,65,86,12,
253	5	13	2.487	5,69,26,90,34,92,77,32,80,17,82,35,43,67,36,96,37,24,83,38,13,
253	5	10	2.261	5,69,26,90,34,92,77,32,80,35,82,94,47,91,61,33,81,58,42,41,10,
253	5	11	2.527	5,69,26,90,34,92,77,32,80,82,35,43,94,47,91,33,81,58,41,42,11,
253	7	9	1.665	7,68,71,32,80,35,82,17,97,75,19,89,74,87,63,9,
253	7	8	1.674	7,68,71,32,80,35,82,17,97,75,19,89,74,87,63,8,
253	7	10	1.879	7,68,71,32,80,35,82,94,47,91,33,81,58,42,41,10,
253	6	9	2.017	6,68,71,32,80,35,82,17,73,97,75,19,89,74,87,63,85,9,
253	6	14	2.437	6,68,71,32,80,17,82,43,67,36,96,37,83,24,60,25,98,70,14,
253	6	15	2.503	6,68,71,32,80,82,43,67,36,88,76,62,22,16,72,30,20,15,
253	6	10	2.121	6,68,71,32,80,17,82,35,43,94,47,91,33,81,58,41,10,
253	6	12	2.486	6,68,71,32,80,17,82,35,43,67,36,96,37,24,83,66,65,86,12,
253	6	13	2.636	6,68,71,32,80,17,82,35,43,67,36,88,96,37,83,24,60,25,98,13,
253	7	11	2.214	7,68,71,32,80,17,82,35,43,94,47,91,33,81,58,42,11,
253	6	11	2.495	6,34,90,69,26,92,77,32,80,17,82,94,47,91,33,81,58,41,42,11,
253	8	9	1.956	8,63,87,74,89,19,75,97,73,94,47,56,33,81,85,9,
253	8	10	1.907	8,87,74,89,19,75,97,73,94,47,91,33,81,58,41,10,
253	8	12	2.234	8,63,87,74,89,19,75,97,73,56,33,91,61,50,45,23,65,86,12,
253	8	13	2.337	8,63,87,74,89,19,75,97,73,56,33,61,95,96,37,24,83,38,13,
253	7	13	2.402	7,68,71,32,80,17,82,35,43,67,36,96,37,83,24,60,25,98,13,
253	8	14	2.476	8,74,89,19,75,97,17,82,35,43,67,36,96,37,83,24,60,25,70,14,
253	7	12	2.386	7,68,71,32,80,17,82,35,43,67,36,96,37,24,83,66,65,86,12,
253	8	15	2.57	8,63,87,74,89,19,73,17,82,35,43,67,36,88,76,28,21,54,15,
253	7	14	2.507	7,68,71,32,80,17,82,35,43,67,36,88,96,37,83,24,60,25,70,14,
253	7	15	2.539	7,68,71,32,80,17,82,43,67,36,88,76,28,21,49,16,72,30,20,15,
253	8	11	2.232	8,63,87,74,89,19,75,97,17,82,94,47,91,33,81,58,42,11,
253	10	13	2.139	10,41,42,50,45,23,66,95,96,37,83,24,60,25,70,98,13,
253	9	13	2.094	9,63,87,74,89,19,56,33,61,95,96,37,24,83,38,13,
253	9	12	2.084	9,63,87,74,89,19,73,56,33,91,61,50,45,23,65,86,12,
253	10	12	2.176	10,41,42,50,45,23,66,95,96,37,83,24,60,38,65,86,12,
253	9	10	1.799	9,63,87,74,89,19,75,97,73,56,33,81,58,42,41,10,
253	10	11	2.276	10,41,42,58,81,33,61,95,96,37,24,83,66,23,45,11,
253	9	11	2.008	9,63,87,74,89,19,75,97,73,56,33,81,58,41,42,11,
253	9	14	2.458	9,63,87,74,89,19,73,47,94,43,67,36,96,37,24,60,25,70,14,
253	10	14	2.465	10,41,42,58,81,33,91,47,94,43,67,36,96,37,24,60,25,70,14,
253	9	15	2.567	9,63,87,74,89,19,75,97,17,82,35,43,67,36,88,76,28,21,54,15,
253	10	15	2.51	10,41,58,50,45,95,96,37,83,24,93,55,28,21,49,16,72,30,20,15,
253	11	13	2.4	11,41,58,81,33,91,47,94,67,36,96,37,83,38,13,
253	12	13	2.383	12,65,66,37,96,36,67,88,76,28,55,93,60,25,13,
253	11	12	2.375	11,42,41,58,50,45,95,96,37,24,83,66,38,65,86,12,
253	12	15	2.134	12,86,65,66,37,24,93,55,28,21,49,16,72,30,20,15,
253	13	14	2.293	13,38,83,24,37,96,36,67,76,88,55,93,60,25,70,14,
253	14	15	2.118	14,70,98,25,60,83,24,93,55,28,21,49,16,72,30,20,15,
253	12	14	2.232	12,86,65,66,95,96,37,83,24,60,93,55,28,21,31,14,
253	13	15	2.11	13,38,83,24,60,93,55,28,21,49,22,16,72,30,20,15,
253	11	14	2.565	11,23,66,83,24,37,96,36,67,76,88,55,93,60,25,98,70,14,
253	11	15	2.503	11,45,50,95,96,37,83,24,60,93,55,28,21,49,16,72,30,20,15,
