442	0	1	1.958	0,96,80,42,18,92,37,26,97,43,23,55,60,82,28,1,
442	0	2	2.037	0,96,80,42,37,92,18,60,85,38,48,31,88,91,94,2,
442	0	3	1.874	0,96,42,80,82,65,74,38,48,31,88,30,51,45,59,3,
442	0	4	2.259	0,96,80,42,37,92,18,60,65,74,85,38,48,31,88,91,30,51,4,
442	0	5	2.296	0,96,80,42,37,92,18,60,85,38,48,31,88,30,51,68,34,46,5,
442	0	6	2.504	0,96,80,42,37,92,18,60,65,74,16,48,31,88,73,75,78,57,24,81,6,
442	0	7	2.551	0,42,80,82,65,74,38,48,31,88,73,75,78,57,44,53,93,98,83,84,7,
442	0	8	2.387	0,37,18,92,26,97,43,23,54,56,49,71,40,89,17,25,22,35,8,
442	0	9	2.383	0,42,18,92,37,26,97,43,23,54,56,49,71,40,89,17,25,29,95,9,
442	0	10	2.368	0,37,18,92,26,97,43,23,54,56,49,71,40,89,17,25,29,10,
442	0	11	2.313	0,96,80,42,37,18,92,26,97,43,23,54,56,49,71,40,70,76,11,
442	0	12	2.207	0,96,28,80,42,18,92,37,26,97,21,77,66,86,32,72,19,58,12,
442	0	13	1.791	0,96,42,80,82,60,92,18,37,26,97,21,77,66,86,13,
442	0	14	1.909	0,96,28,80,42,18,92,37,26,97,43,23,33,21,77,14,
442	0	15	1.814	0,96,28,80,42,37,92,18,60,55,23,43,97,26,79,15,
442	1	2	2.134	1,28,80,42,37,18,92,60,65,74,16,48,31,91,94,2,
442	1	3	1.977	1,96,42,80,82,65,74,38,48,31,88,30,51,45,59,3,
442	1	4	2.103	1,96,80,42,37,18,92,60,85,38,48,31,88,30,51,4,
442	1	5	2.353	1,28,80,42,37,18,92,60,65,74,16,91,30,51,68,34,46,5,
442	1	6	2.494	1,28,80,42,37,18,92,60,65,74,38,63,67,41,87,93,53,44,6,
442	1	7	2.601	1,96,80,82,65,74,38,48,31,88,73,75,78,57,44,53,98,83,84,7,
442	1	8	2.555	1,96,80,82,60,55,43,23,54,56,49,71,40,89,17,25,22,35,8,
442	1	9	2.511	1,96,80,42,37,18,92,55,54,56,49,71,40,89,17,25,29,95,9,
442	1	10	2.502	1,96,80,42,18,92,37,26,97,43,23,54,56,49,71,40,70,76,10,
442	1	11	2.416	1,96,80,42,37,18,92,26,97,43,23,54,56,49,71,40,70,76,11,
442	1	12	2.333	1,28,80,42,18,92,37,26,97,43,23,54,56,49,71,61,72,32,12,
442	1	13	2.274	1,28,96,80,42,37,92,18,60,55,43,23,33,97,26,21,77,66,86,13,
442	1	14	2.076	1,96,42,80,82,60,92,18,37,26,21,97,43,33,77,14,
442	1	15	1.942	1,28,80,42,37,92,18,60,55,54,23,43,97,26,79,15,
442	2	3	2.086	2,94,50,16,65,74,85,38,48,31,88,91,30,51,45,59,3,
442	2	4	2.199	2,50,94,91,48,31,88,73,75,78,57,24,46,34,68,4,
442	2	5	2.102	2,50,16,65,74,85,38,48,31,88,30,51,68,34,46,5,
442	2	6	2.33	2,50,94,91,48,31,88,30,51,68,34,73,75,78,57,44,53,6,
442	2	7	2.485	2,94,91,48,31,88,30,51,68,34,73,75,78,57,44,53,98,83,7,
442	2	8	2.609	2,94,16,65,74,85,39,52,56,49,71,70,40,89,17,25,22,69,35,8,
442	2	9	2.593	2,94,50,16,65,74,85,39,52,56,49,71,70,40,89,17,25,29,95,9,
442	2	10	2.713	2,50,94,91,88,31,48,63,62,52,56,49,71,70,40,89,17,25,29,95,10,
442	2	11	2.835	2,50,16,74,65,60,92,18,37,26,97,43,23,54,56,49,71,70,76,11,
442	2	12	2.659	2,94,16,74,65,60,18,92,37,26,97,21,77,66,86,32,72,19,58,12,
442	2	13	2.448	2,94,91,88,31,48,16,74,65,60,18,92,37,26,97,21,77,66,86,13,
442	2	14	2.17	2,50,16,65,74,85,60,18,92,37,26,97,21,77,66,14,
442	2	15	2.089	2,50,94,16,74,65,60,18,92,37,26,97,21,77,79,15,
442	3	4	2.083	3,45,51,30,91,48,31,88,73,75,78,57,24,34,68,4,
442	3	5	1.987	3,59,45,51,68,34,73,75,78,41,87,93,53,44,81,5,
442	3	6	1.908	3,45,30,51,68,34,73,75,78,41,87,93,44,53,6,
442	3	7	2.594	3,45,30,51,68,34,73,75,67,87,41,78,57,24,81,44,53,98,83,7,
442	3	8	2.331	3,45,51,68,34,73,75,78,57,44,53,98,83,84,90,20,69,35,8,
442	3	9	2.497	3,59,45,51,68,34,73,75,78,41,87,67,99,47,25,17,29,95,9,
442	3	10	2.605	3,59,45,51,68,34,73,75,78,41,87,64,99,47,89,17,25,29,95,10,
442	3	11	2.723	3,59,45,51,30,88,31,48,38,74,65,85,39,54,56,49,71,40,70,76,11,
442	3	12	2.558	3,45,51,30,88,31,48,63,62,52,56,49,71,40,70,76,19,58,72,32,12,
442	3	13	2.375	3,45,30,88,31,48,16,74,65,60,18,92,37,26,97,21,77,66,86,13,
442	3	14	2.296	3,59,45,51,30,88,31,48,16,74,65,60,92,18,37,26,97,21,77,14,
442	3	15	2.194	3,59,45,51,30,88,31,48,38,85,74,65,82,80,42,18,92,37,15,
442	4	5	2.05	4,68,34,73,75,78,41,87,93,53,44,81,57,24,46,5,
442	4	6	1.984	4,46,68,34,73,75,78,41,87,93,98,83,53,44,6,
442	4	7	1.925	4,68,34,46,24,57,78,41,87,93,44,53,98,83,84,7,
442	4	8	2.247	4,68,34,73,75,78,41,87,93,44,53,98,64,90,20,69,35,8,
442	4	9	2.461	4,68,34,73,75,78,57,44,53,93,98,64,99,47,25,29,95,9,
442	4	10	2.549	4,68,34,73,75,78,41,87,93,44,53,98,64,47,17,25,29,95,10,
442	4	11	2.783	4,51,30,88,31,48,91,16,65,74,85,39,62,52,56,49,71,40,70,76,11,
442	4	12	2.722	4,51,30,88,31,48,38,74,65,60,18,92,37,26,97,21,77,66,86,32,12,
442	4	13	2.608	4,51,30,91,88,31,48,38,85,74,65,60,18,92,37,26,97,21,77,66,86,13,
442	4	14	2.61	4,59,45,51,30,88,31,48,38,74,65,82,80,42,18,92,26,97,21,77,14,
442	4	15	2.461	4,59,45,51,30,88,31,48,38,85,74,65,60,92,18,37,26,97,21,79,15,
442	5	6	1.828	5,46,68,34,73,75,78,41,87,93,98,83,53,44,6,
442	5	7	1.819	5,46,68,34,73,75,78,41,87,93,44,53,98,83,7,
442	5	8	2.147	5,46,68,34,73,75,78,41,87,93,98,83,84,90,20,69,35,8,
442	5	9	2.38	5,46,68,34,73,75,78,57,44,53,93,98,83,84,90,20,69,35,9,
442	5	10	2.532	5,46,68,34,73,75,78,57,44,53,98,83,84,90,20,69,22,29,95,10,
442	5	11	2.713	5,46,68,34,73,75,78,41,87,64,99,47,25,17,89,40,70,76,11,
442	5	12	2.765	5,81,44,53,98,83,84,90,20,69,22,25,17,89,40,70,76,19,58,72,32,12,
442	5	13	2.604	5,46,34,68,30,88,31,48,38,85,60,18,92,37,26,97,21,77,66,86,13,
442	5	14	2.49	5,46,34,68,30,88,31,48,38,74,65,60,18,92,37,26,97,21,77,14,
442	5	15	2.428	5,46,34,68,30,88,31,48,38,74,65,60,18,92,37,26,97,21,79,15,
442	6	7	2.184	6,81,24,34,73,75,78,57,44,53,93,41,87,98,83,7,
442	6	8	1.932	6,44,53,93,98,64,99,47,89,17,25,22,69,35,8,
442	6	9	1.928	6,44,53,93,98,83,84,90,20,69,22,25,17,29,95,9,
442	6	10	2.356	6,44,53,93,41,87,67,64,90,20,69,35,22,25,17,29,95,10,
442	6	11	2.617	6,44,53,83,84,98,64,90,20,69,35,22,25,17,89,40,70,76,11,
442	6	12	2.566	6,44,53,98,64,90,20,69,22,25,17,89,40,70,76,19,58,72,32,12,
442	6	13	2.636	6,44,53,98,64,47,25,17,89,40,70,71,49,56,36,27,66,86,13,
442	6	14	2.648	6,81,24,57,78,73,75,31,48,16,74,65,60,92,18,37,26,97,21,77,14,
442	6	15	2.589	6,44,53,93,87,41,78,75,73,88,31,48,16,74,65,60,18,92,37,79,15,
442	7	8	1.973	7,84,83,98,53,44,93,41,67,99,47,20,90,69,35,8,
442	7	9	2	7,84,83,98,53,44,93,41,87,64,47,17,25,29,95,9,
442	7	10	2.048	7,84,83,98,53,44,93,41,87,64,47,17,25,29,95,10,
442	7	11	2.211	7,84,83,98,64,90,20,69,22,25,17,89,40,70,76,11,
442	7	12	2.487	7,84,83,98,64,90,20,69,22,25,17,89,40,70,76,19,58,72,32,12,
442	7	13	2.557	7,84,83,98,64,47,25,17,89,40,70,71,49,56,36,27,66,86,13,
442	7	14	2.685	7,84,83,98,93,41,87,67,63,38,74,65,60,92,18,37,26,97,21,77,14,
442	7	15	2.604	7,84,83,98,53,44,57,78,75,73,88,31,48,16,74,65,60,18,92,37,15,
442	8	9	2.136	8,35,69,20,47,99,56,49,71,70,40,89,17,29,95,9,
442	8	10	2.235	8,35,69,22,20,90,64,99,47,25,17,89,40,70,76,10,
442	8	11	2.152	8,35,69,90,20,22,25,17,89,40,70,71,49,61,76,11,
442	8	12	2.442	8,35,69,20,90,64,47,25,17,89,40,70,71,49,56,36,27,72,32,12,
442	8	13	2.444	8,35,22,25,17,89,40,71,49,56,54,23,43,97,26,21,77,66,86,13,
442	8	14	2.446	8,35,69,20,22,25,17,89,40,70,71,49,56,54,23,43,97,26,21,77,14,
442	8	15	2.418	8,35,69,22,25,17,89,40,71,49,56,54,23,43,97,26,92,18,37,15,
442	9	10	2.206	9,95,29,25,17,89,40,70,71,49,56,36,61,76,10,
442	9	11	2.119	9,95,29,25,17,89,40,70,71,49,56,36,61,76,11,
442	9	12	1.93	9,95,29,25,17,89,40,56,49,61,19,58,72,32,12,
442	9	13	2.317	9,95,29,25,17,89,40,70,71,49,56,54,23,43,33,77,66,86,13,
442	9	14	2.263	9,95,29,25,17,89,40,70,71,49,56,54,23,43,97,26,21,77,14,
442	9	15	2.303	9,95,29,25,17,89,40,70,71,49,56,54,23,43,33,97,26,21,79,15,
442	10	11	2.167	10,95,29,25,17,89,40,70,71,49,56,36,61,76,11,
442	10	12	1.978	10,95,29,25,17,89,40,56,49,61,19,58,72,32,12,
442	10	13	2.002	10,95,29,25,17,89,40,71,49,56,36,27,66,86,13,
442	10	14	2.264	10,95,29,25,17,89,40,71,49,56,54,23,43,97,26,21,77,14,
442	10	15	2.198	10,95,29,25,17,89,40,70,71,49,56,54,23,43,97,26,79,15,
442	11	12	2.321	11,76,70,40,71,56,49,61,36,27,66,86,32,72,58,12,
442	11	13	2.128	11,76,70,71,49,56,54,23,43,97,26,21,77,66,86,13,
442	11	14	2.376	11,76,70,40,71,49,56,54,23,43,97,26,92,18,37,79,14,
442	11	15	2.196	11,76,70,40,71,49,56,54,23,43,97,26,92,18,37,79,15,
442	12	13	1.998	12,32,72,58,19,76,70,40,71,49,56,36,27,66,86,13,
442	12	14	2.206	12,32,72,58,19,61,71,49,56,54,23,43,33,97,26,21,77,14,
442	12	15	2.093	12,32,72,58,19,61,71,49,56,54,23,43,33,97,26,79,15,
442	13	14	2.051	13,86,66,77,21,26,97,43,23,55,60,92,18,37,79,14,
442	13	15	1.854	13,86,66,77,21,26,97,33,23,43,55,60,18,92,37,15,
442	14	15	2.137	14,77,21,26,97,43,23,54,39,85,74,65,60,92,37,15,
