130	0	1	1.861	0,73,20,33,43,39,51,83,36,91,75,81,57,70,65,44,1,
130	0	2	1.833	0,73,20,33,43,39,51,83,36,91,75,27,42,61,18,2,
130	0	3	1.717	0,73,25,20,33,43,39,51,83,26,36,91,75,27,42,61,3,
130	0	4	2.038	0,73,20,33,43,39,51,83,36,91,75,27,42,61,66,22,32,78,4,
130	0	5	2.334	0,73,20,33,43,39,51,83,36,91,75,27,42,61,66,78,32,69,95,5,
130	0	6	2.633	0,73,20,39,51,36,91,75,27,42,61,66,78,32,69,95,79,40,45,6,
130	0	7	2.665	0,73,25,20,33,43,93,68,62,99,87,24,23,31,82,16,49,80,35,56,7,
130	0	8	2.755	0,73,20,33,43,39,51,83,94,86,54,67,24,87,23,31,16,49,92,50,8,
130	0	9	2.647	0,73,20,33,43,39,51,36,26,86,54,67,87,24,31,82,16,49,92,9,
130	0	10	2.677	0,73,25,20,33,43,21,62,99,29,98,64,53,38,46,63,88,58,41,10,
130	0	11	2.451	0,73,25,20,33,43,93,68,62,21,99,29,98,64,53,38,46,63,88,11,
130	0	12	2.167	0,73,25,20,33,43,93,68,62,21,99,29,98,64,60,53,38,46,12,
130	0	13	2.177	0,73,20,33,43,93,68,62,21,99,29,98,64,60,96,97,13,
130	0	14	2.335	0,73,20,33,43,93,68,62,21,99,29,98,64,60,96,97,14,
130	0	15	2.405	0,73,20,33,43,39,94,86,54,67,68,93,62,21,72,76,15,
130	1	2	1.718	1,44,65,59,70,85,51,83,26,36,91,75,27,42,61,18,2,
130	1	3	1.588	1,44,65,59,70,57,85,51,83,26,36,91,75,27,42,61,3,
130	1	4	1.923	1,44,65,59,70,85,51,83,26,36,91,75,27,42,61,66,22,32,78,4,
130	1	5	2.069	1,44,65,70,57,81,75,27,42,61,66,78,32,22,34,37,40,79,95,5,
130	1	6	2.231	1,44,65,70,57,81,75,27,42,61,66,78,32,22,69,95,79,40,45,6,
130	1	7	2.41	1,44,65,70,57,81,75,27,22,66,78,32,69,95,79,40,71,45,30,7,
130	1	8	2.455	1,44,65,70,85,51,94,86,54,67,24,87,23,31,82,16,49,92,50,8,
130	1	9	2.394	1,44,65,70,85,51,36,26,86,54,67,87,24,23,31,82,16,49,92,9,
130	1	10	2.602	1,44,65,70,85,51,36,26,83,94,86,54,67,24,87,23,31,49,16,82,10,
130	1	11	2.461	1,44,65,70,85,36,83,51,39,43,33,21,62,99,29,98,64,89,28,88,11,
130	1	12	2.139	1,44,65,70,85,51,39,43,33,21,62,99,29,98,64,53,38,46,12,
130	1	13	2.25	1,44,65,70,85,36,83,51,39,43,33,21,62,99,29,98,96,97,13,
130	1	14	2.328	1,44,65,70,85,51,36,26,83,94,86,54,67,68,93,62,21,72,14,
130	1	15	2.027	1,44,65,70,57,81,27,75,91,36,51,39,43,33,20,25,15,
130	2	3	1.713	2,18,81,57,70,65,59,85,51,36,91,75,27,42,61,3,
130	2	4	1.573	2,18,57,81,91,75,27,42,61,66,22,32,69,78,4,
130	2	5	1.936	2,18,81,75,27,42,61,66,78,69,32,22,34,37,40,79,95,5,
130	2	6	2.039	2,18,81,75,27,42,61,66,78,32,22,69,95,79,40,71,45,6,
130	2	7	2.266	2,18,81,75,27,42,61,66,78,32,69,95,79,40,71,45,30,48,7,
130	2	8	2.448	2,18,81,91,36,83,94,86,54,67,24,87,23,31,82,16,49,92,50,8,
130	2	9	2.483	2,18,81,75,91,36,51,83,94,86,54,67,87,24,23,31,82,16,49,92,9,
130	2	10	2.556	2,18,81,75,91,36,51,83,94,86,54,67,24,87,23,31,49,16,82,10,
130	2	11	2.487	2,18,81,75,91,36,83,51,39,43,33,21,62,99,29,98,64,89,28,88,11,
130	2	12	2.349	2,18,81,27,75,91,36,51,39,43,33,21,62,99,29,98,64,53,38,46,12,
130	2	13	2.276	2,18,81,75,91,36,83,51,39,43,33,21,62,99,29,98,96,97,13,
130	2	14	2.38	2,18,81,27,75,91,36,51,83,94,86,54,67,68,93,62,21,72,14,
130	2	15	2.041	2,18,61,42,27,75,91,36,26,83,51,39,43,33,20,25,15,
130	3	4	1.721	3,61,42,27,75,81,91,36,51,83,26,34,22,32,78,4,
130	3	5	1.925	3,61,42,27,75,34,22,66,78,32,69,95,79,40,71,45,5,
130	3	6	1.943	3,61,42,27,75,34,22,66,78,32,69,95,79,40,71,45,6,
130	3	7	2.128	3,61,42,66,22,32,78,69,95,79,40,45,71,19,84,47,30,48,7,
130	3	8	2.246	3,61,42,66,78,32,22,69,95,79,40,71,19,84,47,74,80,50,8,
130	3	9	2.249	3,61,42,27,75,91,26,86,54,67,24,87,23,31,82,16,49,92,9,
130	3	10	2.494	3,61,42,27,75,91,36,51,83,94,86,54,67,24,87,23,31,49,16,82,10,
130	3	11	2.468	3,61,42,27,75,91,36,83,51,39,33,43,93,68,62,99,29,98,64,89,28,88,11,
130	3	12	2.323	3,61,42,27,75,91,36,83,51,39,43,93,68,62,21,99,29,98,64,53,38,46,12,
130	3	13	2.355	3,61,42,27,75,91,36,51,83,94,86,54,67,68,93,62,99,29,98,96,97,13,
130	3	14	2.513	3,61,42,27,75,91,36,51,83,94,86,54,67,68,93,62,99,29,98,96,97,14,
130	3	15	2.407	3,61,42,27,75,91,36,51,83,94,86,54,67,68,93,62,21,43,33,20,25,15,
130	4	5	1.777	4,78,66,22,32,69,95,79,40,37,34,17,84,19,71,45,5,
130	4	6	1.795	4,78,66,22,32,69,95,79,40,37,34,17,84,19,71,45,6,
130	4	7	1.9	4,78,66,22,32,69,95,79,40,45,71,19,84,47,74,30,48,7,
130	4	8	2.075	4,78,66,22,32,69,95,79,40,45,71,19,84,47,74,80,35,50,8,
130	4	9	2.159	4,78,66,22,32,69,95,79,40,71,19,47,74,80,49,16,82,92,9,
130	4	10	2.347	4,78,66,22,32,69,95,79,40,45,71,19,84,47,74,80,49,16,82,10,
130	4	11	2.392	4,78,66,22,34,17,86,54,67,62,99,29,98,64,89,28,88,11,
130	4	12	2.238	4,78,66,32,22,34,17,86,54,67,62,99,29,98,64,53,38,46,12,
130	4	13	2.478	4,78,66,32,22,34,17,86,54,67,68,93,21,62,99,29,98,96,97,77,13,
130	4	14	2.529	4,78,69,32,22,66,61,42,27,75,91,36,83,51,39,43,33,20,25,76,14,
130	4	15	2.359	4,78,69,32,22,66,61,42,27,75,91,36,26,83,51,39,43,33,20,25,15,
130	5	6	1.904	5,95,79,69,32,78,66,22,34,17,84,19,71,40,45,6,
130	5	7	1.943	5,95,79,69,32,78,66,22,34,17,84,19,47,30,48,7,
130	5	8	1.996	5,95,79,40,71,19,84,47,74,80,49,16,82,92,50,8,
130	5	9	2.375	5,69,78,66,22,34,17,84,19,47,74,80,49,16,82,92,9,
130	5	10	2.499	5,95,79,69,32,66,22,34,17,84,19,47,74,80,49,16,82,10,
130	5	11	2.447	5,95,79,37,17,86,54,67,68,93,62,99,29,98,64,89,28,88,11,
130	5	12	2.308	5,95,79,40,37,17,86,54,67,68,93,62,99,29,98,64,53,38,46,12,
130	5	13	2.555	5,95,79,40,45,71,19,84,52,86,54,67,68,93,62,99,29,98,96,97,13,
130	5	14	2.713	5,95,79,40,45,71,19,84,52,86,54,67,68,93,62,99,29,98,96,97,14,
130	5	15	2.472	5,95,69,22,32,78,66,61,42,27,75,91,36,51,39,43,33,20,25,15,
130	6	7	2.229	6,45,40,79,95,69,32,78,66,22,37,84,19,47,30,7,
130	6	8	2.316	6,45,79,40,71,19,84,47,74,80,49,16,82,92,50,8,
130	6	9	2.268	6,45,95,79,40,71,19,84,47,74,80,49,16,82,92,9,
130	6	10	2.724	6,45,71,19,84,52,86,54,67,24,87,23,31,82,16,49,92,10,
130	6	11	2.708	6,45,71,19,84,52,86,54,67,68,62,21,99,29,98,64,89,28,88,11,
130	6	12	2.417	6,45,71,19,84,52,86,54,67,68,62,99,29,98,64,53,38,46,12,
130	6	13	2.727	6,45,71,19,84,52,86,54,67,68,93,21,62,99,29,98,64,60,96,97,13,
130	6	14	2.829	6,45,71,19,84,52,86,54,67,68,93,62,21,29,98,64,60,96,97,14,
130	6	15	2.748	6,45,40,79,95,69,32,78,66,61,42,27,75,91,36,51,39,20,25,15,
130	7	8	2.322	7,48,30,74,47,19,84,52,90,49,16,82,92,50,8,
130	7	9	2.284	7,30,45,71,19,84,52,47,74,80,49,16,82,92,9,
130	7	10	2.422	7,30,48,56,35,80,49,16,82,31,89,28,88,58,41,10,
130	7	11	2.563	7,48,56,35,80,49,16,82,41,58,55,89,28,53,38,46,63,88,11,
130	7	12	2.53	7,56,35,80,49,16,82,31,23,24,87,99,29,98,64,53,38,46,63,12,
130	7	13	2.711	7,56,35,80,49,16,82,55,58,88,63,46,38,53,64,60,96,97,13,
130	7	14	2.795	7,48,56,35,80,49,16,82,31,23,24,87,99,29,98,64,60,96,97,14,
130	7	15	2.811	7,56,35,80,49,16,82,31,23,24,87,99,21,62,68,93,43,33,20,25,15,
130	8	9	2.386	8,50,35,80,74,47,19,84,52,90,49,16,82,92,9,
130	8	10	2.343	8,50,92,49,16,82,31,23,89,28,88,55,58,41,10,
130	8	11	2.157	8,50,92,49,16,82,55,89,28,53,38,46,63,88,11,
130	8	12	2.353	8,50,92,49,16,82,31,23,24,87,99,29,98,64,60,53,38,46,12,
130	8	13	2.66	8,50,92,49,16,82,41,58,55,88,63,46,38,53,64,60,96,97,13,
130	8	14	2.753	8,50,92,49,16,82,31,23,24,87,62,99,29,98,64,60,96,97,14,
130	8	15	2.717	8,50,92,49,16,82,31,23,87,24,67,54,86,94,39,43,33,20,25,15,
130	9	10	2.298	9,92,49,16,82,55,28,53,38,46,63,88,58,41,10,
130	9	11	2.179	9,92,49,16,82,41,55,89,28,53,38,46,63,88,11,
130	9	12	1.967	9,92,49,16,82,41,58,55,89,28,53,38,46,63,12,
130	9	13	2.523	9,92,49,16,82,55,58,88,63,46,38,53,64,60,96,97,77,13,
130	9	14	2.707	9,92,49,16,82,41,58,55,88,63,46,38,53,64,60,96,97,14,
130	9	15	2.606	9,92,49,16,82,31,23,87,24,67,54,86,94,39,43,33,20,25,15,
130	10	11	2.079	10,41,58,55,89,64,60,96,97,77,53,38,46,63,88,11,
130	10	12	1.89	10,41,58,55,28,89,64,60,96,97,77,53,38,46,63,12,
130	10	13	2.832	10,41,58,55,89,23,87,24,67,54,68,62,99,29,98,96,97,13,
130	10	14	2.854	10,41,58,55,88,63,46,38,53,64,98,29,99,62,68,93,21,72,14,
130	10	15	2.837	10,41,58,88,63,46,38,53,64,98,29,99,62,93,43,33,20,73,25,15,
130	11	12	1.854	11,58,55,88,28,89,64,60,96,97,77,53,38,46,63,12,
130	11	13	2.14	11,58,41,55,89,28,88,63,46,38,53,64,60,96,97,77,13,
130	11	14	2.352	11,58,41,55,88,63,46,38,53,28,89,64,60,96,77,97,14,
130	11	15	2.37	11,88,63,46,38,53,64,98,29,99,62,21,43,33,20,25,15,
130	12	13	1.978	12,63,46,38,53,28,88,58,55,89,64,60,96,97,77,13,
130	12	14	2.172	12,63,46,38,53,28,88,58,55,89,64,60,96,77,97,14,
130	12	15	2.088	12,63,46,38,53,64,98,29,99,62,21,43,33,20,25,15,
130	13	14	2.493	13,46,63,38,53,28,88,58,55,89,64,60,96,77,97,14,
130	13	15	2.374	13,97,96,60,64,98,29,21,62,68,93,43,33,20,73,25,15,
130	14	15	2.532	14,97,96,60,64,98,29,21,62,68,93,43,33,20,73,25,15,
