533	0	1	1.89	0,41,64,57,22,72,27,42,31,28,43,92,70,47,67,1,
533	0	2	1.88	0,41,64,57,22,72,27,42,31,28,43,92,70,49,81,2,
533	0	3	1.67	0,41,64,57,22,72,27,42,31,28,92,70,49,81,97,3,
533	0	4	2.006	0,64,57,22,72,27,42,31,28,92,43,78,48,80,50,63,54,66,4,
533	0	5	2.185	0,64,57,22,72,27,42,31,28,92,43,78,48,80,50,63,54,66,44,5,
533	0	6	2.3	0,64,57,22,72,27,42,31,28,43,78,48,59,62,46,36,58,34,21,6,
533	0	7	2.302	0,27,42,31,28,92,70,79,78,48,59,62,46,40,30,99,20,98,7,
533	0	8	2.437	0,27,42,31,28,43,78,48,59,62,46,40,30,99,98,20,26,68,8,
533	0	9	2.64	0,27,42,31,92,70,79,78,48,59,62,46,40,30,96,52,25,35,9,
533	0	10	2.583	0,41,64,57,22,72,53,86,17,73,45,77,56,37,23,89,87,51,10,
533	0	11	2.728	0,41,64,57,22,72,53,86,17,24,88,77,56,37,23,89,95,93,11,
533	0	12	2.725	0,64,57,22,72,27,42,31,28,92,43,53,29,85,82,18,71,12,
533	0	13	2.593	0,64,57,22,72,27,42,31,28,43,86,17,29,85,65,13,
533	0	14	2.325	0,27,42,47,31,28,92,43,72,22,57,64,55,19,39,14,
533	0	15	2.319	0,1,67,47,70,92,43,28,31,42,27,72,22,57,64,41,15,
533	1	2	2.027	1,67,47,31,28,92,43,78,48,50,63,54,66,69,38,81,2,
533	1	3	1.789	1,67,47,31,28,92,70,79,78,48,80,63,54,66,75,3,
533	1	4	1.682	1,67,42,27,31,28,92,43,78,48,80,50,63,54,66,4,
533	1	5	2.017	1,67,42,27,31,28,92,70,79,78,48,59,80,50,63,54,66,44,5,
533	1	6	2.148	1,67,42,27,31,28,92,70,79,78,48,59,62,46,36,58,60,34,21,6,
533	1	7	2.258	1,67,47,31,28,92,70,79,78,48,59,62,46,40,30,96,99,20,98,91,7,
533	1	8	2.303	1,67,47,31,28,92,70,79,78,48,59,62,46,40,30,99,20,26,68,8,
533	1	9	2.518	1,67,47,31,28,92,43,78,48,59,62,46,40,30,73,45,52,25,35,9,
533	1	10	2.562	1,67,47,31,28,43,78,48,59,62,46,40,30,73,45,77,56,23,89,51,10,
533	1	11	2.519	1,67,42,27,72,22,57,64,84,85,82,18,90,33,32,76,93,95,11,
533	1	12	2.538	1,67,47,92,28,31,42,27,72,22,57,64,84,85,65,82,18,71,12,
533	1	13	2.324	1,67,47,70,92,28,31,42,27,72,22,57,64,55,19,39,13,
533	1	14	1.983	1,67,47,92,43,28,31,42,27,72,22,57,64,55,19,14,
533	1	15	2.132	1,67,42,27,31,47,70,92,28,43,72,22,57,64,41,15,
533	2	3	1.739	2,81,49,79,78,48,59,80,50,63,54,66,75,38,97,3,
533	2	4	1.664	2,47,31,28,92,70,49,81,97,38,75,69,50,63,54,66,4,
533	2	5	1.94	2,47,31,28,92,70,79,78,48,59,62,46,80,63,54,66,44,5,
533	2	6	2.03	2,49,81,97,38,75,69,66,54,63,50,80,59,62,46,36,58,34,21,6,
533	2	7	2.148	2,49,81,97,38,75,66,54,63,50,80,59,62,46,40,30,99,94,91,7,
533	2	8	2.311	2,47,31,28,92,70,79,78,48,59,62,46,40,30,96,99,98,20,26,68,8,
533	2	9	2.467	2,47,31,28,92,70,79,78,48,59,62,46,40,30,99,96,52,25,35,9,
533	2	10	2.434	2,81,49,79,78,48,59,62,46,40,30,73,45,77,56,37,23,89,51,10,
533	2	11	2.57	2,47,92,28,31,42,27,72,22,57,64,84,85,82,18,90,33,76,11,
533	2	12	2.678	2,81,49,70,92,28,31,42,27,72,22,57,64,84,85,65,82,18,71,12,
533	2	13	2.524	2,81,49,70,92,43,28,31,47,42,27,72,22,57,64,55,19,39,13,
533	2	14	2.429	2,49,81,97,38,79,70,92,28,31,42,27,72,22,57,64,55,39,19,14,
533	2	15	1.923	2,81,49,70,43,92,28,31,42,27,72,22,57,64,41,15,
533	3	4	1.53	3,97,81,49,79,78,48,59,62,46,80,50,63,54,66,4,
533	3	5	1.652	3,81,49,79,78,48,59,62,46,80,50,63,54,66,44,5,
533	3	6	1.862	3,81,49,38,75,69,66,54,63,50,80,59,62,46,36,58,34,21,6,
533	3	7	1.977	3,81,49,38,75,66,54,63,50,80,59,62,46,40,30,99,20,98,7,
533	3	8	2.13	3,97,38,75,69,66,54,63,50,80,59,62,46,40,30,99,98,20,26,68,8,
533	3	9	2.419	3,97,38,75,69,66,54,63,50,80,59,62,46,40,30,73,45,77,56,25,35,9,
533	3	10	2.394	3,97,81,49,79,78,48,59,62,46,40,30,73,45,77,56,37,23,89,87,51,10,
533	3	11	2.485	3,81,49,79,78,48,59,62,46,40,30,73,45,77,56,37,95,93,11,
533	3	12	2.527	3,81,49,70,92,28,31,42,27,72,22,57,64,84,85,65,82,18,71,12,
533	3	13	2.502	3,75,38,97,81,49,70,92,28,31,42,27,72,22,57,64,55,19,39,13,
533	3	14	2.45	3,75,38,97,81,49,79,70,92,28,31,42,27,72,22,57,64,55,39,19,14,
533	3	15	2.243	3,75,66,54,63,50,48,78,79,70,92,28,31,42,27,72,22,57,64,15,
533	4	5	1.735	4,66,54,63,50,80,59,62,46,40,30,99,36,58,34,60,5,
533	4	6	1.702	4,66,54,63,80,59,62,46,40,30,99,36,58,34,21,6,
533	4	7	1.83	4,66,54,63,50,80,59,62,46,40,30,96,99,94,91,98,20,7,
533	4	8	1.987	4,66,54,63,50,80,59,62,46,40,30,99,94,91,98,20,26,68,8,
533	4	9	2.24	4,66,54,63,50,80,59,62,46,40,30,99,98,20,16,61,74,25,35,9,
533	4	10	2.215	4,66,54,63,50,80,59,62,46,40,30,73,45,77,56,37,23,89,87,51,10,
533	4	11	2.472	4,66,54,63,50,80,59,62,46,40,30,73,45,77,56,37,23,89,95,93,11,
533	4	12	2.591	4,66,54,63,50,80,48,59,62,46,83,86,17,29,85,65,82,18,71,12,
533	4	13	2.561	4,66,54,63,80,48,78,43,28,31,42,27,72,22,57,64,55,19,39,13,
533	4	14	2.333	4,66,54,63,50,80,48,78,43,92,28,31,42,27,72,22,57,64,55,19,14,
533	4	15	2.133	4,66,54,63,50,48,78,79,70,92,28,31,42,27,72,22,57,64,41,15,
533	5	6	1.707	5,44,66,54,63,50,80,48,59,62,46,36,58,34,21,6,
533	5	7	1.761	5,44,66,54,63,50,80,59,62,46,40,30,99,94,91,7,
533	5	8	2.087	5,44,66,54,63,50,80,59,62,46,40,30,99,94,98,20,26,68,8,
533	5	9	2.207	5,60,58,34,21,94,91,98,20,26,68,16,61,74,25,35,23,89,87,9,
533	5	10	2.238	5,60,34,21,94,91,98,20,26,68,61,74,25,35,56,37,23,89,87,51,10,
533	5	11	2.405	5,60,58,34,21,94,91,98,20,16,61,74,25,35,23,89,87,51,95,93,11,
533	5	12	2.68	5,44,63,54,66,50,80,48,59,62,83,86,17,29,85,65,82,18,71,12,
533	5	13	2.691	5,44,63,50,80,48,78,43,28,31,42,27,72,22,57,64,55,19,39,13,
533	5	14	2.47	5,44,66,54,63,50,80,48,78,43,28,31,42,27,72,22,57,64,55,19,14,
533	5	15	2.316	5,44,63,54,66,69,75,38,97,81,49,70,92,28,31,27,72,22,57,64,15,
533	6	7	1.925	6,21,34,58,44,63,80,59,62,46,40,30,96,20,98,7,
533	6	8	1.845	6,21,34,60,58,36,40,30,96,99,94,91,98,20,26,68,8,
533	6	9	2.168	6,94,91,98,20,26,68,16,61,74,25,35,56,37,23,89,51,87,9,
533	6	10	2.224	6,21,34,58,36,94,91,98,20,26,68,16,61,74,25,35,23,89,87,51,10,
533	6	11	2.293	6,94,91,98,20,26,68,61,74,25,35,56,37,23,89,87,51,95,93,11,
533	6	12	2.615	6,91,98,20,26,68,16,61,74,25,35,56,37,23,89,87,51,95,93,11,12,
533	6	13	2.694	6,21,34,60,58,44,63,54,66,50,80,59,62,83,86,17,29,85,65,13,
533	6	14	2.595	6,21,36,46,62,59,48,78,43,28,31,42,27,72,22,57,64,55,19,14,
533	6	15	2.327	6,21,34,58,36,46,62,59,48,78,43,28,31,42,27,72,22,57,64,15,
533	7	8	1.856	7,91,98,20,52,45,73,88,24,77,56,25,74,61,68,8,
533	7	9	1.814	7,91,98,20,26,68,61,74,25,35,56,37,23,89,87,9,
533	7	10	2.198	7,20,98,91,94,99,96,52,45,73,88,24,77,56,37,23,89,87,51,10,
533	7	11	2.151	7,91,98,20,26,68,16,61,74,25,35,56,37,23,89,87,51,95,93,11,
533	7	12	2.609	7,91,98,20,26,68,61,74,25,35,56,37,23,89,87,51,95,93,76,12,
533	7	13	2.643	7,26,68,16,61,74,25,35,23,89,87,51,95,93,76,33,90,18,82,65,13,
533	7	14	2.661	7,26,68,16,61,74,25,35,23,89,95,93,76,33,90,18,82,65,39,19,14,
533	7	15	2.431	7,98,99,30,40,46,59,48,78,43,28,31,42,27,72,22,57,64,15,
533	8	9	1.907	8,68,26,16,61,74,25,52,45,73,88,24,77,56,37,23,9,
533	8	10	1.906	8,68,26,16,61,74,25,56,77,45,73,88,24,37,89,51,10,
533	8	11	1.606	8,26,68,61,74,25,35,56,37,23,89,87,51,95,93,11,
533	8	12	2.305	8,68,26,16,61,74,25,35,23,89,87,51,95,93,76,33,90,18,71,12,
533	8	13	2.404	8,68,26,16,61,74,35,23,89,87,51,95,93,76,33,90,18,82,65,13,
533	8	14	2.465	8,68,26,16,61,74,25,35,23,89,95,93,76,33,90,18,82,65,39,19,14,
533	8	15	2.541	8,68,26,16,61,74,25,35,56,77,88,24,17,86,53,72,22,57,64,15,
533	9	10	1.905	9,35,25,74,61,16,52,73,45,77,56,37,89,87,51,10,
533	9	11	1.995	9,8,26,68,61,74,25,35,56,37,23,89,87,51,95,93,11,
533	9	12	2.178	9,35,25,56,37,23,89,87,51,95,93,76,32,33,71,12,
533	9	13	2.237	9,35,56,37,23,89,87,51,95,93,76,33,90,18,82,13,
533	9	14	2.454	9,35,56,37,23,89,87,51,95,93,76,33,90,18,82,65,39,19,14,
533	9	15	2.648	9,35,25,74,61,16,52,45,73,17,86,53,72,22,57,64,41,15,
533	10	11	2.185	10,51,87,89,23,35,25,52,45,88,77,56,37,95,93,11,
533	10	12	2.24	10,51,87,89,23,35,25,56,37,32,76,33,90,18,82,71,12,
533	10	13	2.178	10,51,87,89,23,37,95,93,76,33,90,18,82,85,65,13,
533	10	14	2.515	10,51,87,89,23,56,37,95,93,76,33,90,18,82,85,65,39,19,14,
533	10	15	2.622	10,51,87,89,23,37,56,77,45,73,17,86,53,72,22,57,64,41,15,
533	11	12	2.346	11,93,95,51,87,89,23,35,25,56,37,32,76,33,71,12,
533	11	13	2.225	11,93,95,76,32,33,90,18,82,65,85,84,55,19,39,13,
533	11	14	2.046	11,93,95,76,32,33,90,18,82,65,85,84,55,39,19,14,
533	11	15	2.731	11,93,95,51,89,23,37,56,77,88,24,17,86,53,72,22,57,64,15,
533	12	13	2.614	12,11,93,95,76,32,33,90,18,82,65,85,84,55,19,39,13,
533	12	14	2.437	12,11,93,95,76,32,33,90,18,82,65,85,84,55,19,39,14,
533	12	15	2.679	12,71,33,90,18,82,65,85,29,17,86,53,72,22,57,64,15,
533	13	14	2.671	13,65,82,85,29,17,86,53,72,22,57,64,55,19,14,
533	13	15	2.862	13,65,85,29,17,83,62,59,48,78,43,72,22,57,64,15,
533	14	15	2.503	14,19,39,65,82,85,29,17,86,53,72,22,57,64,15,
