425	0	1	2.229	0,36,39,47,52,97,96,50,48,81,89,43,64,37,30,1,
425	0	2	2.111	0,36,39,47,52,97,96,50,48,81,26,89,43,64,37,2,
425	0	3	2.037	0,36,39,47,98,59,43,64,89,81,50,48,26,28,78,70,3,
425	0	4	2.106	0,36,39,47,98,59,81,50,72,25,84,65,40,42,53,4,
425	0	5	2.229	0,36,39,47,98,59,43,64,89,81,48,50,72,25,84,65,40,24,49,16,5,
425	0	6	2.408	0,36,39,47,98,59,43,64,89,26,48,81,50,72,25,84,65,42,40,85,6,
425	0	7	2.473	0,36,39,47,98,59,43,64,89,26,81,48,50,72,25,84,63,69,45,75,60,7,
425	0	8	2.524	0,36,39,47,98,43,64,89,81,48,50,72,25,84,63,69,45,20,35,93,8,
425	0	9	2.728	0,36,39,47,98,59,43,64,89,81,48,50,72,25,99,62,57,80,27,74,87,9,
425	0	10	2.714	0,36,46,39,47,52,97,44,18,23,17,67,66,54,86,19,38,56,95,51,10,
425	0	11	2.57	0,36,39,47,52,97,96,44,23,17,67,66,54,86,19,38,56,95,51,11,
425	0	12	2.234	0,36,39,47,52,97,44,23,17,67,66,54,86,19,79,76,12,
425	0	13	2.385	0,36,46,33,32,91,55,83,68,66,54,86,19,79,76,34,61,13,
425	0	14	2.396	0,36,39,47,52,97,44,23,17,67,54,66,68,83,55,94,14,
425	0	15	2.504	0,36,39,47,98,43,64,89,81,48,50,96,97,71,32,15,
425	1	2	2.372	1,30,43,64,89,81,48,50,72,25,84,22,21,78,70,2,
425	1	3	2.218	1,30,43,64,89,26,48,81,50,72,25,84,65,22,21,3,
425	1	4	1.992	1,37,64,43,89,81,48,50,72,22,65,40,42,53,4,
425	1	5	2.016	1,30,37,64,43,89,26,48,81,50,72,25,84,65,40,24,49,5,
425	1	6	2.175	1,30,37,64,43,89,26,48,81,50,72,25,84,65,63,69,45,75,6,
425	1	7	2.403	1,30,37,64,43,89,26,48,81,50,72,25,84,65,40,63,69,45,60,7,
425	1	8	2.371	1,30,37,64,43,89,26,48,81,50,72,25,84,63,69,45,20,35,93,8,
425	1	9	2.616	1,30,37,64,43,89,26,48,81,50,88,18,44,23,73,29,82,27,74,87,9,
425	1	10	2.625	1,30,43,64,89,26,48,81,50,88,18,23,17,67,86,19,38,56,95,51,10,
425	1	11	2.589	1,30,37,64,43,89,26,48,81,50,88,18,23,17,67,38,56,95,51,11,
425	1	12	2.429	1,30,43,64,89,26,48,81,50,88,18,23,17,67,86,19,79,76,12,
425	1	13	2.545	1,30,43,64,89,81,48,50,88,18,23,17,67,66,54,58,34,61,13,
425	1	14	2.454	1,30,37,64,43,89,81,48,50,96,52,97,71,83,55,91,94,14,
425	1	15	2.369	1,30,37,64,43,89,26,48,81,50,96,52,97,71,32,15,
425	2	3	2.058	2,37,64,43,89,81,48,50,72,25,84,65,22,21,3,
425	2	4	1.835	2,37,64,43,89,81,48,50,72,22,65,40,42,53,4,
425	2	5	1.708	2,37,64,43,89,81,48,50,72,22,42,40,24,49,5,
425	2	6	2	2,37,64,43,89,26,48,81,50,72,25,84,65,63,69,45,75,6,
425	2	7	2.133	2,37,30,43,64,89,26,48,81,50,72,25,84,63,69,45,75,60,7,
425	2	8	2.196	2,37,64,43,89,26,48,81,50,72,25,84,63,69,45,20,35,93,8,
425	2	9	2.46	2,37,64,43,89,26,48,81,50,72,25,84,99,62,57,80,27,74,87,9,
425	2	10	2.465	2,37,64,43,89,81,48,50,88,18,23,17,67,86,19,38,56,95,51,10,
425	2	11	2.491	2,37,64,43,89,81,48,50,88,18,23,17,67,86,19,38,56,95,51,11,
425	2	12	2.326	2,37,64,43,89,26,48,81,50,88,18,23,17,67,86,19,79,76,12,
425	2	13	2.442	2,37,64,43,89,81,48,50,88,18,23,17,67,66,54,58,34,61,13,
425	2	14	2.468	2,37,30,43,64,89,26,48,81,50,96,52,97,71,83,55,91,77,14,
425	2	15	2.266	2,37,30,43,64,89,26,48,81,50,96,52,97,71,32,15,
425	3	4	1.802	3,70,78,28,26,48,81,50,72,25,84,65,40,42,53,4,
425	3	5	1.685	3,70,78,28,26,81,48,72,25,84,65,40,24,49,16,5,
425	3	6	1.834	3,70,78,28,64,43,89,81,48,50,72,25,84,63,69,85,6,
425	3	7	2.016	3,70,78,28,64,43,89,26,48,81,50,72,25,84,63,69,45,60,7,
425	3	8	2.139	3,78,28,64,43,89,81,48,50,72,25,84,63,69,45,20,35,93,8,
425	3	9	2.279	3,70,78,28,64,43,89,26,48,81,50,88,18,73,29,82,27,74,87,9,
425	3	10	2.359	3,70,78,28,64,43,89,81,48,50,88,18,23,17,67,38,56,95,51,10,
425	3	11	2.442	3,70,78,28,64,43,89,26,48,81,50,88,18,23,17,67,38,56,95,51,11,
425	3	12	2.417	3,70,78,28,64,43,89,81,48,50,88,18,23,17,67,66,54,86,19,79,76,12,
425	3	13	2.454	3,70,78,28,26,48,81,50,88,18,23,17,67,54,86,19,79,76,61,13,
425	3	14	2.424	3,70,78,28,64,43,89,26,48,81,50,96,52,97,71,83,55,91,77,14,
425	3	15	2.17	3,70,78,28,89,64,43,59,98,52,97,71,83,55,91,32,15,
425	4	5	1.769	4,21,48,81,50,72,25,84,65,22,42,40,24,49,16,5,
425	4	6	1.924	4,53,24,49,16,40,42,65,22,72,25,84,63,69,45,75,6,
425	4	7	2.196	4,21,48,81,50,72,25,84,65,22,42,40,63,69,45,75,60,7,
425	4	8	2.331	4,21,48,81,50,72,25,84,65,22,42,40,63,69,45,20,35,93,8,
425	4	9	2.425	4,53,24,49,16,40,42,22,65,84,25,99,62,57,29,82,27,74,87,9,
425	4	10	2.481	4,53,21,48,81,50,88,18,23,17,67,66,54,86,19,38,56,95,51,10,
425	4	11	2.534	4,21,48,81,50,88,18,44,23,17,67,66,54,86,19,38,56,95,51,11,
425	4	12	2.517	4,53,42,40,65,84,25,72,48,81,50,88,18,23,17,67,86,19,79,76,12,
425	4	13	2.575	4,53,21,48,81,50,88,18,23,17,67,66,54,86,19,79,76,34,61,13,
425	4	14	2.527	4,53,42,40,65,84,25,72,48,81,50,96,52,97,71,83,55,91,94,14,
425	4	15	2.565	4,53,42,40,65,22,72,50,48,81,26,89,64,43,59,98,47,39,36,15,
425	5	6	1.625	5,16,49,24,40,42,65,22,72,25,84,63,69,45,75,6,
425	5	7	1.696	5,16,49,24,40,42,65,22,25,84,63,69,45,75,60,7,
425	5	8	1.732	5,16,49,24,40,42,22,65,84,63,69,45,20,35,93,8,
425	5	9	1.835	5,16,49,24,40,65,84,25,99,92,80,27,74,87,9,
425	5	10	2.315	5,16,49,24,40,42,22,65,84,25,99,62,73,90,41,56,95,51,10,
425	5	11	2.398	5,16,49,24,40,42,22,65,84,25,99,62,73,90,41,38,56,95,51,11,
425	5	12	2.404	5,49,24,40,65,84,25,72,48,81,50,88,18,23,17,67,86,19,79,76,12,
425	5	13	2.447	5,16,49,24,40,65,84,25,18,23,17,67,66,54,86,19,79,76,61,13,
425	5	14	2.42	5,16,49,24,40,42,65,84,25,72,48,81,50,96,52,97,71,83,55,94,14,
425	5	15	2.461	5,16,49,24,40,42,22,65,84,25,72,50,48,81,96,52,97,71,32,15,
425	6	7	2.014	6,16,49,24,40,42,22,72,25,84,63,69,45,75,60,7,
425	6	8	2.033	6,16,49,24,40,42,22,65,84,63,69,45,20,35,93,8,
425	6	9	1.984	6,60,45,69,63,84,25,99,62,57,80,27,74,87,9,
425	6	10	2.315	6,60,75,85,63,69,45,20,92,57,29,90,41,38,56,95,51,10,
425	6	11	2.429	6,85,75,45,69,63,65,84,25,99,62,73,90,41,56,95,51,11,
425	6	12	2.384	6,75,45,69,63,84,25,72,88,18,23,17,67,66,54,86,19,79,76,12,
425	6	13	2.544	6,85,63,69,45,20,92,57,29,90,41,95,56,38,19,86,79,76,61,13,
425	6	14	2.533	6,75,45,69,63,84,25,72,48,81,50,96,52,97,71,83,55,91,77,14,
425	6	15	2.549	6,75,45,69,63,84,25,72,50,48,81,89,64,43,59,98,47,39,46,33,15,
425	7	8	2.141	7,60,45,69,63,40,65,84,25,99,62,92,35,93,8,
425	7	9	2.001	7,60,45,69,63,84,25,99,62,57,80,27,74,87,9,
425	7	10	2.152	7,60,45,69,63,99,62,57,29,90,41,56,95,51,10,
425	7	11	2.394	7,60,45,69,63,84,25,99,62,57,29,90,41,56,95,51,11,
425	7	12	2.422	7,60,45,69,63,84,25,72,88,18,23,17,67,54,86,19,79,76,12,
425	7	13	2.554	7,60,45,69,63,99,62,73,90,41,95,56,38,19,86,58,34,61,13,
425	7	14	2.561	7,60,45,69,63,84,25,72,48,81,50,96,52,97,71,83,55,91,94,14,
425	7	15	2.6	7,60,45,69,63,65,84,25,72,48,81,50,96,52,97,71,33,32,15,
425	8	9	2.08	8,93,35,20,45,69,63,99,62,57,29,82,27,74,87,9,
425	8	10	2.158	8,74,27,82,41,90,67,66,54,86,38,56,95,51,10,
425	8	11	2.074	8,74,27,82,29,90,41,95,56,38,19,86,79,31,11,
425	8	12	2.427	8,74,27,82,29,90,41,51,95,56,38,19,86,79,76,31,12,
425	8	13	2.472	8,74,27,82,29,90,41,95,56,38,19,86,54,66,68,58,34,61,13,
425	8	14	2.486	8,74,27,82,29,90,41,56,38,19,86,54,66,68,83,55,91,77,14,
425	8	15	2.584	8,74,27,82,29,90,41,56,38,19,86,54,66,68,83,55,91,32,15,
425	9	10	1.92	9,87,74,27,82,29,90,67,66,54,86,38,56,95,51,10,
425	9	11	1.865	9,87,74,27,82,29,41,56,38,19,86,79,76,31,11,
425	9	12	1.886	9,87,74,27,82,29,41,56,38,19,86,79,76,31,12,
425	9	13	1.886	9,87,74,27,82,29,90,41,56,38,19,86,58,34,61,13,
425	9	14	2.397	9,87,74,27,82,29,90,41,56,38,19,86,54,66,68,83,55,91,77,94,14,
425	9	15	2.4	9,87,74,27,82,29,90,41,56,38,19,86,54,66,68,83,55,91,32,15,
425	10	11	1.89	10,51,95,56,38,41,90,67,66,54,86,19,79,31,11,
425	10	12	2.099	10,51,41,90,67,66,54,86,19,38,56,95,31,76,12,
425	10	13	2.058	10,51,95,41,90,67,66,54,86,19,79,76,58,34,61,13,
425	10	14	1.891	10,51,95,56,38,19,86,54,66,68,83,55,91,77,94,14,
425	10	15	2.603	10,51,95,56,38,67,66,54,86,19,79,76,61,34,58,55,83,91,32,15,
425	11	12	1.796	11,51,95,56,38,41,90,67,66,54,86,19,79,76,12,
425	11	13	1.949	11,51,95,56,41,90,67,66,54,86,19,79,76,61,13,
425	11	14	1.917	11,51,95,56,38,19,86,54,66,68,83,55,91,77,94,14,
425	11	15	2.535	11,51,95,56,38,67,66,54,86,19,79,76,34,58,55,83,91,32,15,
425	12	13	2.009	12,76,79,86,19,38,56,41,90,67,66,54,58,34,61,13,
425	12	14	2.04	12,76,79,86,19,38,56,41,90,67,66,68,83,55,94,14,
425	12	15	2.246	12,76,31,56,38,19,86,54,66,68,83,55,91,77,32,15,
425	13	14	2.099	13,61,34,76,79,19,86,54,67,66,68,55,83,91,77,14,
425	13	15	2.251	13,61,34,58,76,79,19,86,54,66,68,83,55,91,77,32,15,
425	14	15	2.466	14,94,77,91,55,83,71,97,52,59,98,47,39,46,33,32,15,
