168	0	2	2.257	0,40,78,98,37,83,70,33,82,91,18,56,25,50,92,85,2,
168	0	1	1.995	0,40,38,27,96,26,51,91,82,33,59,98,70,83,37,1,
168	0	6	2.59	0,40,78,98,37,83,70,59,33,82,91,25,41,28,16,43,99,86,47,55,57,6,
168	0	11	2.395	0,40,78,59,33,82,91,25,41,16,28,49,73,77,62,52,42,20,64,80,11,
168	0	8	2.477	0,40,78,59,33,82,91,18,56,31,49,87,61,97,45,71,63,30,72,54,19,8,
168	0	10	2.452	0,40,78,59,33,82,91,25,41,16,28,49,31,73,77,62,52,29,21,10,
168	0	4	2.385	0,40,78,59,33,82,91,18,56,31,49,28,16,32,76,58,22,79,4,
168	0	3	2.171	0,40,78,98,37,83,70,59,51,91,82,33,89,85,24,3,
168	0	5	2.485	0,40,78,59,33,82,91,18,56,31,49,28,16,32,76,58,90,69,81,5,
168	0	7	2.596	0,40,78,59,33,82,91,18,56,25,41,16,28,87,97,45,71,63,30,72,84,7,
168	0	9	2.549	0,40,78,98,37,83,70,33,82,91,18,56,31,49,87,61,97,71,45,63,48,9,
168	0	13	1.999	0,40,78,98,37,83,70,33,82,91,18,65,39,74,34,17,13,
168	1	2	2.218	1,37,83,98,59,33,82,91,18,56,25,41,50,92,85,2,
168	0	14	1.828	0,40,98,37,83,70,33,82,91,51,26,96,27,67,60,14,
168	0	15	1.696	0,40,98,37,83,70,59,33,82,91,51,26,96,27,38,15,
168	1	5	2.31	1,37,83,70,33,82,91,18,56,25,41,32,76,58,90,69,81,5,
168	0	12	2.294	0,40,78,59,33,82,91,18,56,31,49,73,77,62,52,42,94,80,64,12,
168	1	4	2.15	1,37,83,70,98,59,33,82,91,50,76,58,22,79,4,
168	1	3	2.113	1,37,83,70,33,82,91,18,56,25,41,50,92,85,24,3,
168	1	7	2.494	1,37,83,70,33,82,91,18,56,31,49,28,16,87,97,45,71,63,30,72,7,
168	1	8	2.325	1,37,98,70,33,82,91,18,56,31,49,87,97,45,71,63,30,54,19,8,
168	1	6	2.372	1,37,83,70,33,82,91,18,56,31,49,28,16,43,99,86,47,55,57,6,
168	1	15	1.7	1,35,37,83,70,98,59,33,82,91,51,26,96,27,38,15,
168	1	14	1.779	1,37,83,70,98,59,33,82,91,51,26,96,23,67,60,14,
168	1	13	2.274	1,37,83,70,59,33,82,91,51,26,96,23,36,74,34,17,95,44,13,
168	2	5	2.513	2,89,33,82,91,18,56,31,49,28,16,32,76,58,90,81,5,
168	1	12	2.374	1,37,83,98,70,33,82,91,18,56,31,49,73,77,62,52,42,94,80,64,12,
168	2	4	2.35	2,89,33,82,50,25,41,28,16,32,76,58,22,79,4,
168	1	11	2.402	1,37,83,98,59,33,82,91,18,56,31,49,73,77,62,52,42,20,64,80,11,
168	2	3	2.368	2,35,37,83,70,59,33,82,91,25,41,50,92,85,24,3,
168	2	6	2.451	2,89,33,82,91,18,56,31,49,28,16,43,99,86,47,55,57,6,
168	1	10	2.544	1,37,83,70,59,33,82,91,18,56,41,16,28,49,73,77,62,52,29,21,10,
168	1	9	2.517	1,37,83,70,33,82,91,18,56,25,41,16,28,49,87,61,97,45,71,63,48,9,
168	2	15	2.224	2,35,37,83,70,98,59,33,82,91,51,26,96,23,67,27,38,15,
168	2	14	2.538	2,35,89,83,37,98,70,59,33,82,91,51,26,96,23,67,60,93,14,
168	3	5	2.249	3,24,85,53,58,76,88,99,90,81,69,22,79,46,5,
168	2	13	2.492	2,89,70,83,37,98,59,33,82,91,51,26,96,23,36,74,34,17,13,
168	3	4	2.201	3,24,85,53,58,76,88,99,90,81,69,22,79,46,4,
168	2	11	2.581	2,89,33,82,91,18,56,25,41,16,28,49,73,77,62,52,42,20,64,80,11,
168	2	12	2.625	2,89,33,82,91,18,56,25,41,16,28,49,31,73,77,62,52,42,94,80,12,
168	2	8	2.481	2,89,33,82,91,18,56,25,41,16,28,87,97,45,71,63,30,54,19,8,
168	2	7	2.644	2,89,33,82,91,18,56,25,41,16,28,87,97,45,71,63,30,72,84,7,
168	2	9	2.59	2,35,37,83,70,33,82,91,18,56,31,49,87,61,97,71,45,63,48,9,
168	2	10	2.638	2,89,33,82,91,18,56,25,41,16,28,49,31,73,77,62,52,29,21,10,
168	3	7	2.156	3,24,53,79,22,46,81,69,90,47,55,86,68,75,84,7,
168	4	5	2.47	4,46,22,58,76,32,16,28,87,43,99,88,90,69,81,5,
168	3	15	2.229	3,24,85,89,70,83,37,98,59,33,82,91,51,26,96,27,38,15,
168	3	14	2.454	3,24,85,89,70,83,37,98,59,33,82,91,51,26,96,27,67,60,14,
168	3	13	2.619	3,24,85,92,50,25,41,16,28,49,73,77,62,52,42,20,39,74,34,17,13,
168	3	6	2.192	3,24,79,22,46,81,69,90,47,55,86,68,75,84,57,6,
168	3	12	2.731	3,24,85,89,33,82,91,25,41,16,28,49,31,73,77,62,52,42,20,64,12,
168	3	11	2.672	3,24,85,92,50,25,41,16,28,49,87,61,73,77,62,52,42,20,64,80,11,
168	3	8	2.42	3,24,85,92,50,41,16,28,87,61,97,45,71,63,30,72,54,19,8,
168	3	9	2.651	3,24,85,92,50,41,25,56,31,49,28,16,87,61,97,45,71,63,48,9,
168	3	10	2.737	3,24,85,92,50,25,41,16,28,31,49,87,61,73,77,62,52,29,21,10,
168	4	7	2.04	4,46,79,22,69,81,90,58,76,88,99,86,68,75,84,7,
168	4	14	2.552	4,79,22,58,76,32,16,28,49,31,56,18,51,26,96,38,27,67,60,14,
168	4	15	2.355	4,79,22,58,76,32,16,28,41,50,82,91,51,26,96,27,38,15,
168	4	6	1.957	4,46,79,22,69,81,90,58,76,88,99,86,47,55,57,6,
168	5	6	2.24	5,46,79,22,69,81,90,47,55,86,68,75,72,84,57,6,
168	4	13	2.557	4,79,22,58,76,32,16,28,49,31,73,77,62,52,42,20,39,74,34,17,13,
168	4	8	2.376	4,79,22,58,76,32,16,28,49,87,61,97,71,45,63,30,72,54,8,
168	4	9	2.391	4,46,79,22,69,81,90,47,86,68,75,84,72,30,63,71,45,48,9,
168	4	12	2.7	4,46,79,22,69,81,90,58,76,32,16,28,49,31,73,77,62,52,42,94,80,64,12,
168	4	11	2.697	4,46,79,22,69,81,90,58,76,32,16,28,49,31,73,77,62,42,20,64,80,11,
168	4	10	2.573	4,79,22,81,90,58,76,32,16,28,49,31,73,77,62,52,29,21,10,
168	5	7	2.088	5,46,79,22,69,81,90,58,76,88,99,86,68,75,84,7,
168	6	7	2.028	6,57,55,47,86,90,81,69,58,76,88,99,68,75,84,7,
168	5	8	1.887	5,46,79,22,69,81,90,47,86,68,75,84,72,54,19,8,
168	6	8	1.888	6,57,55,47,86,68,75,84,72,30,63,71,45,48,19,54,8,
168	5	14	2.654	5,81,69,58,76,32,16,28,49,31,73,77,62,52,42,20,39,74,34,93,14,
168	5	11	2.544	5,81,69,90,58,76,32,16,28,87,61,73,77,62,52,42,20,64,80,11,
168	5	13	2.578	5,81,69,90,58,76,32,16,28,49,73,77,62,52,42,20,39,74,34,17,13,
168	5	12	2.646	5,46,79,22,81,69,58,76,32,16,28,49,31,73,77,62,52,42,94,80,64,12,
168	5	15	2.6	5,46,79,22,81,69,58,76,32,16,28,49,31,56,18,51,26,96,27,38,15,
168	5	9	2.571	5,46,79,22,69,81,90,47,86,68,75,84,72,30,63,97,45,48,9,
168	5	10	2.532	5,81,69,90,58,76,32,16,28,49,73,77,62,52,42,94,29,21,10,
168	7	8	2.055	7,84,57,55,47,86,68,75,72,30,63,71,45,48,19,54,8,
168	7	9	2.19	7,84,57,55,47,86,68,75,72,54,19,30,63,71,45,48,9,
168	7	11	2.23	7,84,72,30,63,71,45,97,61,87,73,77,62,52,42,20,64,80,11,
168	6	11	2.307	6,57,55,47,86,68,75,30,63,71,45,97,61,73,77,62,52,42,94,11,
168	6	14	2.591	6,57,55,47,86,99,88,32,16,28,49,31,56,18,51,26,96,27,67,60,14,
168	6	13	2.496	6,57,55,47,86,99,43,16,28,49,73,77,62,52,42,20,39,74,34,17,13,
168	6	12	2.416	6,57,55,47,86,68,75,72,30,63,71,45,97,61,73,77,62,52,42,20,64,12,
168	6	9	2.447	6,57,55,47,86,68,75,84,72,54,19,30,63,71,97,45,48,66,9,
168	7	10	2.245	7,84,72,30,63,71,45,97,61,73,77,62,52,42,94,29,21,10,
168	6	10	2.375	6,57,55,47,86,68,30,63,71,45,97,61,73,77,62,52,29,21,10,
168	6	15	2.602	6,57,55,47,86,99,43,16,28,49,31,41,25,56,18,91,51,26,96,27,38,15,
168	8	11	1.892	8,19,54,30,63,71,45,97,61,73,77,62,52,42,20,64,80,11,
168	8	9	2.12	8,54,30,63,71,45,97,61,73,77,62,52,29,21,66,9,
168	8	12	2.004	8,19,54,72,30,63,71,45,97,61,73,77,62,52,42,20,64,80,12,
168	8	10	1.87	8,19,54,30,63,71,45,97,61,73,77,62,52,29,21,10,
168	7	12	2.368	7,72,30,63,71,45,97,87,16,28,49,31,73,77,62,52,42,20,64,12,
168	8	13	2.115	8,19,30,63,71,45,97,61,73,77,62,52,42,20,39,74,34,17,13,
168	7	13	2.291	7,84,72,30,63,71,45,97,61,73,77,62,52,42,20,39,74,34,17,13,
168	7	14	2.398	7,84,72,30,63,71,45,97,61,73,77,62,52,42,20,39,74,34,93,14,
168	8	14	2.298	8,54,72,30,63,71,45,97,61,73,77,62,52,42,20,39,74,36,93,14,
168	8	15	2.314	8,19,54,30,63,71,45,97,87,28,16,41,25,56,18,51,26,96,27,38,15,
168	7	15	2.565	7,84,72,30,63,71,45,97,61,87,28,16,41,25,56,18,51,26,96,27,38,15,
168	10	13	1.884	10,21,29,77,62,42,20,39,74,36,34,17,95,44,13,
168	10	11	2.058	10,21,29,77,62,52,42,20,39,74,34,17,95,64,80,11,
168	10	12	1.904	10,21,29,77,62,42,20,39,74,36,34,17,95,44,12,
168	9	12	2.105	9,19,54,30,63,71,45,97,61,73,77,62,52,42,94,80,64,12,
168	9	11	2.114	9,19,54,30,63,71,45,97,61,73,77,62,52,42,20,64,80,11,
168	9	13	2.171	9,48,63,71,45,97,61,73,77,62,42,20,39,74,36,34,17,13,
168	9	10	2.037	9,48,63,71,45,97,61,73,77,62,20,42,52,29,21,10,
168	9	14	2.353	9,48,63,71,45,97,61,73,77,62,52,42,20,39,74,34,17,93,60,14,
168	9	15	2.303	9,48,63,71,45,97,61,87,49,31,56,18,91,51,26,96,27,38,15,
168	10	14	2.293	10,21,29,77,62,52,42,20,95,44,17,34,74,39,36,93,60,67,14,
168	10	15	2.209	10,21,29,77,62,52,42,20,95,17,34,74,36,93,60,67,27,38,15,
168	11	12	1.88	11,80,64,20,42,52,62,77,39,74,36,34,17,95,44,12,
168	11	13	1.86	11,80,64,20,42,52,62,77,39,74,36,34,17,95,44,13,
168	14	15	2.054	14,60,67,23,36,34,17,74,39,65,51,26,96,27,38,15,
168	13	14	1.983	13,44,95,20,42,52,62,77,39,74,34,17,93,60,67,14,
168	12	13	1.905	12,80,64,20,42,52,77,62,39,74,36,34,17,95,44,13,
168	12	14	1.911	12,64,80,94,42,52,77,62,20,39,74,36,93,60,67,14,
168	13	15	2.151	13,44,95,20,42,62,77,39,74,34,17,93,60,67,27,38,15,
168	11	14	2.225	11,80,64,94,52,77,62,42,20,95,17,34,74,39,36,93,60,67,14,
168	12	15	2.153	12,64,80,94,52,62,42,20,39,74,36,34,17,93,60,67,27,38,15,
168	11	15	2.278	11,94,42,52,62,77,73,49,28,16,41,25,56,18,51,26,96,27,38,15,
