344	0	1	1.603	0,76,18,23,45,80,29,84,48,26,69,37,91,50,66,90,1,
344	0	2	1.756	0,76,18,23,45,80,29,84,48,26,88,50,69,37,91,99,64,2,
344	0	3	1.911	0,76,18,23,45,80,29,84,48,26,69,50,88,66,99,64,68,32,3,
344	0	4	2.16	0,76,18,23,45,80,29,84,48,26,88,66,50,69,37,46,52,70,36,60,4,
344	0	5	2.261	0,76,18,23,45,80,29,26,85,92,53,30,95,73,41,20,77,55,97,5,
344	0	6	2.41	0,76,18,23,45,80,29,26,85,92,53,30,95,39,73,41,20,77,55,97,6,
344	0	7	2.346	0,76,18,23,45,80,29,26,85,92,53,30,95,39,73,20,41,31,81,28,62,7,
344	0	8	2.528	0,76,18,23,45,80,29,26,69,85,92,53,95,30,79,35,51,72,56,17,74,8,
344	0	9	2.421	0,76,18,23,45,80,29,84,48,26,69,85,92,53,30,95,51,72,56,57,98,83,9,
344	0	10	2.303	0,76,18,23,45,80,29,26,69,85,92,53,30,95,51,72,56,57,59,10,
344	0	11	2.166	0,76,23,45,80,29,26,85,92,53,95,30,79,35,61,34,93,87,54,11,
344	0	12	2.003	0,18,23,45,80,29,26,85,92,53,95,30,79,35,61,34,93,82,12,
344	0	13	1.955	0,76,18,23,45,80,29,84,48,85,92,53,95,30,79,35,61,16,13,
344	0	14	1.676	0,76,18,23,45,80,29,88,26,84,48,25,86,22,38,75,14,
344	0	15	1.774	0,76,18,23,45,80,29,26,85,92,53,95,30,25,21,15,
344	1	2	1.834	1,42,90,66,50,88,29,80,84,48,26,69,37,91,99,64,2,
344	1	3	1.841	1,42,90,80,29,84,48,26,69,50,66,99,64,68,32,3,
344	1	4	2.148	1,42,90,66,50,88,29,80,84,48,26,69,37,46,52,70,36,60,4,
344	1	5	2.277	1,90,66,50,69,85,92,53,30,95,73,41,20,63,77,55,97,5,
344	1	6	2.387	1,42,66,50,69,85,92,53,30,95,51,72,19,33,40,89,27,81,71,6,
344	1	7	2.375	1,90,66,50,69,85,92,53,30,95,51,72,19,33,40,89,27,81,96,62,7,
344	1	8	2.712	1,90,66,50,69,85,92,53,95,30,79,35,51,72,19,33,40,89,27,96,28,62,8,
344	1	9	2.612	1,42,90,66,88,26,69,85,92,53,95,30,79,35,51,72,56,57,17,74,98,83,9,
344	1	10	2.596	1,42,90,66,50,88,26,69,85,92,53,95,30,79,35,61,34,93,87,54,78,94,10,
344	1	11	2.312	1,42,66,50,69,85,92,53,95,30,79,35,61,16,34,93,87,54,78,11,
344	1	12	2.161	1,42,90,66,50,88,26,69,85,92,53,95,30,79,35,61,34,93,82,12,
344	1	13	2.13	1,90,66,50,69,85,92,53,95,30,79,35,61,86,22,38,75,65,13,
344	1	14	1.769	1,42,66,50,69,85,92,53,95,30,25,86,22,38,75,14,
344	1	15	1.831	1,42,66,50,69,85,92,53,95,30,25,86,22,38,21,15,
344	2	3	2.063	2,64,99,66,88,29,80,84,48,26,69,91,70,68,32,3,
344	2	4	2.277	2,64,91,37,85,92,53,30,95,73,20,77,24,43,58,4,
344	2	5	2.238	2,64,91,37,85,92,53,30,95,73,41,20,77,55,97,5,
344	2	6	2.323	2,64,91,37,85,92,53,30,95,39,73,20,41,31,81,71,6,
344	2	7	2.457	2,64,91,37,85,92,53,30,95,51,72,19,33,40,89,27,81,96,62,7,
344	2	8	2.588	2,64,99,50,69,85,92,53,95,30,79,35,51,72,56,57,17,74,8,
344	2	9	2.57	2,64,91,37,69,85,92,53,95,30,79,35,51,72,56,57,17,98,83,9,
344	2	10	2.587	2,64,99,66,50,69,85,92,53,95,30,79,35,61,34,93,87,54,78,94,10,
344	2	11	2.42	2,64,99,66,88,26,69,85,92,53,95,30,79,35,61,34,93,87,54,11,
344	2	12	2.423	2,64,99,50,69,85,92,53,95,30,79,35,61,16,34,93,87,54,12,
344	2	13	2.292	2,64,99,50,69,85,92,53,95,30,79,35,61,86,22,38,75,65,13,
344	2	14	2.053	2,99,66,50,69,85,92,53,95,30,79,35,61,86,22,38,75,14,
344	2	15	2.067	2,64,91,69,85,92,53,95,30,79,35,61,86,22,38,21,15,
344	3	4	1.956	3,32,68,70,52,46,63,20,41,77,55,24,43,58,4,
344	3	5	1.979	3,32,68,70,52,46,63,20,41,77,55,24,43,58,5,
344	3	6	2.027	3,32,68,70,52,46,63,77,20,41,31,89,27,81,71,6,
344	3	7	1.933	3,32,68,70,52,46,63,20,41,31,89,27,81,96,62,7,
344	3	8	2.413	3,32,68,70,52,46,63,77,20,41,19,33,40,89,27,81,96,28,62,8,
344	3	9	2.53	3,32,68,70,52,46,63,20,41,31,89,40,33,19,56,57,17,74,98,83,9,
344	3	10	2.588	3,32,68,70,52,46,63,77,20,41,31,89,40,33,19,72,56,57,59,10,
344	3	11	2.518	3,32,68,64,99,50,69,85,92,53,95,30,79,35,61,34,93,87,54,11,
344	3	12	2.59	3,32,68,64,99,66,50,88,26,69,85,92,53,95,30,79,35,61,34,93,82,12,
344	3	13	2.501	3,32,68,64,91,69,85,92,53,95,30,79,35,61,86,22,38,75,65,13,
344	3	14	2.231	3,32,68,64,91,37,92,53,95,30,79,35,61,86,22,38,75,14,
344	3	15	2.285	3,32,68,64,91,37,53,95,30,92,85,69,26,29,80,45,23,18,15,
344	4	5	2.149	4,60,36,70,52,46,63,20,41,31,77,55,24,43,58,5,
344	4	6	2.161	4,58,43,24,55,77,20,41,19,33,40,89,27,81,71,6,
344	4	7	2.05	4,58,43,24,77,20,41,19,33,40,89,27,81,96,62,7,
344	4	8	2.408	4,60,36,52,46,63,77,20,41,19,33,40,89,27,81,96,28,62,8,
344	4	9	2.364	4,60,36,52,46,63,77,20,41,31,89,40,33,19,17,74,98,83,9,
344	4	10	2.526	4,60,36,52,46,63,77,20,41,31,89,40,33,19,17,56,57,59,10,
344	4	11	2.595	4,60,36,70,52,46,63,77,20,41,73,39,51,49,47,87,54,78,94,11,
344	4	12	2.651	4,58,43,24,52,46,37,69,85,92,53,95,30,79,35,61,34,93,82,12,
344	4	13	2.63	4,58,43,24,77,20,73,39,95,30,53,92,85,25,86,22,38,75,65,13,
344	4	14	2.371	4,60,36,70,52,46,37,85,92,53,95,30,79,35,61,86,22,38,75,14,
344	4	15	2.44	4,58,43,24,77,20,73,39,95,30,53,92,85,26,29,80,45,23,18,15,
344	5	6	2.178	5,58,43,24,77,20,41,31,19,33,40,89,27,81,71,6,
344	5	7	2.068	5,97,55,77,20,41,73,19,33,40,89,27,96,28,62,7,
344	5	8	2.247	5,97,55,77,20,41,73,19,33,40,89,27,96,28,62,8,
344	5	9	2.404	5,97,55,24,63,77,20,41,31,89,40,33,19,17,74,98,83,9,
344	5	10	2.553	5,58,43,24,63,77,20,41,31,89,40,33,19,17,56,57,59,10,
344	5	11	2.606	5,97,55,81,27,89,40,33,19,17,56,57,44,49,47,87,54,78,94,11,
344	5	12	2.682	5,58,43,24,63,77,20,41,73,39,95,53,30,79,35,61,34,93,82,12,
344	5	13	2.659	5,97,55,77,63,20,73,39,95,30,53,92,85,25,86,22,38,75,65,13,
344	5	14	2.469	5,58,43,24,77,20,41,73,39,95,30,53,92,85,25,86,22,38,75,14,
344	5	15	2.424	5,97,55,77,20,41,73,39,95,30,53,92,85,48,84,29,80,45,23,18,15,
344	6	7	2.182	6,71,97,55,77,63,20,41,31,89,27,81,96,28,62,7,
344	6	8	2.237	6,71,28,62,96,81,27,89,40,33,19,56,57,17,98,74,8,
344	6	9	2.317	6,71,28,62,96,81,27,89,40,33,19,72,56,57,17,74,98,83,9,
344	6	10	2.384	6,71,81,27,89,40,33,19,17,56,57,44,49,47,87,54,78,94,10,
344	6	11	2.374	6,28,81,27,89,40,33,19,17,56,57,44,49,47,87,54,78,94,11,
344	6	12	2.731	6,71,81,27,89,40,33,19,31,41,20,73,39,51,79,35,61,34,93,82,12,
344	6	13	2.705	6,71,55,77,20,41,73,39,95,30,53,92,85,25,86,22,38,75,65,13,
344	6	14	2.551	6,71,81,27,89,31,41,20,73,39,95,30,53,92,85,25,86,22,38,75,14,
344	6	15	2.527	6,71,55,77,20,73,39,95,30,53,92,85,69,26,29,80,45,23,18,15,
344	7	8	2.058	7,62,28,81,27,89,40,33,19,72,56,57,17,98,74,8,
344	7	9	1.892	7,62,28,96,81,27,89,40,33,19,56,57,17,74,98,83,9,
344	7	10	2.075	7,62,28,96,81,27,89,40,33,19,72,56,17,57,59,10,
344	7	11	2.172	7,62,28,96,27,89,40,33,19,56,57,44,49,47,87,54,78,94,11,
344	7	12	2.618	7,28,81,27,89,40,33,19,72,51,95,53,30,79,35,61,34,93,82,12,
344	7	13	2.564	7,62,28,81,27,89,40,33,19,72,51,79,35,61,86,22,38,75,65,13,
344	7	14	2.469	7,62,96,27,89,40,33,19,72,51,95,30,53,92,85,25,86,22,38,75,14,
344	7	15	2.436	7,62,96,81,31,41,20,73,39,95,30,53,92,85,26,29,80,45,23,18,15,
344	8	9	2.071	8,62,28,96,81,27,89,40,33,19,56,57,17,74,98,83,9,
344	8	10	2.254	8,62,28,96,81,27,89,40,33,19,72,56,17,57,59,10,
344	8	11	2.295	8,62,28,81,27,89,40,33,19,17,56,57,44,49,47,87,54,11,
344	8	12	2.55	8,62,96,81,27,89,40,33,19,72,56,57,44,47,49,34,93,82,12,
344	8	13	2.667	8,74,17,57,56,72,51,95,30,53,92,25,86,22,38,75,65,13,
344	8	14	2.523	8,74,17,56,72,51,35,79,30,95,53,92,85,25,86,22,38,75,14,
344	8	15	2.479	8,74,17,56,72,51,95,30,53,92,85,69,26,29,80,45,23,18,15,
344	9	10	2.245	9,83,98,74,17,57,56,72,49,44,47,87,54,78,94,10,
344	9	11	2.123	9,83,98,74,40,33,19,17,56,57,44,47,87,54,78,11,
344	9	12	2.444	9,83,98,74,17,56,72,51,95,30,79,35,61,34,93,82,12,
344	9	13	2.534	9,83,98,17,56,72,51,95,53,92,85,25,86,22,38,75,65,13,
344	9	14	2.389	9,83,98,74,17,56,72,51,95,30,53,92,85,25,22,38,75,14,
344	9	15	2.35	9,59,57,56,72,51,95,30,53,92,85,26,29,80,45,23,18,15,
344	10	11	2.287	10,59,57,56,17,40,33,19,72,49,47,87,54,78,94,11,
344	10	12	2.342	10,59,57,56,72,51,95,30,79,35,61,34,93,82,12,
344	10	13	2.535	10,59,57,56,72,51,95,30,53,92,85,25,86,22,38,75,65,13,
344	10	14	2.454	10,59,57,56,72,51,35,79,30,95,53,92,85,25,86,22,38,75,14,
344	10	15	2.368	10,59,57,56,72,51,95,30,53,92,85,48,84,29,80,45,23,18,15,
344	11	12	2.293	11,54,87,47,49,51,95,53,30,79,35,61,34,93,82,12,
344	11	13	2.246	11,94,78,54,87,93,34,16,61,86,25,22,38,75,65,13,
344	11	14	2.075	11,94,78,54,87,47,49,93,34,16,61,86,22,38,75,14,
344	11	15	2.287	11,54,87,93,34,61,35,79,30,95,53,92,85,26,29,80,23,18,15,
344	12	13	2.256	12,82,93,34,61,35,79,30,53,92,85,25,38,75,65,13,
344	12	14	2.043	12,82,93,34,61,35,79,95,53,92,85,25,86,22,75,14,
344	12	15	2.036	12,82,93,34,61,35,79,30,53,92,85,48,84,45,23,18,15,
344	13	14	1.992	13,16,61,35,79,30,95,53,92,85,25,86,22,38,75,14,
344	13	15	2.004	13,16,61,35,79,30,53,92,85,26,29,80,45,23,18,15,
344	14	15	1.915	14,75,38,22,86,25,30,95,53,92,85,48,84,45,23,18,15,
