101	0	2	1.941	0,90,99,39,37,30,25,98,26,40,62,95,46,32,38,2,
101	0	3	2.042	0,90,99,39,37,30,25,98,40,62,95,32,38,60,94,3,
101	0	1	2.055	0,15,28,51,86,30,25,98,26,40,62,39,99,90,95,46,1,
101	0	4	2.171	0,90,99,39,25,98,26,85,77,54,82,71,97,17,87,43,50,4,
101	0	8	2.472	0,37,86,51,20,78,58,76,93,23,81,84,55,92,83,96,64,8,
101	0	11	2.336	0,90,99,62,40,98,25,30,86,51,20,78,76,58,33,21,52,35,63,11,
101	0	7	2.528	0,90,99,39,37,30,25,98,26,85,77,54,79,67,48,68,18,31,7,
101	0	5	2.196	0,90,99,39,25,98,26,85,77,54,82,71,97,17,87,70,88,27,59,5,
101	0	10	2.332	0,37,39,25,98,26,85,47,53,93,23,81,84,55,92,61,36,10,
101	0	9	2.478	0,90,99,39,25,98,26,85,47,53,93,23,81,84,55,92,61,36,9,
101	0	6	2.465	0,90,99,39,25,98,26,85,29,77,54,82,71,97,17,22,74,80,56,6,
101	0	14	1.595	0,90,99,62,40,26,98,25,30,86,51,28,91,65,14,
101	0	15	1.645	0,90,99,62,40,26,98,25,30,86,51,91,65,28,15,
101	1	3	2.118	1,46,95,90,99,39,25,98,26,40,62,34,19,60,94,3,
101	1	2	2.162	1,46,95,90,99,37,39,25,98,26,85,77,29,34,38,2,
101	0	13	1.804	0,90,62,40,98,25,30,86,51,20,78,76,58,33,21,13,
101	0	12	2.099	0,90,99,37,39,98,25,30,86,51,20,78,76,58,33,21,52,35,12,
101	1	4	2.259	1,46,95,90,99,37,39,25,98,40,34,19,66,24,44,43,50,4,
101	1	8	2.627	1,46,95,62,40,98,26,85,47,53,93,23,81,84,55,92,83,96,64,8,
101	1	5	2.309	1,46,95,90,99,39,25,98,26,85,77,54,82,71,97,17,70,88,59,5,
101	1	7	2.602	1,46,95,90,99,39,25,98,26,85,77,54,82,79,67,48,68,18,31,7,
101	1	6	2.544	1,46,32,38,60,34,19,66,24,44,43,27,59,88,70,87,17,22,74,56,6,
101	1	14	1.639	1,46,95,90,99,62,40,98,25,30,86,51,28,91,65,14,
101	2	3	2.273	2,38,34,19,66,24,44,17,87,70,88,59,27,43,50,49,3,
101	2	4	2.194	2,32,34,19,66,24,44,17,22,70,59,27,88,87,43,50,4,
101	1	13	2.187	1,46,95,90,99,62,40,98,26,25,30,86,51,20,78,76,58,33,21,13,
101	1	11	2.429	1,46,95,90,62,40,98,25,30,86,51,20,78,76,58,33,21,52,35,63,11,
101	1	12	2.276	1,46,95,90,99,37,39,25,98,26,85,47,53,78,76,58,33,21,52,35,12,
101	2	5	2.534	2,32,95,90,99,62,40,98,26,85,77,54,82,71,97,17,70,59,5,
101	1	15	1.689	1,46,95,90,99,62,40,98,25,30,86,51,91,65,28,15,
101	1	9	2.485	1,46,95,62,40,98,26,85,47,53,93,23,81,84,55,92,61,36,9,
101	2	6	2.439	2,32,38,34,19,66,24,44,43,27,59,88,70,87,17,22,74,80,56,6,
101	1	10	2.45	1,46,95,90,99,39,25,26,85,47,93,23,81,84,55,92,61,36,10,
101	3	5	2.03	3,94,60,19,66,24,44,50,43,87,17,22,70,88,59,5,
101	2	14	2.235	2,32,46,95,90,99,62,40,98,26,25,39,37,30,86,51,28,65,14,
101	2	11	2.592	2,32,95,62,40,98,25,30,86,51,20,78,76,58,33,21,52,35,63,11,
101	3	4	2.154	3,49,94,60,34,19,66,24,44,50,43,87,70,88,59,4,
101	2	13	2.397	2,32,95,90,99,62,40,98,25,30,86,51,20,78,76,58,33,21,52,13,
101	2	12	2.434	2,32,95,90,99,62,40,98,25,30,86,51,20,78,76,58,33,21,52,35,12,
101	2	8	2.784	2,32,95,62,98,26,85,47,93,23,81,84,55,92,83,96,64,8,
101	2	7	2.581	2,38,34,19,66,24,44,43,27,59,88,70,87,17,22,74,56,80,18,31,7,
101	2	15	2.175	2,38,32,46,95,90,99,37,39,62,40,26,98,25,30,86,51,28,15,
101	2	10	2.625	2,32,95,62,40,98,26,85,47,53,93,23,81,84,55,92,61,36,10,
101	2	9	2.704	2,32,95,90,99,39,98,26,85,47,93,23,81,84,55,92,61,9,
101	4	5	2.142	4,50,43,27,59,88,70,87,17,97,71,82,79,67,22,74,5,
101	3	11	2.732	3,94,60,19,66,71,82,79,67,45,84,55,92,61,36,72,42,73,11,
101	3	14	2.385	3,94,60,38,32,95,90,99,62,40,98,26,25,30,86,51,28,91,65,14,
101	3	13	2.581	3,94,60,38,32,95,90,62,40,98,25,30,86,51,20,78,76,58,33,21,13,
101	3	6	2.011	3,94,49,24,44,43,88,27,59,70,87,17,22,74,56,6,
101	3	8	2.643	3,49,44,24,66,71,82,79,67,45,84,55,92,83,96,64,16,8,
101	3	7	2.424	3,94,60,19,66,24,44,43,87,70,88,27,59,74,56,80,18,31,7,
101	3	12	2.645	3,94,60,38,32,95,62,40,98,25,30,86,51,20,78,76,58,33,21,52,35,12,
101	3	15	2.22	3,94,60,38,32,46,95,90,99,62,40,26,98,25,30,86,51,28,15,
101	3	9	2.711	3,94,60,19,66,71,82,79,67,45,81,84,55,92,83,96,64,16,9,
101	3	10	2.767	3,49,44,43,27,88,70,87,17,97,71,82,79,67,45,84,55,92,61,36,10,
101	4	7	2.162	4,43,27,59,88,70,87,17,97,71,82,79,67,48,68,18,31,7,
101	5	6	1.86	5,59,27,88,70,87,17,97,71,82,79,67,48,80,56,6,
101	4	14	2.307	4,50,43,87,17,97,71,82,54,77,85,26,98,25,30,86,51,91,65,14,
101	4	6	1.981	4,27,59,88,70,87,17,97,71,82,79,67,48,80,56,6,
101	4	11	2.61	4,50,43,87,17,97,71,82,79,67,45,84,55,92,61,36,72,42,73,11,
101	4	8	2.434	4,50,43,27,59,88,70,87,17,97,71,82,79,67,45,41,96,64,8,
101	4	13	2.56	4,27,59,88,70,87,17,97,71,82,54,77,29,85,47,53,78,76,58,33,21,13,
101	4	9	2.479	4,50,43,87,17,97,71,82,79,67,45,84,55,92,83,96,64,16,9,
101	4	12	2.621	4,27,59,88,70,87,17,97,71,82,54,77,85,47,53,78,76,58,33,21,52,35,12,
101	4	15	2.291	4,27,88,70,87,17,97,71,82,54,77,85,26,98,25,30,86,51,28,15,
101	4	10	2.465	4,27,59,88,70,87,17,97,71,82,79,67,45,84,55,92,61,36,72,10,
101	6	7	2.095	6,56,80,74,59,27,88,70,87,43,17,22,48,18,31,7,
101	6	8	2.425	6,56,80,31,18,68,64,96,41,83,55,92,61,36,9,16,8,
101	5	7	2.061	5,59,27,88,70,87,17,22,97,71,82,79,67,48,68,18,31,7,
101	5	8	2.267	5,59,27,88,70,87,17,97,71,82,79,67,45,41,96,64,16,8,
101	5	11	2.54	5,59,88,70,87,17,97,82,79,67,45,84,55,92,61,72,42,73,11,
101	5	14	2.276	5,59,27,88,87,17,97,82,54,77,85,26,98,25,30,86,51,91,65,14,
101	5	12	2.398	5,59,27,88,70,87,17,97,71,82,54,77,85,47,53,76,58,33,52,35,12,
101	5	13	2.545	5,59,27,88,70,87,17,97,71,82,54,77,29,85,47,53,78,76,58,33,21,52,13,
101	5	9	2.294	5,59,27,88,70,87,17,97,71,82,79,67,45,41,83,96,64,16,9,
101	5	10	2.267	5,59,27,88,70,87,17,97,71,82,79,67,45,84,55,92,61,36,10,
101	5	15	2.243	5,59,27,88,70,87,17,97,71,82,54,77,85,26,98,25,30,86,51,28,15,
101	7	8	2.571	7,31,18,68,64,96,83,92,55,57,73,42,72,61,16,8,
101	6	13	2.544	6,56,80,74,22,17,97,71,82,54,77,85,47,53,78,76,58,33,21,13,
101	7	11	2.848	7,31,18,68,64,96,83,92,55,84,81,23,93,33,21,52,35,63,11,
101	7	10	2.174	7,31,18,68,64,96,83,55,92,61,36,72,57,73,42,10,
101	6	14	2.463	6,56,80,74,22,97,71,82,54,77,85,26,98,25,30,86,51,91,65,14,
101	7	9	2.324	7,31,18,68,64,96,83,55,92,61,57,73,42,72,36,9,
101	6	9	2.245	6,56,80,31,18,68,41,64,16,96,83,55,92,61,36,9,
101	6	11	2.784	6,56,80,74,59,27,88,70,87,17,97,71,82,79,67,45,84,57,73,11,
101	6	12	2.576	6,56,80,74,22,97,71,82,54,77,85,47,53,76,58,33,21,52,35,12,
101	6	15	2.374	6,56,80,74,22,97,71,82,54,77,85,26,98,25,30,86,51,28,15,
101	6	10	2.632	6,56,80,74,22,17,97,71,82,79,67,45,41,83,55,92,61,36,72,10,
101	8	11	2.485	8,64,96,83,55,84,81,23,93,76,58,33,21,52,35,63,11,
101	7	13	2.53	7,31,18,68,64,96,83,92,55,84,81,23,93,76,58,33,21,13,
101	8	10	2.457	8,16,64,96,83,55,92,61,36,72,57,69,63,73,42,10,
101	7	12	2.535	7,31,18,68,64,96,83,92,55,84,81,23,93,33,21,52,35,12,
101	7	14	2.502	7,31,18,48,67,79,82,54,77,85,26,98,25,30,86,51,91,65,14,
101	8	13	2.496	8,16,64,96,83,92,55,84,81,23,93,53,78,76,58,33,21,52,13,
101	8	12	2.324	8,16,64,96,83,92,55,84,81,23,93,76,58,33,21,52,35,12,
101	8	9	2.51	8,16,64,96,41,83,92,55,84,81,69,73,42,72,36,9,
101	8	14	2.463	8,16,64,96,83,92,55,84,81,23,93,76,58,78,20,86,51,91,65,14,
101	7	15	2.413	7,31,18,48,67,79,82,54,77,85,26,98,25,30,86,51,28,15,
101	8	15	2.555	8,64,96,83,92,55,84,81,23,93,76,58,78,20,86,51,91,65,28,15,
101	10	11	2.164	10,36,61,92,55,84,81,23,93,33,21,52,35,63,11,
101	9	11	2.205	9,16,64,96,41,83,55,92,61,36,72,57,42,73,63,11,
101	10	14	2.034	10,72,36,61,92,55,84,81,23,93,76,58,78,75,91,65,14,
101	9	13	2.189	9,16,64,96,83,92,55,84,81,23,93,76,58,33,21,52,13,
101	10	13	2.132	10,72,36,61,92,55,84,81,23,93,53,78,76,58,33,21,13,
101	9	14	2.194	9,16,64,96,83,92,55,84,81,23,93,76,58,78,75,91,65,14,
101	10	12	2.066	10,72,36,61,92,55,84,81,23,93,76,58,33,21,52,35,12,
101	9	10	2.359	9,16,64,96,83,55,92,61,36,72,57,69,63,73,42,10,
101	9	12	2.215	9,16,96,83,92,55,84,81,23,93,76,58,33,21,52,35,12,
101	10	15	2.2	10,72,36,61,92,55,84,81,23,93,33,58,76,78,20,51,86,28,15,
101	9	15	2.269	9,16,64,96,83,92,55,84,81,23,93,76,58,78,20,51,86,28,15,
101	13	14	1.868	13,21,58,76,53,47,85,26,98,25,30,86,51,91,14,
101	12	14	1.799	12,35,52,21,33,58,76,53,78,20,51,86,28,91,65,14,
101	12	13	2.189	12,35,52,21,33,58,76,53,78,20,51,86,28,91,65,14,13,
101	11	14	2.143	11,42,72,61,92,55,84,81,23,93,76,58,75,91,65,14,
101	11	12	2.163	11,73,57,55,84,81,23,93,76,58,33,21,52,35,12,
101	11	13	2.174	11,73,42,72,61,92,55,84,81,23,93,76,58,33,21,13,
101	14	15	1.644	14,65,91,51,86,30,25,98,40,62,95,90,99,39,37,15,
101	12	15	1.862	12,35,52,21,33,58,76,78,20,51,86,30,25,39,37,15,
101	13	15	1.8	13,21,58,76,53,47,85,26,98,25,30,86,51,28,15,
101	11	15	2.283	11,63,35,52,21,33,58,76,53,47,85,26,98,25,30,86,51,28,15,
