493	0	1	2.261	0,29,64,19,23,43,57,18,45,53,17,27,81,99,87,1,
493	0	2	2.229	0,29,99,81,41,74,71,25,94,42,67,22,34,90,98,2,
493	0	3	2.252	0,29,99,81,41,74,71,25,94,42,67,22,34,90,98,3,
493	0	4	2.555	0,64,17,53,45,31,91,55,68,66,96,70,78,74,71,25,22,34,4,
493	0	5	2.657	0,29,64,17,53,45,31,91,55,68,66,82,97,62,37,76,75,58,59,5,
493	0	6	2.575	0,29,99,51,38,40,52,90,34,22,25,67,42,94,58,59,30,61,21,6,
493	0	7	2.545	0,64,17,53,45,31,91,55,68,66,82,97,39,50,54,33,36,35,60,7,
493	0	8	2.614	0,29,64,17,53,45,31,91,55,68,66,82,97,39,50,54,33,73,84,8,
493	0	9	2.755	0,29,64,17,53,45,18,31,91,55,68,66,97,82,80,44,92,46,77,47,26,9,
493	0	10	2.541	0,29,64,17,53,45,43,57,18,31,91,55,95,32,49,44,92,46,77,10,
493	0	11	2.539	0,29,99,81,17,45,18,31,91,55,95,32,49,44,92,46,86,20,11,
493	0	12	2.441	0,29,99,81,27,17,53,45,43,57,18,31,91,55,95,85,72,16,12,
493	0	13	1.962	0,29,64,17,53,45,43,57,18,31,91,55,95,85,72,13,
493	0	14	2.129	0,29,64,17,53,45,18,31,91,55,95,85,56,57,43,14,
493	0	15	1.993	0,64,17,53,45,31,91,55,95,18,56,57,43,23,19,15,
493	1	2	2.17	1,87,38,40,52,63,71,25,94,42,67,22,34,90,98,2,
493	1	3	2.193	1,87,38,40,52,63,71,25,94,42,67,22,34,90,98,3,
493	1	4	1.894	1,87,38,40,52,90,34,22,67,42,94,58,30,59,83,4,
493	1	5	1.798	1,87,51,79,40,38,98,90,34,22,67,42,58,59,5,
493	1	6	2.246	1,87,51,79,38,40,63,52,90,34,22,67,42,94,58,59,30,61,6,
493	1	7	2.41	1,87,38,40,52,90,34,22,25,67,42,94,58,59,30,61,21,35,60,7,
493	1	8	2.537	1,87,38,40,52,90,34,22,67,42,94,75,76,33,54,50,73,84,8,
493	1	9	2.797	1,87,38,40,52,90,34,22,67,42,94,75,76,33,54,50,73,88,26,9,
493	1	10	2.719	1,87,99,81,17,53,45,18,31,91,55,95,32,49,44,92,86,46,77,10,
493	1	11	2.647	1,87,99,29,64,17,53,45,31,91,55,95,32,49,44,92,46,86,20,11,
493	1	12	2.6	1,87,99,29,64,17,53,19,23,43,57,18,31,91,55,95,85,72,16,12,
493	1	13	2.435	1,87,99,29,64,17,45,53,19,23,43,57,18,31,91,55,95,85,72,13,
493	1	14	2.351	1,87,51,38,40,63,41,78,70,96,66,68,55,91,31,18,56,14,
493	1	15	2.139	1,87,99,29,64,17,53,45,31,91,55,95,18,57,43,15,
493	2	3	1.894	2,38,40,52,63,41,74,71,25,94,42,67,22,34,90,3,
493	2	4	1.837	2,38,40,52,90,34,22,25,67,42,94,58,30,59,83,4,
493	2	5	1.85	2,38,40,52,63,41,74,71,25,22,67,42,94,58,59,5,
493	2	6	2.432	2,98,90,34,22,67,42,94,25,75,76,33,54,50,73,36,69,21,6,
493	2	7	2.291	2,98,90,34,22,67,42,94,25,75,76,33,54,50,73,36,35,60,7,
493	2	8	2.434	2,38,40,52,90,34,22,67,42,94,25,75,76,33,54,50,73,84,8,
493	2	9	2.639	2,98,90,34,22,67,42,94,25,75,76,33,54,50,73,24,28,47,26,9,
493	2	10	2.818	2,98,90,34,22,67,42,94,75,76,33,54,50,24,65,92,86,46,77,10,
493	2	11	2.807	2,98,90,34,22,67,42,94,75,76,33,54,50,24,65,92,46,86,20,11,
493	2	12	2.718	2,38,40,63,41,78,70,96,66,68,32,95,55,91,31,18,85,72,16,12,
493	2	13	2.563	2,38,40,63,41,78,70,96,97,82,66,68,55,95,91,31,18,85,72,13,
493	2	14	2.347	2,38,40,63,41,74,78,70,96,66,68,55,91,31,18,57,43,14,
493	2	15	2.262	2,38,40,63,41,78,70,96,66,68,55,91,31,45,53,19,23,15,
493	3	4	2.167	3,98,38,40,79,63,41,74,71,34,67,22,25,94,42,83,4,
493	3	5	1.981	3,98,38,40,52,90,34,22,67,42,94,75,58,59,5,
493	3	6	2.249	3,90,34,22,67,42,94,25,75,76,33,54,50,24,73,36,69,21,6,
493	3	7	2.108	3,90,34,22,67,42,94,25,75,76,33,54,50,24,73,36,35,60,7,
493	3	8	2.213	3,90,34,22,67,42,94,25,75,76,33,54,50,24,73,36,93,84,8,
493	3	9	2.287	3,90,34,22,67,42,94,75,76,33,54,50,73,24,28,47,26,9,
493	3	10	2.486	3,90,34,22,67,42,94,75,76,33,54,50,73,24,65,92,46,77,10,
493	3	11	2.609	3,90,34,22,67,42,94,25,75,76,33,54,50,24,65,92,46,86,20,11,
493	3	12	2.651	3,90,34,22,67,42,94,25,71,74,78,70,96,66,91,55,95,85,72,16,12,
493	3	13	2.487	3,90,34,22,67,42,94,25,71,74,78,70,96,66,68,55,91,95,85,72,13,
493	3	14	2.407	3,90,34,22,67,42,94,25,71,74,78,70,96,66,55,91,31,18,56,14,
493	3	15	2.354	3,90,34,22,67,42,94,25,71,74,78,70,27,17,45,53,19,23,15,
493	4	5	2.12	4,83,59,30,58,94,42,67,22,34,25,75,76,69,61,5,
493	4	6	1.955	4,34,22,67,94,75,76,33,54,50,73,36,69,21,6,
493	4	7	2.138	4,34,22,67,42,94,25,75,76,33,54,50,73,36,69,35,60,7,
493	4	8	2.229	4,83,42,94,67,22,25,75,76,33,54,50,73,36,35,60,93,84,8,
493	4	9	2.459	4,34,22,67,42,94,25,75,76,33,54,50,73,24,65,28,47,26,9,
493	4	10	2.586	4,83,42,94,67,22,25,75,76,33,54,50,73,24,39,65,92,46,77,10,
493	4	11	2.599	4,34,22,67,42,94,25,75,76,33,54,50,73,24,65,92,46,86,20,11,
493	4	12	2.566	4,83,42,94,67,22,25,71,74,78,70,96,66,68,55,91,95,85,72,16,12,
493	4	13	2.407	4,83,42,94,67,22,25,71,74,41,78,70,96,66,91,55,95,85,72,13,
493	4	14	2.307	4,83,42,94,67,22,25,71,74,78,70,96,66,68,55,91,31,18,56,14,
493	4	15	2.345	4,83,42,94,67,22,25,71,74,41,27,17,53,45,57,43,23,19,15,
493	5	6	1.894	5,30,59,58,94,42,67,22,34,25,71,75,76,69,21,6,
493	5	7	1.819	5,30,59,58,94,42,67,22,25,75,76,69,21,35,60,7,
493	5	8	1.999	5,30,59,58,94,42,67,22,25,75,76,33,54,50,73,84,8,
493	5	9	2.208	5,59,58,94,42,67,22,25,75,76,33,54,50,24,28,47,26,9,
493	5	10	2.407	5,59,58,94,42,67,22,25,75,76,33,54,50,24,65,92,46,77,10,
493	5	11	2.526	5,59,58,94,42,67,22,25,75,76,33,54,50,24,65,92,46,86,11,
493	5	12	2.597	5,59,58,94,42,67,22,25,71,74,78,70,96,66,68,55,95,85,72,16,12,
493	5	13	2.534	5,30,59,58,94,42,67,22,25,71,74,78,70,96,66,68,55,91,95,85,72,13,
493	5	14	2.405	5,59,58,94,42,67,22,25,71,74,78,70,96,66,68,55,91,31,18,56,14,
493	5	15	2.502	5,30,59,58,94,42,67,22,25,71,74,41,78,70,27,17,45,53,19,15,
493	6	7	2.006	6,61,30,59,58,94,42,67,22,25,75,76,69,35,60,7,
493	6	8	2.156	6,61,58,94,42,67,22,25,75,76,33,54,50,73,84,8,
493	6	9	2.425	6,21,69,36,73,33,54,50,24,65,80,44,92,46,77,47,26,9,
493	6	10	2.588	6,61,30,59,58,94,42,67,22,25,75,76,33,54,50,24,28,77,10,
493	6	11	2.684	6,21,69,36,73,24,50,54,33,37,62,97,82,80,44,92,46,86,20,11,
493	6	12	2.662	6,21,69,33,50,54,37,62,97,82,68,66,91,55,95,85,72,16,12,
493	6	13	2.626	6,21,69,36,33,50,54,37,62,97,82,66,68,55,91,31,18,85,72,13,
493	6	14	2.606	6,21,69,36,73,33,54,50,24,39,97,82,66,68,55,91,31,18,57,43,14,
493	6	15	2.493	6,21,69,33,54,50,39,97,82,68,55,91,31,18,57,43,23,19,15,
493	7	8	2.107	7,60,35,21,61,69,33,54,50,24,73,36,93,84,88,8,
493	7	9	2.188	7,60,35,36,73,33,54,50,24,39,65,92,46,77,47,26,9,
493	7	10	2.251	7,60,35,21,69,36,73,33,54,50,24,39,65,92,46,77,10,
493	7	11	2.409	7,60,35,21,69,36,73,33,54,50,24,39,65,92,46,86,20,11,
493	7	12	2.544	7,60,35,36,33,50,54,37,62,97,82,66,91,55,95,85,72,16,12,
493	7	13	2.421	7,60,35,36,73,33,54,50,24,39,97,82,66,68,55,91,95,85,72,13,
493	7	14	2.486	7,60,35,36,73,50,54,33,37,62,97,82,66,68,55,91,31,18,57,43,14,
493	7	15	2.475	7,60,35,36,33,54,50,39,97,82,66,68,55,91,31,18,57,43,23,19,15,
493	8	9	2.124	8,84,73,33,54,50,24,39,65,92,46,77,47,26,9,
493	8	10	2.139	8,84,93,73,24,50,33,54,39,65,44,92,46,77,10,
493	8	11	2.261	8,84,93,60,35,36,73,33,54,50,24,65,92,46,86,20,11,
493	8	12	2.49	8,84,73,33,54,50,39,97,82,68,66,91,55,95,85,72,16,12,
493	8	13	2.373	8,84,73,50,54,33,37,62,97,82,68,66,91,55,95,85,72,13,
493	8	14	2.401	8,84,73,33,54,50,24,39,97,82,66,68,55,91,31,18,57,43,14,
493	8	15	2.495	8,84,73,33,54,50,39,97,82,66,68,55,91,31,18,57,43,23,19,15,
493	9	10	2.379	9,47,28,24,50,54,33,37,62,39,65,92,46,77,10,
493	9	11	2.242	9,26,47,28,24,50,33,54,39,65,92,46,86,20,11,
493	9	12	2.254	9,47,28,92,44,49,32,95,55,91,31,18,85,72,16,12,
493	9	13	2.529	9,26,47,77,46,92,44,49,32,95,55,91,31,18,57,56,85,72,13,
493	9	14	2.538	9,26,47,28,92,44,49,32,95,55,91,31,18,45,53,17,19,23,43,57,14,
493	9	15	2.657	9,26,47,28,46,92,44,80,82,97,66,68,55,91,31,18,45,53,17,19,23,15,
493	10	11	2.38	10,77,46,92,44,80,82,97,66,68,55,91,95,32,48,20,11,
493	10	12	2.158	10,77,46,92,44,49,32,95,55,91,31,18,85,72,16,12,
493	10	13	2.096	10,77,46,92,44,49,32,95,55,91,31,18,85,16,72,13,
493	10	14	2.008	10,77,46,92,44,49,32,95,55,91,31,18,56,57,43,14,
493	10	15	2.426	10,77,46,92,44,49,32,95,55,91,31,18,57,43,45,53,17,19,23,15,
493	11	12	2.247	11,20,86,92,44,49,32,95,55,91,31,18,85,72,16,12,
493	11	13	2.095	11,20,86,46,92,44,49,32,95,55,91,31,18,85,72,13,
493	11	14	2.034	11,20,86,46,92,44,49,32,95,55,91,31,18,57,43,14,
493	11	15	2.483	11,20,86,46,92,65,80,82,66,68,55,91,31,18,56,57,43,23,15,
493	12	13	2.181	12,16,85,95,55,91,31,18,45,53,19,23,43,57,56,13,
493	12	14	1.953	12,16,72,85,95,55,91,31,18,45,53,19,23,43,57,14,
493	12	15	2.484	12,16,72,85,32,95,55,91,31,18,56,57,43,23,45,53,17,19,15,
493	13	14	1.825	13,72,85,95,55,91,31,18,45,53,17,19,23,43,57,14,
493	13	15	1.847	13,72,85,95,55,91,31,18,57,43,45,53,17,19,23,15,
493	14	15	2.068	14,43,57,56,18,95,55,91,31,45,53,17,64,19,23,15,
