18	0	2	1.962	0,67,20,56,39,65,57,97,51,49,26,48,69,91,2,
18	0	1	2.044	0,67,20,56,54,32,53,29,28,57,65,39,76,49,35,1,
18	0	4	2.425	0,67,20,56,39,65,57,97,51,49,26,48,69,91,95,87,58,4,
18	0	5	2.385	0,67,20,56,39,65,57,50,80,41,52,63,71,37,74,89,44,90,92,5,
18	0	6	2.401	0,67,20,56,39,65,57,50,80,41,52,63,71,74,89,44,22,82,6,
18	0	10	2.392	0,67,20,56,76,39,65,57,28,29,47,23,34,43,16,31,75,38,10,
18	0	8	2.548	0,67,20,56,39,65,57,28,29,47,23,50,63,52,80,41,18,21,62,8,
18	0	11	2.509	0,67,20,56,39,65,57,28,29,47,23,34,43,16,31,19,79,85,11,
18	0	7	2.65	0,67,20,56,39,65,57,28,29,47,50,23,34,80,41,52,63,71,78,66,7,
18	0	9	2.62	0,67,20,56,39,65,57,81,94,37,71,63,52,41,80,34,43,16,31,46,9,
18	0	3	2.144	0,67,20,56,76,39,65,57,97,51,49,26,48,69,91,95,3,
18	0	15	2.198	0,67,20,56,76,39,65,97,57,28,29,53,32,54,59,15,
18	0	14	2.04	0,67,20,56,76,39,65,57,28,29,53,33,60,73,14,
18	1	4	2.131	1,35,26,49,76,39,65,57,97,51,42,55,27,87,58,4,
18	0	13	2.427	0,67,20,56,39,65,57,28,29,53,33,77,40,88,61,24,70,13,
18	1	3	1.964	1,93,69,48,26,49,76,65,57,97,51,42,55,95,3,
18	1	2	2.011	1,86,35,26,49,76,39,65,57,97,51,42,48,69,93,2,
18	1	7	2.528	1,35,26,49,76,39,65,28,29,47,23,50,80,41,52,63,71,78,66,7,
18	0	12	2.35	0,67,20,56,39,65,57,28,29,53,33,77,40,88,25,61,24,12,
18	1	5	2.377	1,35,49,76,65,57,47,23,50,80,41,52,71,37,74,89,44,90,92,5,
18	1	6	2.362	1,35,49,76,65,57,50,80,52,63,71,37,74,89,44,22,82,30,6,
18	1	8	2.594	1,35,26,49,76,65,57,28,29,47,23,50,63,71,52,80,41,18,21,62,8,
18	1	15	2.131	1,86,26,49,76,39,65,57,28,29,53,32,54,56,59,15,
18	1	14	1.999	1,86,26,49,76,39,65,57,28,29,53,33,60,73,14,
18	1	13	2.358	1,93,69,48,26,49,76,39,65,57,28,29,53,33,60,73,13,
18	2	5	2.005	2,93,69,48,42,55,91,95,87,58,36,84,98,90,92,5,
18	2	4	2.02	2,93,69,48,26,49,76,39,65,97,51,42,55,87,58,4,
18	2	3	1.851	2,93,69,48,26,49,76,65,57,97,51,42,55,95,3,
18	1	12	2.342	1,93,69,48,26,49,76,65,57,28,29,53,77,40,88,61,24,12,
18	1	11	2.463	1,93,69,48,26,49,76,39,65,57,28,29,77,40,88,25,85,11,
18	2	6	2.295	2,93,69,48,26,49,76,65,57,81,94,37,74,89,44,22,82,30,6,
18	1	10	2.515	1,35,49,76,39,65,57,81,94,37,71,63,52,41,80,34,43,16,31,75,38,10,
18	1	9	2.637	1,35,26,49,76,39,65,57,28,29,47,50,63,52,80,41,18,21,46,9,
18	2	15	2.193	2,91,69,48,26,49,76,39,65,57,28,29,53,32,54,59,15,
18	2	13	2.386	2,93,69,48,26,49,76,65,57,28,29,77,40,88,61,24,70,13,
18	3	5	1.869	3,95,87,58,27,99,17,74,89,44,82,22,90,92,98,5,
18	3	4	1.955	3,95,58,27,99,17,74,89,44,82,22,92,98,84,36,4,
18	2	14	2.124	2,93,69,48,26,49,76,39,65,57,28,29,53,33,60,73,14,
18	2	7	2.478	2,93,69,48,26,49,76,65,57,81,94,37,71,63,52,80,41,78,66,7,
18	2	10	2.411	2,93,69,48,26,49,76,39,65,28,29,47,23,34,43,16,31,75,38,10,
18	2	12	2.529	2,93,69,48,26,49,76,39,65,57,28,29,53,33,77,40,88,25,61,24,12,
18	2	8	2.442	2,93,69,48,26,49,76,65,57,81,94,37,71,63,52,41,18,21,62,8,
18	2	11	2.622	2,93,69,48,26,49,76,39,65,57,28,29,47,50,34,43,16,96,79,85,11,
18	2	9	2.574	2,93,69,48,26,49,76,65,57,81,94,37,71,63,52,80,41,18,21,46,9,
18	3	15	2.28	3,95,91,69,48,26,49,76,39,65,57,28,29,53,32,54,59,15,
18	4	5	2.228	4,36,68,84,90,44,89,74,78,66,64,30,82,22,92,5,
18	3	13	2.529	3,95,91,69,48,26,49,76,39,65,28,29,77,40,88,61,24,70,13,
18	3	7	2.476	3,95,87,58,27,99,17,81,94,37,71,63,52,80,41,18,21,62,83,7,
18	3	6	2.22	3,95,58,27,99,17,74,89,44,68,84,98,92,90,22,82,30,6,
18	3	14	2.272	3,95,91,69,48,26,49,76,39,65,57,28,29,53,33,60,73,14,
18	3	11	2.49	3,95,91,69,48,26,49,76,65,57,28,29,53,77,88,25,85,11,
18	3	12	2.517	3,95,91,69,48,26,49,76,39,65,57,28,29,53,33,77,88,61,24,12,
18	3	10	2.378	3,95,87,58,27,99,17,81,94,37,71,63,52,80,41,18,21,46,75,38,10,
18	3	8	2.509	3,95,91,69,48,26,51,97,81,94,37,71,63,52,80,41,18,21,62,8,
18	3	9	2.578	3,95,87,27,72,81,94,37,71,63,52,41,80,50,47,23,34,43,16,31,46,9,
18	4	6	1.985	4,36,98,84,68,90,92,22,82,44,89,74,78,66,30,6,
18	5	6	1.834	5,92,90,98,84,36,68,17,74,89,64,44,22,82,30,6,
18	4	13	2.614	4,36,84,68,17,37,71,63,52,41,80,50,47,29,28,53,33,60,73,13,
18	4	15	2.549	4,36,84,68,44,89,74,37,71,63,52,41,80,50,47,29,28,32,54,59,15,
18	4	7	2.406	4,36,84,98,92,90,22,82,44,89,74,37,71,63,52,80,41,78,66,7,
18	4	8	2.339	4,36,84,98,92,22,82,44,89,74,37,71,63,52,41,18,21,62,8,
18	4	14	2.488	4,36,84,98,92,90,44,89,74,37,71,63,50,47,29,53,33,60,73,14,
18	4	10	2.359	4,36,84,98,92,90,44,89,74,37,71,63,52,80,41,18,21,46,75,38,10,
18	4	12	2.526	4,36,84,98,92,90,44,89,74,37,71,63,52,41,80,34,43,77,40,88,61,24,12,
18	4	9	2.417	4,36,84,98,92,22,82,44,89,74,37,71,63,52,41,18,21,46,9,
18	4	11	2.479	4,36,84,98,92,90,44,89,74,37,71,63,52,41,80,34,43,16,96,79,85,11,
18	5	8	1.977	5,92,90,44,89,74,37,71,63,52,80,41,18,21,62,8,
18	6	8	1.984	6,30,82,22,44,89,74,71,63,52,41,18,21,62,8,
18	5	7	2.115	5,92,90,98,36,84,68,17,74,89,64,44,22,82,30,7,
18	6	7	2.051	6,30,82,22,44,89,74,37,71,63,52,80,41,78,66,7,
18	5	15	2.426	5,92,90,44,89,74,37,71,63,52,41,80,50,47,29,28,53,32,54,59,15,
18	5	12	2.383	5,92,22,82,44,89,74,37,71,52,41,80,34,43,77,40,88,61,24,12,
18	5	13	2.539	5,92,90,44,89,74,37,71,63,52,41,80,50,47,29,28,53,33,60,73,13,
18	5	10	2.274	5,92,90,22,82,44,89,74,37,71,63,52,80,41,18,21,46,75,38,10,
18	5	9	2.342	5,92,90,98,84,36,68,17,81,94,37,71,63,52,80,41,18,21,46,9,
18	5	14	2.418	5,92,90,44,89,74,37,71,63,52,41,80,50,47,29,28,53,33,60,73,14,
18	5	11	2.425	5,92,90,44,89,74,37,71,63,52,41,80,50,47,23,34,43,16,96,79,85,11,
18	7	8	2.24	7,66,78,64,89,74,37,71,63,52,80,41,18,21,62,8,
18	6	12	2.267	6,30,82,22,44,89,74,37,71,63,52,80,34,43,77,40,88,61,12,
18	6	9	2.089	6,30,82,22,44,89,74,71,52,80,41,18,21,46,9,
18	7	9	2.318	7,66,78,64,89,74,37,71,63,52,80,41,18,21,46,9,
18	6	15	2.403	6,30,82,22,44,89,74,71,63,52,41,80,50,47,29,28,32,54,59,15,
18	7	10	2.356	7,66,78,64,89,74,37,71,63,52,80,41,18,21,46,75,38,10,
18	6	13	2.513	6,30,82,22,44,89,74,71,52,41,80,50,47,29,28,53,33,60,13,
18	6	10	2.154	6,30,82,22,44,89,74,71,63,52,80,41,18,21,46,75,38,10,
18	7	11	2.552	7,66,64,89,74,37,71,63,52,41,80,34,43,16,31,19,79,85,11,
18	6	11	2.305	6,30,82,22,44,89,74,37,71,63,52,41,80,34,43,16,96,79,85,11,
18	6	14	2.466	6,30,82,22,44,89,74,37,71,63,52,41,80,50,47,29,53,33,60,73,14,
18	8	11	2.202	8,62,21,18,41,80,50,47,23,34,43,16,96,79,85,11,
18	8	10	2.125	8,62,21,18,41,80,50,47,23,34,43,16,31,75,38,10,
18	8	12	2.392	8,62,21,18,41,80,52,71,63,50,23,34,43,77,40,88,61,24,12,
18	7	12	2.5	7,66,78,71,63,52,41,80,50,47,29,28,53,77,40,88,61,24,12,
18	8	9	2.285	8,62,21,18,41,80,50,47,23,34,43,16,31,75,38,9,
18	8	14	2.396	8,62,21,18,41,80,52,71,63,50,47,29,28,53,33,60,73,14,
18	7	14	2.495	7,66,78,71,63,52,41,80,34,23,50,47,29,28,53,33,60,73,14,
18	8	13	2.624	8,62,21,18,41,80,52,63,50,47,23,34,43,77,40,88,61,24,70,13,
18	7	15	2.689	7,66,78,64,89,74,37,71,63,52,41,80,50,47,29,28,53,32,54,59,15,
18	7	13	2.743	7,66,64,89,74,37,71,63,52,41,80,50,47,29,28,53,33,60,73,13,
18	8	15	2.609	8,62,21,18,41,80,52,71,63,50,23,47,29,28,57,65,39,56,59,15,
18	9	12	2.351	9,46,21,18,41,52,71,63,50,23,34,43,77,88,61,12,
18	10	12	2.242	10,38,75,31,16,43,34,23,47,29,28,53,77,88,61,12,
18	10	11	2.23	10,38,46,21,18,41,80,34,43,16,31,19,79,85,11,
18	9	11	2.319	9,46,21,18,41,80,52,63,50,23,34,43,16,96,85,11,
18	9	10	2.203	9,46,21,18,41,80,50,47,23,34,43,16,31,75,38,10,
18	10	15	2.381	10,38,75,46,21,18,41,80,34,23,47,29,28,53,32,54,59,15,
18	9	15	2.528	9,46,21,18,41,80,52,71,63,50,23,47,29,28,53,32,54,59,15,
18	10	13	2.524	10,38,75,46,21,18,41,80,52,63,50,47,29,28,53,33,60,13,
18	10	14	2.329	10,38,75,46,21,18,41,80,50,23,47,29,28,53,33,60,14,
18	9	14	2.466	9,46,21,18,41,52,71,63,50,23,47,29,28,53,33,60,73,14,
18	9	13	2.751	9,46,21,18,41,80,52,71,63,50,47,23,34,43,77,40,88,61,24,70,13,
18	11	12	2.221	11,85,79,19,75,38,46,31,96,40,88,25,61,24,70,12,
18	12	13	2.327	12,24,61,88,40,77,43,34,23,47,29,28,53,33,60,13,
18	11	13	2.34	11,85,79,96,16,43,34,23,47,29,28,53,33,60,73,13,
18	13	15	2.279	13,70,24,61,88,40,77,29,28,57,65,39,56,59,15,
18	14	15	2.169	14,73,60,33,53,29,28,57,65,76,39,54,56,59,15,
18	13	14	2.258	13,70,24,61,25,88,40,77,29,28,53,33,60,73,14,
18	12	14	2.222	12,24,61,88,40,77,43,34,23,47,29,53,33,60,73,14,
18	12	15	2.304	12,24,61,88,40,77,33,53,29,28,57,65,76,39,54,59,15,
18	11	15	2.46	11,85,79,19,31,16,43,34,23,50,47,29,28,53,32,54,59,15,
18	11	14	2.423	11,85,79,19,31,16,43,34,50,47,29,28,53,33,60,73,14,
