242	0	1	1.931	0,70,92,95,77,54,64,58,76,93,78,68,50,39,65,1,
242	0	2	1.811	0,70,92,95,77,54,64,58,41,76,93,78,68,50,39,2,
242	0	3	2.111	0,61,92,70,95,86,77,54,64,58,41,76,93,78,68,50,22,3,
242	0	4	2.357	0,61,92,70,95,77,54,64,58,41,76,93,78,68,50,22,53,21,4,
242	0	5	2.41	0,70,92,95,86,77,54,64,58,41,29,81,45,46,72,99,82,42,25,5,
242	0	6	2.258	0,70,92,95,77,54,64,58,41,29,45,46,72,99,74,36,69,75,6,
242	0	7	2.523	0,70,92,95,86,77,54,64,58,41,29,81,45,46,72,99,74,36,52,32,7,
242	0	8	2.516	0,70,92,95,77,54,64,58,41,29,45,46,72,74,36,32,49,33,8,
242	0	9	2.464	0,70,92,95,86,77,54,64,58,41,29,81,31,16,67,48,19,62,9,
242	0	10	2.392	0,70,92,95,77,54,64,58,41,29,81,31,16,48,19,62,30,26,10,
242	0	11	2.523	0,61,70,92,59,47,55,51,91,24,90,43,85,66,44,57,38,87,11,
242	0	12	2.448	0,70,92,59,47,55,51,91,24,90,43,85,56,38,87,57,44,12,
242	0	13	2.369	0,70,92,59,47,55,51,91,24,43,90,73,35,85,66,84,27,13,
242	0	14	1.984	0,17,77,54,64,58,41,29,96,73,90,24,51,55,14,
242	0	15	2.086	0,70,92,95,77,54,64,58,41,29,81,96,73,59,15,
242	1	2	2.003	1,17,70,92,95,77,54,64,58,76,93,78,68,50,39,2,
242	1	3	2.112	1,17,70,92,95,77,54,64,58,76,93,78,68,50,22,3,
242	1	4	2.358	1,65,39,50,68,78,93,76,58,41,96,81,29,79,71,80,4,
242	1	5	2.406	1,65,68,50,78,93,76,58,41,29,81,45,46,99,82,42,25,5,
242	1	6	2.246	1,65,77,54,64,58,41,29,81,45,46,72,99,74,36,69,75,6,
242	1	7	2.438	1,39,50,68,78,93,76,58,41,29,45,46,72,99,74,36,52,32,7,
242	1	8	2.518	1,65,77,54,64,58,41,29,45,46,72,74,36,52,32,49,97,33,8,
242	1	9	2.659	1,65,39,50,68,78,93,76,58,41,29,81,31,16,48,19,30,26,62,9,
242	1	10	2.734	1,65,39,50,68,78,93,76,58,41,29,81,96,31,16,67,48,19,62,30,26,10,
242	1	11	2.598	1,65,39,50,68,89,78,93,76,58,41,29,81,96,94,56,38,87,11,
242	1	12	2.572	1,65,54,77,86,95,70,92,59,47,91,24,90,43,51,55,40,84,27,12,
242	1	13	2.276	1,65,77,54,64,58,41,29,81,96,73,90,24,91,51,55,40,84,13,
242	1	14	2.126	1,65,68,78,93,76,58,41,29,81,96,73,90,24,51,55,14,
242	1	15	1.932	1,39,50,68,78,93,76,58,64,54,77,95,70,92,61,15,
242	2	3	2.119	2,22,50,68,78,93,76,58,41,96,81,29,79,20,53,3,
242	2	4	2.062	2,39,50,68,78,93,76,58,41,29,79,71,80,21,4,
242	2	5	2.201	2,22,50,68,78,93,76,58,41,29,45,46,72,99,82,42,25,5,
242	2	6	2.104	2,22,50,78,93,76,58,41,29,45,46,72,74,36,69,75,6,
242	2	7	2.229	2,39,50,68,78,93,76,58,41,29,45,46,72,74,36,52,32,7,
242	2	8	2.464	2,39,50,68,78,93,76,58,41,29,45,46,72,74,36,32,49,97,8,
242	2	9	2.532	2,22,50,68,78,93,76,58,41,29,81,96,31,16,48,19,30,26,62,9,
242	2	10	2.624	2,22,50,68,78,93,76,58,41,29,81,96,31,16,28,67,48,19,62,30,26,10,
242	2	11	2.596	2,39,50,68,78,93,76,58,41,29,81,31,16,67,48,19,30,26,60,63,11,
242	2	12	2.552	2,22,78,93,76,58,41,29,81,96,73,90,24,91,51,55,40,84,27,12,
242	2	13	2.231	2,22,78,93,76,58,41,29,81,96,73,90,24,91,51,55,40,84,13,
242	2	14	2.043	2,39,50,68,89,76,58,41,29,81,96,73,90,24,91,51,55,14,
242	2	15	1.808	2,22,50,68,78,93,76,58,64,54,77,95,70,92,61,15,
242	3	4	2.171	3,22,50,68,78,93,76,58,41,29,79,71,80,21,4,
242	3	5	2.166	3,22,50,78,93,76,58,41,29,79,71,80,42,25,5,
242	3	6	1.961	3,53,20,71,80,42,25,98,74,36,52,32,83,69,75,6,
242	3	7	2.294	3,22,50,68,78,93,76,58,41,29,45,46,72,74,52,32,7,
242	3	8	2.57	3,22,50,68,78,93,76,58,41,29,45,46,72,74,52,32,49,97,8,
242	3	9	2.441	3,22,50,68,78,93,76,58,41,29,81,31,16,67,48,19,62,9,
242	3	10	2.452	3,22,50,68,78,93,76,58,41,29,81,31,16,48,19,62,30,26,10,
242	3	11	2.577	3,22,50,68,78,93,76,58,41,29,81,96,94,56,38,57,87,11,
242	3	12	2.587	3,22,50,68,89,64,54,77,86,73,90,43,24,91,51,55,40,84,27,12,
242	3	13	2.387	3,22,50,68,89,76,58,41,29,81,96,73,90,24,91,51,55,40,84,13,
242	3	14	2.195	3,22,50,68,78,93,76,58,41,29,81,96,73,90,24,91,51,55,14,
242	3	15	2.105	3,22,50,68,78,93,76,41,58,64,54,77,86,95,92,70,61,15,
242	4	5	2.267	4,21,53,22,50,68,89,76,93,78,20,71,80,42,25,5,
242	4	6	1.894	4,21,71,80,42,25,98,74,36,52,32,83,69,75,6,
242	4	7	2.425	4,21,53,20,71,80,42,25,98,75,69,74,36,52,32,49,97,7,
242	4	8	2.578	4,21,71,80,42,25,98,75,69,83,36,74,52,32,23,49,97,33,8,
242	4	9	2.653	4,21,53,20,78,93,76,58,41,29,81,31,16,67,48,19,30,62,9,
242	4	10	2.685	4,21,53,22,50,68,78,93,76,58,41,29,81,31,16,48,19,30,26,10,
242	4	11	2.698	4,21,53,22,50,68,78,93,76,58,41,29,81,96,94,56,38,87,11,
242	4	12	2.731	4,21,20,93,76,58,41,29,81,96,73,90,24,51,55,40,84,27,12,
242	4	13	2.482	4,21,20,78,93,76,58,41,29,81,96,73,90,24,91,51,40,84,13,
242	4	14	2.407	4,21,20,78,93,76,58,41,29,81,96,73,90,43,24,91,47,51,55,14,
242	4	15	2.431	4,21,53,20,78,93,76,58,41,29,81,96,73,90,43,24,91,59,15,
242	5	6	2.012	5,25,42,80,71,82,98,74,36,52,23,32,83,69,75,6,
242	5	7	2.17	5,25,42,82,98,75,69,83,32,36,74,52,23,49,97,7,
242	5	8	2.086	5,25,42,82,98,75,69,36,74,52,32,23,49,97,33,8,
242	5	9	2.664	5,25,98,75,69,74,36,52,32,49,97,33,28,67,48,19,62,26,9,
242	5	10	2.661	5,25,42,80,71,79,76,58,41,29,81,96,31,16,48,19,30,26,10,
242	5	11	2.644	5,25,42,82,99,72,46,34,88,16,28,67,48,19,62,30,26,60,63,87,11,
242	5	12	2.69	5,25,98,74,36,52,32,23,28,67,48,19,62,30,26,60,63,87,57,12,
242	5	13	2.539	5,25,42,82,99,46,45,29,81,96,73,90,43,24,91,51,55,40,84,13,
242	5	14	2.468	5,25,42,80,71,79,76,58,41,29,81,96,73,90,43,24,91,51,55,14,
242	5	15	2.467	5,25,42,82,99,72,46,45,29,81,96,73,90,24,91,51,55,47,15,
242	6	7	2.094	6,75,69,83,32,52,36,74,99,72,46,34,23,49,97,7,
242	6	8	2.082	6,75,69,83,32,52,36,74,99,72,34,23,49,97,33,8,
242	6	9	2.306	6,75,69,83,36,74,52,32,49,97,33,28,67,48,19,30,26,62,9,
242	6	10	2.471	6,75,69,74,36,52,32,49,97,33,28,16,67,48,19,62,30,26,60,10,
242	6	11	2.396	6,75,69,74,36,52,32,49,97,33,28,67,48,19,62,30,26,60,63,87,11,
242	6	12	2.514	6,75,69,74,36,52,32,23,28,67,48,19,62,30,26,60,63,87,57,44,12,
242	6	13	2.492	6,75,69,36,74,99,46,45,29,81,96,73,90,24,91,51,55,40,84,13,
242	6	14	2.423	6,75,69,36,52,74,99,72,46,45,29,81,96,73,90,43,24,91,51,55,14,
242	6	15	2.354	6,75,69,36,74,99,72,46,45,29,41,58,64,54,77,95,70,92,61,15,
242	7	8	2.205	7,83,32,52,36,74,99,72,46,45,34,23,49,97,33,8,
242	7	9	2.122	7,83,36,74,52,32,49,97,33,28,67,48,19,30,62,9,
242	7	10	2.019	7,83,36,74,52,32,49,97,33,67,48,19,62,30,26,10,
242	7	11	2.438	7,83,36,74,52,32,23,28,16,67,48,19,62,30,26,60,63,87,11,
242	7	12	2.569	7,83,36,74,52,32,49,33,67,48,19,62,30,26,60,63,87,57,12,
242	7	13	2.482	7,32,52,36,74,72,46,45,81,96,73,90,24,91,51,55,40,84,13,
242	7	14	2.303	7,32,52,36,74,72,46,45,29,81,96,73,90,24,91,51,55,14,
242	7	15	2.46	7,32,52,36,74,99,72,46,45,29,41,58,64,54,77,95,92,70,61,15,
242	8	9	2.159	8,33,49,32,36,74,52,23,28,67,48,19,30,26,62,9,
242	8	10	2.067	8,33,49,32,36,74,52,23,28,67,48,19,62,30,26,10,
242	8	11	2.245	8,33,49,32,36,74,52,23,28,67,48,19,30,26,60,63,11,
242	8	12	2.559	8,97,49,32,36,52,23,28,67,48,19,62,30,26,60,63,87,57,12,
242	8	13	2.652	8,33,97,49,23,34,46,45,29,81,96,73,90,24,91,51,55,40,84,13,
242	8	14	2.523	8,97,49,32,52,36,74,72,46,45,81,96,73,90,24,91,51,55,14,
242	8	15	2.659	8,33,49,32,52,36,74,72,46,45,29,41,58,64,54,77,95,92,70,61,15,
242	9	10	2.341	9,26,30,62,19,48,67,16,37,18,38,57,87,63,60,10,
242	9	11	2.248	9,62,26,30,19,48,67,28,16,37,18,38,57,87,63,11,
242	9	12	2.633	9,62,26,30,19,48,37,56,85,43,90,24,91,51,55,40,84,27,12,
242	9	13	2.478	9,62,26,30,19,48,37,56,85,43,90,24,91,51,47,55,40,84,13,
242	9	14	2.476	9,62,26,30,19,48,16,37,56,85,43,90,24,91,51,40,55,47,14,
242	9	15	2.648	9,62,19,30,26,60,63,87,57,44,66,85,43,90,24,91,51,55,47,59,15,
242	10	11	2.156	10,26,30,62,19,48,67,28,16,37,18,38,57,87,63,11,
242	10	12	2.439	10,26,30,62,19,48,67,28,16,37,18,60,63,87,38,57,44,12,
242	10	13	2.357	10,26,30,19,48,16,37,56,85,43,90,24,91,47,51,55,40,84,13,
242	10	14	2.253	10,26,30,62,19,48,37,94,35,73,90,43,24,91,51,55,40,14,
242	10	15	2.521	10,26,30,62,19,48,16,37,56,85,43,90,24,91,51,40,55,47,59,15,
242	11	12	2.166	11,87,63,60,26,30,62,19,48,67,16,37,18,38,57,12,
242	11	13	2.04	11,87,57,44,66,85,43,90,24,91,51,47,55,40,84,13,
242	11	14	2.115	11,87,57,44,66,85,43,90,24,91,51,47,55,40,84,14,
242	11	15	2.429	11,63,87,57,44,66,85,43,90,24,91,51,55,47,59,92,70,61,15,
242	12	13	2.429	12,11,87,57,44,66,85,43,90,24,91,51,47,55,40,84,13,
242	12	14	2.303	12,27,84,40,55,51,91,24,90,43,85,35,73,59,47,14,
242	12	15	2.458	12,27,84,40,55,51,47,91,24,43,90,73,86,54,77,95,92,61,15,
242	13	14	2.138	13,84,40,55,51,91,24,43,90,73,86,77,95,59,47,14,
242	13	15	1.778	13,84,40,43,90,24,91,51,55,47,59,95,92,70,61,15,
242	14	15	1.876	14,40,55,51,47,91,24,43,90,73,86,77,95,92,61,15,
