41	0	2	2.232	0,49,77,34,98,30,23,60,63,81,18,66,31,56,76,2,
41	0	3	2.282	0,82,83,23,60,63,81,18,47,61,20,74,28,92,71,3,
41	0	1	2.263	0,49,77,34,98,30,23,60,63,81,18,66,83,82,1,
41	0	4	2.194	0,82,83,66,81,18,62,47,61,20,74,28,92,69,29,73,89,4,
41	0	5	2.21	0,82,83,66,81,18,62,47,61,20,74,28,92,69,29,89,73,54,5,
41	0	6	2.467	0,82,66,81,18,47,61,20,74,28,92,69,29,89,73,54,75,93,97,6,
41	0	7	2.67	0,82,83,66,81,18,62,47,61,20,74,95,22,68,48,25,93,97,80,7,
41	0	11	2.398	0,82,83,63,60,23,30,98,77,34,46,67,32,86,17,40,94,11,
41	0	8	2.716	0,82,83,66,81,18,62,47,61,20,74,95,22,68,48,58,84,88,59,8,
41	0	9	2.758	0,82,83,63,60,23,30,98,77,34,38,64,33,72,78,91,16,70,9,
41	0	10	2.617	0,82,83,63,60,23,30,98,77,34,46,67,32,86,17,40,94,26,10,
41	0	12	1.991	0,82,83,63,60,38,64,33,72,78,32,86,17,36,51,12,
41	1	2	2.123	1,56,31,66,81,18,62,87,61,20,74,28,92,71,76,2,
41	0	14	2.095	0,82,66,18,81,63,60,23,30,98,34,77,49,41,14,
41	1	3	1.867	1,56,31,66,81,18,47,62,87,61,20,74,28,92,71,3,
41	1	4	1.739	1,56,31,66,18,62,47,61,20,74,28,92,69,29,4,
41	0	13	2.205	0,82,83,23,30,98,77,34,46,67,32,86,17,85,13,
41	0	15	2.125	0,82,66,18,81,63,60,23,30,98,34,77,49,41,15,
41	1	5	1.96	1,56,31,66,81,18,62,47,61,20,74,28,92,69,29,89,73,54,5,
41	1	6	2.299	1,56,31,66,81,18,47,61,20,74,28,92,69,29,89,73,54,75,93,97,6,
41	1	8	2.633	1,56,31,66,81,18,62,47,61,20,74,95,22,68,48,58,84,88,59,65,52,8,
41	1	7	2.606	1,56,31,66,81,18,47,61,20,74,28,92,69,29,89,73,54,75,93,80,7,
41	1	13	2.133	1,82,83,23,30,98,77,34,46,67,32,86,17,85,13,
41	1	14	1.927	1,56,31,66,18,81,63,60,23,30,98,34,77,49,41,14,
41	1	15	1.957	1,56,31,66,18,81,63,60,23,30,98,34,77,49,41,15,
41	2	4	1.738	2,56,31,66,18,62,47,61,20,74,28,92,69,29,4,
41	2	3	1.866	2,56,31,66,81,18,47,62,87,61,20,74,28,92,71,3,
41	2	5	1.944	2,76,31,66,81,18,62,47,61,20,74,28,92,69,29,89,73,54,5,
41	1	11	2.473	1,82,83,63,60,23,30,98,77,34,38,64,33,72,78,32,86,17,40,11,
41	2	6	2.178	2,76,31,66,81,18,47,62,87,28,92,69,29,89,73,54,75,93,97,6,
41	1	9	2.711	1,56,31,66,81,18,47,61,20,74,95,22,68,48,58,84,88,59,65,52,9,
41	1	12	2.436	1,82,83,63,60,23,30,98,77,34,38,64,33,46,67,32,86,17,36,51,12,
41	1	10	2.666	1,82,83,63,60,23,30,98,77,34,46,67,32,86,17,36,40,94,26,10,
41	2	15	1.941	2,76,31,66,18,81,63,60,23,30,98,34,77,49,41,15,
41	3	4	1.625	3,71,28,74,95,22,68,48,25,75,54,73,89,29,69,4,
41	3	5	1.702	3,71,62,47,61,20,74,87,28,92,69,29,89,73,54,5,
41	2	13	2.54	2,76,31,66,18,81,63,60,23,30,98,77,34,46,67,32,86,85,13,
41	2	14	2.531	2,76,62,47,18,81,66,31,82,83,63,60,23,30,98,34,77,41,14,
41	2	11	2.57	2,76,31,66,18,81,63,60,23,30,98,77,34,46,67,32,86,17,40,11,
41	2	9	2.695	2,76,31,66,81,18,47,61,20,74,95,22,68,48,58,84,88,59,65,52,9,
41	2	7	2.482	2,76,62,47,61,20,74,28,92,69,29,89,73,54,75,93,99,97,80,7,
41	2	8	2.565	2,76,31,66,81,18,62,47,61,20,74,95,22,68,48,58,84,59,65,52,8,
41	2	10	2.745	2,56,31,66,18,81,63,60,38,64,33,72,78,32,86,17,40,94,26,10,
41	2	12	2.585	2,76,31,66,18,81,63,60,23,30,98,77,34,46,67,32,86,17,40,36,12,
41	3	6	1.772	3,71,28,92,69,29,89,73,95,22,68,48,25,93,97,6,
41	3	15	2.148	3,71,87,61,47,18,66,81,63,60,23,30,98,34,77,49,15,
41	4	5	1.654	4,29,89,73,69,92,28,74,95,22,68,48,25,75,54,5,
41	3	13	2.738	3,71,92,28,74,20,61,50,96,24,37,64,33,72,78,32,86,67,46,85,13,
41	3	14	2.362	3,71,92,28,74,20,61,47,62,18,81,63,60,23,30,98,49,41,14,
41	3	11	2.683	3,71,92,28,74,20,61,50,96,37,24,45,64,33,72,78,32,86,17,40,11,
41	3	9	2.534	3,71,28,92,69,29,89,73,54,75,25,68,22,48,58,84,59,65,52,9,
41	3	7	2.259	3,71,87,61,20,74,28,92,69,29,89,73,54,75,93,97,80,7,
41	3	8	2.393	3,71,28,92,69,29,89,73,54,75,25,68,22,48,58,84,59,65,52,8,
41	3	10	2.684	3,71,28,92,69,29,89,73,54,75,25,48,43,90,19,57,27,44,16,10,
41	3	12	2.594	3,71,62,47,18,66,81,63,60,23,30,98,77,34,46,67,32,86,17,36,51,12,
41	5	6	1.615	5,54,89,29,69,92,28,74,95,22,68,25,93,97,6,
41	4	6	1.634	4,29,89,73,69,92,28,74,95,22,68,48,25,93,97,6,
41	4	7	2.077	4,29,89,73,69,92,28,74,95,22,68,48,25,93,99,97,80,7,
41	4	15	2.298	4,92,28,74,20,61,47,62,18,66,81,63,60,23,30,98,34,77,49,15,
41	4	13	2.593	4,69,29,89,73,54,75,25,48,68,22,35,79,55,24,45,33,72,67,46,85,13,
41	4	14	2.311	4,92,28,74,20,61,47,18,66,81,63,60,23,30,98,34,77,49,41,14,
41	4	8	2.229	4,29,89,54,73,69,92,28,74,95,22,68,48,58,84,88,59,65,8,
41	4	11	2.514	4,69,29,89,73,54,75,25,48,68,22,35,79,55,57,27,44,53,91,94,11,
41	4	9	2.425	4,69,29,89,73,54,75,25,48,68,22,35,79,55,57,19,90,39,21,42,9,
41	4	10	2.476	4,69,29,89,54,75,25,48,68,22,35,79,55,57,27,53,44,16,10,
41	4	12	2.46	4,69,29,89,73,54,75,25,48,68,22,35,79,55,45,33,72,78,32,86,17,51,12,
41	6	7	1.998	6,97,93,75,54,89,29,73,95,22,68,48,58,84,88,7,
41	6	8	2.168	6,97,93,75,54,89,29,73,95,22,68,48,58,84,59,8,
41	5	7	1.87	5,54,73,89,29,69,92,28,74,95,22,68,48,58,84,88,7,
41	5	8	2.04	5,54,73,89,29,69,92,28,74,95,22,68,48,58,84,59,8,
41	5	9	2.348	5,54,73,89,29,69,92,28,74,95,22,68,48,58,84,59,65,52,9,
41	5	15	2.353	5,54,73,89,29,69,74,20,61,47,62,18,81,63,60,23,30,98,49,15,
41	5	13	2.628	5,54,73,89,29,69,92,28,74,20,61,50,96,24,37,64,33,72,67,85,13,
41	5	11	2.552	5,54,73,89,29,69,92,28,74,20,61,50,96,24,45,27,53,91,94,11,
41	5	14	2.358	5,54,73,89,29,69,74,20,61,47,18,81,63,60,23,30,98,34,77,14,
41	5	10	2.483	5,89,29,69,73,54,75,25,48,68,22,35,79,55,57,27,44,16,10,
41	5	12	2.507	5,54,73,89,29,69,74,20,61,50,96,24,37,64,33,72,78,32,86,17,36,51,12,
41	7	9	2.38	7,88,84,58,43,35,79,50,96,55,57,19,39,21,42,9,
41	7	8	2.269	7,88,84,58,43,35,79,55,57,19,90,39,21,42,52,8,
41	7	10	2.324	7,88,59,65,21,39,44,53,78,32,86,17,40,94,26,10,
41	6	14	2.394	6,97,93,25,68,22,20,61,47,18,81,63,60,23,30,98,34,77,14,
41	6	9	2.426	6,97,99,93,75,25,48,68,22,35,79,55,57,19,90,39,21,42,9,
41	6	13	2.549	6,97,93,25,48,68,22,35,79,55,57,27,53,78,32,86,17,85,13,
41	7	11	2.54	7,88,84,58,43,35,79,55,24,37,45,33,72,78,32,86,17,40,11,
41	6	15	2.476	6,97,93,25,48,68,22,20,61,47,18,81,63,60,23,30,98,34,77,49,15,
41	6	11	2.514	6,97,93,25,48,68,22,35,79,55,24,37,64,33,72,78,32,86,17,40,11,
41	6	10	2.543	6,97,99,93,25,48,68,22,35,79,43,90,19,57,27,53,91,16,10,
41	6	12	2.368	6,97,93,25,48,68,22,35,79,55,24,37,64,33,72,78,32,86,17,36,51,12,
41	8	11	2.201	8,52,42,21,39,44,53,91,78,32,86,17,36,40,94,11,
41	8	9	2.485	8,52,42,21,39,19,57,55,24,37,45,27,53,91,16,70,9,
41	8	10	2.26	8,52,42,21,39,44,53,78,32,86,17,36,40,94,26,10,
41	7	14	2.558	7,88,84,58,43,35,79,50,63,60,23,30,98,34,77,41,14,
41	8	12	2.023	8,52,65,42,21,39,44,53,78,32,86,17,40,36,51,12,
41	7	15	2.62	7,88,84,58,48,68,22,20,61,47,62,18,81,63,60,23,30,98,49,15,
41	7	13	2.707	7,80,84,58,43,35,79,55,45,24,37,64,33,72,78,32,86,17,85,13,
41	8	15	2.713	8,52,42,21,39,90,19,57,55,45,24,37,60,63,23,30,98,34,77,49,15,
41	8	13	2.73	8,52,42,21,39,90,19,57,55,45,24,37,38,64,33,72,78,32,86,17,85,13,
41	7	12	2.394	7,88,84,58,43,35,79,55,24,37,45,33,72,78,32,86,17,36,51,12,
41	8	14	2.736	8,52,42,21,39,19,57,27,45,24,37,60,63,23,30,98,34,77,49,41,14,
41	10	11	2.455	10,16,91,53,27,57,55,45,24,37,64,33,72,78,32,40,11,
41	9	11	2.244	9,42,21,39,44,53,72,33,46,67,32,86,17,40,94,11,
41	10	12	2.154	10,16,44,53,27,45,24,37,64,33,72,78,32,86,17,51,12,
41	9	10	2.285	9,42,21,39,44,53,78,32,86,17,51,36,40,94,26,10,
41	9	12	2.084	9,42,21,39,19,57,55,45,33,72,78,32,86,17,36,51,12,
41	10	13	2.788	10,26,16,44,53,91,78,72,33,46,67,32,86,17,40,36,51,85,13,
41	9	13	2.623	9,42,21,39,90,19,57,55,45,24,37,64,33,72,78,32,86,67,46,85,13,
41	9	14	2.674	9,42,21,39,19,57,27,45,24,37,60,63,23,30,98,34,77,49,41,14,
41	10	15	2.608	10,26,94,40,17,86,32,67,46,72,33,64,38,34,77,98,30,49,41,15,
41	10	14	2.431	10,26,94,40,17,86,32,78,72,33,64,38,34,77,98,30,49,41,14,
41	9	15	2.694	9,42,21,39,19,57,55,79,35,50,63,60,23,30,98,34,77,49,15,
41	14	15	2.486	14,41,49,77,34,98,30,23,60,63,81,18,66,82,0,15,
41	11	13	2.233	11,94,26,16,44,53,91,40,17,86,32,67,46,85,13,
41	12	13	2.229	12,51,36,17,86,32,78,53,27,45,24,37,64,33,72,67,85,13,
41	12	15	1.889	12,51,36,17,86,32,78,72,33,64,38,34,77,98,30,49,15,
41	13	15	2.183	13,85,17,86,32,67,46,72,33,64,38,34,77,98,49,41,15,
41	13	14	2.103	13,85,46,67,86,32,78,72,33,64,38,34,77,98,49,41,14,
41	12	14	1.934	12,51,17,86,32,78,72,33,64,38,34,77,98,30,49,41,14,
41	11	12	2.094	11,26,16,91,53,72,33,46,67,32,86,17,40,36,51,12,
41	11	14	2.26	11,94,40,36,51,17,86,32,78,72,33,64,38,34,77,98,49,41,14,
41	11	15	2.484	11,26,94,40,36,51,17,86,32,78,72,33,64,38,34,77,98,49,41,15,
