115	0	1	1.604	0,83,96,88,43,49,82,32,76,89,52,38,78,54,1,
115	0	2	1.445	0,83,96,88,43,49,82,32,76,89,52,38,78,54,2,
115	0	3	2.148	0,73,83,96,88,43,49,71,82,32,76,89,78,38,52,94,20,3,
115	0	4	2.205	0,83,96,88,43,49,82,32,76,89,78,38,52,94,99,44,48,86,4,
115	0	5	2.33	0,83,96,88,43,49,82,32,76,89,78,38,52,94,20,99,44,48,77,5,
115	0	6	2.417	0,83,96,88,43,49,32,82,71,90,95,99,44,28,80,79,47,98,6,
115	0	7	2.451	0,83,96,88,43,49,32,82,71,90,99,44,28,80,79,47,33,7,
115	0	8	2.601	0,83,96,88,43,49,32,82,71,90,95,28,80,79,47,33,37,30,85,8,
115	0	9	2.564	0,83,96,88,43,49,36,57,35,25,42,66,81,60,34,97,92,55,62,9,
115	0	10	2.402	0,83,96,88,43,49,57,35,25,42,66,81,60,34,97,92,55,59,26,10,
115	0	11	2.445	0,83,96,88,43,49,32,82,71,36,35,25,42,66,81,60,34,51,56,84,11,
115	0	12	2.344	0,83,96,88,43,49,32,82,71,36,35,25,42,66,46,70,19,29,12,
115	0	13	2.12	0,83,96,88,43,49,36,57,63,69,50,17,68,58,91,16,13,
115	0	14	2.273	0,83,96,88,43,49,36,57,35,25,42,66,50,69,63,21,14,
115	0	15	2.109	0,83,96,88,76,89,78,38,52,82,32,49,43,73,15,
115	1	2	1.593	1,83,96,88,43,49,82,32,76,89,52,38,78,54,2,
115	1	3	1.891	1,54,78,38,52,89,76,32,82,71,90,99,94,20,3,
115	1	4	2.059	1,54,78,38,52,89,76,32,82,71,90,95,99,44,48,77,86,4,
115	1	5	2.1	1,54,78,38,52,89,76,32,82,71,90,95,99,44,48,86,77,5,
115	1	6	2.24	1,54,78,38,52,89,76,32,82,71,90,95,28,80,79,47,98,6,
115	1	7	2.506	1,54,78,38,52,89,76,32,82,71,90,99,44,28,80,79,47,33,7,
115	1	8	2.601	1,54,78,38,52,89,76,32,82,71,36,57,35,25,74,39,22,65,30,85,8,
115	1	9	2.587	1,54,89,76,32,82,71,36,57,35,25,42,66,60,81,34,97,92,62,9,
115	1	10	2.483	1,54,78,38,52,89,76,32,82,71,36,35,25,42,66,81,60,97,59,26,10,
115	1	11	2.415	1,54,89,76,32,82,71,36,57,35,25,42,66,60,81,34,51,56,84,11,
115	1	12	2.401	1,54,78,38,52,89,76,32,82,71,36,57,42,66,46,70,19,72,29,12,
115	1	13	2.183	1,54,78,38,52,89,76,32,82,49,63,69,17,68,58,91,13,
115	1	14	2.304	1,54,78,38,52,89,76,32,82,71,36,57,63,69,17,68,21,14,
115	1	15	1.935	1,54,78,38,52,89,76,32,82,49,43,88,96,83,73,15,
115	2	3	1.732	2,54,78,38,52,89,76,32,82,71,90,99,94,20,3,
115	2	4	1.646	2,78,38,52,89,76,32,82,71,90,99,44,48,86,4,
115	2	5	1.695	2,78,38,52,89,76,32,82,71,90,99,44,48,77,5,
115	2	6	2.142	2,38,52,89,76,32,82,71,90,99,44,28,80,79,47,98,6,
115	2	7	2.346	2,78,38,52,89,76,32,82,71,90,95,99,44,28,80,79,47,33,7,
115	2	8	2.403	2,38,52,89,76,32,82,71,90,95,28,80,79,47,33,37,30,85,8,
115	2	9	2.402	2,78,38,52,89,76,32,82,71,36,35,25,42,66,81,60,97,92,62,9,
115	2	10	2.279	2,78,38,52,89,76,32,82,71,36,35,25,42,66,81,60,34,97,59,26,10,
115	2	11	2.291	2,38,52,89,76,32,82,71,36,57,35,25,42,66,60,81,34,51,56,84,11,
115	2	12	2.229	2,78,38,52,89,76,32,82,71,36,57,35,25,42,66,46,70,19,72,29,12,
115	2	13	2.121	2,78,38,52,89,76,32,82,71,36,57,63,69,17,68,67,58,91,16,13,
115	2	14	2.14	2,78,38,52,89,76,32,82,71,36,57,63,69,50,17,68,21,14,
115	2	15	1.776	2,54,78,38,52,89,76,32,82,49,43,88,96,83,73,15,
115	3	4	1.827	3,52,38,78,89,76,32,82,71,90,99,44,48,86,4,
115	3	5	1.876	3,52,38,78,89,76,32,82,71,90,99,44,48,77,5,
115	3	6	2.154	3,38,52,89,76,32,82,71,90,95,28,80,79,47,98,6,
115	3	7	2.295	3,52,38,78,89,76,32,82,71,90,95,28,80,79,47,33,7,
115	3	8	2.525	3,52,38,78,89,76,32,82,71,95,28,80,79,47,33,37,85,30,8,
115	3	9	2.583	3,52,38,78,89,76,32,82,71,36,35,25,42,66,81,60,97,92,62,9,
115	3	10	2.437	3,38,52,89,76,32,82,71,36,57,35,25,42,66,81,60,97,59,26,10,
115	3	11	2.458	3,38,52,89,76,32,82,71,36,57,35,25,42,66,60,81,34,51,56,84,11,
115	3	12	2.506	3,52,38,78,89,76,32,82,71,36,57,63,69,50,17,68,67,70,19,72,29,12,
115	3	13	2.375	3,52,38,78,89,76,32,82,71,36,57,63,69,50,17,68,67,58,91,16,13,
115	3	14	2.402	3,38,52,89,76,32,82,71,36,57,63,69,50,17,68,58,91,14,
115	3	15	2.427	3,38,52,89,76,32,82,71,36,57,35,25,42,66,50,69,63,93,15,
115	4	5	2.12	4,86,48,44,99,20,94,90,95,28,80,79,47,41,5,
115	4	6	1.996	4,86,77,48,44,99,90,95,28,80,79,47,33,98,6,
115	4	7	2.353	4,86,48,99,44,28,80,79,47,98,33,37,65,30,85,7,
115	4	8	2.431	4,86,48,44,99,20,94,90,95,28,80,79,47,33,37,85,30,8,
115	4	9	2.535	4,86,48,44,28,64,75,74,25,35,42,66,81,60,97,92,62,9,
115	4	10	2.477	4,86,48,99,44,28,64,75,74,25,35,42,66,81,60,34,97,59,26,10,
115	4	11	2.533	4,86,48,99,44,28,53,75,64,74,25,35,42,66,81,60,34,51,56,84,11,
115	4	12	2.459	4,86,48,99,44,28,53,75,64,74,25,35,42,66,46,70,19,72,29,12,
115	4	13	2.485	4,86,48,99,44,28,53,75,64,74,25,42,66,50,17,68,58,91,16,13,
115	4	14	2.503	4,86,48,99,44,28,53,75,64,74,25,35,42,66,50,17,68,21,14,
115	4	15	2.411	4,20,94,52,38,78,89,76,32,82,71,49,43,88,96,83,73,93,15,
115	5	6	2.037	5,77,86,48,44,99,90,95,28,80,79,47,33,98,6,
115	5	7	2.129	5,77,86,48,99,44,28,80,79,47,33,37,30,85,7,
115	5	8	2.053	5,77,48,99,44,28,80,79,47,98,33,37,85,30,8,
115	5	9	2.463	5,41,47,79,53,75,64,74,25,42,66,81,60,97,92,62,9,
115	5	10	2.352	5,41,47,79,53,75,64,74,25,35,42,66,81,60,34,97,59,26,10,
115	5	11	2.484	5,41,47,79,53,64,75,39,74,25,35,42,66,81,60,34,51,56,84,11,
115	5	12	2.491	5,41,47,79,53,75,64,74,25,35,42,66,50,17,68,67,70,19,72,29,12,
115	5	13	2.497	5,41,47,79,53,75,64,74,25,35,42,66,50,69,17,68,67,58,91,16,13,
115	5	14	2.554	5,41,47,79,53,75,64,74,25,35,42,66,50,69,17,68,58,91,14,
115	5	15	2.564	5,77,48,44,99,94,52,38,78,89,82,32,49,43,88,96,83,73,15,
115	6	7	2.262	6,98,33,47,79,53,64,75,39,22,61,65,30,85,7,
115	6	8	2.124	6,98,33,47,79,53,64,75,39,22,61,65,30,85,8,
115	6	9	2.339	6,98,47,79,53,75,74,25,42,66,81,60,97,92,62,9,
115	6	10	2.258	6,98,47,79,53,75,74,25,35,42,66,81,60,34,51,56,59,26,10,
115	6	11	2.372	6,98,47,79,53,75,64,74,25,35,42,66,81,60,97,51,56,84,11,
115	6	12	2.36	6,98,47,79,53,75,64,74,25,35,42,66,50,17,67,70,19,72,29,12,
115	6	13	2.473	6,98,47,79,53,75,64,74,25,35,42,66,50,69,63,68,17,67,58,91,16,13,
115	6	14	2.738	6,98,47,79,53,64,75,39,74,25,35,42,66,50,69,63,68,17,67,58,91,14,
115	6	15	2.48	6,98,33,47,79,53,75,64,74,25,35,42,66,50,69,63,21,93,15,
115	7	8	2.245	7,33,98,47,79,53,64,75,39,22,61,65,30,85,8,
115	7	9	2.45	7,33,47,79,53,75,74,25,42,66,81,60,97,92,62,9,
115	7	10	2.302	7,33,47,79,53,75,39,45,60,81,34,97,92,55,59,26,10,
115	7	11	2.474	7,33,47,79,53,75,74,25,35,42,66,81,60,34,97,51,56,84,11,
115	7	12	2.471	7,33,47,79,53,75,64,74,25,35,42,66,50,17,67,70,19,72,29,12,
115	7	13	2.389	7,33,47,79,53,75,64,74,25,35,42,66,50,17,68,67,58,91,16,13,
115	7	14	2.583	7,33,47,79,53,75,64,74,25,35,42,66,50,69,17,68,58,91,14,
115	7	15	2.774	7,33,47,79,53,75,64,74,25,35,42,66,50,17,67,68,69,63,21,93,15,
115	8	9	2.125	8,85,30,18,65,24,87,92,97,34,51,56,59,55,62,9,
115	8	10	1.982	8,85,30,65,24,87,45,60,81,34,97,92,55,59,26,10,
115	8	11	2.079	8,30,85,37,65,24,87,92,62,55,59,97,34,51,56,84,11,
115	8	12	2.293	8,85,30,65,22,53,75,74,25,35,42,66,46,70,19,72,29,12,
115	8	13	2.373	8,85,30,65,22,53,75,64,74,25,35,42,66,50,17,68,58,91,16,13,
115	8	14	2.55	8,85,30,65,22,53,75,64,74,25,35,42,66,50,17,68,67,58,91,14,
115	8	15	2.693	8,30,85,37,33,47,79,53,75,64,74,25,35,42,66,50,17,68,21,93,15,
115	9	10	2.15	9,18,8,85,30,65,24,87,92,97,34,51,56,59,55,26,10,
115	9	11	2.226	9,62,55,92,97,34,60,81,40,46,70,19,72,29,31,27,11,
115	9	12	2.425	9,62,55,59,56,51,34,60,81,66,42,50,17,68,67,70,19,72,29,12,
115	9	13	2.426	9,62,92,97,34,81,60,74,25,35,42,66,50,17,68,67,58,91,16,13,
115	9	14	2.656	9,62,92,97,34,60,81,66,25,35,42,50,69,63,68,17,67,58,91,14,
115	9	15	2.792	9,62,92,97,34,60,81,66,42,25,35,57,36,49,43,88,96,83,73,15,
115	10	11	2.028	10,26,59,55,62,92,97,34,60,81,40,19,72,29,31,27,11,
115	10	12	1.941	10,26,59,55,62,92,97,34,60,81,40,46,70,23,72,29,12,
115	10	13	2.055	10,26,59,55,92,97,34,51,56,84,27,31,29,72,23,58,91,16,13,
115	10	14	2.469	10,26,59,55,92,97,34,60,81,66,42,50,69,63,68,17,67,58,91,14,
115	10	15	2.635	10,26,59,55,62,92,97,56,51,34,60,81,40,46,67,68,17,50,69,63,93,15,
115	11	12	2.105	11,84,56,51,34,60,81,66,42,50,17,68,67,70,19,72,29,12,
115	11	13	2.109	11,84,56,51,34,60,81,66,50,69,63,68,17,67,58,91,16,13,
115	11	14	2.508	11,84,56,51,34,81,60,74,25,35,42,66,50,69,17,68,67,58,91,14,
115	11	15	2.611	11,84,56,51,34,60,81,66,42,25,35,57,36,71,82,32,49,43,93,15,
115	12	13	2.038	12,29,72,19,70,46,66,25,35,42,50,17,68,58,91,16,13,
115	12	14	2.325	12,27,31,29,72,19,23,91,58,67,68,17,50,69,63,21,14,
115	12	15	2.277	12,29,72,19,70,67,68,17,50,69,63,43,88,96,83,73,15,
115	13	14	2.191	13,16,91,58,23,72,29,19,70,46,67,68,17,50,69,63,21,14,
115	13	15	2.119	13,16,91,58,23,72,29,19,70,67,68,17,50,69,63,21,93,15,
115	14	15	2.362	14,91,58,67,68,17,50,69,63,49,43,88,96,83,73,15,
