277	0	1	1.923	0,90,66,83,76,39,49,99,21,50,95,67,94,51,1,
277	0	2	1.89	0,90,76,83,39,49,99,21,50,95,67,31,20,2,
277	0	3	2.035	0,90,76,83,39,49,21,86,60,24,71,19,23,58,52,3,
277	0	4	2.143	0,51,94,95,67,71,19,23,58,52,61,82,74,34,88,79,4,
277	0	5	2.493	0,90,76,83,39,49,21,86,87,96,85,53,30,93,68,34,88,79,5,
277	0	6	2.546	0,51,94,67,95,50,60,24,73,45,48,85,53,30,93,68,17,55,37,32,6,
277	0	7	2.455	0,90,76,39,49,21,86,18,65,46,54,69,28,84,97,47,92,40,7,
277	0	8	2.602	0,90,76,39,49,99,57,18,65,46,54,69,28,84,26,92,47,98,16,8,
277	0	9	2.489	0,90,76,39,49,21,99,57,18,65,46,69,54,38,64,70,81,27,9,
277	0	10	2.461	0,90,66,83,76,39,49,21,99,57,18,65,46,69,54,38,64,70,81,10,
277	0	11	2.493	0,90,76,39,49,21,99,57,18,65,46,69,54,22,35,41,29,59,11,
277	0	12	2.486	0,90,76,39,49,21,99,57,18,65,46,69,54,22,35,41,29,12,
277	0	13	1.985	0,51,90,66,83,76,39,49,21,99,57,56,62,80,13,
277	0	14	1.822	0,51,94,67,95,50,21,99,49,39,76,83,63,78,14,
277	0	15	1.835	0,51,94,67,95,50,21,99,49,39,83,76,90,66,15,
277	1	2	2.131	1,51,90,66,83,76,39,49,21,50,95,67,31,20,2,
277	1	3	2.329	1,31,20,33,19,71,24,60,87,96,45,73,82,61,52,3,
277	1	4	2.122	1,31,33,19,71,24,73,45,48,53,93,68,34,88,79,4,
277	1	5	2.249	1,31,33,19,71,24,73,45,48,85,53,30,93,68,34,88,25,5,
277	1	6	2.309	1,31,33,23,19,71,24,73,45,48,85,53,30,93,17,55,37,32,6,
277	1	7	2.498	1,31,33,23,19,71,24,87,18,65,46,54,69,28,84,97,47,92,40,7,
277	1	8	2.662	1,31,33,19,71,24,73,45,48,53,85,65,46,54,69,28,84,97,47,98,16,8,
277	1	9	2.546	1,31,33,19,71,24,73,45,48,53,85,65,46,69,54,38,64,70,81,27,9,
277	1	10	2.559	1,31,20,33,23,19,71,24,73,45,48,53,85,65,46,69,54,38,64,70,81,10,
277	1	11	2.562	1,31,33,23,19,71,24,73,45,48,53,85,65,46,69,54,22,35,29,59,11,
277	1	12	2.584	1,31,33,19,71,24,73,45,48,53,85,65,46,69,54,22,75,35,29,12,
277	1	13	2.562	1,31,33,23,19,71,24,60,86,21,49,39,76,83,63,36,44,80,13,
277	1	14	2.011	1,51,94,67,95,50,21,99,49,39,76,83,63,78,14,
277	1	15	1.843	1,31,33,23,19,71,24,60,86,21,49,39,76,83,66,15,
277	2	3	2.272	2,20,31,33,19,71,24,60,87,96,45,73,82,61,52,3,
277	2	4	2.1	2,20,31,33,23,19,71,24,73,45,48,74,34,88,79,4,
277	2	5	2.122	2,20,31,33,23,19,71,24,73,82,74,34,88,79,25,5,
277	2	6	2.225	2,20,33,23,19,71,24,73,45,48,85,53,30,17,55,37,32,6,
277	2	7	2.379	2,20,31,33,19,71,24,73,45,48,53,85,28,84,97,47,92,40,7,
277	2	8	2.498	2,20,33,23,19,71,24,73,45,48,53,85,65,46,69,28,84,97,98,16,8,
277	2	9	2.527	2,20,33,19,71,24,73,45,48,53,85,65,46,69,54,38,64,70,81,27,9,
277	2	10	2.502	2,20,31,33,23,19,71,24,73,45,48,53,85,65,46,69,54,38,64,70,81,10,
277	2	11	2.572	2,20,33,19,71,24,73,45,48,53,85,65,46,69,54,22,75,35,29,59,11,
277	2	12	2.604	2,20,33,19,71,24,73,45,48,53,85,65,46,69,54,22,75,35,41,29,12,
277	2	13	2.647	2,20,31,67,95,94,51,90,66,83,76,39,49,21,99,36,44,80,13,
277	2	14	2.35	2,20,31,33,23,19,71,67,95,50,21,49,39,76,83,63,78,14,
277	2	15	2.099	2,20,31,33,23,19,71,24,60,86,99,21,49,39,76,83,66,15,
277	3	4	2.195	3,52,61,82,73,45,48,85,53,30,17,68,34,88,79,4,
277	3	5	2.213	3,52,61,82,73,45,48,85,53,30,93,68,34,88,79,25,5,
277	3	6	2.342	3,52,61,82,73,45,48,85,53,30,93,68,17,42,55,37,32,6,
277	3	7	2.441	3,52,61,82,73,45,48,53,85,65,46,69,28,84,97,47,92,40,7,
277	3	8	2.535	3,52,61,82,73,45,48,53,85,65,46,54,69,28,84,26,92,47,16,8,
277	3	9	2.621	3,52,58,19,71,24,73,45,48,53,85,65,46,69,54,38,64,70,81,27,9,
277	3	10	2.419	3,52,58,19,71,24,73,45,48,53,85,65,46,69,54,38,64,70,81,10,
277	3	11	2.624	3,52,61,82,73,45,48,53,85,65,46,69,54,38,64,27,81,70,59,11,
277	3	12	2.69	3,52,61,82,73,45,48,53,85,65,46,69,54,38,22,75,35,41,29,12,
277	3	13	2.766	3,52,61,82,73,45,48,96,87,18,65,46,69,54,22,75,89,80,13,
277	3	14	2.602	3,52,61,58,23,19,71,67,95,50,21,99,49,39,76,83,63,78,14,
277	3	15	2.438	3,52,58,23,19,71,24,73,45,48,96,87,86,21,49,39,76,83,66,15,
277	4	5	2.155	4,79,88,34,68,93,30,26,47,92,40,42,55,37,32,5,
277	4	6	2.061	4,79,88,34,68,93,30,26,47,92,40,42,55,37,32,6,
277	4	7	2.187	4,79,88,34,68,17,93,30,53,85,28,84,97,47,40,7,
277	4	8	2.063	4,79,88,34,68,17,93,30,26,92,40,47,97,98,16,8,
277	4	9	2.608	4,79,88,34,68,17,93,30,53,85,65,46,69,54,38,64,70,81,27,91,9,
277	4	10	2.531	4,43,79,88,34,68,93,30,53,85,65,46,69,54,72,38,64,70,81,27,10,
277	4	11	2.444	4,79,88,34,68,93,30,53,85,65,46,69,54,22,75,35,41,29,59,11,
277	4	12	2.603	4,79,88,34,68,93,30,53,85,65,46,69,54,38,22,75,35,41,29,12,
277	4	13	2.676	4,79,88,34,68,93,30,53,85,65,46,69,54,38,22,75,89,80,13,
277	4	14	2.552	4,79,88,34,68,93,30,53,48,45,96,87,86,21,49,39,63,78,14,
277	4	15	2.395	4,79,88,34,68,17,30,53,85,96,87,86,21,49,39,76,83,66,15,
277	5	6	2.082	5,25,88,34,68,93,30,26,47,92,40,42,55,37,32,6,
277	5	7	2.19	5,25,79,88,34,68,93,30,53,85,28,84,26,47,92,40,7,
277	5	8	2.042	5,25,79,88,34,68,17,93,30,26,92,40,47,98,16,8,
277	5	9	2.444	5,25,79,88,34,68,93,30,53,85,65,46,69,54,38,64,70,81,27,9,
277	5	10	2.296	5,25,79,88,34,68,93,30,53,85,65,46,69,54,38,64,70,81,27,10,
277	5	11	2.528	5,25,79,88,34,68,93,30,53,85,65,46,69,54,22,75,35,41,29,59,11,
277	5	12	2.648	5,25,79,88,34,68,93,30,53,85,65,46,69,54,38,22,75,35,29,12,
277	5	13	2.76	5,25,79,88,34,68,93,30,53,85,65,46,69,54,38,22,75,89,80,13,
277	5	14	2.583	5,25,79,88,34,68,93,30,53,85,48,96,87,86,21,49,39,63,78,14,
277	5	15	2.454	5,25,79,88,34,68,93,30,53,48,96,87,86,21,49,39,76,83,66,15,
277	6	7	2.064	6,37,32,25,79,88,34,68,93,30,26,97,47,92,40,7,
277	6	8	2.047	6,32,37,55,17,68,93,30,26,92,40,47,97,98,16,8,
277	6	9	2.166	6,32,37,55,17,68,93,30,26,92,40,47,98,77,91,9,
277	6	10	2.154	6,32,37,55,42,40,92,47,97,84,28,69,46,54,38,64,70,10,
277	6	11	2.342	6,32,37,55,42,92,47,97,84,28,69,54,46,75,35,41,29,59,11,
277	6	12	2.514	6,37,55,42,40,92,47,97,84,28,65,46,69,54,22,75,35,41,29,12,
277	6	13	2.646	6,32,37,55,42,40,92,47,97,84,28,65,46,69,54,22,75,89,80,13,
277	6	14	2.558	6,32,37,17,68,93,30,53,85,48,96,87,86,21,49,39,63,78,14,
277	6	15	2.528	6,32,37,55,17,68,93,30,53,85,96,87,86,99,49,39,76,83,66,15,
277	7	8	2.014	7,40,92,47,97,84,28,65,46,69,54,38,72,98,16,8,
277	7	9	2.037	7,40,92,47,26,97,84,28,69,46,54,38,64,70,81,27,9,
277	7	10	2.035	7,40,92,47,97,84,28,65,46,69,54,22,38,64,70,81,10,
277	7	11	2.229	7,40,92,47,26,97,84,28,65,46,69,54,22,75,35,41,29,59,11,
277	7	12	2.731	7,40,92,47,98,97,84,28,69,54,46,65,18,57,56,89,41,35,29,12,
277	7	13	2.748	7,40,92,47,97,84,28,69,54,46,65,18,86,21,49,99,36,62,80,13,
277	7	14	2.575	7,40,92,47,97,84,28,69,54,46,65,18,57,99,21,49,39,63,78,14,
277	7	15	2.411	7,40,92,47,97,84,28,69,54,46,65,18,86,21,49,39,76,83,66,15,
277	8	9	1.967	8,16,98,97,84,28,65,46,69,54,38,64,70,81,27,9,
277	8	10	1.852	8,16,98,47,97,84,28,69,46,54,38,64,70,81,27,10,
277	8	11	2.212	8,16,98,47,26,84,28,65,46,69,54,22,75,35,41,29,59,11,
277	8	12	2.335	8,16,98,47,40,92,26,97,84,28,69,46,54,22,75,35,41,29,12,
277	8	13	2.626	8,16,98,47,40,92,26,97,84,28,69,54,46,65,18,57,56,62,80,13,
277	8	14	2.601	8,16,98,97,84,28,69,54,46,65,18,56,57,99,21,49,39,63,78,14,
277	8	15	2.533	8,16,47,92,26,84,28,69,54,46,65,18,57,99,21,49,39,76,83,66,15,
277	9	10	2.241	9,8,16,98,47,97,84,28,69,46,54,38,64,70,81,27,10,
277	9	11	2.04	9,27,81,70,64,38,54,69,46,65,75,35,41,29,59,11,
277	9	12	2.412	9,91,27,81,70,64,38,54,46,69,65,18,75,35,41,29,12,
277	9	13	2.412	9,27,81,70,64,38,54,69,46,65,18,57,56,62,44,80,13,
277	9	14	2.461	9,27,81,70,64,38,54,69,46,65,18,57,99,49,39,63,78,14,
277	9	15	2.311	9,91,72,38,54,69,46,65,18,57,99,21,49,39,76,83,66,15,
277	10	11	1.892	10,27,81,70,64,38,54,69,46,65,75,35,41,29,59,11,
277	10	12	2.063	10,27,81,70,64,38,54,69,46,65,18,75,35,29,12,
277	10	13	2.05	10,81,70,64,38,54,69,46,65,18,57,56,62,80,13,
277	10	14	2.287	10,81,70,64,38,54,46,65,18,57,99,21,49,39,63,78,14,
277	10	15	2.156	10,81,70,64,38,54,46,65,18,57,99,21,49,39,76,66,15,
277	11	12	2.255	11,59,70,81,27,64,38,54,46,69,65,75,35,41,29,12,
277	11	13	2.256	11,59,29,41,35,22,54,69,46,65,18,57,56,62,80,13,
277	11	14	2.083	11,59,29,41,89,56,57,99,49,39,76,83,63,78,14,
277	11	15	2.334	11,59,29,41,35,22,54,69,46,65,18,57,99,49,39,76,66,15,
277	12	13	2.329	12,29,41,35,75,22,54,69,46,65,18,57,56,62,80,13,
277	12	14	2.141	12,29,41,89,56,57,99,21,49,39,76,83,63,78,14,
277	12	15	2.12	12,29,35,41,89,56,57,99,21,49,39,76,90,66,15,
277	13	14	2.083	13,80,44,62,56,57,99,21,49,39,76,83,63,78,14,
277	13	15	2.107	13,80,44,36,99,49,21,50,67,95,76,39,83,66,15,
277	14	15	1.902	14,78,63,83,76,39,49,21,50,95,67,94,90,66,15,
