185	0	1	1.822	0,29,77,34,40,97,89,91,38,46,51,79,78,88,56,1,
185	0	2	1.779	0,29,77,34,40,97,89,91,38,46,51,79,78,88,94,2,
185	0	3	2.012	0,29,77,34,40,97,89,91,38,46,51,79,78,88,94,3,
185	0	4	2.425	0,29,77,34,40,97,89,91,99,38,46,51,79,41,65,92,57,52,4,
185	0	5	2.507	0,29,77,34,40,97,89,91,71,99,38,46,51,79,41,65,92,42,32,5,
185	0	6	2.476	0,29,77,34,40,97,89,91,71,99,28,49,37,24,62,60,68,43,23,6,
185	0	7	2.446	0,29,77,34,40,97,89,91,71,26,67,69,61,27,83,45,87,47,93,63,7,
185	0	8	2.445	0,29,77,34,40,97,89,91,99,28,67,69,61,27,83,45,87,47,85,21,8,
185	0	9	2.287	0,29,77,97,89,91,71,26,67,69,61,27,83,81,45,87,95,35,19,9,
185	0	10	2.436	0,29,77,97,89,91,71,26,67,69,61,27,83,81,45,87,72,54,25,10,
185	0	11	2.433	0,77,34,40,97,89,91,99,71,31,48,50,86,22,53,76,75,33,70,90,11,
185	0	12	2.185	0,29,77,40,97,89,91,99,71,31,48,50,86,36,73,18,22,53,76,75,12,
185	0	13	1.898	0,29,77,34,40,97,89,91,99,71,31,48,50,86,36,73,18,13,
185	0	14	2.004	0,29,77,34,40,97,89,91,38,99,71,31,48,50,86,36,73,14,
185	0	15	1.841	0,29,77,34,40,97,89,91,99,71,31,48,50,58,55,80,15,
185	1	2	1.969	1,56,30,34,40,97,89,91,38,46,51,79,78,88,94,2,
185	1	3	2.202	1,56,30,34,40,97,89,91,38,46,51,79,78,88,94,3,
185	1	4	2.267	1,66,34,40,97,89,38,46,51,79,41,65,92,57,52,4,
185	1	5	2.584	1,56,30,34,40,97,89,91,99,38,46,51,79,41,65,92,42,32,5,
185	1	6	2.522	1,56,88,78,79,51,46,38,99,28,49,37,62,60,68,43,23,6,
185	1	7	2.493	1,56,88,78,79,51,28,67,69,61,27,83,81,45,87,47,93,63,7,
185	1	8	2.502	1,66,34,40,97,89,91,99,71,26,67,69,61,27,83,81,45,87,85,21,8,
185	1	9	2.359	1,56,88,78,79,51,28,67,69,61,27,83,45,87,95,35,19,9,
185	1	10	2.551	1,56,88,78,79,51,28,67,69,61,27,83,81,45,87,72,54,25,10,
185	1	11	2.427	1,56,88,78,79,51,46,38,99,71,31,48,98,17,33,70,16,90,11,
185	1	12	2.195	1,56,88,78,79,51,46,38,99,71,31,48,50,86,22,53,76,75,12,
185	1	13	2.214	1,56,88,78,79,51,46,38,91,99,71,31,48,50,86,36,73,18,13,
185	1	14	2.015	1,56,88,78,79,51,46,38,91,99,71,31,48,50,86,36,14,
185	1	15	1.937	1,56,30,40,97,89,91,99,71,31,48,50,58,55,80,15,
185	2	3	2.318	2,94,88,78,30,40,97,89,91,99,38,46,51,79,84,3,
185	2	4	2.3	2,94,88,78,79,51,46,38,28,49,37,65,92,52,4,
185	2	5	2.288	2,88,78,79,51,46,38,28,49,41,65,92,42,32,5,
185	2	6	2.431	2,94,88,78,79,51,46,38,28,49,37,24,62,60,68,43,23,6,
185	2	7	2.464	2,88,78,79,51,28,67,69,61,27,83,81,45,87,85,21,93,63,7,
185	2	8	2.347	2,88,78,79,51,28,67,69,61,27,83,81,45,87,47,85,21,8,
185	2	9	2.359	2,94,88,78,79,51,28,67,69,61,27,83,81,45,87,95,35,19,9,
185	2	10	2.593	2,88,78,79,51,46,38,28,67,69,61,27,83,81,45,87,72,54,25,10,
185	2	11	2.554	2,88,78,79,51,46,38,99,71,31,48,50,86,22,53,76,75,33,70,90,11,
185	2	12	2.321	2,88,78,79,51,46,38,99,71,31,48,50,86,36,73,18,22,53,76,75,12,
185	2	13	2.275	2,94,88,78,79,51,46,38,99,71,31,48,50,86,36,73,18,22,53,13,
185	2	14	2.173	2,94,88,78,79,51,46,38,97,89,91,99,71,31,48,50,86,36,14,
185	2	15	1.855	2,88,78,79,51,46,38,99,71,31,48,50,58,80,15,
185	3	4	2.533	3,94,88,78,79,51,46,38,28,49,37,65,92,52,4,
185	3	5	2.583	3,94,88,78,79,51,46,38,28,49,41,65,92,42,32,5,
185	3	6	2.444	3,57,52,42,92,65,37,24,62,82,39,68,60,43,23,6,
185	3	7	2.565	3,57,52,42,92,65,37,24,61,27,83,45,87,47,85,21,93,63,7,
185	3	8	2.464	3,57,52,92,65,37,24,61,27,83,81,45,87,95,35,19,64,8,
185	3	9	2.53	3,57,52,92,42,82,39,68,60,96,61,27,83,45,87,95,35,19,9,
185	3	10	2.66	3,57,52,92,82,39,68,60,96,61,27,83,81,45,87,72,54,25,10,
185	3	11	2.617	3,94,88,78,79,51,46,38,99,71,31,48,98,17,33,70,16,90,11,
185	3	12	2.36	3,94,88,78,79,51,46,38,99,71,31,48,86,22,53,76,75,12,
185	3	13	2.495	3,94,88,78,79,51,46,38,91,99,71,31,48,50,86,18,22,53,13,
185	3	14	2.406	3,94,88,78,79,51,46,38,97,89,91,99,71,31,48,50,86,36,14,
185	3	15	2.314	3,94,88,78,79,51,46,38,99,71,31,48,50,86,36,58,80,15,
185	4	5	2.54	4,52,57,65,37,24,61,27,83,45,81,96,60,68,39,5,
185	4	6	2.385	4,52,92,42,82,39,68,60,96,47,85,21,93,63,23,6,
185	4	7	2.423	4,32,39,68,60,96,61,27,83,45,81,87,47,85,21,93,63,7,
185	4	8	2.354	4,32,39,68,60,96,61,27,83,81,45,87,95,35,19,64,8,
185	4	9	2.479	4,52,57,92,42,82,39,68,60,96,61,27,83,45,87,95,35,19,9,
185	4	10	2.684	4,32,39,68,60,96,61,27,83,45,87,95,64,19,35,44,72,54,25,10,
185	4	11	2.721	4,32,39,68,60,96,47,87,45,81,83,27,61,20,59,17,33,70,90,11,
185	4	12	2.548	4,52,57,84,79,51,46,38,99,71,31,48,50,86,18,22,53,76,75,12,
185	4	13	2.67	4,52,57,92,65,41,79,51,46,38,91,99,71,31,48,50,86,36,73,18,13,
185	4	14	2.59	4,52,57,65,41,79,51,46,38,97,89,91,99,71,31,48,50,86,36,14,
185	4	15	2.551	4,52,57,92,65,41,79,51,46,38,91,99,71,31,48,50,58,80,15,
185	5	6	2.284	5,39,68,60,96,61,27,83,81,45,87,47,93,63,23,6,
185	5	7	2.066	5,39,68,60,96,61,27,83,45,87,47,85,21,93,63,7,
185	5	8	1.992	5,32,39,68,60,96,61,27,83,45,87,47,85,21,8,
185	5	9	2.414	5,32,39,68,60,96,61,27,83,81,45,87,47,85,95,35,64,19,9,
185	5	10	2.471	5,39,68,60,96,61,27,83,81,45,87,95,64,19,35,44,72,54,25,10,
185	5	11	2.539	5,39,68,60,96,47,87,45,81,83,27,61,20,59,17,33,70,16,90,11,
185	5	12	2.565	5,32,42,92,65,41,51,46,38,99,71,31,48,50,86,22,53,76,75,12,
185	5	13	2.639	5,32,42,92,65,41,79,51,46,38,91,99,71,31,48,50,86,36,73,18,13,
185	5	14	2.641	5,32,42,92,65,41,79,51,46,38,97,89,91,99,71,31,48,50,86,36,14,
185	5	15	2.684	5,32,42,92,65,41,79,51,46,38,91,99,71,31,48,50,86,36,58,80,15,
185	6	7	1.925	6,23,43,68,60,96,61,27,83,45,87,85,21,93,63,7,
185	6	8	1.902	6,23,43,68,60,96,61,27,83,45,87,95,35,64,8,
185	6	9	1.918	6,23,43,39,68,60,96,61,27,83,81,45,87,95,35,19,9,
185	6	10	2.241	6,23,43,68,60,96,47,87,45,81,83,27,20,59,72,54,25,10,
185	6	11	2.395	6,23,43,68,60,96,47,87,45,81,61,27,83,59,17,33,70,16,90,11,
185	6	12	2.531	6,23,43,68,60,96,47,87,45,81,61,27,83,59,17,33,75,76,12,
185	6	13	2.473	6,23,43,68,60,62,24,37,49,28,99,71,31,48,50,86,36,73,18,13,
185	6	14	2.578	6,23,43,68,60,96,81,45,83,27,61,69,67,26,71,31,48,50,86,36,14,
185	6	15	2.615	6,23,43,68,60,96,61,27,83,20,69,67,26,71,31,48,50,58,80,15,
185	7	8	1.935	7,63,93,47,81,61,27,83,45,87,95,35,64,85,21,8,
185	7	9	1.713	7,63,93,21,85,47,81,61,27,83,45,87,95,35,19,9,
185	7	10	1.872	7,63,93,47,87,45,81,83,27,61,20,59,72,54,25,10,
185	7	11	2.201	7,63,93,21,85,47,87,45,81,83,27,61,20,59,17,33,70,16,90,11,
185	7	12	2.441	7,63,93,21,85,47,87,45,83,27,61,20,59,17,16,70,33,75,76,12,
185	7	13	2.394	7,63,93,47,87,45,83,27,61,69,67,26,71,31,48,50,86,36,73,13,
185	7	14	2.363	7,63,93,21,85,87,45,81,83,27,61,69,67,26,71,31,48,50,86,36,14,
185	7	15	2.505	7,63,93,21,85,87,45,81,83,27,61,69,67,26,71,31,48,50,58,55,80,15,
185	8	9	1.761	8,21,85,87,45,81,83,27,20,59,72,44,35,19,9,
185	8	10	1.831	8,21,85,47,87,45,81,83,27,61,20,59,72,54,25,10,
185	8	11	2.005	8,21,85,47,87,45,81,83,27,61,20,59,17,33,70,16,90,11,
185	8	12	2.356	8,21,85,47,87,45,81,83,27,61,20,59,17,16,90,70,33,75,76,12,
185	8	13	2.254	8,21,85,47,87,45,83,27,61,69,67,26,71,31,48,50,86,18,13,
185	8	14	2.32	8,21,85,87,45,81,83,27,61,69,67,28,99,71,31,48,50,86,36,14,
185	8	15	2.526	8,21,85,47,87,45,81,83,27,61,20,69,67,26,71,31,48,50,58,55,80,15,
185	9	10	1.719	9,19,35,95,87,45,81,83,27,20,59,72,54,25,10,
185	9	11	1.768	9,19,35,95,87,45,81,83,27,20,59,17,70,90,11,
185	9	12	2.091	9,19,35,95,87,45,81,83,27,61,20,59,17,33,75,76,12,
185	9	13	2.179	9,19,35,95,87,45,83,27,61,69,67,26,71,31,48,86,18,13,
185	9	14	2.128	9,19,35,95,87,45,83,27,61,69,67,26,71,31,48,86,36,14,
185	9	15	2.233	9,19,35,95,87,45,83,27,61,69,67,26,71,31,48,50,58,80,15,
185	10	11	1.968	10,25,54,72,87,45,81,83,27,20,59,17,33,70,90,11,
185	10	12	2.094	10,25,44,35,19,64,95,72,54,74,16,90,70,33,75,76,12,
185	10	13	2.353	10,25,54,72,87,45,83,27,61,69,67,26,71,31,48,50,86,18,13,
185	10	14	2.455	10,25,54,72,87,45,83,27,61,69,67,28,99,71,31,48,50,86,36,14,
185	10	15	2.425	10,25,54,72,87,45,81,83,27,61,69,67,26,71,31,48,50,58,80,15,
185	11	12	2.187	11,90,70,33,17,98,26,71,31,48,50,86,22,53,76,75,12,
185	11	13	2.145	11,90,16,70,33,17,98,26,71,31,48,50,86,36,73,18,13,
185	11	14	2.211	11,90,16,70,33,75,76,53,22,18,73,36,86,50,58,55,14,
185	11	15	2.472	11,90,16,70,33,75,76,53,22,18,86,50,48,31,71,99,91,89,80,15,
185	12	13	2.124	12,75,76,53,22,86,48,31,71,99,91,50,36,73,18,13,
185	12	14	2.053	12,75,76,53,22,86,50,48,31,71,99,91,89,58,55,14,
185	12	15	2.217	12,75,76,53,22,18,73,36,86,50,48,31,71,99,38,91,89,80,15,
185	13	14	2.06	13,18,73,36,86,50,48,31,71,99,91,89,80,58,55,14,
185	13	15	1.936	13,18,86,50,48,31,71,99,91,89,97,40,34,77,80,15,
185	14	15	1.954	14,36,86,50,48,31,71,99,91,89,97,40,34,77,29,80,15,
