582	0	1	2.081	0,27,17,20,23,43,45,88,25,35,34,66,86,89,30,1,
582	0	2	2.113	0,27,17,20,43,45,88,94,78,21,25,35,34,66,86,2,
582	0	3	2.294	0,27,20,23,92,30,89,66,34,25,35,36,93,83,49,26,3,
582	0	4	2.14	0,27,20,43,45,88,94,78,21,25,35,36,26,49,93,83,63,4,
582	0	5	2.391	0,27,17,20,43,45,88,25,35,36,26,49,93,83,68,84,67,91,5,
582	0	6	2.415	0,27,20,43,45,88,25,35,36,26,49,93,83,67,84,82,16,85,6,
582	0	7	2.753	0,27,20,43,45,88,25,35,36,26,49,93,68,84,82,85,37,75,7,
582	0	8	2.727	0,81,51,98,19,28,57,62,71,24,96,53,87,95,69,32,74,90,97,8,
582	0	9	2.655	0,81,51,98,19,28,62,71,24,96,53,87,95,69,47,32,74,90,79,9,
582	0	10	2.562	0,81,80,51,98,19,28,57,62,71,24,96,53,87,95,69,32,74,40,10,
582	0	11	2.453	0,81,51,98,19,28,57,62,71,24,96,53,87,95,69,32,74,40,48,11,
582	0	12	2.516	0,27,20,17,51,98,19,28,57,62,71,24,96,53,95,69,87,42,12,
582	0	13	2.204	0,81,80,51,98,19,28,62,71,24,96,53,95,87,42,54,13,
582	0	14	1.848	0,27,17,20,33,98,19,28,62,57,99,38,73,64,29,14,
582	0	15	2.14	0,81,51,98,19,28,57,62,96,53,99,38,73,64,29,15,
582	1	2	1.976	1,30,89,92,23,27,20,43,45,88,25,35,34,66,86,2,
582	1	3	1.847	1,30,89,86,66,34,25,35,36,93,83,63,49,26,3,
582	1	4	2.009	1,30,92,23,27,20,43,45,88,25,35,36,26,49,93,83,63,4,
582	1	5	2.124	1,30,89,86,66,34,25,35,36,26,49,93,83,68,84,67,91,5,
582	1	6	2.254	1,30,89,66,34,25,35,36,26,49,93,83,68,84,67,82,85,16,6,
582	1	7	2.56	1,30,89,66,34,25,35,36,26,49,93,83,67,84,82,85,37,75,7,
582	1	8	2.625	1,30,89,66,34,35,25,21,94,78,58,31,56,46,59,37,75,18,65,8,
582	1	9	2.621	1,30,92,23,20,17,98,19,28,62,96,53,87,95,69,32,74,90,79,9,
582	1	10	2.608	1,30,89,92,23,27,20,33,52,71,24,96,53,87,95,69,32,74,40,10,
582	1	11	2.545	1,30,92,23,27,20,33,52,71,24,96,53,87,95,69,32,74,40,48,11,
582	1	12	2.489	1,30,89,92,23,27,20,17,51,98,19,28,62,71,24,96,53,95,87,12,
582	1	13	2.027	1,30,89,92,23,27,20,17,51,98,19,28,62,57,38,99,54,13,
582	1	14	1.767	1,30,92,23,27,20,17,98,19,28,57,99,38,73,64,29,14,
582	1	15	1.985	1,30,89,86,66,92,23,20,27,17,33,98,19,51,80,15,
582	2	3	1.996	2,86,66,34,45,88,94,78,21,25,35,36,93,49,26,3,
582	2	4	1.884	2,86,66,34,45,88,94,78,21,25,35,36,93,49,41,4,
582	2	5	2.14	2,86,66,34,25,35,36,26,49,93,83,68,84,82,67,91,5,
582	2	6	2.211	2,86,66,34,25,35,36,26,49,93,83,68,84,67,82,85,16,6,
582	2	7	2.547	2,86,34,25,35,36,26,49,93,83,67,84,82,59,37,70,18,75,7,
582	2	8	2.681	2,86,34,25,35,36,26,49,93,83,67,84,82,59,37,75,18,72,65,8,
582	2	9	2.765	2,86,66,43,20,33,52,71,24,96,53,87,95,69,32,74,90,79,9,
582	2	10	2.691	2,86,66,92,23,20,17,98,19,28,62,96,53,87,95,69,32,74,40,10,
582	2	11	2.587	2,89,30,92,23,20,27,17,33,52,71,24,96,53,87,95,69,47,48,11,
582	2	12	2.67	2,86,66,92,23,27,20,17,51,98,19,28,57,62,71,24,96,53,95,87,12,
582	2	13	2.497	2,86,89,30,92,23,27,20,17,51,98,19,28,62,24,96,53,42,54,13,
582	2	14	2.128	2,89,30,92,23,27,20,17,51,98,19,28,62,57,99,38,73,64,29,14,
582	2	15	2.057	2,86,66,89,30,92,23,43,20,27,17,98,19,51,80,15,
582	3	4	2.101	3,26,49,93,36,35,25,88,94,78,21,68,83,63,41,4,
582	3	5	2.005	3,61,35,25,36,26,49,93,83,68,84,82,67,91,5,
582	3	6	2.291	3,26,36,35,25,21,93,49,63,83,68,67,84,82,85,16,6,
582	3	7	2.207	3,26,49,93,83,68,67,84,82,16,85,37,59,70,18,75,72,7,
582	3	8	2.734	3,26,41,49,63,83,93,68,67,84,82,16,85,37,59,70,18,75,72,65,8,
582	3	9	2.709	3,26,49,93,83,68,84,67,82,85,37,59,70,75,18,65,97,79,9,
582	3	10	2.591	3,26,49,93,36,35,25,88,94,78,58,44,39,50,22,32,74,40,10,
582	3	11	2.746	3,26,49,93,36,35,25,21,94,78,58,44,39,22,32,74,40,47,48,11,
582	3	12	2.822	3,26,49,93,36,35,25,88,94,78,58,44,71,24,96,53,95,87,42,12,
582	3	13	2.567	3,26,49,93,36,35,25,21,94,78,58,44,71,24,62,57,38,99,54,13,
582	3	14	2.322	3,26,36,35,25,21,94,78,58,44,71,24,62,57,38,73,64,29,14,
582	3	15	2.433	3,26,49,93,36,35,25,21,78,94,88,45,43,20,27,17,81,80,15,
582	4	5	1.912	4,63,83,93,49,26,36,35,25,21,68,84,67,91,5,
582	4	6	2.003	4,63,83,93,49,26,36,35,25,21,68,84,82,16,6,
582	4	7	1.852	4,41,49,93,83,68,67,84,82,85,37,70,18,75,7,
582	4	8	2.453	4,41,26,49,63,83,93,68,67,84,82,16,85,59,37,75,18,72,65,8,
582	4	9	2.583	4,41,63,83,68,67,84,82,16,85,37,59,70,75,18,72,65,97,79,9,
582	4	10	2.479	4,41,49,93,36,35,25,88,94,78,58,44,39,50,22,32,74,40,10,
582	4	11	2.661	4,63,83,93,49,26,36,35,25,21,94,78,58,44,39,22,32,74,40,48,11,
582	4	12	2.574	4,63,83,93,49,26,36,35,25,21,78,58,44,71,24,96,53,42,12,
582	4	13	2.56	4,63,83,49,93,36,35,25,21,94,78,58,44,71,24,62,57,38,99,54,13,
582	4	14	2.377	4,41,49,93,36,35,25,21,78,58,44,71,24,62,57,38,73,64,29,14,
582	4	15	2.446	4,41,63,83,93,49,26,36,35,25,21,94,88,45,43,20,27,17,51,80,15,
582	5	6	2.201	5,63,83,93,49,26,36,35,25,21,68,84,82,16,6,
582	5	7	1.846	5,91,67,84,82,16,85,37,59,46,70,75,18,65,72,7,
582	5	8	1.836	5,91,67,84,82,16,85,37,59,46,70,75,18,72,65,8,
582	5	9	2.504	5,91,67,84,82,16,85,37,59,46,77,70,75,18,72,65,97,90,79,9,
582	5	10	2.459	5,91,67,84,82,16,85,37,59,46,56,60,55,50,22,32,74,40,10,
582	5	11	2.646	5,91,67,84,82,16,85,37,59,46,56,60,55,50,22,32,74,40,47,48,11,
582	5	12	2.645	5,91,67,84,82,85,37,59,46,56,60,55,50,22,69,95,87,42,12,
582	5	13	2.712	5,91,67,84,82,16,85,37,59,46,56,60,55,50,22,69,95,87,42,54,13,
582	5	14	2.368	5,91,67,84,82,56,60,44,71,24,62,57,99,38,73,64,29,14,
582	5	15	2.615	5,91,67,84,68,83,93,49,26,36,35,25,88,45,43,20,27,17,81,80,15,
582	6	7	2.08	6,85,16,82,67,84,56,46,59,37,70,75,18,65,72,7,
582	6	8	2.07	6,85,16,82,67,84,56,46,59,37,70,75,18,72,65,8,
582	6	9	2.266	6,16,67,84,82,85,37,59,70,75,18,72,65,97,90,79,9,
582	6	10	2.459	6,85,16,82,59,37,75,18,70,46,76,55,50,22,32,74,40,10,
582	6	11	2.485	6,16,82,85,37,59,46,56,60,55,50,22,32,74,40,47,48,11,
582	6	12	2.794	6,85,82,59,37,75,18,70,46,56,60,55,50,22,69,95,87,42,12,
582	6	13	2.783	6,16,85,37,59,46,76,55,50,22,69,95,87,53,96,62,57,38,99,54,13,
582	6	14	2.582	6,85,37,59,46,56,60,55,50,22,69,95,87,53,99,38,73,64,29,14,
582	6	15	2.549	6,85,82,84,68,93,49,26,36,35,25,88,45,43,20,27,81,80,15,
582	7	8	2.438	7,72,18,75,70,59,37,85,16,82,84,56,46,77,65,8,
582	7	9	2.27	7,72,18,75,70,46,56,60,55,50,22,32,74,90,79,9,
582	7	10	2.319	7,72,18,75,70,37,59,46,56,60,55,50,22,32,74,40,10,
582	7	11	2.397	7,72,18,75,37,59,46,56,60,55,50,22,32,74,40,47,48,11,
582	7	12	2.699	7,72,18,75,70,37,59,46,76,55,50,22,69,87,95,96,53,42,12,
582	7	13	2.677	7,75,18,70,46,76,55,50,22,69,95,87,53,96,62,57,38,99,54,13,
582	7	14	2.526	7,75,18,70,46,76,55,50,22,69,87,95,96,53,99,38,73,64,29,14,
582	7	15	2.731	7,75,18,70,77,76,50,22,69,95,87,53,96,62,28,19,98,51,80,15,
582	8	9	2.332	8,65,18,75,70,46,56,60,55,50,22,32,74,90,79,9,
582	8	10	2.238	8,65,18,75,37,59,46,76,60,55,50,22,32,74,40,10,
582	8	11	2.372	8,65,18,75,70,46,56,60,55,50,22,32,74,40,47,48,11,
582	8	12	2.651	8,65,72,18,75,70,46,56,60,55,50,22,69,95,87,53,42,12,
582	8	13	2.666	8,97,90,74,32,47,69,95,87,53,96,24,71,62,57,38,99,54,13,
582	8	14	2.498	8,97,90,74,32,69,95,87,53,96,24,71,62,57,99,38,73,64,29,14,
582	8	15	2.653	8,97,90,74,32,69,95,87,53,96,24,71,62,57,28,19,98,51,80,15,
582	9	10	2.507	9,79,97,90,74,32,69,95,96,53,87,47,48,40,10,
582	9	11	2.485	9,79,90,22,69,95,96,53,87,47,32,74,40,48,11,
582	9	12	2.408	9,79,90,74,32,69,95,87,53,96,62,57,38,99,54,12,
582	9	13	2.144	9,79,90,74,32,69,95,87,53,96,62,57,38,99,54,13,
582	9	14	2.336	9,79,90,74,32,69,95,87,53,96,24,71,62,57,38,99,73,64,29,14,
582	9	15	2.475	9,79,90,74,32,69,95,87,53,96,24,71,62,57,28,19,98,51,80,15,
582	10	11	2.395	10,40,74,32,69,95,96,24,62,57,53,87,47,48,11,
582	10	12	2.261	10,40,74,32,69,95,87,53,96,62,57,38,99,54,12,
582	10	13	1.997	10,40,74,32,69,95,87,53,96,62,57,38,99,54,13,
582	10	14	2.189	10,40,74,32,69,95,87,53,96,24,71,62,57,38,99,73,64,29,14,
582	10	15	2.434	10,40,74,32,47,69,95,87,53,96,24,71,62,28,19,98,51,80,15,
582	11	12	2.172	11,48,47,87,95,53,96,24,71,62,57,38,99,54,12,
582	11	13	1.908	11,48,47,87,95,53,96,24,71,62,57,38,99,54,13,
582	11	14	1.859	11,48,47,87,95,53,96,24,71,62,57,38,73,64,29,14,
582	11	15	2.066	11,48,47,69,95,87,53,96,24,71,62,28,19,98,51,80,15,
582	12	13	2.055	12,87,95,53,96,24,71,62,57,99,38,73,29,64,13,
582	12	14	2.03	12,42,87,95,53,96,24,71,62,28,57,99,38,73,64,29,14,
582	12	15	2.304	12,47,69,95,87,53,96,24,71,62,57,28,19,98,51,80,15,
582	13	14	1.733	13,54,42,87,95,53,96,62,57,99,38,73,64,29,14,
582	13	15	2.048	13,54,42,87,95,53,96,24,71,62,57,28,19,98,51,80,15,
582	14	15	1.717	14,29,64,73,38,99,53,96,62,57,28,19,98,51,80,15,
