81	0	1	1.83	0,35,26,76,62,78,79,57,71,83,96,16,44,94,1,
81	0	2	1.826	0,35,62,78,79,96,16,83,71,57,93,87,60,32,2,
81	0	3	1.906	0,35,62,78,79,96,16,83,57,93,71,44,32,60,3,
81	0	4	2.29	0,35,62,78,59,79,44,16,96,83,71,57,93,87,53,77,28,4,
81	0	5	2.434	0,59,78,35,26,76,62,79,96,83,16,71,57,93,87,98,77,28,5,
81	0	6	2.527	0,59,78,62,79,96,16,83,71,57,93,87,53,46,42,50,68,34,81,6,
81	0	7	2.49	0,59,78,79,96,16,83,71,57,93,87,53,46,42,68,56,65,91,58,7,
81	0	8	2.591	0,59,78,79,96,16,83,71,57,93,53,46,42,68,56,65,33,97,8,
81	0	9	2.543	0,59,78,62,35,26,76,85,89,67,66,41,70,36,51,38,95,25,23,49,9,
81	0	10	2.354	0,59,78,62,35,26,76,85,89,67,66,41,70,36,51,38,95,25,69,23,21,10,
81	0	11	2.23	0,59,78,62,35,26,76,85,89,67,66,41,36,84,24,37,92,82,20,11,
81	0	12	1.949	0,59,78,62,35,26,76,85,89,67,84,24,45,63,86,75,12,
81	0	13	2.086	0,78,62,35,26,76,85,89,67,84,24,45,63,86,39,13,
81	0	14	2.213	0,1,94,44,16,83,71,57,96,79,62,35,26,73,64,80,14,
81	0	15	2.09	0,59,94,44,16,96,83,71,57,79,62,35,76,26,73,15,
81	1	2	1.808	1,94,44,16,83,96,79,57,71,93,87,53,98,60,32,2,
81	1	3	1.834	1,59,78,35,62,79,57,71,83,96,16,44,32,60,3,
81	1	4	1.801	1,94,44,16,83,96,79,57,71,93,87,53,98,77,28,4,
81	1	5	2.374	1,94,44,16,83,71,57,96,79,18,52,88,54,22,29,46,77,28,5,
81	1	6	2.246	1,94,44,16,96,83,71,57,93,53,46,42,68,56,65,91,58,81,6,
81	1	7	2.305	1,94,44,16,96,83,71,57,93,88,54,29,22,50,68,56,65,91,58,7,
81	1	8	2.419	1,94,44,16,96,83,71,57,93,87,53,46,42,50,68,56,65,90,33,97,8,
81	1	9	2.542	1,94,44,16,96,83,71,57,93,87,53,54,29,22,47,43,30,27,49,9,
81	1	10	2.414	1,94,44,16,83,71,57,96,79,18,52,48,66,41,36,51,38,95,25,69,21,10,
81	1	11	2.334	1,94,44,16,83,96,79,18,52,48,66,70,84,24,45,63,92,82,20,11,
81	1	12	2.187	1,94,44,16,83,96,79,18,52,48,66,70,84,24,45,63,86,75,12,
81	1	13	2.34	1,94,44,16,83,71,57,96,79,18,52,48,67,84,24,45,63,39,13,
81	1	14	1.823	1,94,44,16,83,71,57,96,79,62,35,26,73,64,80,14,
81	1	15	1.772	1,94,44,16,71,83,96,79,78,62,35,76,26,73,15,
81	2	3	1.982	2,44,16,83,71,57,96,79,18,52,88,54,53,87,98,3,
81	2	4	1.884	2,44,16,83,96,79,57,71,93,87,98,53,46,77,28,4,
81	2	5	1.986	2,44,16,83,96,79,57,71,93,87,98,53,46,77,28,5,
81	2	6	1.958	2,44,16,96,83,71,57,93,87,53,46,42,68,34,81,6,
81	2	7	2.244	2,44,16,96,83,71,57,93,87,53,46,42,50,68,56,65,90,33,97,7,
81	2	8	2.447	2,44,16,83,71,57,96,79,18,52,88,54,29,42,68,56,65,33,90,8,
81	2	9	2.498	2,44,16,83,71,57,96,79,18,52,88,54,29,22,47,30,27,49,9,
81	2	10	2.386	2,44,16,83,71,57,96,79,18,52,48,66,41,70,36,51,38,95,25,69,21,10,
81	2	11	2.309	2,44,16,83,71,57,96,79,18,52,48,66,41,70,84,24,37,92,82,20,11,
81	2	12	2.216	2,44,16,83,71,57,96,79,18,52,48,66,41,70,84,24,45,63,86,12,
81	2	13	2.32	2,44,16,83,71,57,96,79,18,52,48,67,84,24,45,63,86,39,13,
81	2	14	2.077	2,32,60,71,57,83,16,96,79,78,62,35,76,26,73,64,80,14,
81	2	15	1.694	2,44,16,83,71,57,96,79,78,62,35,76,26,73,15,
81	3	4	1.78	3,60,32,44,16,83,96,79,57,71,93,87,98,77,28,4,
81	3	5	1.892	3,60,32,44,79,96,16,83,71,57,93,87,98,77,28,5,
81	3	6	2.131	3,60,32,44,16,96,83,71,93,53,46,42,34,81,6,
81	3	7	2.147	3,60,32,44,16,83,71,57,93,53,46,42,34,58,7,
81	3	8	2.426	3,60,32,71,83,16,96,57,93,53,46,42,68,56,65,33,90,8,
81	3	9	2.48	3,60,32,71,57,83,16,96,79,18,52,88,43,47,30,27,49,9,
81	3	10	2.432	3,60,32,71,83,16,96,79,18,52,48,66,41,36,51,38,23,21,10,
81	3	11	2.412	3,60,32,71,57,83,16,96,79,18,52,48,66,41,36,37,92,82,20,11,
81	3	12	2.299	3,60,32,71,57,83,16,96,79,18,52,48,67,84,24,45,63,86,75,12,
81	3	13	2.476	3,60,32,71,57,83,16,96,79,18,52,48,67,84,24,45,63,86,39,13,
81	3	14	2.227	3,60,32,44,16,83,71,57,96,79,59,78,62,35,76,26,73,64,80,14,
81	3	15	2.083	3,60,32,44,16,83,71,57,96,79,78,62,35,76,85,26,73,15,
81	4	5	2.282	4,3,60,32,44,79,96,16,83,71,57,93,87,98,77,28,5,
81	4	6	2.132	4,28,77,46,29,42,50,68,56,65,91,58,34,81,6,
81	4	7	2.111	4,28,77,46,42,50,68,34,58,91,65,90,33,97,7,
81	4	8	2.444	4,28,77,46,42,50,68,56,65,34,58,91,97,33,90,99,8,
81	4	9	2.668	4,28,77,46,29,22,47,43,74,66,41,70,36,51,38,95,25,23,49,9,
81	4	10	2.392	4,28,77,46,29,22,47,43,74,66,41,70,36,51,38,95,25,69,21,10,
81	4	11	2.498	4,28,77,46,29,22,47,43,74,66,41,70,36,84,24,45,63,92,82,20,11,
81	4	12	2.464	4,28,77,46,29,22,47,43,74,66,41,70,84,24,37,82,92,45,63,86,75,12,
81	4	13	2.582	4,28,77,46,29,22,47,43,74,66,41,70,36,84,24,45,63,75,86,39,13,
81	4	14	2.293	4,28,77,98,87,93,71,83,16,96,79,62,35,76,26,73,64,80,14,
81	4	15	2.215	4,28,77,98,87,93,57,71,83,16,96,79,78,62,35,76,26,73,15,
81	5	6	2.234	5,28,77,46,29,42,50,68,56,65,91,58,34,81,6,
81	5	7	2.213	5,28,77,46,42,50,68,34,58,91,65,90,33,97,7,
81	5	8	2.553	5,28,77,46,29,22,42,50,68,34,58,91,65,90,33,97,8,
81	5	9	2.717	5,28,77,46,29,22,47,43,74,66,41,36,51,38,95,25,23,49,9,
81	5	10	2.494	5,28,77,46,29,22,47,43,74,66,41,70,36,51,38,95,25,69,21,10,
81	5	11	2.547	5,28,77,46,29,22,47,43,74,66,41,36,84,24,45,63,92,82,20,11,
81	5	12	2.453	5,28,77,46,29,22,47,43,74,66,41,70,36,84,24,45,63,86,75,12,
81	5	13	2.591	5,28,77,46,29,22,47,43,74,66,41,70,84,24,45,63,75,86,39,13,
81	5	14	2.389	5,28,77,98,87,71,57,83,16,96,79,62,35,76,26,73,64,80,14,
81	5	15	2.406	5,28,77,53,87,93,57,71,83,16,96,79,78,62,35,76,26,73,15,
81	6	7	2.026	6,81,58,91,65,56,68,42,50,72,17,55,90,33,97,7,
81	6	8	2.153	6,81,34,58,91,65,56,68,50,72,17,55,90,33,97,8,
81	6	9	2.193	6,81,34,58,91,97,33,90,65,56,55,17,19,27,49,9,
81	6	10	2.344	6,81,58,91,65,56,55,17,30,61,41,70,36,51,38,95,25,69,21,10,
81	6	11	2.405	6,81,58,91,65,56,72,30,61,41,36,84,24,45,63,92,37,82,20,11,
81	6	12	2.407	6,81,34,68,72,30,61,36,51,38,95,25,20,82,92,37,24,45,63,86,75,12,
81	6	13	2.518	6,81,34,68,72,30,61,41,70,36,84,24,37,82,92,45,63,75,86,39,13,
81	6	14	2.623	6,81,34,68,50,42,29,22,47,43,74,66,67,89,85,76,26,73,64,80,14,
81	6	15	2.597	6,81,58,91,65,68,42,29,22,47,43,74,66,67,89,85,76,26,73,15,
81	7	8	2.136	7,97,33,90,65,91,58,34,68,56,55,17,19,40,99,8,
81	7	9	2.159	7,97,33,90,65,91,58,34,68,56,55,17,19,27,49,9,
81	7	10	2.268	7,97,33,90,55,17,30,61,41,70,84,24,37,92,82,95,25,69,21,10,
81	7	11	2.315	7,58,91,65,56,55,17,30,61,41,70,36,84,24,45,63,92,82,20,11,
81	7	12	2.282	7,58,91,65,56,55,19,27,38,95,25,20,82,92,37,24,45,63,75,86,12,
81	7	13	2.438	7,97,33,90,55,17,30,61,41,36,84,24,37,82,92,45,63,75,86,39,13,
81	7	14	2.569	7,58,91,65,56,68,50,22,47,43,74,66,67,89,85,76,26,73,64,80,14,
81	7	15	2.508	7,58,91,65,56,68,50,42,22,47,43,74,66,67,89,85,76,26,73,15,
81	8	9	2.245	8,90,33,97,91,65,56,68,42,50,72,17,19,27,49,9,
81	8	10	2.105	8,99,40,49,27,61,41,70,36,51,38,95,25,69,23,21,10,
81	8	11	2.066	8,99,40,49,27,38,95,25,20,82,92,37,24,45,63,86,75,11,
81	8	12	2.126	8,99,40,49,23,21,69,25,95,20,82,92,37,24,84,45,63,86,75,12,
81	8	13	2.357	8,99,40,49,23,21,69,25,95,20,82,92,37,24,84,45,63,75,86,39,13,
81	8	14	2.635	8,97,33,90,65,56,72,47,43,74,66,67,89,85,76,26,73,64,80,14,
81	8	15	2.599	8,97,33,90,65,56,68,50,22,47,43,74,66,67,89,85,76,26,73,15,
81	9	10	1.962	9,49,23,25,95,82,92,37,24,45,63,86,75,20,69,21,10,
81	9	11	1.886	9,49,21,23,69,25,95,20,82,92,37,24,45,63,86,75,11,
81	9	12	1.703	9,49,23,21,69,25,95,20,82,92,37,24,45,63,86,75,12,
81	9	13	2.259	9,49,27,61,41,36,51,38,95,25,20,82,92,37,24,45,63,86,39,13,
81	9	14	2.54	9,49,23,69,25,95,38,51,36,70,41,66,67,89,85,76,26,73,64,80,14,
81	9	15	2.564	9,49,23,25,95,82,92,63,45,24,84,70,41,66,67,89,85,76,26,73,15,
81	10	11	1.718	10,21,23,69,25,95,20,82,92,37,45,24,84,63,86,75,11,
81	10	12	1.835	10,21,69,25,95,20,82,92,37,24,84,45,63,75,86,39,12,
81	10	13	1.965	10,21,69,25,95,38,51,36,70,84,63,45,24,37,92,82,75,86,39,13,
81	10	14	2.188	10,21,69,25,95,38,51,36,70,41,66,67,89,85,76,26,73,64,80,14,
81	10	15	2.198	10,21,69,25,95,82,92,37,24,84,70,41,66,67,89,85,76,26,73,15,
81	11	12	1.653	11,20,25,95,38,51,36,70,84,37,82,92,45,63,86,75,12,
81	11	13	1.751	11,20,25,95,38,51,36,41,70,84,24,45,63,75,86,39,13,
81	11	14	2.009	11,20,82,92,37,24,45,63,84,89,85,76,26,73,64,80,14,
81	11	15	2.001	11,20,82,92,63,45,24,84,70,66,67,89,85,76,26,73,15,
81	12	13	1.827	12,75,86,63,45,24,37,92,82,38,51,36,41,70,84,39,13,
81	12	14	1.945	12,75,86,63,45,24,84,70,67,89,85,76,26,73,64,80,14,
81	12	15	1.891	12,75,86,63,45,24,84,70,41,66,67,89,85,76,26,73,15,
81	13	14	2.101	13,39,86,75,63,45,24,84,67,89,85,76,26,73,64,80,14,
81	13	15	2.068	13,39,86,63,45,24,84,70,41,66,67,89,85,76,26,73,15,
81	14	15	2.333	14,80,64,73,26,76,85,89,67,66,48,31,62,78,35,15,
