506	0	1	2.014	0,56,73,40,32,86,67,81,80,38,16,33,91,63,31,1,
506	0	2	1.829	0,23,56,73,40,82,61,91,63,68,72,18,74,19,2,
506	0	3	1.93	0,56,73,40,82,61,63,68,18,72,97,50,51,76,22,3,
506	0	4	2.128	0,23,56,73,40,82,61,63,68,18,72,97,50,76,51,83,65,4,
506	0	5	2.291	0,56,73,40,82,61,63,68,72,97,50,76,51,83,65,90,36,25,5,
506	0	6	2.626	0,23,56,73,40,82,61,91,63,68,18,72,34,60,70,39,94,26,6,
506	0	7	2.466	0,56,73,40,82,61,91,63,68,72,87,34,60,70,39,94,41,98,77,37,7,
506	0	8	2.451	0,56,73,40,82,61,91,33,78,17,92,79,89,24,54,53,58,93,99,8,
506	0	9	2.581	0,56,73,40,32,86,67,81,38,16,66,42,64,21,92,79,89,54,24,96,9,
506	0	10	2.322	0,73,40,32,86,67,81,80,66,42,30,44,84,43,48,35,46,28,55,10,
506	0	11	2.089	0,56,73,40,82,32,86,67,81,80,38,16,66,42,30,44,84,43,48,11,
506	0	12	2.121	0,23,56,73,40,32,86,67,81,80,38,16,66,42,30,44,84,48,43,12,
506	0	13	2.206	0,23,56,73,40,82,32,86,67,81,80,38,91,33,16,66,42,30,13,
506	0	14	1.627	0,23,56,73,40,82,32,86,67,81,80,38,16,66,52,14,
506	0	15	1.885	0,23,56,73,40,32,86,38,16,66,42,52,80,81,15,
506	1	2	2.035	1,23,56,73,40,82,61,91,63,68,72,18,74,19,2,
506	1	3	2.174	1,23,56,73,40,82,61,63,68,18,72,97,50,76,51,3,
506	1	4	2.27	1,23,56,73,40,82,61,91,63,68,72,97,50,51,83,65,4,
506	1	5	2.559	1,23,56,73,40,82,61,63,68,72,97,50,51,83,65,90,36,25,5,
506	1	6	2.786	1,19,74,76,51,50,97,34,87,59,69,88,75,70,39,94,41,98,77,6,
506	1	7	2.612	1,19,74,76,51,50,97,34,87,59,69,88,75,70,39,94,41,98,77,37,7,
506	1	8	2.671	1,23,56,73,40,82,61,91,33,78,17,92,79,89,24,54,53,58,93,8,
506	1	9	2.694	1,47,74,76,51,50,97,34,87,59,85,69,88,75,71,27,89,54,24,96,9,
506	1	10	2.496	1,23,56,73,40,32,86,67,81,38,16,66,42,64,21,46,28,55,10,
506	1	11	2.19	1,23,56,73,40,32,86,67,81,80,66,42,30,44,84,43,48,11,
506	1	12	2.244	1,23,56,73,40,32,86,67,81,38,16,66,42,30,44,84,48,43,12,
506	1	13	2.503	1,23,56,73,40,82,32,86,67,81,80,38,61,91,33,16,66,42,30,13,
506	1	14	2.168	1,23,56,73,40,82,32,86,67,81,80,38,16,66,42,30,52,14,
506	1	15	2.327	1,23,56,73,40,32,67,86,38,16,66,42,30,52,80,81,15,
506	2	3	2.493	2,1,23,56,73,40,82,61,63,68,72,97,50,76,51,3,
506	2	4	2.327	2,19,74,18,72,85,69,59,87,34,97,50,76,51,83,65,4,
506	2	5	2.384	2,19,74,76,51,50,97,34,87,59,60,70,39,26,25,5,
506	2	6	2.315	2,19,74,76,51,50,97,34,87,59,85,69,88,75,70,39,26,6,
506	2	7	2.213	2,19,74,76,51,50,97,34,59,60,70,39,94,41,98,77,37,7,
506	2	8	2.511	2,19,74,76,51,50,97,34,87,59,85,69,88,75,71,89,54,53,58,93,8,
506	2	9	2.455	2,19,74,76,51,50,97,34,87,59,85,69,88,75,71,89,54,53,24,96,9,
506	2	10	2.466	2,19,74,76,51,50,97,34,87,59,69,88,75,71,89,54,53,24,96,62,10,
506	2	11	2.485	2,19,74,76,51,50,97,34,87,59,85,69,88,75,71,89,57,55,28,45,11,
506	2	12	2.469	2,19,74,47,31,23,56,73,40,32,86,67,81,80,66,42,30,44,12,
506	2	13	2.432	2,19,74,47,31,23,56,73,40,32,86,67,81,80,38,16,66,42,30,13,
506	2	14	2.306	2,19,74,47,31,23,56,73,40,32,86,67,81,80,38,16,66,52,14,
506	2	15	2.037	2,19,74,76,51,50,97,72,68,63,91,61,82,32,86,67,15,
506	3	4	2.398	3,22,76,51,50,97,34,87,59,85,69,88,60,20,90,36,4,
506	3	5	2.397	3,51,76,50,97,34,87,59,85,69,88,75,70,39,26,25,5,
506	3	6	2.411	3,51,76,50,97,34,87,59,85,69,88,75,70,39,94,41,98,77,6,
506	3	7	2.215	3,51,76,50,97,34,87,59,69,88,75,70,39,94,41,98,77,37,7,
506	3	8	2.407	3,22,76,51,50,97,34,87,59,85,69,88,75,70,39,94,41,98,99,8,
506	3	9	2.384	3,22,76,51,50,97,34,87,59,85,69,88,75,71,27,89,54,24,96,9,
506	3	10	2.417	3,22,76,51,50,97,34,87,59,85,69,88,75,71,27,89,54,24,96,62,10,
506	3	11	2.489	3,51,76,50,97,34,87,59,85,69,88,75,71,95,92,21,35,84,43,48,11,
506	3	12	2.408	3,51,76,50,97,34,87,59,85,69,88,71,27,95,92,21,35,84,43,12,
506	3	13	2.546	3,51,76,50,97,72,18,68,63,91,61,82,32,86,67,81,80,52,13,
506	3	14	2.406	3,51,76,50,97,72,18,68,63,91,61,82,32,86,67,81,80,52,14,
506	3	15	2.238	3,22,76,51,50,97,72,18,68,63,91,61,82,40,32,86,67,15,
506	4	5	2.499	4,65,83,51,50,97,34,87,59,85,69,88,75,70,39,26,25,5,
506	4	6	2.409	4,65,83,51,76,50,97,34,87,59,85,69,88,75,70,39,94,26,6,
506	4	7	2.242	4,65,83,51,76,50,97,34,59,60,70,39,94,41,98,77,37,7,
506	4	8	2.485	4,65,83,51,76,50,97,34,87,59,85,69,88,75,70,39,94,41,98,99,8,
506	4	9	2.462	4,65,83,51,76,50,97,34,87,59,85,69,88,75,71,27,89,54,24,96,9,
506	4	10	2.471	4,90,36,25,26,94,41,98,99,93,58,53,54,24,96,57,28,55,45,10,
506	4	11	2.448	4,90,36,25,26,39,70,29,49,93,58,53,54,24,96,57,55,28,45,11,
506	4	12	2.53	4,65,83,51,50,97,34,59,85,69,88,75,71,27,95,92,21,35,84,43,12,
506	4	13	2.537	4,65,83,51,76,50,97,72,18,68,63,91,61,38,16,66,42,30,13,
506	4	14	2.536	4,65,83,51,76,50,97,72,18,68,63,33,91,61,82,32,86,67,81,80,14,
506	4	15	2.413	4,65,83,51,76,50,97,72,18,68,63,91,61,82,40,73,32,86,67,15,
506	5	6	2.43	5,25,36,90,65,83,51,76,50,97,34,60,70,94,26,6,
506	5	7	2.204	5,25,20,34,87,59,85,69,88,75,70,39,94,41,98,77,37,7,
506	5	8	2.324	5,25,26,39,94,41,98,99,93,49,53,54,24,96,58,8,
506	5	9	2.467	5,25,26,39,70,94,41,98,99,49,93,58,53,54,24,96,57,62,9,
506	5	10	2.355	5,25,26,39,70,94,41,98,99,93,58,53,54,24,96,57,28,55,45,10,
506	5	11	2.287	5,25,26,94,39,70,29,49,93,58,53,54,24,96,57,55,28,45,11,
506	5	12	2.596	5,25,26,39,70,94,41,98,99,93,58,53,54,24,96,57,46,48,43,12,
506	5	13	2.632	5,25,36,90,65,83,51,76,50,97,72,68,63,91,16,66,42,30,13,
506	5	14	2.639	5,25,36,90,65,83,51,76,50,97,72,18,68,63,91,16,38,80,52,14,
506	5	15	2.489	5,25,36,90,65,83,51,76,50,97,72,18,68,63,91,61,82,32,86,67,15,
506	6	7	2.185	6,26,39,70,29,49,54,24,53,58,93,99,98,41,77,37,7,
506	6	8	2.29	6,26,39,70,94,41,98,99,49,93,58,53,54,24,96,9,8,
506	6	9	1.901	6,26,39,70,94,41,98,99,49,93,58,53,54,24,96,9,
506	6	10	2.218	6,77,98,41,94,39,70,29,49,93,58,53,54,24,96,57,28,55,45,10,
506	6	11	2.419	6,26,39,70,94,41,98,99,49,93,58,53,54,24,96,62,57,28,55,45,11,
506	6	12	2.442	6,26,39,70,94,41,98,99,93,58,53,54,24,96,57,46,35,84,43,12,
506	6	13	2.506	6,77,98,99,93,58,53,54,24,96,57,46,35,48,43,84,44,13,
506	6	14	2.728	6,77,41,98,99,93,58,53,54,24,89,79,92,21,64,42,66,52,14,
506	6	15	2.811	6,25,36,90,65,83,51,76,50,97,72,18,68,63,91,61,82,32,86,67,15,
506	7	8	2.091	7,37,77,98,41,94,39,70,29,49,93,58,53,54,24,96,9,8,
506	7	9	1.702	7,37,77,98,41,94,39,70,29,49,93,58,53,54,24,96,9,
506	7	10	1.634	7,37,77,98,41,94,29,49,93,58,53,54,24,96,62,10,
506	7	11	2.071	7,37,77,98,41,94,39,70,29,49,93,58,53,54,24,96,57,28,55,45,11,
506	7	12	2.103	7,37,77,41,98,99,93,58,53,54,24,96,57,46,35,48,43,84,12,
506	7	13	2.322	7,37,77,41,98,99,93,58,53,54,24,96,57,46,48,43,84,44,13,
506	7	14	2.571	7,37,99,93,58,53,54,24,96,57,46,35,84,44,30,42,66,52,14,
506	7	15	2.591	7,37,77,98,41,94,70,60,34,87,72,18,68,63,91,61,82,32,86,67,15,
506	8	9	1.989	8,37,77,98,41,94,39,70,29,49,93,58,53,54,24,96,9,
506	8	10	1.85	8,99,49,93,58,53,54,24,96,62,57,46,28,45,10,
506	8	11	1.849	8,93,58,53,54,24,96,57,55,28,46,35,84,43,11,
506	8	12	2.209	8,99,49,93,58,53,54,24,96,57,55,28,45,46,35,84,48,43,12,
506	8	13	2.389	8,58,93,49,53,54,24,96,57,55,28,46,35,48,43,84,44,30,13,
506	8	14	2.51	8,93,58,53,54,24,96,57,55,28,46,48,43,84,44,30,42,66,52,14,
506	8	15	2.537	8,93,58,53,54,24,57,46,48,43,84,44,30,42,66,80,81,67,15,
506	9	10	2.034	9,96,24,54,53,58,93,49,71,27,95,79,46,28,55,10,
506	9	11	1.833	9,58,53,54,24,96,62,55,28,46,35,84,43,48,11,
506	9	12	1.833	9,58,53,54,24,96,62,55,28,46,35,84,48,43,12,
506	9	13	2.246	9,58,93,49,53,54,24,96,57,55,28,46,35,48,43,84,44,13,
506	9	14	2.391	9,58,53,54,24,96,57,46,35,48,43,84,44,30,42,66,52,14,
506	9	15	2.513	9,62,55,28,46,35,48,43,84,44,30,42,66,16,38,80,81,86,67,15,
506	10	11	1.768	10,62,96,53,54,24,57,55,28,46,35,84,43,48,11,
506	10	12	1.768	10,62,96,53,54,24,57,55,28,46,35,84,48,43,12,
506	10	13	2.328	10,62,96,24,53,54,89,57,55,28,46,48,43,84,35,44,30,13,
506	10	14	2.32	10,45,55,28,46,35,48,43,84,44,30,42,66,16,38,81,80,52,14,
506	10	15	2.208	10,45,55,28,46,35,48,43,84,44,30,42,66,16,38,81,86,67,15,
506	11	12	1.864	11,45,28,55,62,96,24,54,89,57,46,35,84,43,12,
506	11	13	2.015	11,48,43,84,35,44,30,42,66,16,38,81,80,52,13,
506	11	14	2.215	11,45,55,28,46,35,48,43,84,44,30,42,66,16,38,81,80,14,
506	11	15	2.318	11,45,55,28,46,35,48,43,84,44,30,42,66,16,38,80,81,86,67,15,
506	12	13	1.99	12,84,43,48,35,44,30,42,66,16,38,81,80,52,13,
506	12	14	1.85	12,84,43,48,35,44,30,42,66,16,38,81,80,52,14,
506	12	15	1.726	12,43,84,44,30,42,66,16,38,80,81,67,86,32,15,
506	13	14	2.147	13,30,44,84,43,48,35,21,64,42,66,16,38,81,80,14,
506	13	15	1.949	13,30,42,66,16,38,80,81,67,86,32,82,40,56,73,15,
506	14	15	1.932	14,52,66,16,38,80,81,67,86,32,82,40,23,56,73,15,
