303	0	1	2.587	0,41,95,97,71,19,78,84,29,92,66,16,69,17,72,1,
303	0	2	2.329	0,41,95,97,92,66,16,69,17,43,93,85,35,53,88,2,
303	0	3	2.219	0,50,69,16,66,92,17,43,93,85,35,60,86,87,54,3,
303	0	4	2.258	0,50,66,16,69,17,43,93,85,35,60,86,87,54,48,4,
303	0	5	2.424	0,50,69,17,43,93,39,68,44,40,25,76,32,23,67,96,74,5,
303	0	6	2.489	0,66,16,69,17,43,93,34,27,39,68,44,40,25,76,32,23,36,6,
303	0	7	2.502	0,50,66,16,69,17,43,93,39,68,44,40,25,76,32,23,36,63,30,7,
303	0	8	2.597	0,50,66,16,69,17,43,93,34,27,80,59,42,98,81,70,90,89,45,56,46,8,
303	0	9	2.618	0,66,16,69,17,43,93,34,27,80,59,42,98,81,70,90,89,45,56,21,9,
303	0	10	2.342	0,41,95,97,71,19,78,51,75,22,64,94,20,33,37,24,77,62,28,10,
303	0	11	2.314	0,50,69,16,66,92,97,71,19,78,51,75,22,82,94,20,33,37,24,77,11,
303	0	12	2.269	0,41,95,97,71,19,78,51,75,22,64,20,37,38,33,94,82,49,12,
303	0	13	2.234	0,41,95,97,71,19,78,51,75,22,64,20,94,82,49,73,13,
303	0	14	2.374	0,50,69,16,66,41,95,97,29,84,65,75,51,78,19,71,14,
303	0	15	2.251	0,50,66,16,69,17,43,93,34,29,71,97,95,41,15,
303	1	2	2.447	1,50,66,16,69,17,43,93,85,35,60,86,87,53,88,2,
303	1	3	2.379	1,50,66,16,69,17,43,93,85,35,86,87,83,48,54,3,
303	1	4	2.375	1,50,66,16,69,17,43,93,85,35,60,86,87,54,48,4,
303	1	5	2.397	1,72,85,35,60,47,61,44,40,25,76,32,23,67,96,74,5,
303	1	6	2.487	1,50,66,16,69,17,43,93,39,68,44,40,25,76,32,23,36,6,
303	1	7	2.613	1,50,66,16,69,17,43,93,39,68,44,40,25,76,32,23,36,63,7,
303	1	8	2.658	1,72,85,35,86,47,61,44,40,25,79,57,91,81,70,90,89,45,56,46,8,
303	1	9	2.741	1,50,66,16,69,17,43,93,34,27,80,59,42,98,81,70,90,89,45,21,9,
303	1	10	2.589	1,50,66,16,92,97,71,19,78,51,75,22,64,20,37,24,77,62,28,10,
303	1	11	2.433	1,50,69,16,66,92,97,71,19,78,51,75,22,64,94,20,33,38,37,24,77,11,
303	1	12	2.412	1,50,69,16,66,92,97,71,19,78,51,75,22,64,20,33,37,38,12,
303	1	13	2.567	1,50,66,16,92,97,71,19,78,51,75,22,64,20,94,82,49,73,13,
303	1	14	2.491	1,50,69,16,66,41,95,97,29,84,65,75,51,78,19,71,14,
303	1	15	2.368	1,50,66,16,69,17,43,93,34,29,71,97,95,41,15,
303	2	3	2.317	2,88,72,69,66,16,17,43,93,85,35,86,87,54,3,
303	2	4	2.321	2,88,35,86,47,61,44,40,32,23,67,74,96,83,4,
303	2	5	2.114	2,88,35,86,47,61,44,40,25,76,32,23,67,96,74,5,
303	2	6	2.252	2,88,53,54,87,86,60,47,61,44,40,25,76,32,23,36,6,
303	2	7	2.47	2,88,35,60,86,47,61,44,40,25,91,57,79,76,32,23,36,63,30,7,
303	2	8	2.432	2,88,35,86,60,47,61,44,40,25,91,70,81,98,90,89,45,56,46,8,
303	2	9	2.578	2,88,35,86,60,47,61,44,40,25,91,70,81,98,90,89,45,56,21,9,
303	2	10	2.667	2,88,35,86,60,47,61,44,40,25,91,81,70,98,58,52,99,31,10,
303	2	11	2.567	2,88,72,69,16,66,92,97,71,19,78,51,75,22,64,20,33,37,24,77,11,
303	2	12	2.586	2,88,72,69,16,66,92,97,71,19,78,51,75,22,64,94,20,33,38,12,
303	2	13	2.681	2,88,35,85,93,43,17,69,16,66,41,95,97,29,71,19,78,51,73,13,
303	2	14	2.694	2,88,35,85,93,43,17,69,16,66,41,95,97,71,29,84,78,19,14,
303	2	15	2.278	2,88,35,85,93,43,17,69,16,66,92,29,71,97,95,15,
303	3	4	2.163	3,54,87,47,61,44,40,25,76,32,67,74,96,83,4,
303	3	5	1.994	3,54,53,86,47,61,44,40,25,76,32,23,67,96,74,5,
303	3	6	2.148	3,54,48,83,87,86,60,47,61,44,40,25,76,32,23,36,6,
303	3	7	2.266	3,54,87,86,60,47,61,44,40,25,91,57,79,76,23,36,63,30,7,
303	3	8	2.306	3,54,87,86,60,47,61,44,40,25,91,70,81,98,90,89,45,56,46,8,
303	3	9	2.464	3,54,87,86,60,47,61,44,40,25,76,79,57,91,81,70,90,89,45,21,9,
303	3	10	2.52	3,54,87,86,60,47,61,44,40,25,91,81,70,90,98,58,52,99,10,
303	3	11	2.522	3,54,87,47,61,44,40,25,91,81,70,90,89,45,55,99,31,26,28,62,11,
303	3	12	2.643	3,54,87,47,61,44,40,25,91,81,98,58,52,31,26,37,33,38,12,
303	3	13	2.567	3,54,53,35,85,93,43,17,69,16,66,41,95,97,29,71,19,78,73,13,
303	3	14	2.597	3,54,87,86,60,35,85,93,43,17,69,16,66,41,95,97,71,14,
303	3	15	2.592	3,54,48,83,87,86,60,35,85,93,43,17,69,16,66,92,41,95,15,
303	4	5	1.891	4,83,48,87,47,61,44,40,25,76,32,23,67,74,5,
303	4	6	1.871	4,83,48,87,86,60,47,61,44,40,25,76,32,23,36,6,
303	4	7	1.838	4,83,48,87,47,61,44,40,25,76,32,23,36,63,30,7,
303	4	8	1.882	4,83,47,61,44,40,25,91,81,70,90,89,45,56,46,8,
303	4	9	2.372	4,83,48,87,86,60,47,61,44,40,25,91,81,70,90,89,45,56,21,9,
303	4	10	2.497	4,83,47,61,44,40,25,79,57,91,81,70,90,89,45,55,58,52,99,10,
303	4	11	2.453	4,83,47,61,44,40,25,91,81,70,90,89,55,58,52,31,26,28,62,11,
303	4	12	2.601	4,83,47,61,44,40,25,91,81,98,58,52,31,28,62,77,24,37,38,12,
303	4	13	2.682	4,83,48,87,53,35,85,93,43,17,69,16,66,92,97,29,71,19,78,73,13,
303	4	14	2.745	4,83,48,87,54,53,35,85,93,43,17,69,16,66,41,95,97,29,71,14,
303	4	15	2.712	4,48,83,87,47,60,86,35,85,93,43,17,69,16,66,92,97,95,41,15,
303	5	6	2.093	5,74,96,67,23,32,76,25,91,81,70,90,57,30,63,6,
303	5	7	1.904	5,74,96,67,23,32,76,25,91,70,90,89,45,56,46,7,
303	5	8	1.719	5,74,96,67,23,32,76,25,91,70,90,89,45,56,46,8,
303	5	9	2.134	5,74,96,67,23,32,76,25,79,57,91,81,70,90,89,45,56,46,21,9,
303	5	10	2.287	5,74,96,67,23,32,76,25,91,70,81,98,58,52,31,26,62,28,10,
303	5	11	2.258	5,74,96,67,32,23,76,79,57,91,70,81,98,58,52,99,31,26,28,62,11,
303	5	12	2.393	5,74,67,23,32,76,25,91,70,81,98,58,52,31,26,37,33,38,12,
303	5	13	2.487	5,74,67,23,32,76,79,91,81,98,58,52,18,22,75,51,73,13,
303	5	14	2.626	5,74,67,23,32,76,25,91,70,81,98,42,18,22,75,51,78,19,14,
303	5	15	2.534	5,74,96,67,23,32,76,25,40,44,68,39,93,43,17,16,66,41,15,
303	6	7	1.852	6,36,23,32,76,79,57,91,81,70,90,89,45,56,46,30,7,
303	6	8	1.67	6,36,23,32,76,25,91,70,81,98,90,89,45,56,46,8,
303	6	9	2.039	6,36,23,32,76,25,79,57,91,70,81,98,90,89,45,56,46,21,9,
303	6	10	2.057	6,36,23,32,76,25,91,70,81,98,58,52,31,26,62,28,10,
303	6	11	2.198	6,36,23,32,76,25,91,81,70,90,89,45,55,99,31,26,28,62,24,77,11,
303	6	12	2.314	6,36,23,32,76,79,91,70,81,98,58,52,31,26,28,62,77,24,37,38,12,
303	6	13	2.479	6,36,23,32,76,79,57,91,81,70,90,98,58,52,18,22,75,51,73,13,
303	6	14	2.599	6,36,23,32,76,25,91,81,70,90,98,58,52,18,22,75,51,78,19,14,
303	6	15	2.595	6,36,23,32,76,25,40,44,68,39,27,34,93,43,17,69,16,66,41,15,
303	7	8	1.647	7,30,63,36,23,32,76,79,57,91,70,90,89,45,56,46,8,
303	7	9	1.72	7,30,63,36,23,32,76,79,57,91,81,70,90,89,45,21,9,
303	7	10	1.919	7,30,63,36,23,32,76,25,91,70,81,98,58,52,99,10,
303	7	11	2.067	7,30,63,36,23,32,76,25,91,70,81,98,58,52,31,26,28,62,11,
303	7	12	2.261	7,30,63,79,57,91,70,81,98,58,52,31,26,28,62,77,24,37,33,38,12,
303	7	13	2.376	7,46,56,45,89,55,99,31,28,62,77,24,37,38,33,20,94,82,49,13,
303	7	14	2.529	7,30,57,79,91,81,70,90,89,45,55,58,52,18,22,75,51,78,19,14,
303	7	15	2.483	7,30,63,36,23,32,76,25,40,44,68,39,93,43,17,69,16,66,41,15,
303	8	9	2.076	8,46,56,45,89,90,70,81,98,58,52,31,99,55,21,9,
303	8	10	1.786	8,46,56,45,89,90,70,81,98,58,52,31,26,62,28,10,
303	8	11	1.65	8,46,56,45,89,55,58,52,99,31,26,28,62,24,77,11,
303	8	12	2.097	8,46,56,45,89,55,99,31,26,28,62,77,24,37,38,33,20,94,82,49,12,
303	8	13	2.254	8,46,56,45,89,55,99,31,26,28,62,77,24,37,33,20,94,82,49,73,13,
303	8	14	2.528	8,46,56,45,89,55,99,31,26,28,62,77,24,37,20,64,22,75,51,78,19,14,
303	8	15	2.573	8,46,56,45,89,90,70,81,42,59,80,39,93,43,17,69,16,66,41,95,15,
303	9	10	1.871	9,21,45,89,90,70,81,98,58,52,99,31,26,62,28,10,
303	9	11	1.79	9,21,45,89,90,70,81,98,42,58,52,31,26,28,62,11,
303	9	12	1.927	9,21,55,99,31,26,28,62,77,24,37,38,33,20,94,82,49,12,
303	9	13	2.168	9,55,58,52,31,26,28,62,77,24,37,38,33,20,94,82,49,73,13,
303	9	14	2.362	9,99,31,26,28,62,77,24,37,33,20,94,64,22,75,51,78,19,71,14,
303	9	15	2.466	9,99,31,26,28,62,77,24,37,20,94,82,75,51,78,19,71,97,95,15,
303	10	11	1.956	10,28,62,26,31,99,55,58,52,18,64,20,37,24,77,11,
303	10	12	1.859	10,31,26,28,62,77,24,37,33,20,94,64,18,22,82,49,12,
303	10	13	1.895	10,31,26,28,62,77,24,37,33,20,94,82,64,22,75,51,73,13,
303	10	14	2.031	10,31,26,28,62,77,24,37,38,33,20,94,82,75,51,78,19,71,14,
303	10	15	2.167	10,28,62,77,24,37,33,20,94,64,22,75,51,78,19,71,97,95,41,15,
303	11	12	1.638	11,28,62,77,24,37,38,33,20,94,64,18,22,75,49,12,
303	11	13	1.528	11,28,62,77,24,37,38,33,20,94,82,22,75,51,73,13,
303	11	14	1.862	11,28,62,77,24,37,38,33,20,94,82,64,22,75,51,78,19,71,14,
303	11	15	1.847	11,77,24,37,38,33,20,94,82,64,22,75,51,78,19,71,97,95,15,
303	12	13	1.754	12,38,33,37,24,77,62,28,31,26,20,94,82,49,73,13,
303	12	14	1.839	12,77,24,37,38,33,20,94,82,64,22,75,51,78,19,71,14,
303	12	15	1.801	12,38,37,33,20,94,82,22,75,51,78,19,71,97,95,15,
303	13	14	1.919	13,73,49,82,94,33,37,20,64,22,75,51,78,19,71,14,
303	13	15	1.95	13,73,49,82,94,20,64,22,75,51,78,19,71,97,95,15,
303	14	15	2.254	14,19,78,51,75,82,94,33,20,64,22,65,84,29,97,95,15,
