412	0	1	2.137	0,68,38,40,58,21,28,79,17,24,46,95,87,92,1,
412	0	2	2	0,68,38,40,58,21,95,87,92,45,25,72,71,82,63,2,
412	0	3	2.495	0,68,38,40,58,21,28,24,17,52,80,44,57,76,84,16,3,
412	0	4	2.42	0,68,38,40,58,21,28,36,79,27,52,80,44,57,34,37,64,4,
412	0	5	2.344	0,87,95,46,24,17,52,80,44,74,42,69,91,81,53,66,93,5,
412	0	6	2.345	0,68,38,40,58,21,28,36,79,52,80,44,74,42,69,91,81,53,6,
412	0	7	2.519	0,68,38,40,58,21,28,36,79,52,80,44,49,88,74,42,69,78,85,18,7,
412	0	8	2.492	0,68,38,40,58,21,28,36,79,27,52,80,44,74,42,78,83,47,75,99,60,8,
412	0	9	2.476	0,68,38,40,58,21,28,36,79,52,80,44,49,88,29,23,56,86,9,
412	0	10	2.391	0,68,38,40,58,21,28,36,35,48,51,67,98,31,55,19,90,22,77,41,10,
412	0	11	2.433	0,68,38,40,58,21,28,36,35,48,51,67,89,96,23,56,32,30,20,77,11,
412	0	12	2.245	0,68,38,40,21,28,36,35,48,51,67,98,31,55,22,90,19,70,12,
412	0	13	2.122	0,68,38,87,92,95,40,58,21,94,61,62,26,54,65,13,
412	0	14	2.099	0,68,38,87,92,45,95,40,58,21,94,61,54,62,14,
412	0	15	2.386	0,87,95,92,45,25,72,71,59,46,17,24,28,21,58,15,
412	1	2	2.316	1,92,87,95,38,40,58,21,28,79,17,59,71,72,2,
412	1	3	2.329	1,92,87,95,46,17,52,80,44,57,76,84,16,3,
412	1	4	2.255	1,92,87,95,46,24,17,52,80,44,57,34,37,64,4,
412	1	5	2.233	1,45,46,24,17,52,80,44,74,42,69,91,81,53,66,93,5,
412	1	6	2.24	1,92,87,95,46,24,17,52,80,44,74,42,69,91,81,53,6,
412	1	7	2.438	1,92,87,95,46,24,17,52,80,44,49,88,74,42,47,83,78,85,18,7,
412	1	8	2.415	1,45,92,87,95,46,24,17,52,80,44,74,42,78,83,47,75,99,60,8,
412	1	9	2.462	1,92,87,95,46,24,17,52,80,44,74,42,78,83,47,75,97,9,
412	1	10	2.358	1,92,87,95,46,24,17,52,80,44,49,88,29,23,56,32,30,20,10,
412	1	11	2.437	1,92,87,95,38,40,58,21,28,36,35,48,51,67,98,55,22,90,19,11,
412	1	12	2.36	1,92,87,95,38,40,58,21,28,36,35,48,98,31,55,22,90,19,12,
412	1	13	2.62	1,25,45,92,87,95,38,40,58,21,28,36,35,33,61,62,54,65,13,
412	1	14	1.961	1,25,45,92,87,95,38,40,58,21,94,61,54,26,62,14,
412	1	15	2.338	1,45,92,87,95,46,59,17,24,79,36,28,21,58,15,
412	2	3	2.289	2,72,71,59,46,24,17,52,80,44,57,76,84,16,3,
412	2	4	2.195	2,72,71,59,46,24,17,52,80,44,57,34,37,64,4,
412	2	5	2.19	2,72,71,59,46,17,52,80,44,57,91,81,53,66,93,5,
412	2	6	2.18	2,72,71,59,46,24,17,52,80,44,74,42,69,91,81,53,6,
412	2	7	2.151	2,72,71,59,46,24,17,52,80,44,74,42,83,78,85,18,7,
412	2	8	2.423	2,72,71,59,46,24,17,52,80,44,49,88,74,42,78,83,47,75,99,60,8,
412	2	9	2.556	2,63,82,71,59,46,24,17,52,80,44,74,42,78,83,47,75,97,9,
412	2	10	2.369	2,72,71,46,24,17,52,80,44,74,42,88,29,23,56,32,30,20,10,
412	2	11	2.423	2,72,71,46,24,17,52,80,44,49,88,43,89,67,98,31,19,90,22,11,
412	2	12	2.506	2,72,71,46,24,17,52,80,44,49,88,43,89,67,98,55,31,70,12,
412	2	13	2.386	2,63,82,71,72,25,45,92,87,95,38,40,58,21,94,61,54,65,13,
412	2	14	2.36	2,63,82,72,25,45,92,87,95,38,40,58,21,94,61,54,26,14,
412	2	15	2.146	2,63,82,71,72,25,45,92,87,95,21,58,40,38,68,15,
412	3	4	2.251	3,16,84,76,80,44,74,42,69,91,81,34,37,64,4,
412	3	5	2.17	3,16,84,76,80,44,74,42,69,91,81,53,50,93,66,5,
412	3	6	2.125	3,16,84,76,80,52,27,44,74,42,69,91,81,53,6,
412	3	7	2.249	3,63,82,71,46,24,17,52,80,44,74,42,83,78,85,18,7,
412	3	8	2.343	3,63,82,71,59,46,24,17,52,80,44,74,42,47,75,99,60,8,
412	3	9	2.537	3,16,84,59,46,24,17,52,80,44,74,42,78,83,47,75,97,9,
412	3	10	2.582	3,63,82,71,59,46,24,17,52,80,44,74,49,88,29,23,56,32,30,20,10,
412	3	11	2.468	3,16,84,76,57,42,74,49,88,29,43,89,67,98,31,55,19,90,22,77,11,
412	3	12	2.473	3,16,84,76,57,74,49,88,29,43,89,67,98,31,55,22,90,19,12,
412	3	13	2.517	3,63,82,71,72,25,45,92,87,95,38,40,58,21,94,62,54,65,13,
412	3	14	2.405	3,63,82,72,25,45,92,87,95,38,40,58,21,94,61,54,26,62,14,
412	3	15	2.598	3,16,84,76,57,42,74,44,80,52,17,24,28,36,21,58,15,
412	4	5	2.122	4,64,37,34,57,74,42,83,78,69,91,81,53,66,93,5,
412	4	6	2.11	4,64,37,34,57,80,52,44,74,42,69,91,81,53,6,
412	4	7	2.03	4,64,37,66,93,50,53,81,91,69,78,83,47,75,99,39,7,
412	4	8	2.29	4,64,37,34,57,80,52,44,74,42,69,78,83,47,75,99,60,8,
412	4	9	2.506	4,64,37,34,81,91,69,42,74,44,80,52,27,49,88,29,23,56,86,9,
412	4	10	2.464	4,64,37,34,91,69,42,74,44,80,52,27,49,88,29,23,56,32,30,20,10,
412	4	11	2.374	4,64,37,34,57,42,74,49,88,29,43,89,67,98,31,55,19,90,22,77,11,
412	4	12	2.469	4,64,37,34,57,42,74,49,88,29,43,89,67,98,31,55,22,90,19,70,12,
412	4	13	2.608	4,64,37,34,81,91,69,42,74,44,80,52,79,36,94,61,54,65,13,
412	4	14	2.584	4,64,37,34,81,91,69,42,74,44,80,52,27,79,28,36,94,62,14,
412	4	15	2.477	4,64,37,34,81,91,69,42,74,44,80,52,79,36,28,21,58,15,
412	5	6	1.999	5,66,93,50,53,81,91,69,78,83,47,75,99,60,39,18,6,
412	5	7	1.843	5,66,93,50,53,81,91,69,78,83,47,75,99,60,39,18,7,
412	5	8	2.153	5,93,66,53,81,91,57,74,42,69,78,83,47,75,97,99,60,8,
412	5	9	2.202	5,66,93,50,53,81,91,69,42,74,49,88,29,43,23,96,56,86,9,
412	5	10	2.187	5,66,93,50,53,81,91,57,42,74,49,88,29,23,96,56,32,30,20,10,
412	5	11	2.29	5,66,50,53,81,91,69,42,74,49,88,29,43,89,67,98,31,55,19,90,22,11,
412	5	12	2.344	5,93,66,53,81,91,69,42,74,49,88,29,43,89,67,98,31,55,22,90,19,12,
412	5	13	2.459	5,93,66,53,81,91,69,42,74,44,80,52,79,36,94,61,54,65,13,
412	5	14	2.517	5,93,66,53,81,91,69,42,74,44,80,52,79,36,94,61,54,26,62,14,
412	5	15	2.369	5,93,66,53,81,91,69,42,74,44,80,52,17,24,28,21,58,15,
412	6	7	1.876	6,50,93,66,53,81,91,69,78,83,47,75,99,60,39,18,7,
412	6	8	1.931	6,50,53,81,91,57,74,42,69,78,83,47,75,99,60,8,
412	6	9	2.003	6,53,81,91,69,42,74,49,88,29,43,23,96,56,86,9,
412	6	10	1.831	6,53,81,91,69,42,74,49,88,29,23,56,32,30,20,10,
412	6	11	2.097	6,53,81,91,69,42,74,49,88,29,43,89,67,98,31,55,19,90,22,11,
412	6	12	2.235	6,53,81,91,69,42,74,49,88,43,89,67,98,31,55,22,90,19,70,12,
412	6	13	2.522	6,53,81,91,69,42,74,49,88,29,43,89,67,98,55,22,90,19,70,13,
412	6	14	2.582	6,53,81,91,69,42,74,44,80,52,17,79,28,36,94,61,54,26,62,14,
412	6	15	2.585	6,50,93,66,53,81,91,69,42,74,88,49,44,80,52,79,36,28,21,58,15,
412	7	8	2.05	7,18,85,78,42,74,44,80,52,27,88,47,75,99,8,
412	7	9	1.962	7,18,85,78,83,47,42,74,49,88,29,43,23,56,86,9,
412	7	10	1.802	7,18,85,78,83,42,74,49,88,29,23,56,32,30,20,10,
412	7	11	2.022	7,18,85,78,42,74,49,88,29,43,89,67,98,31,55,19,90,22,11,
412	7	12	2.204	7,18,85,78,42,74,49,88,29,43,89,67,98,31,55,22,90,19,70,12,
412	7	13	2.395	7,18,85,78,83,42,74,49,88,29,43,89,67,51,48,33,61,54,65,13,
412	7	14	2.429	7,18,85,78,83,47,42,74,44,80,52,27,73,35,33,61,54,26,62,14,
412	7	15	2.593	7,18,85,78,83,47,42,74,44,80,52,27,79,36,28,21,58,40,38,68,15,
412	8	9	2.009	8,60,99,75,47,83,78,69,42,74,88,29,23,56,86,9,
412	8	10	1.862	8,60,99,75,47,83,42,74,49,88,29,23,56,32,30,20,10,
412	8	11	1.78	8,97,86,56,23,96,89,67,98,31,55,19,90,22,77,11,
412	8	12	2.229	8,60,99,75,47,42,74,49,88,43,89,67,98,31,55,22,90,19,70,12,
412	8	13	2.405	8,60,99,75,47,83,42,74,44,80,52,27,73,35,94,61,54,65,13,
412	8	14	2.417	8,60,99,75,47,83,42,74,44,80,52,79,36,94,61,54,26,62,14,
412	8	15	2.377	8,60,99,75,47,83,78,69,42,74,44,80,52,79,36,28,21,58,15,
412	9	10	1.946	9,30,20,32,56,96,89,67,98,31,55,19,90,22,77,41,10,
412	9	11	1.921	9,10,20,30,32,56,23,96,89,67,51,98,31,55,19,90,22,11,
412	9	12	2.497	9,97,75,47,83,78,42,74,49,88,29,23,56,32,77,22,90,19,12,
412	9	13	2.352	9,86,56,23,96,89,67,98,55,22,90,19,70,33,61,54,65,13,
412	9	14	2.444	9,86,56,23,96,32,30,20,77,22,90,19,55,31,98,33,61,54,26,62,14,
412	9	15	2.479	9,97,75,47,83,78,42,74,44,80,52,27,79,36,28,21,58,15,
412	10	11	1.531	10,20,30,32,56,23,96,89,67,51,98,31,55,19,90,22,11,
412	10	12	1.618	10,20,30,32,56,23,96,89,67,98,31,55,22,90,19,70,12,
412	10	13	2.204	10,41,20,30,32,56,23,96,89,67,51,98,31,55,77,22,90,19,70,13,
412	10	14	2.243	10,20,30,32,56,23,96,89,67,98,31,55,22,90,19,70,65,54,62,14,
412	10	15	2.451	10,20,30,32,56,23,43,29,88,49,44,80,52,27,79,36,28,21,58,15,
412	11	12	1.863	11,19,90,22,77,20,30,32,56,23,96,89,67,98,70,12,
412	11	13	1.724	11,77,22,90,19,55,31,98,67,51,48,33,61,54,65,13,
412	11	14	2.107	11,77,22,90,19,55,31,98,67,51,48,35,94,61,54,62,26,14,
412	11	15	2.224	11,22,90,19,55,98,67,51,48,35,36,28,21,58,40,38,68,15,
412	12	13	1.819	12,70,19,90,22,55,31,98,67,51,48,33,61,54,65,13,
412	12	14	1.847	12,70,19,90,22,55,31,98,67,51,48,33,61,54,26,14,
412	12	15	2.084	12,70,19,90,22,55,31,98,48,35,36,28,21,58,40,15,
412	13	14	2.104	13,70,19,90,22,55,31,98,67,51,48,33,61,54,26,14,
412	13	15	2.341	13,70,19,90,22,55,31,98,48,35,36,28,21,58,40,15,
412	14	15	2.408	14,62,26,54,61,94,35,73,79,17,24,28,36,21,58,15,
