330	0	1	2.353	0,92,78,70,94,32,46,47,63,77,35,84,67,83,24,1,
330	0	2	2.164	0,92,28,82,67,84,88,36,54,52,31,55,96,80,49,2,
330	0	3	1.938	0,92,28,82,67,84,88,49,36,54,52,31,55,96,80,3,
330	0	4	2.221	0,24,22,89,68,83,82,67,88,49,36,54,52,31,55,96,80,60,4,
330	0	5	2.281	0,92,24,22,89,68,83,82,67,84,88,36,54,52,31,55,86,26,99,5,
330	0	6	2.573	0,92,28,82,67,84,88,52,54,36,49,80,96,55,86,26,99,33,37,6,
330	0	7	2.633	0,92,24,22,89,68,83,82,67,88,36,54,52,31,34,95,75,45,7,
330	0	8	2.733	0,24,22,89,68,83,67,82,58,94,32,47,46,16,91,65,57,85,90,44,8,
330	0	9	2.739	0,92,28,78,70,94,32,46,47,63,16,91,48,27,43,71,41,85,72,9,
330	0	10	2.575	0,92,28,82,58,94,32,47,46,16,91,65,42,21,98,25,64,10,
330	0	11	2.627	0,92,28,78,70,94,32,47,46,16,91,42,21,98,25,64,81,93,11,
330	0	12	2.313	0,92,28,78,70,94,32,47,46,76,29,50,66,20,39,59,12,
330	0	13	2.241	0,78,70,94,32,47,46,76,29,66,20,39,59,38,79,13,
330	0	14	2.393	0,24,22,89,68,83,82,58,94,47,46,32,19,51,69,14,
330	0	15	2.37	0,92,24,22,89,68,83,67,82,28,78,70,19,51,53,15,
330	1	2	1.961	1,22,24,89,83,67,88,36,54,52,31,55,96,80,49,2,
330	1	3	1.68	1,22,24,89,68,83,67,88,36,54,31,55,96,80,60,3,
330	1	4	1.677	1,22,24,89,68,83,82,67,88,36,54,52,31,55,86,4,
330	1	5	1.987	1,22,24,89,68,83,82,67,84,88,36,54,52,31,55,96,86,26,99,5,
330	1	6	2.282	1,22,24,89,68,83,82,67,88,49,36,54,52,31,55,86,26,99,33,6,
330	1	7	2.351	1,22,24,89,68,83,82,58,94,32,47,46,16,91,48,27,43,45,7,
330	1	8	2.489	1,22,24,89,68,83,82,58,94,32,47,46,16,91,48,27,43,71,41,85,90,8,
330	1	9	2.503	1,22,24,89,68,83,67,82,58,94,32,47,46,16,91,65,57,85,72,9,
330	1	10	2.451	1,22,24,89,68,83,67,82,58,94,32,47,46,56,42,21,98,25,64,10,
330	1	11	2.459	1,22,24,89,68,83,67,82,58,94,32,47,46,76,50,66,20,39,59,87,11,
330	1	12	2.31	1,22,24,89,68,83,67,82,58,94,32,47,46,76,29,66,20,39,59,12,
330	1	13	2.337	1,22,89,68,83,82,58,94,32,47,46,76,50,66,20,39,38,79,13,
330	1	14	2.065	1,22,89,68,83,82,58,94,47,46,32,19,51,69,14,
330	1	15	2.05	1,22,89,68,83,82,58,94,47,46,32,19,51,53,15,
330	2	3	1.802	2,68,89,83,82,67,84,88,36,54,52,31,55,96,80,3,
330	2	4	1.81	2,68,89,83,82,67,88,36,54,52,31,55,96,80,60,4,
330	2	5	1.831	2,68,89,83,82,67,88,36,54,52,31,55,86,26,99,5,
330	2	6	2.359	2,68,89,83,82,67,88,36,54,52,31,55,80,96,86,26,99,33,6,
330	2	7	2.468	2,68,89,83,67,82,58,94,32,47,46,16,91,48,27,43,45,7,
330	2	8	2.442	2,68,89,83,82,58,94,32,47,46,16,91,65,57,41,85,90,44,8,
330	2	9	2.573	2,68,89,83,67,82,58,94,32,47,46,16,91,65,42,21,74,72,9,
330	2	10	2.566	2,68,89,83,82,58,94,32,47,46,16,91,65,42,21,98,25,64,10,
330	2	11	2.58	2,68,89,83,67,82,58,94,32,47,46,76,29,66,20,39,59,87,93,11,
330	2	12	2.592	2,68,89,22,24,83,67,82,58,94,32,47,46,76,50,66,20,39,59,12,
330	2	13	2.51	2,68,89,83,67,82,58,94,32,47,46,76,29,66,20,39,59,38,79,13,
330	2	14	2.528	2,68,89,22,24,92,28,78,70,94,47,46,32,19,51,97,69,14,
330	2	15	2.254	2,68,89,83,82,67,84,35,77,47,46,32,19,51,53,15,
330	3	4	2.034	3,60,80,96,55,49,36,54,52,31,18,34,86,99,26,4,
330	3	5	1.943	3,60,80,96,55,49,36,54,52,31,18,34,86,26,99,5,
330	3	6	2.222	3,60,96,80,49,36,54,52,31,55,86,26,99,34,95,75,37,6,
330	3	7	2.344	3,60,96,80,49,36,54,52,31,18,40,61,16,91,48,27,43,45,7,
330	3	8	2.309	3,60,96,80,49,36,54,31,18,40,61,16,91,65,57,85,90,44,8,
330	3	9	2.449	3,60,96,80,49,36,54,52,31,18,40,61,16,91,65,42,21,74,72,9,
330	3	10	2.499	3,60,80,49,36,54,52,31,18,40,61,16,91,65,42,21,98,25,64,10,
330	3	11	2.508	3,60,96,80,49,36,54,52,40,61,16,91,42,21,98,25,64,81,93,11,
330	3	12	2.479	3,80,96,55,31,52,54,36,88,35,77,47,46,32,76,29,66,20,39,59,12,
330	3	13	2.524	3,80,96,55,31,52,54,36,88,35,77,47,46,32,19,51,69,62,17,13,
330	3	14	2.416	3,60,80,96,55,31,52,54,36,88,35,77,47,46,32,19,51,69,14,
330	3	15	2.172	3,60,80,96,55,31,52,54,36,49,88,67,82,28,78,15,
330	4	5	2.004	4,60,96,80,49,36,54,52,31,18,34,95,75,37,33,5,
330	4	6	2.164	4,26,99,86,55,96,80,49,36,54,52,31,18,34,95,37,6,
330	4	7	2.224	4,60,96,80,49,36,54,52,40,61,16,91,48,27,43,45,7,
330	4	8	2.205	4,60,96,80,49,36,54,52,40,61,16,91,65,57,85,90,44,8,
330	4	9	2.454	4,60,96,80,49,36,54,52,31,18,40,61,16,91,65,42,21,74,72,9,
330	4	10	2.479	4,60,96,80,49,36,54,52,31,18,40,61,16,91,42,21,98,25,64,10,
330	4	11	2.585	4,60,96,80,49,36,54,52,40,61,16,91,65,42,21,98,25,64,81,93,11,
330	4	12	2.519	4,60,80,55,31,52,54,36,88,35,77,47,46,32,76,50,66,20,39,59,12,
330	4	13	2.528	4,86,55,54,36,88,35,77,47,46,32,76,50,66,20,39,59,38,79,13,
330	4	14	2.623	4,60,80,96,55,31,54,36,52,88,35,77,47,46,32,19,51,97,69,14,
330	4	15	2.51	4,60,80,55,31,52,54,36,49,88,35,77,47,46,32,19,51,53,15,
330	5	6	1.925	5,99,26,86,55,96,80,49,36,54,52,31,34,95,37,6,
330	5	7	2.064	5,99,26,86,55,96,80,49,36,54,31,34,95,75,45,7,
330	5	8	2.15	5,33,37,95,75,43,27,48,16,91,65,57,41,71,85,90,44,8,
330	5	9	2.332	5,33,37,95,75,43,27,48,16,91,65,57,41,71,85,74,72,9,
330	5	10	2.405	5,33,37,95,75,43,27,48,16,91,65,57,42,21,98,25,81,64,10,
330	5	11	2.498	5,33,37,95,75,43,27,48,16,91,65,57,42,21,98,25,64,81,93,11,
330	5	12	2.448	5,33,37,95,75,43,27,48,65,42,21,98,25,73,50,66,20,39,59,12,
330	5	13	2.532	5,33,37,95,75,43,27,65,42,21,98,25,73,50,66,20,39,59,38,79,13,
330	5	14	2.675	5,99,26,86,96,80,55,31,54,52,36,88,35,77,47,46,32,19,51,69,14,
330	5	15	2.554	5,99,26,86,55,31,52,54,36,49,88,35,77,47,46,32,19,51,53,15,
330	6	7	2.149	6,37,95,75,43,27,48,91,65,57,41,71,85,90,44,7,
330	6	8	2.06	6,37,95,75,43,27,48,16,91,65,57,41,71,85,90,44,8,
330	6	9	2.152	6,37,95,75,43,27,48,16,91,65,57,42,21,74,72,9,
330	6	10	2.183	6,37,95,75,43,27,48,16,91,65,42,21,98,25,81,64,10,
330	6	11	2.408	6,37,95,75,43,27,48,16,91,65,57,42,21,98,25,64,81,93,11,
330	6	12	2.358	6,37,95,75,43,27,48,65,42,21,98,25,73,50,66,20,39,59,12,
330	6	13	2.428	6,37,95,75,43,71,41,57,21,98,25,73,50,66,20,39,59,38,79,13,
330	6	14	2.73	6,37,95,75,43,27,65,42,98,25,73,50,66,20,39,38,79,17,62,14,
330	6	15	2.649	6,37,95,75,43,27,65,91,16,61,63,46,47,32,19,51,53,15,
330	7	8	2.273	7,45,43,27,48,16,91,65,57,42,98,21,85,90,44,8,
330	7	9	2.092	7,44,90,85,41,71,43,27,48,91,65,42,21,74,72,9,
330	7	10	2.093	7,44,90,85,41,71,43,27,48,65,42,21,98,25,64,10,
330	7	11	2.424	7,44,90,85,41,71,43,27,48,16,91,65,42,21,98,25,64,81,93,11,
330	7	12	2.353	7,45,43,27,48,16,91,65,42,21,98,25,73,50,20,66,39,59,12,
330	7	13	2.493	7,45,43,27,48,16,91,65,42,21,98,25,73,50,20,39,59,38,79,13,
330	7	14	2.563	7,44,90,85,57,42,21,98,25,73,50,66,20,39,59,38,79,17,62,14,
330	7	15	2.865	7,44,90,85,57,41,71,43,27,48,91,16,61,63,46,47,32,19,51,53,15,
330	8	9	1.927	8,44,90,85,41,71,43,27,48,91,65,42,21,74,72,9,
330	8	10	1.928	8,44,90,85,41,71,43,27,48,65,42,21,98,25,64,10,
330	8	11	1.918	8,44,90,85,57,42,21,98,25,73,50,66,20,30,93,11,
330	8	12	2.115	8,44,90,85,57,65,42,21,98,25,73,50,66,20,39,59,38,12,
330	8	13	2.225	8,44,90,85,71,41,57,42,21,98,25,73,50,20,66,39,59,38,79,13,
330	8	14	2.504	8,44,90,85,57,65,42,21,98,25,73,50,66,20,39,59,38,79,17,62,14,
330	8	15	2.77	8,90,85,57,42,21,98,25,73,50,66,20,39,59,38,79,17,62,69,53,15,
330	9	10	2.035	9,72,74,21,98,25,73,50,66,20,39,59,87,93,64,10,
330	9	11	1.839	9,72,74,21,42,98,25,73,50,66,20,39,59,87,93,11,
330	9	12	1.87	9,72,74,21,42,98,25,73,50,66,20,30,39,59,38,12,
330	9	13	2.331	9,72,85,71,41,57,65,42,21,98,25,73,50,66,20,39,38,79,13,
330	9	14	2.571	9,72,85,57,65,42,21,98,25,73,50,66,20,39,59,38,79,17,62,14,
330	9	15	2.572	9,72,74,21,42,98,25,73,50,66,20,39,59,38,79,17,62,69,53,15,
330	10	11	2.142	10,64,25,98,21,42,73,50,66,20,39,59,30,81,93,11,
330	10	12	2.116	10,64,81,25,98,21,42,73,50,20,66,39,59,38,79,12,
330	10	13	1.944	10,64,21,42,98,25,73,50,66,20,30,39,59,38,79,13,
330	10	14	2.431	10,64,21,42,98,25,73,50,66,20,30,39,59,38,79,17,62,69,14,
330	10	15	2.602	10,64,25,98,21,42,73,50,66,20,39,59,38,79,17,62,69,53,15,
330	11	12	1.942	11,93,81,64,25,98,21,42,73,50,66,20,39,59,38,12,
330	11	13	1.86	11,93,81,64,21,98,25,73,50,66,20,39,59,38,79,13,
330	11	14	2.114	11,93,81,64,98,25,73,50,66,20,39,59,38,79,17,62,14,
330	11	15	2.427	11,93,64,25,98,21,42,91,16,46,47,32,19,51,53,15,
330	12	13	2.193	12,59,39,20,66,50,76,46,47,32,19,51,69,62,17,13,
330	12	14	2.417	12,59,39,20,66,29,76,46,47,32,19,51,97,23,62,17,14,
330	12	15	2.404	12,38,59,39,20,66,50,73,56,46,47,32,19,51,53,15,
330	13	14	2.2	13,17,62,79,38,59,39,20,66,50,29,97,19,51,69,14,
330	13	15	2.185	13,17,62,79,38,59,39,20,66,50,29,97,19,51,53,15,
330	14	15	2.308	14,69,62,17,79,38,59,39,20,66,29,97,19,51,53,15,
