10	0	1	2.173	0,35,43,47,33,16,67,58,81,49,44,99,98,51,20,1,
10	0	2	2.009	0,35,47,33,16,67,58,52,20,56,69,57,74,29,2,
10	0	3	1.896	0,35,47,16,67,58,52,51,20,56,69,68,57,74,3,
10	0	4	2.115	0,35,47,33,52,51,20,56,19,69,68,80,82,23,32,90,60,4,
10	0	5	2.373	0,35,47,33,52,51,20,56,19,69,68,80,32,23,90,60,41,95,94,5,
10	0	6	2.521	0,35,47,33,52,51,56,19,69,68,80,32,23,90,60,95,94,85,6,
10	0	7	2.586	0,35,47,16,67,58,49,44,36,17,93,63,21,54,26,71,27,45,7,
10	0	8	2.491	0,35,47,16,67,58,81,49,44,84,25,36,17,93,63,21,55,26,71,8,
10	0	9	2.448	0,35,47,33,16,67,58,81,49,44,84,25,36,17,93,63,21,54,40,46,9,
10	0	10	2.375	0,35,47,33,16,67,58,81,49,44,84,36,17,97,37,93,63,21,42,10,
10	0	11	2.247	0,35,43,47,33,16,67,58,81,49,44,84,25,36,17,18,87,22,48,11,
10	0	12	2.172	0,35,43,47,33,16,67,58,81,49,44,84,25,24,83,89,64,96,62,75,12,
10	0	13	1.697	0,35,47,33,16,67,58,81,49,44,84,25,24,83,89,13,
10	0	14	1.917	0,35,43,47,33,16,67,58,81,49,44,84,25,39,78,14,
10	0	15	2.039	0,35,47,43,16,67,58,81,49,44,84,25,39,78,61,15,
10	1	2	2.058	1,20,56,19,86,79,32,23,82,80,68,57,74,29,2,
10	1	3	2.09	1,65,29,74,57,69,68,80,86,34,79,32,23,82,3,
10	1	4	2.272	1,20,56,19,86,79,32,23,80,68,69,57,74,82,90,60,4,
10	1	5	2.505	1,20,56,19,86,79,80,68,69,57,74,82,23,32,90,60,41,95,5,
10	1	6	2.763	1,65,29,74,57,69,68,80,86,79,32,23,82,90,60,41,95,94,85,6,
10	1	7	2.835	1,65,69,68,80,23,32,79,86,34,88,30,72,38,70,53,27,45,7,
10	1	8	2.823	1,0,35,47,33,16,67,58,81,49,44,84,36,17,93,63,21,54,26,71,8,
10	1	9	2.838	1,0,35,47,33,16,67,58,81,49,44,84,25,36,17,93,63,21,54,40,46,9,
10	1	10	2.787	1,20,51,52,33,47,35,43,16,67,58,81,49,44,84,36,17,18,87,22,10,
10	1	11	2.637	1,0,35,43,47,33,16,67,58,81,49,44,84,25,36,17,18,87,22,48,11,
10	1	12	2.37	1,20,51,52,33,47,35,43,16,67,58,81,49,44,84,25,24,83,89,12,
10	1	13	2.087	1,0,35,47,33,16,67,58,81,49,44,84,25,24,83,89,13,
10	1	14	2.183	1,20,51,52,33,47,35,43,16,67,58,81,49,39,78,14,
10	1	15	2.367	1,20,51,52,33,47,35,43,16,67,58,81,49,39,78,15,
10	2	3	1.863	2,29,74,57,68,69,19,86,34,79,32,80,23,82,3,
10	2	4	1.69	2,29,74,57,69,68,80,86,79,32,23,90,60,95,41,4,
10	2	5	2.134	2,29,74,57,69,68,80,86,34,79,32,23,82,90,60,95,94,5,
10	2	6	2.452	2,29,74,57,68,69,56,19,86,79,32,23,82,90,60,95,94,85,6,
10	2	7	2.598	2,29,74,57,82,23,32,79,86,34,88,30,72,38,70,53,27,45,7,
10	2	8	2.534	2,29,74,57,69,68,80,32,79,86,34,88,30,72,38,70,53,27,45,8,
10	2	9	2.597	2,29,74,57,82,23,32,79,86,34,88,30,72,38,70,71,26,28,9,
10	2	10	2.656	2,29,74,57,69,68,80,23,32,79,86,34,88,30,72,55,54,40,46,10,
10	2	11	2.639	2,29,74,57,69,68,86,34,88,30,72,92,97,37,93,18,87,22,48,11,
10	2	12	2.487	2,65,20,52,33,47,35,43,16,67,58,81,49,44,84,25,24,83,89,12,
10	2	13	2.519	2,65,20,52,33,35,47,16,67,58,81,49,44,84,25,24,83,89,13,
10	2	14	2.291	2,29,74,57,69,56,20,51,52,33,47,35,43,16,67,61,78,14,
10	2	15	1.988	2,29,74,57,68,69,19,56,20,51,52,33,47,35,43,15,
10	3	4	1.61	3,29,74,57,69,68,80,82,23,32,91,90,60,95,41,4,
10	3	5	1.576	3,29,74,57,69,68,80,82,23,32,90,60,41,95,94,5,
10	3	6	2.185	3,29,74,57,69,68,80,86,79,32,23,82,90,60,95,94,85,6,
10	3	7	2.483	3,74,57,69,68,80,23,32,79,86,34,88,30,72,70,53,27,45,7,
10	3	8	2.427	3,29,74,57,82,23,32,79,86,34,88,30,72,38,70,53,27,45,8,
10	3	9	2.539	3,74,57,69,68,80,23,32,79,86,34,88,30,72,38,70,71,26,28,9,
10	3	10	2.699	3,74,57,69,68,80,23,32,79,86,34,88,30,72,92,97,37,63,42,10,
10	3	11	2.628	3,74,57,69,68,80,23,32,79,86,34,31,77,97,37,93,18,87,22,48,11,
10	3	12	2.624	3,74,57,68,69,19,56,51,52,33,16,67,58,81,49,44,84,25,24,83,89,12,
10	3	13	2.605	3,74,57,68,69,56,20,51,52,33,47,35,43,16,67,58,81,49,39,76,13,
10	3	14	2.25	3,29,74,57,68,69,56,20,52,33,47,35,43,16,67,61,78,14,
10	3	15	2.093	3,29,74,57,68,69,56,20,51,52,33,47,35,43,16,67,61,15,
10	4	5	1.808	4,41,60,90,23,82,74,57,69,68,80,32,91,95,94,5,
10	4	6	1.951	4,41,60,90,23,82,74,57,69,68,80,32,91,94,85,6,
10	4	7	2.214	4,60,90,23,32,79,86,34,88,30,72,70,53,27,45,7,
10	4	8	2.331	4,41,60,90,23,32,79,86,34,88,30,72,38,70,71,53,27,45,8,
10	4	9	2.579	4,60,90,23,32,79,86,34,88,30,72,38,70,71,26,28,40,46,9,
10	4	10	2.693	4,41,60,90,23,32,79,86,34,88,30,72,38,70,53,71,26,28,40,46,10,
10	4	11	2.62	4,41,60,90,23,32,79,86,34,88,30,92,97,37,93,17,18,87,22,48,11,
10	4	12	2.662	4,41,60,90,23,32,79,34,88,30,72,92,97,37,93,17,36,96,62,75,12,
10	4	13	2.711	4,60,90,23,32,80,68,69,19,56,20,51,52,33,16,67,61,78,39,76,13,
10	4	14	2.389	4,60,90,23,32,80,68,69,56,51,52,33,47,35,43,16,67,61,78,14,
10	4	15	2.232	4,60,90,23,32,80,68,69,56,20,52,33,47,35,43,16,67,61,15,
10	5	6	2.127	5,95,41,60,90,23,82,57,69,68,80,32,91,94,85,6,
10	5	7	2.358	5,94,91,79,86,34,88,30,72,38,70,71,27,45,7,
10	5	8	2.255	5,94,91,79,86,34,88,30,72,38,70,71,27,45,8,
10	5	9	2.528	5,94,95,60,90,23,32,79,86,34,88,30,72,70,71,26,28,9,
10	5	10	2.709	5,94,95,41,60,90,23,32,80,79,86,34,88,30,72,55,54,40,46,10,
10	5	11	2.76	5,95,60,90,23,32,79,86,34,88,30,72,92,97,37,93,18,87,22,48,11,
10	5	12	2.632	5,94,50,66,38,72,30,92,97,37,93,17,96,62,75,64,24,83,89,12,
10	5	13	2.762	5,94,50,66,38,72,30,92,97,37,17,36,96,62,75,64,24,83,89,13,
10	5	14	2.564	5,94,95,60,90,23,32,80,68,69,56,20,51,52,33,16,67,61,78,14,
10	5	15	2.504	5,95,60,90,23,32,80,68,69,19,56,51,52,33,47,35,43,16,67,61,15,
10	6	7	2.325	6,59,66,38,72,30,92,63,21,55,26,71,53,27,45,7,
10	6	8	2.222	6,59,66,38,72,30,92,63,21,55,26,71,53,27,45,8,
10	6	9	2.2	6,59,66,38,72,30,92,97,37,63,21,55,54,40,46,9,
10	6	10	2.663	6,50,66,70,38,72,30,92,97,37,93,63,21,55,54,40,46,42,10,
10	6	11	2.677	6,59,66,38,72,30,92,97,37,63,21,55,54,40,46,42,87,22,48,11,
10	6	12	2.659	6,59,66,70,38,72,30,92,21,63,37,93,17,36,96,62,75,64,89,12,
10	6	13	2.554	6,59,66,38,72,30,92,97,37,93,17,36,96,62,75,64,89,24,83,13,
10	6	14	2.706	6,85,94,91,79,86,19,56,51,52,33,47,35,43,16,67,61,78,14,
10	6	15	2.626	6,85,94,95,60,90,23,32,80,68,69,56,20,51,52,33,47,35,43,15,
10	7	8	2.14	7,45,27,53,70,38,72,30,92,63,21,55,54,26,71,8,
10	7	9	2.066	7,45,27,53,70,38,72,30,92,97,37,63,21,40,46,9,
10	7	10	2.355	7,45,27,53,71,70,38,72,30,92,97,37,63,21,55,54,40,46,10,
10	7	11	2.423	7,45,27,53,71,26,28,54,55,21,63,92,97,37,17,18,87,22,48,11,
10	7	12	2.437	7,45,27,53,71,26,54,21,63,37,97,17,36,96,62,75,64,24,83,89,12,
10	7	13	2.633	7,45,27,53,71,70,38,72,30,92,97,37,93,17,36,96,62,75,64,89,83,13,
10	7	14	2.577	7,45,27,53,71,26,28,54,55,21,63,93,37,97,17,36,25,39,14,
10	7	15	2.527	7,45,27,71,26,54,21,63,93,17,36,84,44,49,81,58,16,67,61,15,
10	8	9	1.964	8,45,27,53,70,38,72,92,97,37,93,63,21,40,46,9,
10	8	10	1.985	8,45,27,53,70,38,72,92,97,37,93,63,21,40,46,10,
10	8	11	2.139	8,45,27,53,71,70,38,72,30,92,97,37,93,63,18,87,22,48,11,
10	8	12	2.209	8,45,27,53,71,26,28,54,21,63,93,17,96,62,75,64,24,83,89,12,
10	8	13	2.341	8,45,27,53,70,38,72,30,92,97,37,93,17,96,62,75,64,24,83,89,13,
10	8	14	2.597	8,71,26,55,21,63,37,93,17,36,84,44,49,81,58,16,67,61,78,14,
10	8	15	2.462	8,45,27,53,71,26,54,21,63,93,17,36,84,44,49,81,58,16,67,61,15,
10	9	10	1.995	9,46,40,54,55,21,63,93,37,97,17,18,87,22,42,10,
10	9	11	1.94	9,28,26,71,70,72,30,92,97,37,93,18,87,22,48,11,
10	9	12	1.952	9,46,40,54,55,21,63,37,97,17,36,96,62,75,64,12,
10	9	13	2.336	9,46,40,54,55,21,63,92,97,37,93,17,36,96,62,75,64,24,83,13,
10	9	14	2.507	9,46,40,21,63,93,37,97,17,36,84,44,49,81,58,16,67,61,78,14,
10	9	15	2.446	9,46,40,54,21,63,93,17,36,84,44,49,81,58,67,16,33,47,35,43,15,
10	10	11	1.975	10,42,46,40,54,55,21,63,37,93,17,18,87,22,48,11,
10	10	12	1.907	10,42,21,63,37,93,17,36,96,62,75,64,24,83,89,12,
10	10	13	1.981	10,42,21,63,37,93,17,36,96,62,75,64,24,83,89,13,
10	10	14	2.366	10,42,21,63,37,97,17,36,84,44,49,81,58,16,67,61,78,14,
10	10	15	2.232	10,22,87,18,17,36,25,84,44,49,81,58,67,16,33,47,35,43,15,
10	11	12	1.84	11,48,22,87,18,93,37,97,17,96,62,75,64,24,83,89,12,
10	11	13	1.934	11,48,22,87,18,93,37,97,17,36,96,62,75,64,24,83,13,
10	11	14	2.162	11,48,62,75,64,89,83,24,25,84,44,49,81,58,16,67,61,78,14,
10	11	15	2.165	11,48,62,75,64,89,83,24,25,84,44,49,81,58,67,16,47,35,43,15,
10	12	13	2.063	12,89,83,24,25,84,44,49,81,58,16,67,61,78,39,76,13,
10	12	14	1.857	12,75,64,89,83,24,25,84,44,49,81,58,16,67,61,78,14,
10	12	15	1.672	12,89,83,24,25,84,44,49,81,58,67,16,47,35,43,15,
10	13	14	1.932	13,76,39,84,44,49,81,58,67,16,33,47,35,43,61,78,14,
10	13	15	1.792	13,89,83,24,25,84,44,49,81,58,67,16,33,47,35,43,15,
10	14	15	2.082	14,39,76,83,89,64,24,25,84,44,49,81,58,16,67,61,15,
