249	0	1	2.288	0,84,39,19,82,56,88,98,77,33,99,36,38,96,40,1,
249	0	2	2.103	0,84,39,82,56,88,19,40,96,36,38,95,44,65,27,64,2,
249	0	3	2.087	0,84,39,82,56,88,19,40,96,36,38,95,35,44,65,91,3,
249	0	4	2.192	0,84,39,82,56,88,77,99,33,50,22,29,46,54,85,80,32,4,
249	0	5	2.139	0,84,39,82,56,88,77,99,33,50,22,29,46,54,85,80,32,31,5,
249	0	6	2.316	0,84,39,82,56,88,77,33,50,22,29,46,54,85,80,26,20,71,97,76,6,
249	0	7	2.368	0,40,96,36,38,95,44,29,46,54,85,80,26,20,97,76,23,28,16,79,7,
249	0	8	2.455	0,84,39,82,56,88,77,33,50,55,17,70,58,47,66,92,86,89,68,48,8,
249	0	9	2.412	0,84,39,82,56,88,77,99,33,50,55,17,70,58,47,66,92,86,89,24,9,
249	0	10	2.589	0,84,39,82,56,88,77,99,33,50,55,17,70,58,69,47,66,92,74,67,10,
249	0	11	2.618	0,84,39,82,56,88,77,33,50,55,17,70,58,69,47,66,74,67,81,11,
249	0	12	2.71	0,84,39,19,82,56,88,98,34,57,30,42,93,61,18,51,72,94,12,
249	0	13	1.854	0,84,39,82,56,88,98,18,51,61,34,57,30,93,42,13,
249	0	14	1.879	0,84,39,19,82,56,88,98,34,61,57,30,93,42,87,14,
249	0	15	2.101	0,84,39,19,82,56,88,98,18,34,61,93,30,57,53,15,
249	1	2	2.349	1,40,39,82,56,88,19,96,36,38,95,35,44,65,27,64,2,
249	1	3	2.287	1,40,19,82,56,88,98,77,99,36,96,38,95,44,27,3,
249	1	4	2.275	1,40,19,82,56,88,77,33,50,22,29,46,54,85,80,32,4,
249	1	5	2.295	1,40,96,36,38,95,99,33,50,22,29,46,54,85,80,26,32,31,5,
249	1	6	2.378	1,40,96,36,38,95,44,29,46,54,85,80,26,20,97,76,28,16,23,6,
249	1	7	2.418	1,40,96,36,38,95,44,29,46,54,85,80,26,20,97,76,23,28,16,79,7,
249	1	8	2.494	1,40,96,36,99,33,50,55,17,70,58,69,47,66,92,86,89,68,48,8,
249	1	9	2.54	1,40,96,36,38,95,99,33,50,55,37,17,70,58,69,47,66,92,86,89,24,9,
249	1	10	2.754	1,40,19,82,56,88,77,99,33,50,55,17,70,58,69,47,66,92,74,67,10,
249	1	11	2.735	1,40,96,36,38,95,99,33,50,55,17,70,58,69,47,66,92,74,67,81,11,
249	1	12	2.908	1,21,95,38,36,96,99,77,88,82,56,98,18,51,61,34,57,30,93,42,12,
249	1	13	2.302	1,21,95,38,36,96,77,88,82,56,98,34,61,57,30,93,42,13,
249	1	14	2.07	1,40,19,39,82,56,88,98,34,61,57,30,93,42,87,14,
249	1	15	2.229	1,40,19,82,56,88,98,18,51,61,93,30,57,34,43,15,
249	2	3	2.299	2,21,95,38,36,96,19,82,56,88,77,99,35,44,65,91,3,
249	2	4	2.033	2,64,27,65,46,54,85,80,26,20,71,97,52,31,32,4,
249	2	5	1.904	2,64,27,65,46,54,85,80,26,20,71,97,52,32,31,5,
249	2	6	2.226	2,64,27,65,46,54,85,80,26,63,60,75,45,90,25,83,79,16,23,6,
249	2	7	2.33	2,64,27,65,29,46,54,85,80,26,20,71,97,52,76,23,28,16,41,79,7,
249	2	8	2.429	2,21,95,38,36,99,33,50,55,17,70,58,69,47,66,92,86,89,68,48,8,
249	2	9	2.333	2,21,95,38,36,96,99,33,50,55,17,70,58,69,47,66,92,86,89,24,9,
249	2	10	2.555	2,64,27,65,46,54,85,80,26,63,60,37,17,70,58,47,66,74,67,10,
249	2	11	2.594	2,21,95,38,36,99,33,50,55,17,70,58,69,47,66,92,74,67,81,11,
249	2	12	2.541	2,21,95,38,36,96,19,82,56,88,98,18,51,61,34,57,30,93,42,12,
249	2	13	2.196	2,21,95,38,36,96,40,19,82,56,88,98,34,61,57,30,93,42,13,
249	2	14	1.998	2,21,95,38,36,96,19,82,56,88,98,34,61,57,30,53,14,
249	2	15	2.192	2,21,95,38,36,96,19,82,56,88,98,34,61,57,30,53,15,
249	3	4	1.962	3,27,65,29,46,54,85,80,26,20,71,97,52,31,32,4,
249	3	5	1.833	3,27,65,29,46,54,85,80,26,20,71,97,52,32,31,5,
249	3	6	1.932	3,91,46,54,85,26,63,60,75,45,90,25,83,79,16,23,6,
249	3	7	2.148	3,27,65,29,46,54,85,80,26,60,63,20,71,97,76,23,28,16,79,7,
249	3	8	2.25	3,91,46,54,85,80,26,63,60,37,17,70,58,69,47,66,92,86,48,8,
249	3	9	2.192	3,91,46,54,85,80,26,63,60,37,17,70,58,69,47,66,92,86,89,24,9,
249	3	10	2.387	3,91,46,54,85,80,26,63,60,75,37,17,70,58,69,47,66,92,74,67,10,
249	3	11	2.438	3,91,46,54,85,26,63,60,75,37,17,70,58,47,66,74,67,81,11,
249	3	12	2.527	3,27,64,21,95,38,36,96,19,82,56,88,98,34,61,57,30,93,42,12,
249	3	13	2.551	3,27,64,21,95,38,36,96,99,77,88,82,56,98,34,61,57,30,93,42,13,
249	3	14	2.289	3,27,44,95,38,36,96,19,82,56,88,98,34,61,93,30,57,53,14,
249	3	15	2.44	3,27,44,95,38,36,96,19,82,56,88,98,34,61,93,30,53,15,
249	4	5	1.816	4,31,32,46,29,54,85,80,26,60,63,71,20,97,52,5,
249	4	6	1.782	4,46,29,54,85,80,26,63,60,75,45,90,25,41,28,23,6,
249	4	7	1.905	4,31,32,80,46,54,85,26,20,71,97,52,76,23,28,16,79,7,
249	4	8	2.06	4,32,26,63,60,75,37,17,70,58,69,47,66,92,86,89,68,48,8,
249	4	9	2.014	4,32,80,85,26,63,60,75,37,17,70,58,69,47,66,92,86,89,24,9,
249	4	10	2.225	4,32,80,54,85,26,63,60,75,37,17,70,58,69,47,66,92,74,67,10,
249	4	11	2.281	4,32,80,85,26,63,60,75,37,17,70,58,47,66,92,74,67,81,11,
249	4	12	2.542	4,32,26,63,60,75,37,17,70,58,69,47,66,92,74,67,73,62,12,
249	4	13	2.486	4,32,80,85,54,46,29,22,50,33,77,88,82,56,98,34,57,30,42,13,
249	4	14	2.501	4,32,80,85,54,46,29,22,50,33,99,77,88,82,56,98,34,57,53,14,
249	4	15	2.445	4,31,32,80,85,54,46,29,22,50,33,99,77,98,88,56,82,43,15,
249	5	6	1.524	5,31,32,80,46,54,85,26,20,71,97,52,76,28,23,6,
249	5	7	1.438	5,31,32,80,54,85,26,20,71,97,76,23,28,16,79,7,
249	5	8	1.875	5,52,97,71,63,60,37,17,70,58,69,47,66,92,86,89,68,48,8,
249	5	9	1.869	5,52,97,71,63,60,75,45,90,70,58,69,47,66,92,86,89,24,9,
249	5	10	2.115	5,31,32,80,85,26,63,60,75,37,17,70,58,69,47,66,92,74,67,10,
249	5	11	2.226	5,31,32,80,85,26,63,60,75,37,17,70,58,69,47,66,74,67,81,11,
249	5	12	2.384	5,52,20,63,60,75,37,17,70,58,69,47,66,92,74,67,73,62,12,
249	5	13	2.433	5,31,32,80,85,54,46,29,22,50,33,77,88,82,56,98,34,57,30,42,13,
249	5	14	2.448	5,31,32,80,85,54,46,29,22,50,33,99,77,88,82,56,98,34,57,53,14,
249	5	15	2.422	5,31,32,26,80,85,54,46,29,22,50,33,99,77,98,88,56,82,43,15,
249	6	7	1.778	6,23,16,28,76,97,20,71,63,60,59,75,45,90,25,83,7,
249	6	8	1.671	6,23,28,41,25,90,70,58,47,66,92,86,89,68,48,8,
249	6	9	1.569	6,23,28,41,25,90,70,58,69,47,66,92,86,89,24,9,
249	6	10	1.879	6,23,28,16,79,83,25,90,45,17,70,58,69,47,66,92,74,67,10,
249	6	11	2.015	6,23,28,16,79,83,25,90,45,17,70,58,69,47,66,92,74,67,81,11,
249	6	12	2.304	6,23,28,16,41,59,75,37,17,70,58,69,47,66,92,74,67,73,62,12,
249	6	13	2.521	6,76,23,28,16,79,83,25,90,45,75,37,17,70,58,47,69,72,93,42,13,
249	6	14	2.491	6,23,28,16,79,83,25,90,45,75,37,17,70,58,47,69,72,93,30,53,14,
249	6	15	2.418	6,23,28,76,97,20,26,80,85,54,46,29,22,50,33,77,88,56,82,43,15,
249	7	8	1.646	7,83,25,90,45,17,70,58,69,47,66,92,86,89,68,48,8,
249	7	9	1.572	7,79,83,25,90,45,17,70,58,69,47,66,92,86,89,24,9,
249	7	10	1.726	7,79,83,25,90,45,17,70,58,69,47,66,92,74,67,10,
249	7	11	1.956	7,79,83,25,90,45,75,37,17,70,58,69,47,66,74,67,81,11,
249	7	12	2.232	7,79,83,25,90,45,37,17,70,58,69,47,66,92,74,67,73,62,12,
249	7	13	2.476	7,79,83,25,90,45,75,37,17,70,58,47,69,72,61,57,30,93,42,13,
249	7	14	2.525	7,16,79,83,25,90,45,75,37,17,70,58,47,69,72,93,30,57,53,14,
249	7	15	2.481	7,79,16,28,23,76,97,71,63,60,78,55,50,33,77,88,56,82,43,15,
249	8	9	1.922	8,48,68,89,86,92,70,58,69,47,66,74,67,49,24,9,
249	8	10	2.116	8,7,79,83,25,90,45,17,70,58,69,47,66,92,74,67,10,
249	8	11	2.19	8,48,68,89,86,92,66,47,58,70,17,69,94,62,81,11,
249	8	12	2.558	8,48,68,24,89,86,92,70,17,58,69,47,66,74,67,73,81,62,12,
249	8	13	2.447	8,48,68,89,86,92,66,47,70,58,69,72,51,18,61,57,30,42,13,
249	8	14	2.48	8,48,68,89,86,92,66,47,70,58,69,72,51,18,34,61,57,53,14,
249	8	15	2.489	8,48,68,89,86,92,66,47,69,58,70,17,55,50,33,77,88,56,82,43,15,
249	9	10	2.255	9,24,89,86,92,66,47,70,58,69,72,94,73,67,10,
249	9	11	2.188	9,24,89,86,92,66,47,58,70,17,69,94,73,81,62,11,
249	9	12	2.253	9,24,89,86,92,70,17,58,69,47,66,74,67,73,81,62,12,
249	9	13	2.252	9,24,89,86,92,66,47,58,70,17,69,72,61,57,30,42,13,
249	9	14	2.423	9,24,89,86,92,66,47,70,58,69,72,51,18,61,93,30,57,53,14,
249	9	15	2.364	9,24,89,86,92,66,47,69,58,70,17,55,50,33,77,88,56,82,43,15,
249	10	11	2.342	10,67,74,92,66,47,58,70,17,69,94,73,81,62,11,
249	10	12	2.511	10,49,24,89,86,92,70,17,58,69,47,66,74,67,73,62,12,
249	10	13	2.414	10,49,74,67,73,94,72,51,18,34,61,57,30,93,42,13,
249	10	14	2.435	10,67,73,94,72,51,18,98,88,56,82,43,34,57,53,14,
249	10	15	2.518	10,67,74,92,66,47,69,58,70,17,55,50,33,77,88,56,82,43,15,
249	11	12	2.312	11,62,81,73,94,72,51,18,34,61,57,30,93,42,12,
249	11	13	2.097	11,62,81,73,94,72,51,18,34,61,57,30,93,42,13,
249	11	14	2.116	11,62,81,73,94,72,51,18,34,61,93,30,57,53,14,
249	11	15	2.251	11,62,73,94,72,51,18,34,98,88,56,82,39,84,15,
249	12	13	2.417	12,42,93,30,57,34,61,51,18,98,88,56,43,53,87,13,
249	12	14	2.287	12,42,93,30,57,61,51,18,34,98,88,56,82,43,53,14,
249	12	15	2.27	12,42,93,30,57,61,34,18,98,56,82,88,19,39,84,15,
249	13	14	2.044	13,42,93,30,57,61,34,18,98,88,56,82,43,53,87,14,
249	13	15	2.058	13,42,30,57,34,61,51,18,98,88,56,82,19,39,84,15,
249	14	15	2.074	14,53,57,30,93,61,34,18,98,56,82,88,19,39,84,15,
