368	0	1	2.094	0,76,30,39,54,62,46,72,60,61,45,91,40,21,79,1,
368	0	2	2.277	0,76,30,39,54,62,60,61,45,53,91,21,40,89,58,2,
368	0	3	2.455	0,49,21,40,91,45,53,96,83,24,66,67,31,43,97,3,
368	0	4	2.29	0,49,21,40,91,53,82,31,43,16,36,22,87,18,28,90,93,4,
368	0	5	2.502	0,49,21,40,89,91,45,53,82,31,43,16,36,95,22,87,90,28,18,5,
368	0	6	2.59	0,49,21,40,91,53,82,31,43,16,36,22,87,90,28,18,84,69,85,6,
368	0	7	2.562	0,49,21,40,91,53,96,48,83,24,66,19,65,42,78,99,47,74,7,
368	0	8	2.456	0,49,21,40,91,45,53,82,48,83,24,66,19,65,42,78,99,47,8,
368	0	9	2.313	0,49,21,40,91,45,53,96,83,24,66,65,42,78,99,63,71,70,9,
368	0	10	2.371	0,49,21,40,91,53,96,83,24,66,65,42,78,99,94,41,50,10,
368	0	11	2.39	0,49,21,40,91,45,53,96,48,83,24,66,44,80,88,35,98,11,
368	0	12	2.412	0,76,30,39,54,62,46,72,38,51,80,88,35,98,73,26,32,52,12,
368	0	13	2.388	0,49,21,40,91,45,53,96,48,66,24,83,29,38,27,92,13,
368	0	14	2.37	0,49,21,40,91,45,53,96,48,66,24,83,29,72,46,62,14,
368	0	15	2.065	0,49,21,40,91,45,61,60,72,46,62,54,39,30,76,15,
368	1	2	2.074	1,79,21,40,91,45,53,82,31,43,16,25,97,58,2,
368	1	3	2.119	1,79,49,21,40,91,45,53,82,31,43,16,36,25,59,3,
368	1	4	1.935	1,79,49,21,40,91,89,43,16,36,22,87,90,93,4,
368	1	5	2.104	1,79,21,40,91,45,53,82,31,43,16,36,95,22,87,90,28,18,5,
368	1	6	2.339	1,79,21,40,91,45,53,82,31,43,16,25,36,95,22,84,69,85,6,
368	1	7	2.423	1,79,21,40,91,45,53,96,83,24,66,19,65,42,78,99,47,74,7,
368	1	8	2.433	1,79,21,40,91,45,53,96,83,24,66,55,19,65,42,78,99,47,74,8,
368	1	9	2.343	1,79,21,40,91,53,96,48,83,24,66,55,19,65,42,78,99,63,71,70,9,
368	1	10	2.297	1,79,21,40,91,53,96,83,24,66,19,65,42,78,99,94,41,50,10,
368	1	11	2.345	1,79,21,40,91,53,96,83,24,66,55,19,65,42,81,35,98,11,
368	1	12	2.423	1,79,21,40,91,45,53,82,48,83,24,66,44,88,80,51,34,32,12,
368	1	13	2.38	1,79,21,40,91,45,53,96,48,83,24,66,44,80,51,27,75,13,
368	1	14	2.239	1,79,21,40,91,45,53,82,48,66,24,83,29,72,46,62,14,
368	1	15	1.888	1,79,49,21,40,91,53,45,61,60,72,46,62,54,39,15,
368	2	3	2.156	2,58,89,91,40,21,49,45,53,82,31,43,16,25,59,3,
368	2	4	2.109	2,58,89,97,43,16,36,95,22,87,18,28,90,93,4,
368	2	5	2.033	2,58,89,40,21,91,53,82,31,43,16,36,22,87,18,5,
368	2	6	2.328	2,58,89,91,40,21,45,53,82,31,43,16,36,22,84,69,85,6,
368	2	7	2.563	2,58,89,91,40,21,45,53,82,31,43,16,36,95,86,33,68,20,7,
368	2	8	2.562	2,58,89,91,40,21,45,53,82,48,83,24,66,19,65,42,78,99,47,8,
368	2	9	2.432	2,58,89,40,21,91,53,96,83,24,66,19,65,42,78,99,63,71,70,9,
368	2	10	2.489	2,58,89,82,48,83,24,66,55,23,19,65,42,78,99,63,94,41,50,10,
368	2	11	2.537	2,58,89,91,40,21,45,53,96,83,24,66,19,65,42,81,35,98,11,
368	2	12	2.512	2,58,89,91,40,21,45,53,96,48,83,24,66,44,80,51,34,32,12,
368	2	13	2.565	2,58,89,91,40,21,45,53,96,83,24,66,44,80,51,27,92,13,
368	2	14	2.422	2,58,89,91,40,21,45,53,96,83,66,24,29,72,46,62,14,
368	2	15	2.119	2,58,89,40,21,91,53,45,61,60,62,54,39,30,76,15,
368	3	4	2.232	3,59,25,16,36,95,86,33,68,20,85,69,84,87,90,4,
368	3	5	2.2	3,59,93,90,28,18,87,22,95,86,33,68,85,69,84,5,
368	3	6	2.043	3,59,93,90,28,18,87,22,95,86,33,68,20,85,69,6,
368	3	7	2.57	3,97,43,31,48,83,24,66,55,23,19,65,42,78,99,47,74,7,
368	3	8	2.592	3,59,25,16,43,31,48,83,24,66,55,19,65,42,78,99,47,74,8,
368	3	9	2.468	3,97,43,31,67,48,83,24,66,55,23,19,65,42,78,99,63,71,70,9,
368	3	10	2.495	3,97,43,31,48,83,24,66,55,23,19,65,42,78,99,94,41,50,10,
368	3	11	2.663	3,97,43,31,48,83,24,66,55,23,19,42,65,44,80,88,35,98,11,
368	3	12	2.721	3,59,25,16,43,31,48,83,24,66,55,23,19,65,44,80,51,34,32,12,
368	3	13	2.699	3,97,43,31,48,83,24,66,55,23,19,65,44,80,51,27,92,13,
368	3	14	2.772	3,59,25,16,43,31,48,83,24,66,44,80,51,27,38,72,46,62,14,
368	3	15	2.362	3,59,25,16,43,31,82,53,45,91,40,21,49,17,30,76,15,
368	4	5	1.869	4,93,90,28,18,87,22,95,86,33,68,20,85,69,84,5,
368	4	6	1.829	4,93,90,28,18,87,22,36,95,86,33,68,20,85,69,6,
368	4	7	2.398	4,93,90,28,18,87,22,95,86,33,68,20,37,77,78,99,47,74,7,
368	4	8	2.515	4,90,87,22,95,86,33,68,20,37,55,23,19,65,42,78,99,47,74,8,
368	4	9	2.36	4,93,90,28,18,87,22,36,95,86,33,68,20,37,77,78,99,63,71,70,9,
368	4	10	2.364	4,93,90,28,18,87,22,95,86,33,68,20,37,77,78,99,63,94,41,50,10,
368	4	11	2.504	4,93,90,28,18,87,22,95,86,33,68,20,37,77,78,99,81,35,98,11,
368	4	12	2.591	4,93,90,87,22,95,86,33,68,20,37,77,78,42,65,44,88,34,32,12,
368	4	13	2.678	4,90,87,22,95,86,33,68,20,37,23,55,66,24,83,29,38,27,92,13,
368	4	14	2.687	4,90,28,18,87,22,36,16,43,31,48,83,66,24,29,72,46,62,14,
368	4	15	2.581	4,93,25,16,43,31,67,66,24,83,29,72,46,62,54,39,30,76,15,
368	5	6	1.878	5,18,28,90,87,22,36,95,86,33,68,20,85,69,84,6,
368	5	7	1.887	5,18,28,90,87,22,36,95,86,33,68,20,37,56,74,7,
368	5	8	1.803	5,18,28,90,87,22,36,95,86,33,68,20,37,56,74,8,
368	5	9	2.176	5,18,28,90,87,22,36,95,86,33,68,20,37,77,78,99,63,71,70,9,
368	5	10	2.18	5,18,28,90,87,22,95,86,33,68,20,37,77,78,99,63,94,41,50,10,
368	5	11	2.376	5,28,90,87,22,95,86,33,68,20,37,77,99,78,42,81,35,98,11,
368	5	12	2.527	5,18,87,22,95,86,33,68,20,37,77,78,42,19,65,44,80,51,34,52,12,
368	5	13	2.569	5,18,87,22,95,86,33,68,20,37,77,78,42,19,65,44,51,27,92,13,
368	5	14	2.493	5,18,87,22,95,86,33,68,20,37,23,55,66,24,83,29,72,46,62,14,
368	5	15	2.578	5,18,28,90,87,22,36,16,43,31,82,53,45,91,40,21,49,17,30,76,15,
368	6	7	1.927	6,85,69,84,18,28,90,87,22,95,86,33,68,20,56,7,
368	6	8	2.022	6,85,69,84,18,28,90,22,95,86,33,68,20,56,74,8,
368	6	9	1.924	6,85,68,20,37,55,23,19,65,42,78,99,63,71,70,9,
368	6	10	2.268	6,85,69,84,87,22,95,86,33,68,20,37,77,78,99,63,94,41,50,10,
368	6	11	2.43	6,85,69,86,33,68,20,37,77,99,78,42,19,65,44,88,35,98,11,
368	6	12	2.522	6,85,69,68,20,37,77,99,78,42,19,65,44,80,51,27,92,52,32,12,
368	6	13	2.505	6,85,68,20,37,77,78,42,65,19,55,66,24,83,29,38,27,92,13,
368	6	14	2.477	6,85,68,20,37,77,78,42,19,23,55,66,24,83,29,72,46,62,14,
368	6	15	2.511	6,85,69,68,20,37,77,78,42,65,66,24,83,29,72,46,62,54,39,15,
368	7	8	2.254	7,85,69,84,18,28,90,22,95,86,33,68,20,56,74,8,
368	7	9	2.056	7,20,68,37,55,23,19,65,42,78,99,63,71,94,70,9,
368	7	10	2.04	7,20,68,37,23,19,65,42,78,99,63,71,94,41,50,10,
368	7	11	2.346	7,74,47,99,78,42,65,19,23,55,66,24,44,88,35,98,11,
368	7	12	2.451	7,74,47,99,78,42,19,23,55,66,24,83,29,38,27,92,52,32,12,
368	7	13	2.548	7,74,47,77,78,42,65,19,23,55,66,24,83,29,72,46,38,27,92,13,
368	7	14	2.594	7,74,47,99,78,42,65,19,23,55,66,24,83,48,96,64,72,46,62,14,
368	7	15	2.571	7,74,47,99,78,42,65,19,66,24,83,29,72,46,62,54,39,30,76,15,
368	8	9	2.204	8,47,56,20,68,37,55,19,65,42,78,99,63,71,70,9,
368	8	10	2.045	8,74,47,77,78,23,55,19,65,42,99,63,94,41,50,10,
368	8	11	2.232	8,74,47,99,78,42,65,19,55,66,24,44,88,35,98,11,
368	8	12	2.336	8,47,99,78,42,65,19,23,55,66,24,83,29,38,27,92,52,32,12,
368	8	13	2.394	8,47,99,78,42,65,19,23,55,66,24,83,29,72,46,38,27,92,13,
368	8	14	2.503	8,74,47,99,78,42,65,19,23,55,66,24,83,48,96,64,60,61,54,14,
368	8	15	2.487	8,74,47,99,78,42,65,19,66,24,83,29,72,46,62,54,39,30,76,15,
368	9	10	2.002	9,70,71,63,99,78,42,19,65,44,80,88,98,35,57,10,
368	9	11	1.928	9,70,71,63,99,78,42,19,65,44,88,81,35,98,11,
368	9	12	2.183	9,70,71,63,99,78,42,65,19,66,24,83,29,38,27,92,52,32,12,
368	9	13	2.354	9,70,71,63,99,78,42,65,19,23,55,66,24,83,29,72,46,38,27,75,13,
368	9	14	2.335	9,70,71,63,99,78,42,65,19,23,55,66,24,83,29,72,46,62,54,14,
368	9	15	2.331	9,70,71,63,99,78,42,65,19,23,55,66,24,83,29,72,46,62,54,39,15,
368	10	11	1.961	10,50,41,94,63,99,42,19,65,44,80,88,35,98,11,
368	10	12	1.921	10,50,57,35,98,88,80,51,38,27,92,52,32,26,73,12,
368	10	13	2.24	10,50,41,94,63,99,78,42,65,19,66,24,83,29,38,27,75,13,
368	10	14	2.316	10,50,41,94,99,78,42,65,19,23,55,66,24,83,29,72,46,62,14,
368	10	15	2.357	10,50,41,94,63,99,78,42,65,19,66,24,83,29,72,46,62,54,39,15,
368	11	12	2.061	11,98,35,88,80,51,27,38,72,46,62,75,92,52,32,12,
368	11	13	2.288	11,98,35,81,42,65,19,23,55,66,24,83,29,38,27,92,13,
368	11	14	2.27	11,98,35,81,42,65,19,23,55,66,24,83,29,72,46,62,14,
368	11	15	2.148	11,98,35,81,88,80,51,27,38,72,46,60,61,54,39,30,76,15,
368	12	13	2.065	12,52,32,26,73,98,35,81,88,80,51,38,27,92,75,13,
368	12	14	2.137	12,52,32,26,73,98,35,88,80,51,27,38,46,62,54,14,
368	12	15	1.919	12,73,26,32,52,92,27,38,72,46,60,61,54,39,30,76,15,
368	13	14	2.317	13,92,52,32,26,73,98,35,88,80,51,38,72,46,62,14,
368	13	15	2.163	13,92,34,88,80,51,27,38,72,46,62,54,39,30,76,15,
368	14	15	2.295	14,62,46,72,29,83,24,66,48,96,64,60,61,17,30,76,15,
