515	0	1	2.639	0,92,33,32,55,94,23,38,83,31,43,59,42,90,77,1,
515	0	2	2.318	0,98,50,77,90,42,78,58,86,52,16,74,93,81,2,
515	0	3	2.351	0,92,98,50,77,90,42,41,78,58,86,70,52,16,74,93,81,3,
515	0	4	2.594	0,92,98,50,77,90,42,41,81,93,74,86,70,35,79,52,16,4,
515	0	5	2.61	0,92,98,50,77,90,42,78,41,81,93,74,16,52,86,70,35,79,5,
515	0	6	2.622	0,92,33,32,51,55,23,94,88,48,83,38,31,99,72,85,37,54,27,6,
515	0	7	2.592	0,92,98,50,77,90,42,78,58,86,70,35,37,54,27,29,96,62,65,7,
515	0	8	2.663	0,92,33,32,51,75,66,94,55,23,38,83,48,88,24,87,61,56,64,80,8,
515	0	9	2.577	0,92,33,32,51,55,23,38,83,48,88,44,24,87,53,89,68,28,67,9,
515	0	10	2.374	0,92,33,32,51,55,94,23,38,83,48,88,24,87,53,89,68,67,28,10,
515	0	11	2.463	0,92,33,32,55,94,23,38,83,48,88,44,26,39,63,19,76,73,49,11,
515	0	12	2.276	0,92,33,32,55,94,38,83,48,88,44,26,39,63,19,76,21,12,
515	0	13	2.399	0,92,33,32,51,55,23,94,88,44,26,39,63,19,76,21,20,13,
515	0	14	2.345	0,92,33,32,23,38,83,48,88,66,51,60,36,84,57,14,
515	0	15	2.566	0,92,33,32,55,94,38,83,48,88,44,66,51,60,36,15,
515	1	2	2.315	1,98,50,77,90,42,78,58,86,70,52,74,93,81,2,
515	1	3	2.077	1,50,77,90,42,41,78,58,86,70,52,16,74,93,81,3,
515	1	4	2.376	1,98,50,77,90,42,41,81,78,59,43,30,58,86,52,16,4,
515	1	5	2.653	1,50,98,33,32,55,94,23,38,48,83,31,99,72,85,37,35,79,5,
515	1	6	2.568	1,98,50,77,90,42,41,81,93,74,16,52,70,35,37,54,27,29,6,
515	1	7	2.523	1,50,98,33,32,51,55,94,23,38,48,83,99,18,46,17,96,62,65,7,
515	1	8	2.595	1,50,98,33,32,51,55,94,23,38,83,48,88,24,87,61,56,64,80,8,
515	1	9	2.574	1,50,98,33,32,55,94,23,38,83,48,88,24,87,53,89,68,28,67,9,
515	1	10	2.38	1,50,98,33,32,51,55,23,38,83,48,88,24,87,53,89,68,28,10,
515	1	11	2.501	1,50,98,33,32,23,38,83,48,88,44,26,39,63,19,76,73,49,11,
515	1	12	2.341	1,50,98,33,32,51,55,23,94,66,44,26,39,63,19,76,21,12,
515	1	13	2.364	1,50,98,33,32,51,75,66,44,26,39,63,19,76,21,20,13,
515	1	14	2.257	1,50,98,33,32,55,23,94,66,75,45,60,36,84,57,14,
515	1	15	2.537	1,50,98,33,32,51,75,66,44,26,39,63,45,60,36,15,
515	2	3	2.129	2,77,90,41,78,59,43,30,58,86,52,16,74,93,81,3,
515	2	4	2.272	2,77,90,42,41,81,93,74,58,78,59,43,30,70,52,16,4,
515	2	5	2.469	2,77,90,41,81,93,74,58,78,59,43,30,70,52,16,79,5,
515	2	6	2.535	2,77,90,42,41,81,93,74,58,86,70,52,16,79,35,37,54,27,6,
515	2	7	2.422	2,77,90,42,41,81,93,74,16,52,70,35,37,54,27,29,96,62,65,7,
515	2	8	2.642	2,77,90,42,78,58,86,70,35,37,54,27,85,72,17,18,46,91,95,8,
515	2	9	2.544	2,77,90,42,78,58,86,70,85,72,17,18,46,91,97,56,64,9,
515	2	10	2.581	2,77,90,42,59,43,30,31,38,83,48,88,44,24,87,53,89,68,67,28,10,
515	2	11	2.565	2,77,90,42,59,43,31,38,83,48,88,44,26,39,63,19,76,73,49,11,
515	2	12	2.592	2,77,90,42,59,43,82,23,38,83,48,88,44,26,39,63,19,76,21,12,
515	2	13	2.519	2,77,90,42,59,43,31,83,48,88,44,26,39,19,76,21,20,13,
515	2	14	2.445	2,77,90,42,59,43,31,83,38,23,94,55,51,60,36,84,57,14,
515	2	15	2.665	2,77,90,42,59,43,30,31,83,48,38,23,94,55,51,60,36,15,
515	3	4	1.991	3,74,93,81,41,42,59,43,30,78,58,86,70,52,16,4,
515	3	5	2.055	3,74,93,81,41,78,59,43,30,58,86,70,52,16,79,5,
515	3	6	1.961	3,81,41,78,58,86,70,52,16,79,35,37,54,27,29,6,
515	3	7	2.172	3,81,93,74,16,52,86,70,85,72,17,18,46,91,95,62,65,7,
515	3	8	2.47	3,81,93,74,16,52,70,35,37,54,27,85,72,17,18,46,91,95,80,8,
515	3	9	2.516	3,81,93,74,16,52,70,35,37,85,72,17,18,46,91,97,56,64,9,
515	3	10	2.59	3,81,41,78,59,43,82,23,94,38,83,48,88,44,24,87,53,89,68,28,10,
515	3	11	2.646	3,81,41,78,59,43,30,31,83,48,38,23,94,66,75,63,19,76,73,49,11,
515	3	12	2.615	3,81,41,78,59,43,30,31,83,48,38,23,55,94,66,75,63,39,19,76,21,12,
515	3	13	2.548	3,81,41,78,59,43,31,38,83,48,88,44,26,39,63,19,76,21,20,13,
515	3	14	2.516	3,81,41,78,59,43,31,83,48,38,23,94,66,51,60,36,84,57,14,
515	3	15	2.646	3,81,93,74,16,52,70,86,58,78,41,42,90,77,50,98,92,15,
515	4	5	2.09	4,16,52,74,93,81,41,78,59,43,30,86,70,35,79,5,
515	4	6	1.991	4,16,52,74,93,81,41,78,58,86,70,35,37,54,27,6,
515	4	7	1.769	4,16,52,86,70,85,72,17,18,46,91,96,62,65,7,
515	4	8	2.239	4,16,52,70,35,37,54,27,29,96,17,18,46,91,97,56,64,80,8,
515	4	9	2.466	4,16,52,70,35,37,54,27,29,65,62,96,17,18,46,91,97,56,64,9,
515	4	10	2.462	4,16,52,70,85,72,99,31,38,83,48,88,44,24,87,53,89,68,28,10,
515	4	11	2.574	4,16,52,70,85,72,99,31,38,83,48,88,44,26,39,63,19,76,73,49,11,
515	4	12	2.619	4,16,52,70,85,72,99,83,48,38,23,55,94,88,44,26,39,63,19,76,21,12,
515	4	13	2.555	4,16,52,70,85,72,99,83,38,48,88,44,26,39,63,19,76,21,20,13,
515	4	14	2.517	4,16,52,70,85,72,99,31,83,48,38,23,94,55,51,60,36,84,57,14,
515	4	15	2.707	4,16,52,70,85,72,99,83,48,38,23,55,94,66,75,45,60,36,15,
515	5	6	2.052	5,79,35,85,72,17,18,46,96,62,65,29,27,54,6,
515	5	7	1.679	5,79,35,37,54,27,85,72,17,18,46,96,62,65,7,
515	5	8	1.786	5,79,35,37,54,27,85,72,17,18,46,91,95,80,8,
515	5	9	1.927	5,79,35,37,54,27,85,72,17,18,46,91,80,64,9,
515	5	10	2.364	5,79,35,37,85,72,99,31,38,83,48,88,24,87,53,89,68,67,28,10,
515	5	11	2.442	5,79,35,85,72,99,31,38,83,48,88,44,26,39,63,19,76,73,49,11,
515	5	12	2.465	5,79,35,37,54,27,85,72,99,83,38,48,88,44,26,39,63,19,76,21,12,
515	5	13	2.499	5,79,35,37,85,72,99,83,38,48,88,44,26,39,63,19,76,21,20,13,
515	5	14	2.461	5,79,35,37,85,72,99,31,83,48,38,23,94,55,51,60,36,84,57,14,
515	5	15	2.623	5,79,35,37,54,27,85,72,99,83,48,38,23,94,55,51,60,36,15,
515	6	7	1.594	6,29,27,54,37,85,72,17,18,46,91,95,62,65,7,
515	6	8	1.807	6,29,27,54,37,85,72,17,18,46,91,97,56,64,80,8,
515	6	9	1.899	6,27,54,37,85,72,17,18,46,91,97,61,56,64,9,
515	6	10	2.125	6,27,54,37,85,72,17,18,46,91,97,56,61,89,68,67,28,10,
515	6	11	2.285	6,27,54,37,85,72,99,83,48,88,44,26,39,63,19,76,73,49,11,
515	6	12	2.363	6,29,27,54,37,85,72,99,31,38,83,48,88,44,26,39,63,19,76,21,12,
515	6	13	2.406	6,27,54,37,85,72,99,83,38,48,88,44,26,39,63,19,76,21,20,13,
515	6	14	2.451	6,27,54,37,85,72,99,31,83,48,38,23,94,66,51,60,36,84,57,14,
515	6	15	2.558	6,27,54,37,85,72,99,83,48,38,23,55,94,66,75,45,60,36,15,
515	7	8	1.71	7,65,62,96,29,27,54,37,85,72,17,46,91,95,8,
515	7	9	1.873	7,65,29,27,54,37,85,72,17,18,46,91,97,56,9,
515	7	10	1.736	7,65,62,96,17,18,46,91,97,61,87,53,89,68,28,10,
515	7	11	2.287	7,65,62,96,17,18,46,91,97,56,67,28,68,89,53,71,47,34,73,49,11,
515	7	12	2.331	7,65,62,96,17,18,46,91,97,61,89,68,53,71,47,34,49,73,76,19,21,12,
515	7	13	2.361	7,65,62,96,17,18,46,91,97,61,89,53,71,47,34,73,76,19,21,20,13,
515	7	14	2.451	7,65,62,96,17,46,18,99,83,48,38,23,55,94,66,75,45,60,36,84,57,14,
515	7	15	2.534	7,65,62,96,91,46,18,17,99,31,83,48,38,23,94,55,51,60,36,15,
515	8	9	2.145	8,80,95,91,46,17,18,97,56,61,87,53,89,68,28,67,9,
515	8	10	2.02	8,95,91,46,18,99,83,38,48,88,24,87,89,68,28,10,
515	8	11	2.068	8,64,56,61,87,24,88,44,26,39,63,19,76,73,49,11,
515	8	12	2.348	8,80,64,56,61,87,24,48,83,38,23,55,94,66,75,63,19,76,21,12,
515	8	13	2.463	8,64,56,61,87,24,48,83,38,23,94,66,75,63,19,76,21,20,13,
515	8	14	2.338	8,80,64,56,61,87,24,88,48,83,38,23,94,55,51,60,36,84,57,14,
515	8	15	2.663	8,80,64,56,61,87,24,48,83,38,23,94,55,51,66,75,45,60,36,15,
515	9	10	2.139	9,64,80,95,91,46,17,18,97,56,61,87,53,68,28,10,
515	9	11	2.062	9,67,28,68,89,53,71,47,34,49,73,19,76,21,20,12,40,11,
515	9	12	2.304	9,67,28,68,89,53,87,24,88,66,44,26,39,63,19,76,21,20,12,
515	9	13	2.461	9,67,28,68,89,87,24,44,88,48,83,38,23,55,94,66,75,45,69,13,
515	9	14	2.325	9,67,68,89,53,87,24,88,48,83,38,23,94,55,51,60,36,84,57,14,
515	9	15	2.579	9,67,28,68,89,53,87,24,44,88,48,83,38,23,94,55,51,60,36,15,
515	10	11	1.967	10,28,67,68,89,53,87,24,88,44,26,71,47,34,73,49,11,
515	10	12	1.781	10,28,67,68,89,53,71,47,34,49,73,19,76,40,21,20,12,
515	10	13	2.142	10,28,68,89,53,87,24,48,83,38,23,55,94,66,75,45,69,13,
515	10	14	2.154	10,28,67,68,53,87,24,48,83,38,23,94,55,51,60,36,84,57,14,
515	10	15	2.327	10,28,67,68,89,53,87,24,88,48,83,38,23,94,55,51,60,36,15,
515	11	12	1.857	11,25,28,67,68,89,53,71,47,34,49,73,76,19,21,20,12,
515	11	13	2.23	11,49,73,76,19,39,26,44,66,75,45,60,36,84,57,22,13,
515	11	14	2.109	11,34,47,26,44,88,48,83,38,23,94,55,51,60,36,84,57,14,
515	11	15	2.427	11,49,73,76,19,63,39,26,44,88,48,83,38,94,55,51,60,36,15,
515	12	13	2.097	12,21,76,19,39,26,44,66,75,45,60,36,84,57,22,13,
515	12	14	1.973	12,21,76,19,39,26,44,88,66,75,45,60,36,84,57,14,
515	12	15	2.294	12,21,76,19,63,39,26,44,88,48,83,38,94,55,51,60,36,15,
515	13	14	2.055	13,20,21,76,19,39,26,44,66,75,45,60,36,84,57,14,
515	13	15	2.434	13,20,21,76,19,39,26,44,88,48,83,38,94,55,51,60,36,15,
515	14	15	2.391	14,57,84,36,60,45,75,66,44,88,94,23,55,32,33,15,
