39	0	1	2.212	0,80,81,88,20,53,93,89,85,56,39,73,28,25,48,76,1,
39	0	2	2.195	0,47,25,28,73,97,34,42,31,36,65,86,79,87,74,2,
39	0	3	2.323	0,80,47,25,28,73,34,36,65,86,19,78,52,45,72,60,21,3,
39	0	4	2.341	0,80,47,25,28,73,97,34,42,31,36,65,86,19,78,52,45,72,4,
39	0	5	2.706	0,80,47,48,87,79,86,65,36,31,42,50,55,62,99,35,37,66,51,5,
39	0	6	2.749	0,80,47,25,28,87,79,86,65,36,31,42,50,55,62,99,35,37,66,6,
39	0	7	2.883	0,80,47,25,28,73,97,34,31,42,50,57,33,16,64,82,70,38,84,75,83,7,
39	0	8	2.755	0,80,47,48,87,79,86,65,36,31,42,50,57,33,16,64,82,70,38,84,8,
39	0	9	2.699	0,80,47,76,48,87,79,86,65,36,31,42,50,57,33,16,64,82,70,44,9,
39	0	10	2.6	0,80,81,88,20,53,93,89,26,17,77,95,67,61,71,98,18,90,10,
39	0	11	2.357	0,80,81,88,20,53,93,58,49,92,41,29,95,67,61,71,98,18,11,
39	0	12	2.565	0,81,88,20,53,93,58,49,92,29,26,17,77,95,67,61,71,98,12,
39	0	13	2.436	0,80,47,25,28,73,39,56,85,81,88,20,53,93,58,49,92,29,41,13,
39	0	14	2.213	0,47,80,81,88,20,53,93,89,24,26,17,29,41,92,49,58,14,
39	0	15	2.152	0,47,25,28,73,39,24,26,17,29,92,49,58,53,20,15,
39	1	2	2.221	1,76,48,87,79,86,65,19,78,52,45,72,60,21,69,2,
39	1	3	2.01	1,76,48,74,87,79,86,65,19,78,52,45,72,60,3,
39	1	4	2.223	1,76,48,87,79,86,65,62,55,99,35,37,19,78,52,45,72,4,
39	1	5	2.395	1,76,48,74,87,79,86,65,36,31,42,50,55,62,99,35,37,51,5,
39	1	6	2.441	1,76,48,87,79,86,65,36,31,42,50,55,62,99,37,35,94,59,6,
39	1	7	2.598	1,76,48,87,79,86,65,36,31,42,50,55,62,99,37,35,94,59,27,7,
39	1	8	2.488	1,76,48,87,79,86,65,36,31,42,50,57,33,16,64,82,70,38,84,8,
39	1	9	2.507	1,76,48,87,79,86,65,36,31,42,50,57,33,16,64,82,70,38,84,44,9,
39	1	10	2.757	1,76,48,74,87,79,86,65,36,31,42,50,57,91,43,32,23,30,90,10,
39	1	11	2.46	1,76,47,80,81,88,20,53,93,89,26,17,77,95,67,61,71,98,18,11,
39	1	12	2.534	1,76,47,80,81,88,20,53,93,89,26,17,77,95,67,61,71,98,12,
39	1	13	2.48	1,76,47,25,28,73,39,56,85,81,88,20,53,93,89,58,49,92,41,13,
39	1	14	2.407	1,76,47,80,81,88,20,53,93,89,58,26,17,29,41,92,49,14,
39	1	15	2.228	1,48,87,79,86,65,36,31,42,34,97,39,56,85,20,15,
39	2	3	1.978	2,74,87,79,86,65,55,62,19,78,52,45,72,60,3,
39	2	4	2.118	2,74,87,79,86,65,62,55,99,35,37,19,78,52,45,72,4,
39	2	5	2.334	2,74,87,79,86,65,36,31,34,42,50,55,62,99,35,37,51,5,
39	2	6	2.438	2,74,87,79,86,65,36,31,42,50,55,62,99,37,35,68,94,59,6,
39	2	7	2.493	2,74,87,79,86,65,36,31,42,50,55,62,99,37,35,94,59,27,7,
39	2	8	2.511	2,74,87,79,86,65,36,31,42,50,57,33,16,64,82,70,38,84,75,8,
39	2	9	2.742	2,74,87,79,86,65,36,31,34,91,42,50,57,33,16,64,82,38,70,44,9,
39	2	10	2.819	2,74,87,79,86,65,36,31,42,50,57,33,16,64,82,70,38,84,44,90,10,
39	2	11	2.496	2,74,87,79,86,65,36,31,42,50,57,91,43,95,67,61,71,98,18,11,
39	2	12	2.57	2,74,87,79,86,65,36,31,42,50,57,91,43,95,67,61,71,98,12,
39	2	13	2.535	2,74,87,79,86,65,36,31,42,50,57,91,43,77,17,26,29,41,13,
39	2	14	2.425	2,74,87,79,86,65,36,34,97,39,56,85,88,20,53,93,58,14,
39	2	15	2.137	2,74,87,79,86,65,36,31,34,97,39,56,85,88,20,15,
39	3	4	2.124	3,21,60,72,45,52,78,19,62,55,99,35,37,66,51,4,
39	3	5	1.869	3,21,60,72,45,52,78,19,62,55,99,35,37,66,51,5,
39	3	6	2.249	3,21,60,72,45,52,78,19,62,55,99,37,35,68,94,27,59,6,
39	3	7	2.271	3,21,60,72,45,52,78,19,62,55,99,37,35,68,94,59,27,83,7,
39	3	8	2.449	3,60,72,45,52,78,19,62,55,50,57,33,16,64,82,70,38,84,8,
39	3	9	2.357	3,21,60,72,45,52,78,19,65,36,31,42,50,33,16,64,82,70,44,9,
39	3	10	2.632	3,21,60,72,45,52,78,19,62,55,65,36,31,42,50,57,32,23,30,90,10,
39	3	11	2.473	3,21,60,72,45,52,78,19,65,36,31,42,91,43,95,67,61,98,18,11,
39	3	12	2.581	3,21,60,72,45,52,78,19,62,55,50,42,91,43,95,67,61,71,98,12,
39	3	13	2.531	3,21,60,72,45,52,78,19,65,36,31,42,91,43,77,17,26,29,41,13,
39	3	14	2.453	3,21,60,72,45,52,78,96,79,87,28,56,85,88,20,53,58,14,
39	3	15	2.364	3,60,72,45,52,78,19,86,65,36,34,97,39,56,85,88,20,15,
39	4	5	1.947	4,72,45,52,78,19,62,55,99,37,35,68,94,66,51,5,
39	4	6	1.936	4,72,45,52,78,19,37,35,99,62,55,63,68,94,59,6,
39	4	7	2.234	4,72,45,52,78,19,37,35,99,62,55,63,68,94,59,27,83,7,
39	4	8	2.233	4,72,45,52,78,19,62,55,50,57,33,16,64,82,70,38,84,8,
39	4	9	2.274	4,72,45,52,78,96,86,65,31,42,50,57,33,16,64,82,70,44,9,
39	4	10	2.661	4,72,45,52,78,19,86,65,36,31,42,50,57,33,16,64,82,38,70,90,10,
39	4	11	2.347	4,72,45,52,78,19,86,65,36,31,42,91,43,95,67,61,71,98,18,11,
39	4	12	2.62	4,72,45,52,78,19,86,65,36,31,42,50,57,32,23,46,67,61,71,98,12,
39	4	13	2.605	4,72,45,52,78,19,62,55,50,42,31,34,97,39,24,26,17,29,92,41,13,
39	4	14	2.572	4,72,45,52,78,19,65,36,31,42,91,43,77,17,26,29,92,49,58,14,
39	4	15	2.311	4,72,45,52,78,19,86,65,36,31,42,34,97,39,56,85,88,20,15,
39	5	6	2.058	5,51,72,45,52,78,19,62,55,99,37,35,68,94,59,6,
39	5	7	2.113	5,51,72,45,52,78,19,62,55,99,37,35,94,59,27,7,
39	5	8	2.384	5,51,37,35,99,62,55,31,42,50,57,33,16,64,82,70,38,84,8,
39	5	9	2.396	5,51,37,35,99,55,62,65,36,31,42,50,57,33,16,64,82,70,44,9,
39	5	10	2.736	5,51,66,37,35,99,55,62,65,86,36,31,42,50,57,32,23,30,90,10,
39	5	11	2.461	5,51,37,35,99,55,62,65,36,31,42,91,43,95,67,61,71,98,18,11,
39	5	12	2.635	5,51,37,35,99,62,55,31,42,50,57,32,23,30,46,67,61,71,98,12,
39	5	13	2.735	5,51,37,35,99,55,62,65,36,31,42,50,57,91,43,77,17,26,29,41,13,
39	5	14	2.666	5,51,37,35,99,62,55,50,42,31,34,97,39,56,85,88,20,53,93,58,14,
39	5	15	2.667	5,51,37,35,99,55,50,42,91,43,77,17,26,89,93,53,20,88,81,15,
39	6	7	2.399	6,59,94,35,37,99,62,55,50,42,57,33,40,22,27,7,
39	6	8	2.364	6,66,35,37,99,62,55,50,57,32,23,64,82,38,84,8,
39	6	9	2.218	6,66,35,99,62,55,50,42,57,33,16,64,82,70,44,9,
39	6	10	2.676	6,59,94,68,35,37,99,55,62,65,36,31,42,50,57,32,23,30,90,10,
39	6	11	2.631	6,59,94,35,37,99,62,55,31,42,50,57,32,23,46,67,61,71,98,11,
39	6	12	2.727	6,59,94,35,99,62,55,31,42,50,57,32,23,30,46,67,61,71,98,12,
39	6	13	2.686	6,59,94,68,35,37,99,62,55,31,42,91,43,77,17,26,29,92,41,13,
39	6	14	2.782	6,59,94,35,37,99,62,55,50,42,34,97,39,56,85,88,20,53,93,58,14,
39	6	15	2.853	6,59,94,35,37,99,55,50,42,91,43,77,17,26,89,93,53,20,88,81,15,
39	7	8	2.409	7,27,22,40,63,50,42,57,33,16,64,82,70,38,84,8,
39	7	9	2.285	7,27,59,94,35,99,62,55,50,57,33,16,64,82,70,44,9,
39	7	10	2.256	7,27,83,75,84,38,70,82,64,16,33,32,23,30,90,10,
39	7	11	2.449	7,83,75,84,38,70,82,64,16,33,23,30,46,67,61,71,98,18,11,
39	7	12	2.644	7,27,83,75,84,38,70,82,64,16,33,23,30,46,67,61,71,98,12,
39	7	13	2.659	7,83,75,84,38,70,82,64,16,33,57,91,43,77,17,26,29,92,13,
39	7	14	2.845	7,27,59,94,35,99,62,55,50,42,34,97,39,56,85,88,20,53,93,58,14,
39	7	15	2.783	7,83,75,84,38,70,82,64,16,33,57,50,42,34,97,39,56,85,88,20,15,
39	8	9	2.356	8,75,84,38,70,82,64,16,33,57,32,23,30,90,44,9,
39	8	10	2.229	8,75,84,38,70,82,64,16,33,57,32,23,46,30,90,10,
39	8	11	2.171	8,84,38,70,82,64,16,33,32,23,30,46,67,61,98,18,11,
39	8	12	2.559	8,75,84,38,70,82,64,16,33,57,32,23,30,46,67,61,98,71,12,
39	8	13	2.511	8,75,84,38,70,82,64,16,33,57,91,43,77,17,26,29,92,41,13,
39	8	14	2.555	8,84,38,70,82,64,16,33,57,91,43,77,17,26,29,92,49,58,14,
39	8	15	2.65	8,84,38,70,82,64,16,33,57,50,42,31,34,97,39,56,85,81,88,20,15,
39	9	10	2.207	9,44,70,38,84,82,64,16,33,50,57,32,23,30,90,10,
39	9	11	1.983	9,44,38,84,82,64,16,23,30,46,67,61,71,98,18,11,
39	9	12	2.301	9,44,70,38,84,82,64,16,33,57,32,23,46,67,61,71,98,12,
39	9	13	2.399	9,44,70,38,84,82,64,16,33,57,91,43,77,17,26,29,92,41,13,
39	9	14	2.479	9,44,70,38,82,64,16,33,57,91,43,77,17,26,29,92,49,58,14,
39	9	15	2.52	9,44,70,82,64,16,33,57,50,42,91,43,77,17,26,89,93,53,20,15,
39	10	11	2.268	10,90,30,23,32,57,42,91,43,95,67,61,71,98,18,11,
39	10	12	2.313	10,90,30,46,61,67,95,77,17,26,29,92,41,54,12,
39	10	13	2.19	10,90,30,46,61,98,71,67,95,77,17,26,29,41,13,
39	10	14	2.18	10,90,30,46,61,67,95,77,17,26,89,93,53,58,14,
39	10	15	2.594	10,90,30,46,61,67,95,17,26,29,92,49,58,93,53,20,88,81,15,
39	11	12	2.111	11,18,98,71,61,67,95,17,26,58,49,92,29,54,12,
39	11	13	1.959	11,18,98,71,61,67,95,17,26,89,93,58,49,92,41,13,
39	11	14	1.819	11,18,98,71,61,67,95,77,17,26,29,92,49,58,14,
39	11	15	2.331	11,18,98,61,67,95,77,17,26,29,92,49,58,93,53,20,88,81,15,
39	12	13	2.096	12,98,71,61,67,95,77,17,26,58,49,92,29,41,13,
39	12	14	2.022	12,98,71,61,67,95,77,17,26,29,41,92,49,58,14,
39	12	15	2.332	12,98,71,61,67,95,77,17,26,29,92,49,58,93,53,20,88,15,
39	13	14	1.931	13,41,29,17,26,24,39,56,85,88,20,53,93,89,58,14,
39	13	15	2.328	13,92,49,58,93,53,20,88,85,56,39,73,28,25,47,80,81,15,
39	14	15	2.128	14,58,89,93,53,20,88,85,56,39,73,28,25,47,80,81,15,
