195	0	2	1.959	0,19,81,88,41,53,73,34,33,16,61,29,69,85,2,
195	0	3	2.212	0,19,81,88,41,53,73,34,33,61,16,35,59,94,28,40,23,3,
195	0	1	1.991	0,19,81,88,41,53,73,34,61,16,59,35,29,70,1,
195	0	7	2.512	0,19,81,88,41,53,73,34,33,50,74,17,24,32,56,68,27,75,98,7,
195	0	6	2.526	0,19,81,88,41,53,73,34,33,50,74,17,24,65,32,56,68,27,52,83,6,
195	0	5	2.62	0,19,81,88,41,53,73,34,33,50,74,17,24,65,32,56,68,27,52,5,
195	0	8	2.489	0,81,19,53,73,34,50,74,17,24,32,71,21,20,22,45,44,93,84,8,
195	0	9	2.537	0,19,81,88,41,53,73,34,33,50,74,17,24,32,71,21,20,22,45,44,9,
195	0	10	2.478	0,19,81,88,41,42,37,92,46,26,62,77,57,58,30,43,91,96,72,10,
195	0	11	2.289	0,19,81,88,31,79,25,54,60,64,92,46,26,62,77,57,58,30,43,11,
195	0	4	2.437	0,19,81,88,41,53,73,34,33,61,16,35,59,82,94,28,40,23,4,
195	1	2	1.891	1,70,29,61,16,35,59,82,94,28,40,23,47,39,85,2,
195	0	14	2.013	0,19,81,88,41,53,73,42,37,90,31,79,25,54,60,14,
195	1	3	2.141	1,70,29,69,85,39,47,95,35,16,59,82,94,28,40,23,3,
195	0	13	1.951	0,19,81,88,31,79,25,54,64,92,46,26,62,77,57,51,13,
195	1	4	2.44	1,70,29,35,59,16,61,33,50,74,17,24,65,32,56,68,97,4,
195	0	15	2.13	0,19,81,88,41,42,37,78,46,92,64,54,25,79,15,
195	1	8	2.462	1,70,61,16,33,50,74,17,24,65,32,71,21,20,22,45,44,93,84,8,
195	1	6	2.387	1,69,29,35,59,16,61,33,50,74,17,24,32,56,68,27,52,83,6,
195	1	5	2.512	1,70,29,35,59,16,61,33,50,74,17,24,65,32,56,68,27,52,5,
195	1	7	2.503	1,69,29,35,59,16,61,33,50,74,17,24,65,32,56,68,27,75,98,7,
195	0	12	2.258	0,19,81,88,31,79,25,54,60,64,92,46,26,62,77,57,58,30,12,
195	2	4	1.963	2,85,39,69,70,29,35,16,59,82,94,28,40,23,4,
195	2	5	2.158	2,85,69,29,61,16,59,35,95,47,94,28,23,40,97,5,
195	2	3	1.695	2,85,69,29,70,61,16,35,59,82,94,28,40,23,3,
195	1	13	2.285	1,70,29,35,59,16,61,34,73,42,37,92,46,26,62,77,57,51,13,
195	1	14	2.347	1,70,29,35,59,16,61,34,73,53,41,19,81,88,31,79,25,54,14,
195	2	6	2.268	2,85,39,95,35,59,16,61,33,50,74,17,24,32,56,27,52,83,6,
195	1	10	2.496	1,48,19,81,88,31,64,92,46,26,62,77,57,58,30,43,96,72,10,
195	1	12	2.361	1,70,29,35,59,16,61,34,73,42,37,92,46,26,62,77,57,58,12,
195	1	11	2.439	1,48,19,81,88,31,79,25,54,64,92,46,26,62,77,57,58,30,43,11,
195	1	15	2.041	1,70,29,35,59,16,61,34,73,53,41,19,81,88,15,
195	1	9	2.649	1,69,70,29,35,59,16,61,33,50,74,17,24,65,32,71,21,20,22,45,44,9,
195	3	4	2.218	3,23,40,28,94,82,74,17,24,65,32,56,27,68,97,4,
195	3	5	2.184	3,23,40,28,94,82,74,17,24,65,32,56,68,27,52,5,
195	2	13	2.268	2,85,39,95,35,59,16,61,34,73,42,37,92,46,26,62,77,57,51,13,
195	2	8	2.42	2,85,39,95,35,59,33,50,74,17,24,32,21,20,22,45,44,93,84,8,
195	2	14	2.372	2,85,69,29,35,59,16,61,34,73,53,41,19,81,88,31,79,25,54,14,
195	2	7	2.323	2,85,69,29,35,59,16,33,50,74,17,24,65,56,68,27,75,98,7,
195	2	10	2.58	2,85,39,95,35,16,33,50,74,17,24,32,21,20,22,45,44,66,86,10,
195	2	11	2.395	2,85,69,29,61,34,73,42,37,92,46,26,62,77,57,58,30,43,11,
195	2	12	2.451	2,85,69,29,35,59,16,61,33,34,73,53,42,37,92,46,26,62,77,57,12,
195	2	9	2.434	2,85,69,29,35,59,16,33,50,74,17,24,65,32,71,21,20,22,45,44,9,
195	2	15	2.283	2,85,39,69,29,35,59,16,61,33,34,73,53,41,19,81,88,15,
195	3	7	2.055	3,23,40,28,94,82,74,17,24,65,56,68,27,75,98,7,
195	3	6	2.004	3,23,40,28,94,82,74,17,24,65,56,68,27,52,83,6,
195	4	5	2.313	4,23,40,28,94,82,74,17,24,65,32,56,68,27,52,5,
195	3	14	2.348	3,23,40,28,94,47,95,35,59,16,61,19,81,88,31,79,25,54,60,14,
195	3	8	2.292	3,23,40,28,94,82,74,17,24,32,71,21,20,22,45,44,93,84,8,
195	3	13	2.388	3,23,40,28,94,82,59,35,16,61,34,73,42,37,92,46,77,62,51,13,
195	3	10	2.505	3,23,40,28,94,82,74,17,24,65,32,71,21,20,22,45,44,66,86,10,
195	3	12	2.465	3,23,40,28,94,59,35,16,61,53,42,37,92,46,26,62,77,57,58,12,
195	3	11	2.493	3,23,40,28,94,82,33,34,73,42,37,92,46,26,62,77,57,58,30,11,
195	3	9	2.49	3,23,40,28,94,59,35,16,33,50,74,17,24,32,71,21,20,22,45,44,9,
195	3	15	2.358	3,23,40,28,94,82,59,35,16,61,33,34,73,53,41,19,81,88,15,
195	5	6	2.522	5,4,23,40,28,94,82,74,17,24,65,56,68,27,52,83,6,
195	4	7	2.157	4,40,28,94,82,74,17,24,32,56,68,27,75,98,7,
195	4	6	2.133	4,23,40,28,94,82,74,17,24,65,56,68,27,52,83,6,
195	4	8	2.373	4,40,28,94,82,74,17,24,32,71,21,20,22,45,44,93,84,8,
195	4	10	2.569	4,23,40,28,94,82,74,17,24,32,71,21,20,22,45,44,66,86,10,
195	4	14	2.571	4,23,40,28,94,59,35,16,61,33,50,34,73,53,41,88,31,79,25,54,14,
195	4	12	2.517	4,23,40,28,94,59,35,16,33,34,73,42,37,92,46,26,62,77,57,12,
195	4	13	2.55	4,23,40,28,94,59,35,16,33,34,73,42,37,92,46,26,62,77,57,51,13,
195	4	9	2.544	4,23,40,28,94,82,33,50,74,17,24,65,32,71,21,20,22,45,44,9,
195	4	11	2.574	4,40,28,94,82,33,34,73,42,37,92,46,26,62,77,57,58,30,11,
195	4	15	2.639	4,23,40,28,94,82,59,35,16,61,33,50,34,73,53,41,19,81,88,15,
195	6	7	2.273	6,83,52,27,68,56,65,24,32,71,21,20,99,75,98,7,
195	5	7	2.451	5,52,27,56,65,74,17,24,32,71,21,20,99,75,98,7,
195	5	8	2.292	5,83,52,27,68,56,32,71,21,20,22,45,44,93,84,8,
195	6	8	2.083	6,83,52,27,68,56,32,71,21,20,22,45,44,93,84,8,
195	5	13	2.624	5,52,27,56,32,24,17,74,50,34,73,42,37,92,46,26,77,62,51,13,
195	5	10	2.718	5,52,27,68,56,65,74,17,24,32,71,21,20,22,45,44,66,86,10,
195	5	14	2.633	5,52,27,68,56,32,24,17,74,50,33,34,73,53,41,88,31,79,25,54,14,
195	5	9	2.6	5,97,40,23,28,94,82,74,17,24,65,32,71,21,20,22,45,44,9,
195	5	12	2.692	5,52,27,56,32,24,17,74,50,34,73,42,37,92,46,26,62,77,57,12,
195	5	11	2.81	5,97,28,94,82,33,34,73,42,37,92,46,26,62,77,57,58,30,11,
195	5	15	2.847	5,83,52,27,68,56,32,65,24,17,74,50,33,34,73,53,41,88,31,79,25,15,
195	7	8	2.109	7,75,27,68,56,32,71,21,20,22,45,44,93,84,8,
195	6	9	2.133	6,83,52,27,68,56,65,24,32,71,21,20,22,45,44,9,
195	7	9	2.095	7,98,75,99,27,68,56,32,71,21,20,22,45,44,9,
195	7	10	2.536	7,98,75,27,56,32,71,21,20,22,45,93,44,66,36,38,72,10,
195	6	10	2.496	6,83,52,27,68,56,65,24,32,71,21,20,22,45,44,66,36,38,10,
195	6	13	2.492	6,83,52,27,56,32,24,17,74,50,34,73,42,37,92,46,77,62,51,13,
195	7	11	2.592	7,18,89,84,93,44,45,36,87,63,76,80,77,62,57,58,30,11,
195	6	12	2.535	6,83,52,27,56,65,17,74,50,34,73,42,37,92,46,26,62,77,57,12,
195	6	11	2.658	6,83,52,27,56,32,24,17,74,50,34,73,42,37,78,63,76,43,11,
195	6	14	2.481	6,83,52,27,68,56,32,65,24,17,74,50,33,34,73,53,41,31,79,25,54,14,
195	6	15	2.758	6,83,52,27,68,56,65,24,17,74,50,33,34,73,53,41,19,81,88,31,79,15,
195	8	9	2.129	8,18,98,75,27,68,56,32,71,21,20,22,45,44,9,
195	8	10	2.171	8,84,93,44,45,22,20,21,71,87,36,66,86,38,72,10,
195	7	13	2.367	7,18,89,84,93,44,45,66,36,38,72,96,43,30,58,57,77,62,51,13,
195	8	14	2.341	8,84,93,44,45,66,36,87,63,76,80,57,77,62,26,46,92,64,60,14,
195	8	13	2.123	8,84,93,44,45,36,66,86,38,72,96,43,30,58,57,77,62,51,13,
195	7	12	2.535	7,18,89,84,93,44,45,36,38,72,96,43,30,58,57,77,62,51,12,
195	8	12	2.399	8,89,84,93,44,45,66,36,38,72,96,91,43,30,58,57,77,62,51,12,
195	8	11	2.438	8,84,93,44,45,22,20,21,71,49,63,76,80,77,57,58,30,11,
195	7	14	2.467	7,98,75,27,68,56,32,24,17,74,50,33,34,73,53,41,31,79,25,54,14,
195	8	15	2.5	8,84,93,44,45,22,20,21,71,32,24,17,74,50,33,34,73,53,41,88,15,
195	7	15	2.689	7,98,75,27,68,56,32,65,24,17,74,50,33,34,73,53,41,88,31,79,25,15,
195	10	13	1.916	10,38,72,96,91,87,63,76,43,30,58,57,77,62,51,13,
195	10	12	2.126	10,38,72,96,91,87,63,76,43,30,58,57,77,62,51,12,
195	9	10	2.231	9,44,45,22,20,21,71,49,63,76,58,30,43,96,72,10,
195	9	11	2.046	9,44,45,36,87,63,76,80,77,62,57,58,30,43,11,
195	10	11	2.266	10,38,36,66,44,45,22,20,21,71,49,63,76,58,30,11,
195	9	12	2.335	9,44,45,22,20,21,71,49,63,76,80,77,62,57,58,30,12,
195	9	13	2.209	9,84,93,44,45,36,66,86,38,72,96,43,30,58,57,77,62,51,13,
195	9	14	2.239	9,86,66,36,38,72,96,91,43,30,58,57,77,62,26,46,92,64,54,14,
195	10	14	2.348	10,72,96,91,43,30,58,57,77,62,26,46,92,37,42,90,64,54,60,14,
195	10	15	2.243	10,72,96,91,43,30,58,57,77,62,26,46,92,64,60,54,25,79,31,15,
195	9	15	2.355	9,86,66,36,38,72,96,43,30,58,57,77,62,26,46,92,64,54,25,15,
195	12	13	1.971	12,30,58,57,77,62,26,46,92,64,31,79,25,54,60,13,
195	11	13	1.962	11,30,58,57,77,62,26,46,92,64,31,79,25,54,60,13,
195	11	12	2.275	11,43,30,58,57,62,77,46,92,37,42,90,64,26,51,12,
195	12	14	1.715	12,30,58,57,77,62,26,46,92,64,31,79,25,54,60,14,
195	13	14	1.78	13,51,57,62,77,26,46,92,37,42,90,31,79,25,54,14,
195	14	15	2.074	14,60,54,25,79,31,64,92,46,78,37,42,53,41,88,15,
195	11	14	2.079	11,43,30,58,57,77,62,26,46,92,37,42,90,64,31,79,25,54,14,
195	13	15	2.064	13,51,57,77,62,26,46,92,78,37,42,90,31,79,54,25,15,
195	12	15	2.1	12,58,30,43,76,63,80,57,77,62,26,46,92,64,54,25,79,15,
195	11	15	2.325	11,43,30,58,57,77,62,26,46,92,37,42,73,53,41,19,81,15,
