110	0	1	2.141	0,81,52,97,71,26,86,76,41,98,84,32,60,66,1,
110	0	2	1.976	0,81,52,97,71,26,86,84,98,41,75,63,40,78,47,2,
110	0	3	1.737	0,81,52,97,71,26,86,84,98,41,75,63,39,21,3,
110	0	4	2.069	0,81,72,52,97,71,26,86,48,76,84,98,41,75,63,39,38,4,
110	0	5	2.349	0,81,72,52,97,71,26,86,48,79,17,24,35,16,70,30,90,29,25,5,
110	0	6	2.519	0,81,52,58,66,60,32,97,71,26,86,48,79,17,24,35,16,70,30,90,29,6,
110	0	7	2.524	0,81,72,52,97,71,26,86,48,79,35,24,17,69,37,89,92,49,31,50,7,
110	0	8	2.381	0,81,52,97,71,26,86,48,79,35,24,17,69,37,89,92,49,31,8,
110	0	9	2.479	0,81,72,52,97,71,26,86,48,79,35,24,17,69,37,89,59,94,43,9,
110	0	10	2.558	0,81,52,97,71,26,86,48,79,35,24,17,69,37,89,59,67,51,91,10,
110	0	11	2.451	0,81,52,72,46,73,23,87,22,74,27,55,88,53,85,54,45,93,11,
110	0	12	2.51	0,81,52,72,46,73,23,87,22,74,27,55,88,53,85,36,68,12,
110	0	13	2.178	0,81,72,52,58,66,60,32,71,26,95,33,87,74,77,42,13,
110	0	14	1.949	0,81,52,58,66,60,32,71,26,95,33,87,74,22,28,14,
110	0	15	1.921	0,81,52,58,66,60,32,97,71,26,95,33,23,46,73,15,
110	1	2	1.932	1,58,66,60,32,71,26,86,84,41,75,63,98,78,47,2,
110	1	3	1.759	1,58,66,60,32,84,98,41,75,63,39,99,38,80,21,3,
110	1	4	1.783	1,58,66,60,32,26,86,84,98,41,63,75,99,38,4,
110	1	5	1.99	1,58,66,60,32,84,98,41,75,63,39,99,38,96,18,5,
110	1	6	2.37	1,58,66,60,32,97,71,26,86,48,79,17,24,35,16,70,30,90,25,29,6,
110	1	7	2.44	1,66,60,32,71,26,86,48,79,35,24,17,69,37,89,92,49,31,50,7,
110	1	8	2.52	1,58,66,60,32,97,71,26,86,48,79,35,24,17,69,37,89,92,49,31,8,
110	1	9	2.604	1,58,66,60,32,71,26,86,48,79,35,16,24,17,69,37,89,59,94,43,9,
110	1	10	2.646	1,58,66,60,32,71,26,86,48,79,35,24,17,69,37,89,59,67,51,91,10,
110	1	11	2.654	1,58,66,60,32,97,71,26,86,48,79,62,19,88,53,85,54,45,93,11,
110	1	12	2.611	1,58,66,60,32,97,71,26,86,48,62,34,20,19,53,88,36,68,12,
110	1	13	2.393	1,58,66,60,32,26,71,97,52,72,46,73,87,74,22,28,77,42,13,
110	1	14	2.006	1,66,60,32,26,71,97,52,72,46,73,87,74,22,28,14,
110	1	15	2.199	1,58,66,60,32,26,71,95,33,27,74,87,23,46,73,15,
110	2	3	1.821	2,47,78,98,84,76,75,41,63,39,99,38,80,21,40,3,
110	2	4	1.753	2,47,78,84,98,41,75,63,40,21,80,39,99,38,96,4,
110	2	5	1.893	2,47,78,98,41,75,63,39,38,99,65,70,30,90,29,25,5,
110	2	6	2.203	2,47,78,98,63,75,41,76,79,17,24,35,16,70,30,90,25,29,6,
110	2	7	2.363	2,47,78,98,63,41,76,79,35,24,17,69,37,89,92,49,31,50,7,
110	2	8	2.426	2,47,78,98,63,75,41,76,35,24,17,57,82,69,37,89,92,49,31,8,
110	2	9	2.546	2,47,78,98,63,75,41,76,79,35,24,17,57,82,69,37,89,59,94,43,9,
110	2	10	2.603	2,47,78,98,63,75,41,76,35,24,17,57,82,69,37,89,59,67,51,91,10,
110	2	11	2.582	2,47,78,98,63,75,41,76,35,24,17,69,37,83,20,85,54,45,93,11,
110	2	12	2.549	2,47,78,98,84,76,35,24,17,69,37,83,20,53,88,36,68,12,
110	2	13	2.491	2,47,78,60,32,26,71,97,52,72,46,23,87,74,22,28,77,42,13,
110	2	14	2.428	2,78,47,66,60,32,26,71,97,52,72,46,73,23,87,74,22,28,14,
110	2	15	1.999	2,47,78,98,41,84,86,26,71,97,52,72,46,73,15,
110	3	4	1.884	3,40,63,75,41,98,84,76,35,24,16,65,99,38,4,
110	3	5	1.778	3,40,98,41,75,63,39,38,99,65,70,30,90,29,25,5,
110	3	6	1.757	3,40,98,41,75,63,39,38,99,65,70,30,90,25,29,6,
110	3	7	2.17	3,21,80,39,63,75,41,76,35,24,17,69,37,89,92,49,31,50,7,
110	3	8	2.276	3,21,39,63,75,41,98,84,76,35,24,17,69,37,89,92,49,31,8,
110	3	9	2.427	3,21,80,38,39,63,75,41,98,84,76,35,24,17,69,37,89,59,94,43,9,
110	3	10	2.496	3,21,80,39,63,75,41,98,84,76,35,24,17,69,37,89,59,67,51,91,10,
110	3	11	2.606	3,21,80,39,63,75,41,98,84,76,35,24,17,69,37,83,20,85,45,93,11,
110	3	12	2.577	3,21,39,63,75,41,76,35,24,17,69,37,83,20,34,19,53,88,36,68,12,
110	3	13	2.425	3,21,80,39,63,75,41,98,84,86,48,95,33,87,74,22,77,42,13,
110	3	14	2.307	3,21,80,38,99,75,63,41,98,84,86,48,95,33,87,74,22,28,14,
110	3	15	2.13	3,21,39,99,75,63,41,98,84,86,26,71,97,52,72,46,73,15,
110	4	5	1.86	4,38,39,63,75,41,76,35,24,16,70,30,90,29,25,5,
110	4	6	1.812	4,96,38,39,63,98,41,75,99,65,70,30,25,29,44,6,
110	4	7	2.105	4,38,99,75,63,41,76,35,24,17,69,89,92,49,31,50,7,
110	4	8	2.166	4,38,99,39,63,75,41,76,35,24,17,69,37,89,92,49,31,8,
110	4	9	2.332	4,38,99,75,63,41,98,84,76,35,24,17,69,37,89,92,94,43,9,
110	4	10	2.448	4,38,39,63,75,41,98,84,76,35,24,17,69,37,89,59,67,51,91,10,
110	4	11	2.514	4,38,99,39,63,75,41,76,35,24,17,69,37,83,20,85,54,45,93,11,
110	4	12	2.572	4,38,39,63,75,41,76,35,24,17,69,37,83,20,34,19,53,88,36,68,12,
110	4	13	2.547	4,38,99,39,63,75,41,98,84,32,97,71,26,95,33,87,74,77,42,13,
110	4	14	2.475	4,96,38,99,39,63,75,41,98,84,32,97,71,26,95,33,87,74,22,28,14,
110	4	15	2.293	4,96,38,99,75,63,41,98,84,76,48,86,26,71,97,52,72,46,73,15,
110	5	6	2.06	5,18,99,39,63,75,41,76,35,24,16,70,30,90,29,6,
110	5	7	1.981	5,25,30,70,16,35,24,17,69,37,89,92,49,31,50,7,
110	5	8	2.02	5,25,29,90,30,16,35,24,17,69,37,89,92,49,31,8,
110	5	9	2.069	5,25,29,90,30,70,16,35,24,17,69,37,89,59,94,43,9,
110	5	10	2.437	5,25,29,90,30,70,16,35,24,17,57,82,69,37,89,59,67,51,91,10,
110	5	11	2.481	5,25,29,90,30,70,16,35,24,17,69,37,89,59,67,56,54,45,93,11,
110	5	12	2.686	5,25,90,30,70,16,35,24,17,57,82,69,37,83,20,34,19,53,88,36,68,12,
110	5	13	2.591	5,25,30,16,35,24,17,69,37,83,20,34,19,53,88,55,27,77,42,13,
110	5	14	2.532	5,25,30,70,16,35,24,17,69,37,83,20,53,88,55,27,74,22,28,14,
110	5	15	2.507	5,25,29,90,30,70,16,35,24,17,79,48,86,26,71,97,52,72,46,73,15,
110	6	7	1.959	6,29,25,30,16,35,24,17,69,89,92,49,31,50,7,
110	6	8	1.973	6,29,90,30,70,16,35,24,17,69,37,89,92,49,31,8,
110	6	9	2.048	6,29,25,90,30,70,16,35,24,17,69,37,89,59,94,43,9,
110	6	10	2.224	6,29,25,90,30,70,16,35,24,17,69,37,89,59,67,51,91,10,
110	6	11	2.436	6,29,25,30,70,16,35,24,17,69,37,83,34,20,85,54,45,93,11,
110	6	12	2.589	6,44,29,25,30,70,16,35,24,17,69,37,83,20,34,19,53,88,36,68,12,
110	6	13	2.575	6,29,90,30,70,16,35,24,17,69,37,83,20,53,88,55,27,77,42,13,
110	6	14	2.57	6,29,90,30,70,16,35,24,17,69,37,83,20,53,88,55,27,74,22,28,14,
110	6	15	2.423	6,29,25,30,70,16,35,24,17,79,48,86,26,71,97,52,72,46,73,15,
110	7	8	2.21	7,44,29,90,30,16,35,24,17,69,37,89,92,49,31,8,
110	7	9	2.173	7,50,31,49,92,59,89,69,37,83,20,67,51,91,64,9,
110	7	10	2.357	7,50,31,49,92,59,89,82,69,37,83,20,67,51,91,64,10,
110	7	11	2.366	7,50,31,49,92,89,69,37,83,20,34,19,88,53,85,54,45,93,11,
110	7	12	2.467	7,50,31,49,92,59,89,82,69,37,83,20,34,19,53,88,36,68,12,
110	7	13	2.431	7,50,31,49,92,89,69,37,83,20,34,19,53,88,55,27,77,42,13,
110	7	14	2.513	7,50,31,49,92,89,69,37,83,20,34,19,53,88,55,27,74,87,22,28,14,
110	7	15	2.569	7,50,31,49,92,89,69,61,79,48,86,26,71,97,52,72,46,73,15,
110	8	9	2.268	8,31,49,92,59,89,82,69,37,83,20,67,51,91,64,9,
110	8	10	2.412	8,31,49,92,89,69,37,83,20,34,19,88,53,85,54,56,10,
110	8	11	2.259	8,31,49,92,89,69,37,83,20,34,19,88,53,85,45,93,11,
110	8	12	2.421	8,31,49,92,59,89,82,69,37,83,20,34,19,53,88,36,68,12,
110	8	13	2.371	8,31,49,92,89,69,37,83,20,34,19,53,88,55,27,42,13,
110	8	14	2.483	8,31,49,92,59,89,69,37,83,20,34,19,53,88,55,27,74,22,28,14,
110	8	15	2.502	8,92,89,69,17,24,35,79,48,86,26,71,97,52,72,46,73,15,
110	9	10	2.42	9,43,94,59,89,69,37,83,20,34,19,53,88,85,54,56,10,
110	9	11	2.265	9,43,94,59,89,69,37,83,20,34,19,53,85,54,45,93,11,
110	9	12	2.522	9,64,51,67,59,89,82,69,37,83,20,34,19,53,88,36,68,12,
110	9	13	2.567	9,43,94,92,89,69,37,83,20,34,19,53,88,55,27,74,77,42,13,
110	9	14	2.538	9,43,94,92,59,89,69,37,83,20,34,19,53,88,55,27,74,22,28,14,
110	9	15	2.578	9,43,94,59,89,69,17,24,79,48,86,26,71,97,52,72,46,73,15,
110	10	11	2.332	10,91,67,59,89,83,20,34,19,88,53,85,54,45,93,11,
110	10	12	2.354	10,91,51,67,59,89,69,37,83,20,34,19,53,88,36,68,12,
110	10	13	2.544	10,64,91,56,54,93,45,85,53,88,55,27,74,22,28,77,42,13,
110	10	14	2.512	10,91,51,67,59,89,37,83,20,34,19,53,88,55,27,74,22,28,14,
110	10	15	2.709	10,91,67,59,89,69,17,24,79,48,86,26,71,97,52,72,46,73,15,
110	11	12	2.305	11,93,45,54,85,53,88,55,27,74,22,77,42,36,68,12,
110	11	13	1.967	11,93,45,54,85,53,88,55,27,74,87,22,28,77,42,13,
110	11	14	2.18	11,93,45,54,56,67,85,53,88,55,27,74,87,22,28,14,
110	11	15	2.669	11,93,45,54,85,53,88,55,33,95,26,71,97,58,52,72,73,15,
110	12	13	2.18	12,45,93,54,85,53,88,55,27,74,87,22,28,77,42,13,
110	12	14	2.119	12,68,36,45,93,54,85,53,88,55,27,74,87,22,28,14,
110	12	15	2.362	12,68,36,85,53,88,55,27,74,22,87,23,72,46,73,15,
110	13	14	2.289	13,36,68,45,93,54,85,53,88,55,27,74,87,22,28,14,
110	13	15	2.205	13,42,77,28,22,74,87,33,95,26,71,97,52,72,46,73,15,
110	14	15	2.052	14,28,22,74,87,33,95,26,71,97,52,81,72,46,73,15,
