346	0	1	2.37	0,86,34,88,70,73,57,28,81,84,27,80,26,43,44,74,1,
346	0	2	2.263	0,86,34,88,70,90,17,73,57,28,81,84,27,80,26,43,2,
346	0	3	2.037	0,86,34,88,70,90,17,73,57,28,81,84,27,80,71,51,3,
346	0	4	2.365	0,86,34,88,70,90,73,76,16,68,41,87,32,98,30,93,48,82,4,
346	0	5	2.218	0,86,34,88,70,90,17,73,76,16,68,41,87,32,98,30,93,60,63,5,
346	0	6	2.335	0,86,34,88,70,90,17,73,76,16,68,41,87,32,98,30,93,60,92,6,
346	0	7	2.467	0,86,34,90,17,73,76,16,68,41,87,32,98,30,93,45,79,56,96,7,
346	0	8	2.618	0,86,34,88,70,90,17,73,76,16,68,41,87,32,55,64,78,46,89,8,
346	0	9	2.676	0,86,34,88,70,90,17,67,22,83,99,49,19,52,53,42,77,35,85,62,9,
346	0	10	2.389	0,86,34,88,70,90,17,67,36,19,52,49,24,37,58,61,95,20,66,10,
346	0	11	2.178	0,86,34,88,70,90,17,67,36,22,83,99,19,52,49,24,37,58,61,95,11,
346	0	12	2.055	0,86,34,88,70,90,17,67,36,22,83,99,31,39,75,97,65,18,12,
346	0	13	1.998	0,86,34,88,70,90,73,17,67,36,22,83,99,31,75,39,13,
346	0	14	1.923	0,86,34,88,70,90,73,17,67,36,22,83,91,59,38,14,
346	0	15	2.155	0,86,34,88,70,90,73,17,67,36,22,83,91,59,38,15,
346	1	2	2.473	1,86,34,88,70,90,17,73,57,28,81,84,27,80,26,43,2,
346	1	3	2.247	1,86,34,88,70,90,17,73,57,28,81,84,27,80,71,51,3,
346	1	4	2.221	1,74,44,43,26,80,27,84,50,87,32,98,30,48,82,4,
346	1	5	2.245	1,74,44,43,26,80,27,84,50,87,32,98,30,93,45,92,60,63,5,
346	1	6	2.48	1,74,40,43,26,80,27,84,81,68,41,87,32,98,30,93,45,79,56,6,
346	1	7	2.615	1,74,40,44,43,26,80,27,84,50,87,55,32,98,30,93,45,79,56,96,7,
346	1	8	2.795	1,74,40,44,43,26,80,27,84,81,68,41,87,32,55,64,78,46,89,8,
346	1	9	2.753	1,74,44,43,26,80,27,84,50,87,32,55,64,46,78,21,35,85,62,9,
346	1	10	2.599	1,88,70,90,17,67,36,83,99,19,52,49,24,37,58,61,95,20,66,10,
346	1	11	2.388	1,86,34,88,70,90,17,67,36,22,83,99,19,52,49,24,37,58,61,95,11,
346	1	12	2.376	1,86,34,88,70,90,17,67,36,22,83,99,19,52,49,24,37,65,18,12,
346	1	13	2.366	1,88,70,90,17,67,22,83,99,19,52,49,24,37,65,97,75,39,13,
346	1	14	2.133	1,86,34,88,70,90,73,17,67,36,22,83,91,59,38,14,
346	1	15	2.365	1,86,34,88,70,90,73,17,67,36,22,83,91,59,38,15,
346	2	3	2.283	2,43,26,80,27,50,87,32,98,30,93,48,82,71,51,3,
346	2	4	2.118	2,40,43,26,80,27,84,50,87,32,98,30,93,48,82,4,
346	2	5	1.917	2,40,74,44,43,26,80,27,84,50,98,30,93,60,63,5,
346	2	6	2.237	2,40,74,44,43,26,80,27,84,50,87,32,98,30,93,45,79,56,6,
346	2	7	2.525	2,40,44,43,26,80,27,84,81,68,41,87,32,98,30,93,45,79,56,96,7,
346	2	8	2.659	2,40,74,44,43,26,80,27,84,50,87,32,55,29,64,78,46,89,8,
346	2	9	2.603	2,40,44,43,26,80,27,84,50,87,32,55,64,78,21,35,85,62,9,
346	2	10	2.603	2,40,43,26,80,27,84,50,87,32,55,64,78,21,35,85,62,72,66,10,
346	2	11	2.344	2,40,74,70,90,17,67,22,83,99,19,52,49,24,37,58,61,95,11,
346	2	12	2.559	2,40,74,88,70,90,17,67,36,22,83,99,19,52,49,24,37,58,25,18,12,
346	2	13	2.548	2,40,74,70,90,17,67,36,22,83,99,49,24,37,65,97,75,39,13,
346	2	14	2.714	2,40,74,70,88,90,17,67,22,36,19,52,49,99,83,91,59,38,14,
346	2	15	2.357	2,40,44,43,28,57,76,73,17,90,70,88,86,34,69,94,15,
346	3	4	1.932	3,51,71,26,80,27,84,50,87,32,98,30,93,48,82,4,
346	3	5	1.71	3,51,71,80,27,84,50,87,32,98,30,93,45,60,63,5,
346	3	6	2.211	3,51,71,26,80,27,50,87,55,32,98,30,93,45,60,63,92,6,
346	3	7	2.372	3,51,71,26,80,27,84,81,68,41,87,55,32,98,45,79,56,96,7,
346	3	8	2.666	3,51,71,26,80,27,50,84,81,68,41,87,32,55,29,64,78,46,89,8,
346	3	9	2.601	3,51,71,26,80,27,84,81,68,41,87,32,55,64,46,78,21,35,85,9,
346	3	10	2.525	3,51,71,26,80,27,50,87,32,55,29,64,78,21,35,85,62,72,66,10,
346	3	11	2.454	3,26,80,27,84,81,68,16,47,53,52,19,49,24,37,58,61,95,11,
346	3	12	2.517	3,26,80,27,84,81,68,16,47,54,42,53,52,19,49,24,37,65,18,12,
346	3	13	2.614	3,26,80,27,84,50,87,32,55,64,78,54,53,52,19,99,31,13,
346	3	14	2.704	3,51,71,80,27,84,50,87,32,55,41,68,16,36,22,91,59,14,
346	3	15	2.504	3,26,80,27,84,81,28,57,76,73,17,90,70,88,86,34,69,94,15,
346	4	5	1.697	4,51,71,80,27,84,50,87,32,98,30,93,45,60,63,5,
346	4	6	1.775	4,71,26,80,27,84,50,87,32,98,30,93,45,79,56,6,
346	4	7	1.902	4,71,80,27,50,87,55,32,98,30,93,45,79,56,96,7,
346	4	8	2.121	4,51,71,26,80,27,84,50,87,32,55,64,78,46,89,8,
346	4	9	2.44	4,51,71,26,80,27,84,50,87,32,55,29,64,78,21,35,85,9,
346	4	10	2.664	4,51,71,26,80,27,84,81,68,41,87,32,55,64,78,21,85,35,62,72,66,10,
346	4	11	2.457	4,82,48,93,30,98,32,55,64,47,53,52,19,49,24,37,58,61,95,11,
346	4	12	2.473	4,82,48,93,30,98,32,55,64,78,54,53,52,19,49,24,37,65,18,12,
346	4	13	2.604	4,82,48,93,30,98,87,32,55,64,78,54,53,52,19,49,99,31,13,
346	4	14	2.655	4,82,48,93,30,98,32,55,64,78,54,53,42,52,19,83,91,59,14,
346	4	15	2.585	4,82,48,93,30,98,32,55,87,41,68,16,76,73,17,90,69,94,15,
346	5	6	1.723	5,63,60,92,45,93,30,98,87,32,55,29,79,56,6,
346	5	7	1.778	5,63,60,93,30,98,87,32,55,64,78,46,29,33,96,7,
346	5	8	1.948	5,63,60,45,93,30,98,87,32,55,29,64,78,46,89,8,
346	5	9	2.113	5,63,60,92,45,93,30,98,87,32,55,64,78,21,35,85,62,9,
346	5	10	2.343	5,63,60,45,93,30,98,32,87,55,29,64,46,78,21,35,85,62,72,66,10,
346	5	11	2.259	5,63,60,93,30,98,32,55,64,47,53,52,19,49,24,37,58,61,95,11,
346	5	12	2.391	5,63,60,93,30,98,32,55,64,46,78,54,42,53,52,19,49,24,37,65,18,12,
346	5	13	2.514	5,63,60,93,30,98,32,55,64,78,54,42,53,52,19,49,24,65,97,75,39,13,
346	5	14	2.552	5,63,60,93,30,98,87,32,55,64,78,54,53,52,19,99,83,91,59,14,
346	5	15	2.387	5,63,60,93,30,98,32,55,87,41,68,16,76,73,17,90,69,94,15,
346	6	7	1.829	6,56,79,45,93,30,98,32,55,64,78,46,29,33,96,7,
346	6	8	1.982	6,56,79,45,93,30,98,87,32,55,29,64,78,46,89,8,
346	6	9	2.043	6,56,79,45,93,30,98,32,55,64,46,78,21,35,85,62,9,
346	6	10	2.06	6,56,79,45,93,30,98,87,32,55,64,78,21,35,85,62,66,10,
346	6	11	2.264	6,56,33,29,46,78,47,54,42,53,52,19,49,24,37,58,61,95,11,
346	6	12	2.371	6,56,79,45,93,30,98,32,55,64,78,54,53,52,19,49,24,65,18,12,
346	6	13	2.516	6,56,79,45,93,30,98,87,32,55,64,78,54,53,42,52,19,99,31,13,
346	6	14	2.603	6,56,79,45,93,30,98,32,55,64,78,54,53,52,19,99,83,91,59,14,
346	6	15	2.526	6,56,79,45,93,30,98,32,55,87,41,68,16,76,73,17,90,69,94,15,
346	7	8	2.005	7,96,56,79,45,93,30,98,87,32,55,64,78,46,89,8,
346	7	9	2.075	7,96,56,79,45,93,30,98,32,55,64,78,21,35,85,9,
346	7	10	2.156	7,96,56,79,45,93,30,98,32,55,64,78,21,35,85,62,66,10,
346	7	11	2.07	7,96,33,29,46,78,54,42,53,52,19,49,24,37,58,61,95,11,
346	7	12	2.244	7,96,33,29,46,78,54,42,53,52,19,49,24,37,58,61,25,18,12,
346	7	13	2.419	7,96,33,29,46,78,54,42,53,52,19,49,24,37,65,97,75,39,31,13,
346	7	14	2.596	7,96,33,29,46,78,54,53,52,19,49,24,65,97,75,39,31,91,59,14,
346	7	15	2.585	7,96,56,79,45,93,30,98,32,87,41,68,16,76,73,17,90,69,94,15,
346	8	9	2.465	8,7,96,56,79,45,93,30,98,32,55,64,78,21,35,85,9,
346	8	10	2.352	8,89,46,78,54,42,53,52,19,49,24,37,58,61,20,66,10,
346	8	11	2.066	8,89,85,35,62,77,42,53,52,19,49,24,37,58,61,95,11,
346	8	12	2.27	8,89,85,62,77,42,53,52,19,49,24,37,58,61,95,25,18,12,
346	8	13	2.471	8,89,85,35,77,42,53,52,19,49,24,37,58,25,18,65,97,75,39,13,
346	8	14	2.604	8,89,85,35,77,20,95,61,58,37,24,65,97,75,39,31,91,59,38,14,
346	8	15	2.823	8,89,46,78,64,29,55,32,87,41,68,16,76,73,17,90,69,94,15,
346	9	10	2.063	9,62,77,42,53,52,19,49,24,37,58,61,95,20,66,10,
346	9	11	1.873	9,62,85,35,77,42,53,52,19,49,24,37,58,61,20,95,11,
346	9	12	1.984	9,62,85,35,77,42,53,52,19,49,24,37,58,61,95,25,18,12,
346	9	13	2.223	9,62,85,35,77,42,53,52,19,49,24,37,58,25,18,65,97,75,39,13,
346	9	14	2.329	9,62,85,35,77,42,53,52,19,49,24,37,65,97,75,39,31,91,59,14,
346	9	15	2.555	9,85,62,77,20,95,61,58,37,24,65,97,75,39,31,91,59,38,15,
346	10	11	1.882	10,66,20,37,24,49,52,19,99,97,65,18,25,61,95,11,
346	10	12	1.756	10,66,20,95,61,58,37,24,49,52,19,99,97,65,18,12,
346	10	13	1.781	10,66,20,95,61,58,37,24,49,52,19,99,31,75,39,13,
346	10	14	2.273	10,66,20,95,61,58,25,18,65,37,24,49,52,19,99,83,91,59,38,14,
346	10	15	2.497	10,66,20,95,61,58,37,24,65,97,75,39,31,99,83,22,23,69,94,15,
346	11	12	1.477	11,95,61,58,37,24,49,52,19,99,31,39,75,97,65,12,
346	11	13	1.576	11,95,61,25,18,65,37,24,49,52,19,99,31,39,13,
346	11	14	1.496	11,95,61,25,58,37,24,65,97,75,39,31,91,59,14,
346	11	15	2.267	11,95,61,58,25,18,65,37,24,49,52,19,99,75,39,31,91,59,38,15,
346	12	13	1.592	12,18,25,95,61,58,37,24,49,52,19,99,31,75,39,13,
346	12	14	1.569	12,25,95,61,58,37,24,65,97,75,39,31,91,59,14,
346	12	15	2.057	12,18,25,95,61,58,37,24,49,52,19,99,83,36,22,23,15,
346	13	14	1.748	13,39,75,97,65,24,37,49,52,19,99,83,91,59,38,14,
346	13	15	2.091	13,39,75,97,65,24,37,49,52,19,99,83,22,23,69,94,15,
346	14	15	2.117	14,59,91,83,22,36,67,17,90,70,88,86,34,69,94,15,
