322	0	2	1.665	0,49,92,59,42,18,61,24,79,38,56,54,27,64,2,
322	0	3	1.77	0,49,92,59,42,18,61,24,79,38,54,27,64,87,3,
322	0	4	2.367	0,18,42,49,92,59,94,46,68,67,91,38,64,27,54,56,73,4,
322	0	6	2.501	0,42,18,94,46,68,67,91,28,43,82,83,23,96,93,69,57,16,6,
322	0	1	2.002	0,18,42,49,92,59,94,46,68,67,91,38,79,24,1,
322	0	10	2.429	0,18,42,49,92,59,36,89,47,58,32,63,17,70,60,76,31,20,21,10,
322	0	9	2.653	0,42,18,94,46,67,91,28,43,82,83,23,96,93,85,33,44,39,26,9,
322	0	8	2.532	0,42,18,94,46,68,67,91,28,43,82,83,23,96,93,72,85,77,78,8,
322	0	5	2.533	0,49,42,18,94,46,68,67,91,28,43,82,83,23,96,51,98,80,30,5,
322	0	7	2.549	0,49,92,59,94,46,68,67,91,28,43,82,83,23,96,93,69,57,16,7,
322	0	11	2.36	0,18,42,49,92,59,36,89,47,58,32,63,29,17,70,60,76,31,20,11,
322	0	14	1.831	0,61,18,42,49,92,59,36,89,47,58,32,66,84,45,14,
322	1	3	2.067	1,61,18,42,49,92,59,94,46,68,67,91,88,73,3,
322	0	15	2.075	0,18,42,49,92,59,36,47,58,32,63,84,66,45,89,15,
322	1	4	2.27	1,61,18,42,49,92,59,94,46,68,67,91,88,73,4,
322	1	2	1.941	1,61,18,42,49,92,59,94,46,38,54,87,27,64,2,
322	0	13	2.073	0,18,42,49,92,59,36,89,47,58,32,63,17,70,60,34,55,99,13,
322	1	5	2.501	1,24,46,68,67,91,28,43,82,83,23,96,93,69,51,98,80,30,5,
322	1	6	2.584	1,24,46,68,67,91,28,43,82,83,23,96,93,72,85,69,57,16,6,
322	1	8	2.64	1,24,46,68,67,91,28,43,82,83,23,96,93,72,85,33,44,39,41,75,8,
322	0	12	2.254	0,18,42,49,92,59,36,89,47,58,32,63,29,17,70,60,34,99,55,12,
322	1	7	2.619	1,79,46,68,67,91,28,43,82,83,23,96,93,72,85,69,57,16,37,7,
322	1	15	2.048	1,79,24,61,18,42,49,92,59,36,47,66,45,89,15,
322	2	3	1.956	2,64,87,27,54,56,38,46,68,67,91,28,43,88,73,3,
322	2	5	1.903	2,64,87,27,54,56,88,28,43,82,83,23,98,80,30,5,
322	1	14	2.22	1,61,18,42,49,92,59,36,89,47,58,32,63,60,84,66,45,14,
322	1	13	2.236	1,61,18,42,49,92,59,36,89,47,58,32,63,17,70,60,34,99,13,
322	2	4	2.053	2,64,87,27,54,56,88,28,43,82,83,23,96,98,48,4,
322	1	12	2.39	1,61,18,42,49,92,59,36,89,47,58,32,63,17,70,60,34,99,55,12,
322	1	9	2.681	1,24,46,68,67,91,28,43,82,83,23,96,93,72,85,33,44,39,75,41,9,
322	2	6	2.316	2,64,87,27,54,56,88,28,43,82,83,23,96,93,72,85,69,57,16,6,
322	1	10	2.603	1,61,18,42,49,92,59,36,89,47,58,32,63,70,60,76,31,20,21,10,
322	1	11	2.496	1,61,18,42,49,92,59,36,89,47,58,32,63,17,70,60,76,31,20,11,
322	2	15	2.08	2,64,87,27,54,56,88,28,91,67,68,46,94,18,42,59,92,15,
322	3	5	2.041	3,87,27,64,54,56,88,28,43,82,83,23,98,80,30,5,
322	3	4	2.191	3,87,27,64,54,56,88,28,43,82,83,23,96,98,48,4,
322	2	14	2.094	2,64,27,54,38,79,24,18,42,49,92,59,36,89,47,66,84,14,
322	2	13	2.347	2,64,27,54,56,38,79,24,18,42,49,92,59,36,89,45,66,84,13,
322	2	12	2.496	2,64,27,87,54,56,88,28,43,82,83,74,25,53,35,17,70,60,34,55,12,
322	2	9	2.523	2,64,87,27,54,56,38,91,28,43,82,83,23,96,93,72,85,33,44,39,26,9,
322	2	8	2.453	2,64,27,54,56,88,28,43,82,83,23,96,93,72,85,33,44,39,26,41,75,8,
322	2	11	2.526	2,64,27,54,56,38,91,67,46,68,52,40,86,29,17,70,60,76,31,11,
322	2	7	2.35	2,64,87,27,54,56,88,28,43,82,83,23,96,93,72,85,69,57,16,37,7,
322	2	10	2.677	2,64,87,27,54,56,88,28,43,82,83,23,96,93,72,85,33,44,39,26,95,21,10,
322	4	5	2.364	4,73,56,88,28,43,82,83,23,96,93,51,98,80,30,5,
322	3	15	2.319	3,87,27,64,54,56,38,91,67,68,46,79,24,61,18,42,59,92,15,
322	3	6	2.125	3,87,27,64,54,56,88,28,43,82,83,23,96,98,80,6,
322	3	13	2.48	3,87,27,64,54,38,79,24,18,42,49,92,59,36,89,47,66,84,13,
322	3	14	2.289	3,87,27,54,64,38,79,24,18,42,49,92,59,36,89,47,66,84,14,
322	3	12	2.598	3,87,27,64,54,56,38,91,67,46,68,52,40,86,29,17,70,60,34,55,12,
322	3	9	2.465	3,87,27,64,54,56,88,28,43,82,83,23,96,93,72,85,33,44,39,26,9,
322	3	8	2.414	3,87,64,54,56,88,28,43,82,83,23,96,93,72,85,33,44,39,75,8,
322	3	7	2.32	3,87,27,64,54,56,88,28,43,82,83,23,96,93,72,85,57,16,7,
322	3	11	2.67	3,87,27,64,54,56,88,28,43,82,83,25,53,35,17,70,60,76,31,11,
322	3	10	2.681	3,87,27,64,54,56,88,28,43,82,83,23,96,93,85,72,50,62,90,21,10,
322	4	6	2.361	4,73,56,88,28,43,82,83,23,96,93,72,85,16,6,
322	5	6	2.366	5,30,80,98,51,57,69,93,72,85,33,78,77,37,16,6,
322	4	15	2.602	4,73,56,54,27,87,64,38,91,67,68,46,79,24,18,42,59,92,15,
322	4	14	2.471	4,73,56,38,79,24,18,42,49,92,59,36,89,47,66,84,45,14,
322	4	12	2.778	4,73,56,88,28,43,82,83,74,25,53,35,17,70,60,34,99,55,12,
322	4	13	2.81	4,73,56,38,79,24,61,18,42,49,92,59,36,89,47,66,45,84,13,
322	4	7	2.284	4,73,56,88,28,43,82,83,23,96,93,69,57,16,37,7,
322	4	8	2.69	4,3,87,27,64,54,56,88,28,43,82,83,23,96,93,72,85,33,77,78,8,
322	4	9	2.765	4,73,56,88,28,43,82,83,23,96,93,72,85,33,44,39,75,41,26,9,
322	4	11	2.825	4,71,43,28,91,67,68,46,94,22,86,29,17,70,60,76,31,20,11,
322	4	10	2.829	4,48,80,98,51,69,93,72,85,33,44,39,75,41,26,62,81,90,21,10,
322	5	8	2.012	5,30,80,98,51,69,93,72,85,33,44,39,26,41,75,8,
322	6	8	2.127	6,30,80,98,51,69,93,72,85,33,44,39,26,41,75,8,
322	5	15	2.639	5,30,80,98,96,23,83,82,43,28,91,67,68,46,94,18,42,59,92,15,
322	6	7	2.274	6,16,57,69,93,72,85,33,44,39,26,41,75,8,78,77,37,7,
322	5	14	2.517	5,30,80,98,96,23,83,74,25,53,35,17,70,63,32,58,47,66,84,14,
322	5	7	2.186	5,30,80,98,51,69,57,85,33,44,39,41,75,8,78,77,37,7,
322	5	9	2.761	5,30,80,98,51,69,57,16,85,93,72,50,33,77,78,44,75,39,26,9,
322	5	12	2.799	5,30,80,98,51,69,57,85,72,93,96,23,25,53,35,17,70,60,34,12,
322	5	13	2.862	5,30,80,98,51,69,57,85,72,93,96,23,83,25,53,35,17,70,60,99,13,
322	5	10	2.602	5,30,80,98,51,69,93,72,85,33,44,39,75,41,26,62,81,90,21,10,
322	5	11	2.823	5,30,80,98,51,96,23,83,74,25,53,35,29,17,70,60,76,31,20,11,
322	7	8	2.048	7,37,16,57,69,51,93,72,85,33,44,39,26,41,75,8,
322	6	9	2.187	6,30,80,98,51,69,57,16,37,77,78,33,44,39,75,41,9,
322	7	9	2.19	7,37,16,57,69,93,72,85,77,78,33,44,39,75,41,26,9,
322	6	15	2.661	6,16,57,69,93,96,23,83,25,53,35,17,70,63,32,58,47,89,36,15,
322	6	14	2.501	6,16,57,69,93,96,23,25,53,35,17,70,63,32,58,47,66,84,45,14,
322	6	13	2.721	6,16,57,69,93,96,23,25,53,35,17,70,63,32,58,47,45,66,84,13,
322	6	12	2.739	6,16,85,72,93,96,23,83,74,25,53,35,17,70,60,34,99,55,12,
322	6	10	2.553	6,16,57,69,93,72,85,33,44,39,75,41,26,62,81,90,21,95,10,
322	7	10	2.46	7,37,16,57,69,93,72,85,33,44,39,75,41,26,62,81,90,21,10,
322	6	11	2.725	6,16,57,69,85,72,93,96,23,25,53,35,17,70,60,76,31,11,
322	7	11	2.724	7,37,85,72,93,96,23,83,74,25,53,35,17,70,60,76,31,20,11,
322	8	9	2.193	8,78,77,37,16,57,69,93,72,85,33,44,39,75,41,26,9,
322	8	15	2.543	8,78,77,85,72,93,96,23,25,53,35,17,70,63,32,58,47,89,15,
322	7	15	2.623	7,37,16,57,69,93,96,23,83,82,43,28,91,67,68,46,94,59,92,15,
322	8	10	2.274	8,75,41,26,39,44,33,85,93,72,19,81,62,90,21,10,
322	8	14	2.451	8,78,77,33,85,72,19,65,35,17,70,63,32,58,47,45,66,84,14,
322	8	12	2.55	8,78,77,33,85,72,93,96,23,25,53,35,17,70,60,34,99,55,12,
322	7	14	2.491	7,37,85,72,93,96,23,25,53,35,17,70,63,32,58,47,66,84,45,14,
322	8	11	2.497	8,78,77,85,72,93,96,23,25,53,35,17,70,60,76,31,11,
322	8	13	2.579	8,78,77,33,85,72,93,96,23,83,74,25,53,35,17,70,60,34,99,13,
322	7	13	2.675	7,16,57,69,85,72,93,96,23,83,74,25,53,35,17,70,60,34,99,13,
322	7	12	2.728	7,16,57,69,85,72,93,96,23,83,74,25,53,35,17,70,60,34,55,12,
322	10	12	2.385	10,21,90,20,31,76,60,70,63,32,58,47,66,84,99,55,12,
322	9	12	2.517	9,41,75,39,44,33,85,72,19,65,35,17,70,60,34,55,12,
322	9	10	2.32	9,41,75,39,44,33,78,77,85,93,72,50,81,62,90,21,10,
322	10	14	2.425	10,21,20,31,76,34,60,70,17,29,63,32,58,47,36,89,45,66,84,14,
322	10	13	2.414	10,21,20,31,76,60,70,17,29,63,32,58,47,36,89,45,66,84,13,
322	10	15	2.557	10,95,21,90,20,31,76,60,70,17,29,63,32,58,47,89,36,59,92,15,
322	9	14	2.446	9,41,75,39,26,62,81,65,35,17,70,63,32,58,47,66,84,45,14,
322	10	11	2.629	10,21,90,62,81,65,35,29,63,17,70,60,97,76,31,20,11,
322	9	15	2.725	9,26,39,44,33,85,72,19,65,35,17,70,60,63,32,58,47,89,15,
322	9	13	2.561	9,26,39,44,33,85,72,93,96,23,25,53,35,17,70,60,34,99,13,
322	9	11	2.63	9,41,75,39,44,33,50,19,65,35,17,70,60,76,31,20,11,
322	12	13	2.056	12,34,60,70,17,63,32,58,47,36,89,45,66,84,99,13,
322	11	13	2.06	11,20,31,76,60,70,17,29,63,32,58,47,45,66,84,13,
322	13	15	1.839	13,99,34,60,70,17,63,32,58,47,66,84,45,89,36,15,
322	13	14	1.825	13,55,99,34,60,70,17,63,32,58,47,36,89,45,66,84,14,
322	12	15	2.016	12,31,76,60,70,17,63,32,58,47,66,84,45,89,36,15,
322	11	14	1.84	11,20,31,76,60,70,17,29,63,32,58,47,66,84,45,14,
322	14	15	1.932	14,45,66,84,60,70,17,63,32,58,47,89,36,59,92,15,
322	12	14	1.956	12,31,76,60,70,17,29,63,32,58,47,36,89,45,66,84,14,
322	11	12	2.205	11,31,76,60,70,17,63,32,58,47,45,66,84,99,55,12,
322	11	15	2.4	11,20,31,76,60,70,17,63,32,58,47,66,84,45,89,36,59,92,15,
