237	0	5	2.326	0,71,20,69,97,30,28,83,74,29,47,95,93,89,51,52,85,57,5,
237	0	1	2.13	0,71,69,97,30,28,83,74,45,79,87,63,64,62,16,1,
237	0	4	2.252	0,71,20,69,97,30,28,83,74,45,79,29,47,95,24,54,4,
237	0	11	2.31	0,71,20,69,97,30,84,38,65,22,66,90,73,39,82,36,35,32,11,
237	0	7	2.723	0,71,20,69,97,30,28,83,74,29,47,95,76,93,89,51,52,94,70,91,7,
237	0	6	2.521	0,71,20,69,97,30,56,40,87,79,45,74,29,47,95,93,89,51,52,6,
237	0	2	1.893	0,71,69,97,30,28,83,74,47,29,79,87,63,64,2,
237	0	9	2.452	0,71,69,97,30,28,61,58,72,38,65,22,66,90,75,33,55,59,67,9,
237	0	3	2.003	0,71,20,69,97,30,28,83,77,95,47,29,45,79,87,43,3,
237	0	8	2.681	0,71,69,97,30,84,61,58,72,38,65,22,66,90,75,55,33,99,68,8,
237	0	10	2.508	0,71,20,69,97,30,28,84,38,65,22,66,90,21,55,33,59,67,53,10,
237	0	13	2.086	0,71,20,69,97,30,84,86,98,81,17,25,27,37,13,
237	1	2	1.988	1,16,49,40,87,79,45,74,29,47,24,43,63,64,62,2,
237	0	14	2.162	0,71,20,69,30,97,86,98,81,17,80,41,27,25,14,
237	1	3	2.008	1,16,62,64,63,87,79,45,74,29,47,95,50,24,43,3,
237	0	15	2.28	0,71,20,69,97,30,84,38,65,22,23,98,81,17,18,15,
237	0	12	2.381	0,71,20,69,97,30,28,84,38,65,22,66,90,73,39,82,36,35,12,
237	1	6	2.338	1,16,62,64,63,43,87,79,45,74,29,47,95,77,76,93,89,51,52,6,
237	1	4	1.944	1,16,62,64,63,87,79,45,74,29,47,95,76,93,50,54,4,
237	1	8	2.551	1,16,62,64,63,87,79,45,29,47,95,76,93,89,94,70,48,91,31,8,
237	1	7	2.367	1,16,62,64,63,87,79,45,74,29,47,95,76,93,89,51,52,94,70,91,7,
237	1	5	1.952	1,16,62,64,63,87,79,45,29,47,95,76,93,89,51,52,85,57,5,
237	1	13	2.472	1,16,62,64,63,40,56,30,69,97,86,98,81,17,25,27,37,13,
237	2	3	1.704	2,62,64,63,87,79,45,29,47,95,50,24,43,3,
237	1	15	2.117	1,16,62,64,63,40,56,30,69,97,86,98,81,17,18,15,
237	2	5	1.493	2,62,64,63,87,79,45,74,29,47,95,50,85,57,5,
237	2	4	1.607	2,64,63,87,79,45,74,29,47,95,76,93,50,54,4,
237	2	6	2.095	2,62,64,63,43,87,79,45,74,29,47,95,77,76,93,89,51,52,6,
237	1	9	2.598	1,16,62,64,63,87,79,45,29,74,83,42,58,46,34,75,33,55,59,67,9,
237	1	14	2.175	1,16,62,64,63,40,56,30,69,97,86,98,81,17,25,14,
237	1	11	2.404	1,16,49,69,97,30,84,38,65,22,66,90,73,39,82,36,35,32,11,
237	1	12	2.503	1,16,49,69,97,30,84,61,38,65,22,66,90,73,39,82,36,35,12,
237	1	10	2.641	1,16,49,69,97,30,84,38,65,22,66,90,92,21,55,33,59,67,53,10,
237	2	15	1.95	2,64,63,87,79,45,29,74,83,28,30,97,69,20,44,15,
237	3	5	1.517	3,43,87,79,45,74,29,47,95,50,51,52,85,57,5,
237	3	4	1.721	3,43,87,79,45,74,29,47,95,76,93,89,50,54,4,
237	2	13	2.393	2,64,63,87,79,45,29,47,95,77,42,58,61,38,65,22,96,41,37,13,
237	2	14	2.019	2,64,63,87,79,45,56,30,69,97,86,98,81,17,25,14,
237	2	9	2.404	2,64,63,87,79,45,74,29,47,95,77,42,58,46,34,75,33,55,59,67,9,
237	2	7	2.232	2,62,64,63,87,79,45,74,29,47,95,76,93,89,51,52,94,70,91,31,7,
237	2	11	2.38	2,64,63,87,79,45,74,83,42,58,61,38,65,22,96,39,82,36,35,32,11,
237	2	12	2.401	2,64,63,87,79,45,29,74,83,42,58,61,38,65,22,96,39,82,36,26,12,
237	2	10	2.419	2,64,63,87,79,45,29,74,83,42,58,72,38,65,22,66,90,92,19,10,
237	2	8	2.496	2,62,64,63,87,79,45,74,29,47,95,93,89,51,52,94,70,48,91,31,8,
237	3	15	1.99	3,43,87,79,45,29,74,83,28,30,97,69,20,81,17,18,15,
237	3	6	1.701	3,43,87,79,45,74,29,47,95,77,76,93,89,51,52,6,
237	4	5	1.663	4,24,47,29,79,45,74,95,93,89,51,52,85,57,5,
237	3	13	2.412	3,43,87,79,45,74,29,47,95,77,42,58,61,38,65,22,23,80,41,37,13,
237	3	7	2.126	3,43,87,79,45,74,29,47,95,93,89,51,52,94,70,48,91,31,7,
237	3	9	2.35	3,43,87,79,45,74,83,42,58,61,38,65,22,66,90,75,33,55,59,67,9,
237	3	8	2.352	3,43,87,79,45,74,29,47,95,76,93,89,51,52,94,70,48,91,31,8,
237	3	14	2.287	3,43,79,45,74,29,47,95,77,83,28,30,97,69,20,81,17,25,14,
237	3	11	2.378	3,43,87,79,45,29,74,83,42,58,61,38,65,22,66,96,39,82,36,35,32,11,
237	3	10	2.442	3,43,87,79,45,74,29,47,95,77,42,58,61,38,65,22,66,90,92,19,10,
237	3	12	2.4	3,43,87,79,45,29,74,83,42,58,61,38,65,22,66,90,73,39,82,36,26,12,
237	5	6	1.897	5,54,24,47,29,79,45,74,95,76,93,89,51,52,6,
237	4	6	1.824	4,24,47,29,79,45,74,95,77,76,93,89,51,52,6,
237	4	15	2.306	4,24,47,29,79,45,74,95,77,83,28,30,97,69,20,81,18,15,
237	4	7	1.968	4,24,47,29,79,87,45,74,95,76,93,89,94,70,91,7,
237	4	13	2.482	4,24,47,29,45,79,87,40,56,30,97,69,20,81,17,25,27,37,13,
237	4	9	2.342	4,24,47,29,74,83,42,61,38,65,22,66,90,75,33,55,59,67,9,
237	4	8	2.429	4,24,47,29,79,87,45,74,95,76,93,89,51,52,94,70,91,31,8,
237	4	10	2.457	4,24,47,29,74,83,42,58,61,38,65,22,66,90,75,33,55,59,53,10,
237	4	14	2.423	4,24,47,29,79,45,74,83,28,30,69,97,86,98,81,17,25,27,14,
237	4	11	2.436	4,24,47,29,74,83,42,58,72,38,65,22,66,90,73,39,82,36,35,32,11,
237	4	12	2.465	4,24,47,29,74,83,42,58,61,72,38,65,22,66,90,73,39,82,36,26,12,
237	6	8	2.447	6,52,51,89,93,76,46,72,38,65,22,66,90,75,99,68,8,
237	5	8	2.149	5,57,85,52,51,94,70,48,60,75,33,55,59,67,99,68,8,
237	5	7	2.033	5,57,85,54,24,47,29,74,95,76,93,89,94,70,91,7,
237	6	7	2.201	6,52,51,50,24,47,29,74,95,93,89,94,70,91,7,
237	5	15	2.357	5,57,85,50,95,47,29,74,45,79,87,40,56,30,97,69,20,44,15,
237	5	13	2.531	5,57,85,52,51,89,93,76,77,42,61,58,46,72,38,65,22,66,96,41,37,13,
237	5	9	2.36	5,57,85,52,51,89,93,76,77,42,61,58,46,34,75,33,55,59,67,9,
237	5	11	2.393	5,57,85,50,95,77,42,58,61,38,65,22,66,96,39,82,36,35,32,11,
237	5	10	2.487	5,57,85,50,95,77,42,58,61,38,65,22,66,90,75,33,55,59,53,10,
237	5	12	2.46	5,57,85,50,93,76,77,42,58,61,38,65,22,66,90,73,39,82,36,26,12,
237	5	14	2.506	5,57,85,50,95,47,29,79,45,74,83,28,30,97,69,20,81,17,25,14,
237	7	8	2.396	7,91,48,88,46,58,61,38,65,22,66,90,75,99,68,8,
237	6	9	2.322	6,52,51,89,93,76,77,42,58,46,34,75,33,55,59,67,53,9,
237	7	9	2.314	7,91,48,88,46,72,38,65,22,66,90,75,33,55,59,67,9,
237	6	15	2.585	6,52,51,89,93,95,47,29,74,83,28,30,69,97,86,98,81,17,18,15,
237	6	13	2.602	6,52,51,89,93,76,77,42,58,46,72,38,65,22,66,96,23,80,41,37,13,
237	7	10	2.291	7,31,91,70,94,48,60,99,33,55,59,67,53,21,92,19,10,
237	6	11	2.44	6,52,51,89,93,76,42,58,61,38,65,22,66,96,39,82,36,35,32,11,
237	6	10	2.482	6,52,51,89,93,76,77,42,58,46,72,38,65,22,66,90,92,19,10,
237	7	11	2.451	7,91,70,94,88,46,58,61,38,65,22,66,90,73,39,82,36,35,32,11,
237	6	14	2.553	6,52,51,89,93,95,47,29,79,45,56,30,97,69,20,81,17,25,14,
237	6	12	2.499	6,52,51,89,93,76,46,58,72,38,65,22,66,90,73,39,82,36,26,12,
237	8	9	2.297	8,68,60,34,72,38,65,22,66,90,75,33,55,59,67,53,9,
237	8	15	2.655	8,68,99,75,90,66,22,65,38,72,46,58,61,84,30,97,69,20,44,15,
237	8	10	2.21	8,68,99,33,67,59,55,21,92,73,39,82,36,35,78,19,10,
237	7	15	2.74	7,91,70,94,89,93,76,95,47,29,79,45,56,30,97,69,20,81,17,18,15,
237	8	13	2.797	8,68,99,75,90,66,22,65,38,84,97,69,20,81,17,25,27,37,13,
237	8	11	1.827	8,68,99,33,67,59,55,21,92,73,39,82,36,35,32,11,
237	7	13	2.714	7,31,91,70,94,48,88,46,58,61,72,38,65,22,66,96,23,80,41,37,13,
237	8	12	2.127	8,68,99,75,33,55,59,67,53,21,92,73,39,82,36,35,26,12,
237	8	14	2.639	8,68,99,75,90,66,22,65,38,84,28,30,97,69,20,81,17,25,14,
237	7	14	2.713	7,91,70,94,48,88,46,58,61,28,30,69,97,86,98,81,17,25,27,14,
237	7	12	2.576	7,91,70,94,48,88,46,58,61,38,65,22,66,90,73,39,82,36,35,26,12,
237	10	13	2.163	10,53,67,33,55,59,21,92,73,39,82,36,35,26,37,13,
237	9	13	2.367	9,53,67,59,55,33,99,75,21,92,73,39,82,36,35,26,37,13,
237	10	15	2.487	10,19,92,21,90,66,22,65,38,84,30,97,69,20,81,17,18,15,
237	9	15	2.466	9,67,59,55,33,75,90,66,22,65,38,84,30,97,69,20,81,17,18,15,
237	10	11	1.901	10,53,67,59,55,33,75,21,92,73,39,82,36,35,32,78,11,
237	9	10	1.965	9,53,67,59,33,55,21,92,73,39,82,36,35,32,78,19,10,
237	9	11	1.815	9,67,59,55,33,99,75,21,92,73,39,82,36,35,32,11,
237	10	12	1.905	10,53,67,59,55,33,99,75,21,92,73,39,82,36,35,12,
237	9	12	2.2	9,53,67,59,55,33,99,75,21,92,73,39,82,36,35,78,32,12,
237	10	14	2.436	10,53,67,59,33,55,21,92,73,39,82,36,35,26,37,27,25,14,
237	9	14	2.512	9,67,59,55,21,90,66,22,65,38,84,30,97,69,20,81,17,25,14,
237	12	13	2.19	12,26,35,36,82,39,73,90,66,22,65,23,80,41,37,13,
237	11	13	2.145	11,32,35,36,82,39,73,90,66,22,65,23,80,41,37,13,
237	12	15	2.199	12,26,36,82,39,96,66,22,65,38,84,86,98,81,18,15,
237	13	15	2.084	13,37,41,80,98,86,97,30,69,20,44,81,17,18,15,
237	14	15	2.289	14,27,80,41,23,96,66,22,65,38,84,86,98,81,18,15,
237	11	15	2.335	11,32,35,36,82,39,73,90,66,22,65,38,84,86,98,81,17,18,15,
237	12	14	2.217	12,26,35,36,82,39,73,90,66,22,96,41,80,27,25,14,
237	13	14	2.132	13,37,41,80,98,86,97,30,69,20,81,17,25,27,14,
237	11	12	2.157	11,19,53,67,59,55,33,75,21,92,73,39,82,36,35,26,12,
237	11	14	2.347	11,32,35,36,82,39,96,66,22,65,38,84,86,98,81,17,25,14,
