492	0	1	2.145	0,17,43,63,92,19,90,95,54,57,46,28,47,94,1,
492	0	2	2.311	0,17,43,63,92,19,90,95,54,57,46,28,47,50,2,
492	0	3	2.504	0,17,39,28,46,72,35,56,78,31,85,23,24,21,83,30,26,3,
492	0	4	2.534	0,39,28,46,72,35,56,78,31,18,85,23,24,21,45,98,38,68,4,
492	0	5	2.624	0,39,28,46,72,35,56,78,31,99,18,70,79,91,36,40,5,
492	0	6	2.541	0,17,39,94,47,28,46,72,35,56,78,31,18,70,79,91,36,6,
492	0	7	2.744	0,17,39,28,46,72,35,56,85,23,24,49,70,37,66,91,79,93,7,
492	0	8	2.731	0,17,43,87,90,95,59,76,25,34,64,58,88,86,78,31,18,99,55,27,51,8,
492	0	9	2.618	0,17,43,63,92,19,90,95,59,76,25,34,22,96,71,89,81,67,20,32,62,9,
492	0	10	2.548	0,17,43,87,90,95,59,76,25,34,58,22,96,71,89,81,20,67,80,60,42,10,
492	0	11	2.463	0,17,43,63,69,92,19,87,90,95,59,76,25,34,58,22,65,61,77,11,
492	0	12	2.429	0,17,43,63,92,19,90,95,59,76,25,34,65,73,29,77,61,12,
492	0	13	1.968	0,17,39,28,46,57,87,19,90,95,59,76,25,34,82,13,
492	0	14	1.77	0,17,43,57,54,58,34,25,76,59,95,90,19,92,69,14,
492	0	15	1.97	0,17,43,57,54,58,34,25,76,59,95,90,19,92,63,15,
492	1	2	2.403	1,94,47,28,46,72,52,85,23,24,21,83,30,97,2,
492	1	3	2.221	1,48,39,94,47,50,53,97,26,30,83,44,45,98,38,68,3,
492	1	4	2.368	1,94,47,28,46,72,35,56,78,31,85,23,24,21,45,98,38,4,
492	1	5	2.624	1,48,94,47,28,46,72,35,56,78,31,18,70,79,91,36,40,5,
492	1	6	2.448	1,94,47,28,46,72,35,56,78,31,85,23,24,49,37,66,36,6,
492	1	7	2.618	1,48,94,47,50,53,30,83,44,45,98,38,74,84,37,66,91,79,93,7,
492	1	8	2.705	1,94,47,28,46,72,35,56,78,31,18,99,89,81,67,20,32,62,16,8,
492	1	9	2.672	1,94,47,28,46,57,87,90,95,59,76,25,34,22,96,71,80,67,20,32,62,9,
492	1	10	2.604	1,94,47,28,46,57,87,90,95,59,76,25,34,22,96,71,80,67,20,60,10,
492	1	11	2.538	1,94,47,28,46,72,54,57,87,90,95,59,76,25,34,65,73,61,77,11,
492	1	12	2.471	1,48,94,47,28,46,72,54,57,87,90,95,59,76,64,58,34,82,12,
492	1	13	2.285	1,48,39,94,47,28,46,72,54,57,95,90,59,76,25,34,82,13,
492	1	14	2.024	1,48,39,28,46,57,54,64,25,76,59,95,90,87,19,92,69,14,
492	1	15	1.987	1,94,47,28,46,57,54,95,90,87,19,92,69,63,15,
492	2	3	2.38	2,50,33,52,85,23,24,21,45,38,98,44,83,30,97,26,3,
492	2	4	2.376	2,50,47,28,46,72,35,56,85,23,24,21,45,38,4,
492	2	5	2.424	2,53,30,83,44,98,38,45,74,84,37,66,70,79,91,36,40,5,
492	2	6	2.572	2,50,53,30,83,44,98,38,45,21,24,23,85,49,37,66,91,36,6,
492	2	7	2.699	2,50,53,30,83,44,98,38,45,21,24,23,85,49,37,66,91,79,93,7,
492	2	8	2.645	2,97,26,30,83,44,98,38,45,21,24,23,85,31,18,99,55,27,51,8,
492	2	9	2.78	2,97,26,30,44,98,38,45,21,24,23,85,31,18,99,89,81,20,32,62,9,
492	2	10	2.591	2,97,30,83,44,98,38,45,21,24,23,85,18,99,89,81,20,67,60,10,
492	2	11	2.567	2,53,50,47,28,46,57,87,90,95,59,76,25,34,65,73,61,77,11,
492	2	12	2.683	2,53,50,47,28,46,72,54,57,87,90,95,59,76,25,64,58,34,82,12,
492	2	13	2.571	2,53,50,47,28,46,57,54,64,58,34,25,59,95,90,19,92,69,13,
492	2	14	2.171	2,50,47,28,46,57,54,58,34,25,59,95,90,19,92,69,14,
492	2	15	2.116	2,53,50,47,28,46,57,54,95,90,87,19,92,63,15,
492	3	4	2.342	3,26,97,30,83,44,98,45,21,24,23,85,49,74,38,68,4,
492	3	5	2.039	3,26,30,83,44,98,38,45,74,37,70,79,91,36,40,5,
492	3	6	1.863	3,26,30,83,44,98,38,45,74,37,66,70,79,91,36,6,
492	3	7	2.497	3,26,30,83,44,98,38,45,21,24,23,85,49,70,79,91,36,93,7,
492	3	8	2.495	3,26,30,83,44,98,38,45,21,24,23,85,31,18,99,55,27,75,51,8,
492	3	9	2.599	3,26,30,44,98,38,45,21,24,23,85,31,18,99,89,81,67,20,32,62,9,
492	3	10	2.58	3,26,97,30,83,44,98,38,45,21,24,23,85,18,99,89,81,20,67,60,42,10,
492	3	11	2.519	3,26,44,98,38,45,21,24,23,85,18,99,89,81,20,67,60,42,41,29,77,11,
492	3	12	2.627	3,26,30,83,21,24,23,85,18,99,89,81,20,60,42,41,29,77,61,12,
492	3	13	2.573	3,26,30,83,53,50,47,28,46,72,54,57,87,90,95,59,76,25,34,82,13,
492	3	14	2.247	3,26,30,53,50,47,28,46,57,54,64,76,59,95,90,19,92,69,14,
492	3	15	2.428	3,26,30,53,50,94,47,28,46,72,54,57,87,90,19,92,63,15,
492	4	5	2.115	4,68,38,98,45,21,24,23,85,49,70,79,91,36,40,5,
492	4	6	2.105	4,38,98,45,21,24,23,85,18,99,55,79,91,36,6,
492	4	7	2.334	4,68,38,98,45,21,24,23,85,49,37,70,79,91,66,36,93,7,
492	4	8	2.265	4,68,38,98,45,21,24,23,85,56,78,31,18,99,55,27,51,8,
492	4	9	2.442	4,68,38,98,45,21,24,23,85,31,78,86,96,71,89,81,20,32,62,9,
492	4	10	2.654	4,68,38,45,98,44,30,83,21,24,23,85,18,99,89,81,20,67,80,60,42,10,
492	4	11	2.544	4,38,98,45,21,24,23,85,18,99,89,81,20,67,80,60,42,41,29,77,61,11,
492	4	12	2.608	4,68,38,98,45,21,24,23,85,18,99,89,81,20,67,60,42,41,29,77,61,12,
492	4	13	2.542	4,68,38,98,45,21,24,23,85,52,72,54,57,87,90,95,59,76,25,34,82,13,
492	4	14	2.228	4,38,98,45,21,24,23,85,56,35,72,54,57,87,90,19,92,69,14,
492	4	15	2.387	4,38,98,45,21,24,23,85,56,88,58,64,76,59,95,90,19,63,15,
492	5	6	2.318	5,38,98,45,21,24,23,85,18,99,55,79,91,36,6,
492	5	7	2.47	5,38,98,45,21,24,23,85,49,70,37,66,36,91,79,93,7,
492	5	8	2.359	5,84,37,66,91,79,70,49,24,23,85,18,99,55,27,51,8,
492	5	9	2.552	5,40,36,91,79,70,49,24,23,85,18,99,89,81,67,20,32,62,9,
492	5	10	2.599	5,40,36,66,91,79,70,49,24,23,85,18,99,89,81,20,67,60,42,10,
492	5	11	2.496	5,40,36,66,91,79,70,55,89,81,20,67,80,60,42,41,29,77,61,11,
492	5	12	2.626	5,40,36,66,91,79,70,55,89,81,20,67,80,60,42,41,29,77,61,12,
492	5	13	2.583	5,84,74,49,24,23,85,56,35,72,54,57,87,90,95,59,76,25,34,82,13,
492	5	14	2.453	5,74,49,24,23,85,31,78,86,88,58,34,25,76,59,95,90,19,92,69,14,
492	5	15	2.487	5,74,49,24,23,85,31,78,86,88,58,64,76,59,95,90,19,63,15,
492	6	7	2.27	6,36,91,66,37,49,24,23,85,31,18,70,79,93,7,
492	6	8	2.062	6,36,91,79,70,49,24,23,85,18,99,55,27,51,8,
492	6	9	2.117	6,36,66,91,79,70,55,89,81,20,67,80,60,32,62,9,
492	6	10	2.191	6,36,66,91,79,70,18,99,55,89,81,20,67,80,60,42,10,
492	6	11	2.232	6,36,66,91,79,70,18,99,89,81,20,67,80,60,42,41,29,77,11,
492	6	12	2.506	6,36,66,91,79,70,18,99,89,81,20,67,80,60,42,41,29,77,61,12,
492	6	13	2.587	6,36,91,79,70,18,31,78,56,35,72,54,57,87,90,95,59,76,25,34,82,13,
492	6	14	2.433	6,36,66,37,70,18,31,78,86,88,58,64,34,25,76,59,95,90,19,92,69,14,
492	6	15	2.453	6,36,91,79,70,18,31,78,86,88,58,64,59,95,90,19,92,63,15,
492	7	8	2.126	7,93,79,91,36,66,37,70,18,99,55,27,75,51,8,
492	7	9	2.13	7,93,79,91,66,37,70,18,99,89,81,67,20,32,62,9,
492	7	10	2.197	7,93,79,91,66,37,70,18,99,89,81,20,67,80,60,42,10,
492	7	11	2.238	7,93,91,79,70,18,99,89,81,20,67,80,60,42,41,29,77,11,
492	7	12	2.456	7,93,79,91,66,37,70,55,89,81,20,67,60,42,41,29,77,61,12,
492	7	13	2.552	7,93,79,91,66,37,70,18,31,78,86,88,58,64,76,59,25,34,82,13,
492	7	14	2.436	7,93,91,79,70,18,31,78,86,88,58,64,25,76,59,95,90,19,92,69,14,
492	7	15	2.594	7,93,91,79,70,18,31,78,56,88,58,64,76,59,95,90,19,92,63,15,
492	8	9	2.242	8,51,75,27,55,89,81,20,67,80,73,41,42,60,32,62,9,
492	8	10	2.164	8,51,27,55,99,18,31,78,86,96,71,80,67,20,60,10,
492	8	11	2.332	8,16,75,51,27,55,89,81,20,67,80,60,42,41,29,73,77,61,11,
492	8	12	2.656	8,51,27,55,99,18,31,78,56,35,72,54,57,87,90,95,59,76,25,82,12,
492	8	13	2.471	8,16,62,32,20,67,80,71,96,22,34,25,76,59,95,90,19,92,69,13,
492	8	14	2.368	8,16,62,32,20,67,81,89,71,96,22,58,34,25,76,59,95,90,19,92,69,14,
492	8	15	2.533	8,51,27,55,99,31,78,86,88,58,64,34,25,76,59,95,90,19,92,63,15,
492	9	10	2.251	9,62,32,20,67,80,81,89,71,96,22,65,73,29,41,42,10,
492	9	11	2.094	9,62,32,20,67,81,89,71,96,80,60,42,41,29,77,61,11,
492	9	12	2.133	9,16,75,51,27,89,81,20,67,80,60,42,41,29,77,61,12,
492	9	13	2.068	9,62,32,20,67,80,71,96,22,58,64,95,59,25,34,82,13,
492	9	14	2.216	9,62,32,20,67,81,89,71,96,22,58,64,34,25,76,59,95,90,19,92,69,14,
492	9	15	2.416	9,62,32,20,67,81,89,71,96,22,58,64,34,25,76,59,95,90,19,92,63,15,
492	10	11	1.999	10,42,60,67,20,81,89,71,96,65,73,41,29,77,61,11,
492	10	12	2.088	10,60,67,20,81,89,71,96,22,58,64,59,76,25,34,82,12,
492	10	13	2.026	10,42,60,20,81,89,71,96,22,58,64,59,76,25,34,82,13,
492	10	14	1.944	10,42,60,20,67,80,71,96,22,34,25,76,59,95,90,19,92,69,14,
492	10	15	2.265	10,60,67,20,81,89,71,96,22,34,25,76,59,95,90,19,92,69,63,15,
492	11	12	2.137	11,29,41,42,60,67,20,81,89,71,96,65,73,77,61,12,
492	11	13	1.91	11,77,61,73,65,34,25,76,59,95,90,19,92,69,13,
492	11	14	1.608	11,77,61,73,65,34,25,76,59,95,90,19,92,69,14,
492	11	15	2.195	11,77,61,73,65,22,58,64,34,25,76,59,95,90,19,92,69,63,15,
492	12	13	2.063	12,65,22,58,64,34,25,76,59,95,90,87,19,92,69,13,
492	12	14	1.761	12,65,22,58,64,34,25,76,59,95,90,87,19,92,69,14,
492	12	15	2.116	12,61,77,29,41,73,65,34,25,76,59,95,90,19,92,63,15,
492	13	14	1.801	13,82,34,25,59,90,95,64,58,54,57,87,19,92,69,14,
492	13	15	1.779	13,82,34,25,76,59,95,54,57,87,90,19,92,69,63,15,
492	14	15	1.637	14,69,92,19,90,95,59,76,25,34,64,54,57,87,63,15,
