576	0	1	2.326	0,32,39,65,99,17,28,98,79,37,78,43,50,64,16,1,
576	0	2	2.159	0,32,39,65,99,17,28,98,79,37,78,43,50,69,64,2,
576	0	3	2.373	0,32,39,28,61,46,21,34,47,38,30,40,96,35,22,60,81,3,
576	0	4	2.459	0,32,98,79,37,46,21,34,47,38,30,40,96,35,66,60,22,92,4,
576	0	5	2.503	0,82,16,64,50,43,81,25,90,36,60,66,22,92,35,96,40,30,41,5,
576	0	6	2.639	0,32,39,65,17,28,98,79,37,46,21,34,47,38,30,40,41,71,94,6,
576	0	7	2.698	0,32,39,65,99,17,89,33,88,26,52,68,51,62,58,59,48,27,7,
576	0	8	2.667	0,32,39,65,17,89,33,88,26,52,68,51,62,45,85,59,48,93,8,
576	0	9	2.695	0,72,42,86,54,97,18,77,31,19,53,29,83,57,68,51,62,45,85,9,
576	0	10	2.76	0,72,42,86,54,39,65,17,61,23,33,88,26,52,68,51,84,75,87,10,
576	0	11	2.835	0,72,42,86,54,39,28,17,65,99,55,77,31,19,53,29,83,20,67,11,
576	0	12	2.769	0,72,42,86,54,39,65,17,28,98,61,23,33,57,29,53,19,63,12,
576	0	13	2.721	0,32,39,65,17,89,33,88,26,52,68,57,29,53,19,31,13,
576	0	14	2.338	0,32,39,65,99,17,89,57,83,29,53,19,31,77,18,14,
576	0	15	2.361	0,32,79,98,28,17,65,99,55,31,77,18,97,54,86,42,15,
576	1	2	2.099	1,16,64,43,80,60,22,66,35,92,36,90,25,81,3,69,2,
576	1	3	2.384	1,2,16,64,43,80,34,47,38,30,40,96,35,92,36,25,90,81,3,
576	1	4	2.046	1,16,64,50,43,81,25,90,36,60,22,66,38,30,40,96,92,4,
576	1	5	2.284	1,16,64,50,43,80,66,22,60,81,25,90,36,92,35,96,40,30,41,71,5,
576	1	6	2.368	1,16,64,50,43,80,66,22,60,81,25,90,36,92,35,96,40,30,41,71,94,6,
576	1	7	2.504	1,16,64,50,43,81,25,90,36,60,22,66,35,96,40,30,41,71,73,91,7,
576	1	8	2.547	1,16,64,50,43,80,60,22,66,35,96,40,30,24,73,91,27,48,59,93,8,
576	1	9	2.825	1,82,79,98,28,39,65,99,17,61,23,33,88,26,52,68,51,62,45,85,9,
576	1	10	2.669	1,82,79,98,28,17,65,99,55,77,31,19,53,29,83,20,84,75,87,10,
576	1	11	2.766	1,82,79,98,61,17,39,65,99,55,77,31,19,53,29,83,20,67,11,
576	1	12	2.836	1,16,64,50,43,78,37,79,98,28,17,39,65,99,55,77,31,19,63,12,
576	1	13	2.484	1,16,64,69,50,43,78,37,79,98,28,17,65,99,55,31,77,13,
576	1	14	2.423	1,16,64,50,43,78,37,79,98,28,17,65,39,32,42,86,97,14,
576	1	15	2.156	1,16,64,50,43,78,37,79,98,28,17,65,39,32,72,15,
576	2	3	1.804	2,16,64,69,50,43,81,90,25,60,22,66,35,92,36,3,
576	2	4	1.576	2,16,64,69,50,43,81,25,90,36,60,22,66,35,92,4,
576	2	5	1.691	2,64,50,43,81,25,90,36,60,22,66,35,96,40,30,41,5,
576	2	6	2.088	2,64,50,43,80,66,22,60,81,25,90,36,92,35,96,40,30,41,71,94,6,
576	2	7	2.372	2,64,50,43,80,81,25,90,36,60,22,66,35,96,40,30,38,24,73,91,7,
576	2	8	2.398	2,64,50,43,81,25,90,36,60,22,66,35,96,40,30,24,73,91,27,48,93,8,
576	2	9	2.552	2,64,50,43,80,60,22,66,47,34,74,26,52,68,51,62,45,85,9,
576	2	10	2.648	2,64,43,81,25,90,36,60,22,66,47,34,74,26,52,68,84,75,87,10,
576	2	11	2.571	2,64,50,43,78,37,79,98,28,17,65,99,55,19,53,29,83,20,11,
576	2	12	2.524	2,64,69,50,43,78,37,79,98,61,28,17,65,99,55,31,19,63,12,
576	2	13	2.618	2,64,69,50,43,80,44,46,37,79,98,28,17,65,99,55,31,77,13,
576	2	14	2.273	2,64,50,43,78,37,79,98,28,17,65,39,32,72,42,86,54,97,14,
576	2	15	1.947	2,64,50,43,78,37,79,98,28,17,65,39,54,86,42,15,
576	3	4	1.725	3,81,25,90,36,60,22,66,35,38,40,30,71,41,96,92,4,
576	3	5	1.596	3,81,25,90,36,60,66,22,92,35,96,40,38,30,41,71,5,
576	3	6	2.092	3,81,25,90,36,60,22,66,35,96,40,30,38,47,34,76,24,71,94,6,
576	3	7	2.019	3,81,25,90,36,60,22,66,35,96,40,30,38,47,34,76,56,95,91,7,
576	3	8	2.051	3,81,25,90,36,60,66,22,92,35,96,40,30,24,73,91,27,48,59,93,8,
576	3	9	2.291	3,81,25,36,60,22,66,38,47,34,74,26,52,68,51,62,45,85,9,
576	3	10	2.394	3,81,25,90,36,60,22,66,35,40,30,38,47,34,74,26,52,68,84,75,87,10,
576	3	11	2.526	3,81,25,90,36,60,22,66,35,40,30,38,47,34,74,26,88,52,68,84,11,
576	3	12	2.314	3,81,25,90,36,60,22,66,47,34,74,33,57,83,29,53,19,63,12,
576	3	13	2.382	3,81,25,90,36,60,22,66,47,34,21,46,61,17,65,99,55,31,13,
576	3	14	2.301	3,81,25,90,36,60,22,66,80,78,37,79,98,28,17,65,54,97,14,
576	3	15	2.211	3,81,25,90,36,60,22,66,80,78,37,79,98,28,39,54,86,42,15,
576	4	5	1.65	4,36,90,25,81,60,66,22,92,35,96,40,38,30,41,71,5,
576	4	6	1.571	4,36,25,90,81,60,66,22,92,35,96,40,30,41,71,94,6,
576	4	7	1.834	4,36,25,90,81,60,22,66,35,96,40,30,38,24,73,91,7,
576	4	8	2.077	4,36,90,25,81,60,22,66,35,96,40,30,24,73,95,91,27,48,59,93,8,
576	4	9	2.276	4,36,90,25,81,60,22,66,47,34,74,26,52,68,51,62,45,85,9,
576	4	10	2.414	4,36,90,25,60,22,66,35,96,40,30,38,47,34,74,26,52,68,84,75,87,10,
576	4	11	2.525	4,36,90,25,81,60,22,66,35,96,40,30,38,47,34,74,26,52,68,84,11,
576	4	12	2.439	4,36,90,25,81,60,22,66,38,47,34,74,33,57,83,29,53,19,63,12,
576	4	13	2.507	4,36,90,25,81,60,22,66,38,47,34,21,46,61,17,65,99,55,31,13,
576	4	14	2.475	4,36,90,25,60,22,66,35,96,40,30,38,47,34,21,46,61,17,65,99,97,14,
576	4	15	2.338	4,36,90,25,81,60,22,66,35,96,40,30,38,47,34,44,37,79,32,72,15,
576	5	6	1.96	5,4,36,25,90,81,60,66,22,92,35,96,40,30,41,71,94,6,
576	5	7	2.12	5,71,41,96,40,30,38,47,34,76,56,70,59,48,27,7,
576	5	8	2.018	5,71,41,40,30,38,47,34,76,56,70,27,48,59,93,8,
576	5	9	2.36	5,71,41,96,40,30,38,47,34,74,26,88,52,68,51,62,45,85,9,
576	5	10	2.513	5,71,41,96,40,30,38,47,34,21,74,26,88,52,68,51,84,75,87,10,
576	5	11	2.664	5,71,41,40,30,38,47,34,21,23,33,57,83,29,53,19,63,67,11,
576	5	12	2.655	5,41,40,30,38,47,34,74,26,88,52,51,68,57,83,29,53,19,63,12,
576	5	13	2.688	5,71,41,96,40,30,38,47,34,21,46,37,79,98,28,17,65,99,55,31,13,
576	5	14	2.684	5,41,40,30,38,47,34,21,46,37,79,98,28,17,65,39,32,42,86,54,97,14,
576	5	15	2.523	5,41,40,30,38,47,34,21,46,37,79,98,28,17,65,39,54,86,42,72,15,
576	6	7	2.124	6,94,71,41,40,30,38,47,34,76,56,70,59,48,27,7,
576	6	8	1.989	6,94,71,41,40,30,38,47,34,76,56,70,48,59,93,8,
576	6	9	2.321	6,94,71,41,40,30,38,47,34,74,26,88,52,51,62,45,85,9,
576	6	10	2.442	6,94,71,41,40,30,38,47,34,74,26,88,68,52,51,84,75,87,10,
576	6	11	2.552	6,91,27,48,59,58,62,51,68,52,88,33,57,29,83,20,11,
576	6	12	2.495	6,91,27,48,59,58,62,51,68,52,26,88,57,83,29,53,19,63,12,
576	6	13	2.639	6,91,27,48,59,58,45,62,51,52,68,57,83,29,53,19,31,77,13,
576	6	14	2.46	6,94,71,41,96,40,30,38,47,34,21,46,61,17,65,39,54,97,14,
576	6	15	2.605	6,94,71,41,96,40,30,38,47,34,21,46,37,79,98,28,39,54,86,42,72,15,
576	7	8	2.314	7,27,48,59,58,49,26,88,57,68,51,62,45,85,8,
576	7	9	2.207	7,27,70,49,52,68,51,62,45,58,59,48,93,85,9,
576	7	10	1.979	7,27,48,59,93,85,45,62,51,52,68,84,75,87,10,
576	7	11	2.351	7,27,48,59,45,62,51,52,68,57,83,29,53,19,63,67,11,
576	7	12	2.274	7,27,48,59,58,62,51,68,52,88,33,57,83,29,53,19,63,12,
576	7	13	2.355	7,27,48,59,58,62,51,68,52,88,57,83,29,53,19,31,77,13,
576	7	14	2.367	7,27,48,59,45,62,51,52,68,57,83,29,53,19,31,77,18,14,
576	7	15	2.527	7,27,48,59,58,62,51,68,52,88,33,89,17,65,39,54,86,42,15,
576	8	9	2.155	8,93,27,48,59,58,45,62,51,52,68,84,75,87,9,
576	8	10	1.92	8,93,59,48,27,70,58,45,62,51,52,68,84,75,87,10,
576	8	11	1.974	8,93,48,59,45,62,51,52,68,57,83,29,20,11,
576	8	12	1.839	8,85,45,62,51,52,68,57,83,29,53,19,63,12,
576	8	13	2.17	8,93,48,59,45,62,51,52,68,57,83,29,53,19,31,77,13,
576	8	14	2.253	8,93,85,45,62,51,68,52,88,57,83,29,53,19,31,77,18,14,
576	8	15	2.45	8,93,48,59,45,62,51,68,52,88,33,89,17,65,39,54,86,42,15,
576	9	10	1.886	9,85,45,62,51,68,57,83,29,20,84,75,87,10,
576	9	11	1.92	9,85,45,62,51,68,52,26,88,57,29,83,20,11,
576	9	12	1.731	9,85,45,62,51,52,68,57,83,29,53,19,63,12,
576	9	13	2.112	9,85,45,62,51,68,52,26,88,57,83,29,53,19,31,77,13,
576	9	14	2.302	9,85,45,62,51,68,52,26,88,33,57,83,29,53,19,31,77,18,14,
576	9	15	2.445	9,85,45,62,51,68,52,26,88,33,89,17,99,65,39,54,86,42,72,15,
576	10	11	2.034	10,87,75,84,51,52,68,57,83,29,53,19,63,67,11,
576	10	12	1.887	10,87,75,84,51,68,52,88,57,83,29,53,19,63,12,
576	10	13	1.98	10,87,75,84,51,52,68,57,83,29,53,19,31,77,13,
576	10	14	2.23	10,87,75,84,51,68,52,26,88,57,83,29,53,19,31,77,18,14,
576	10	15	2.422	10,87,75,84,20,83,29,53,19,31,77,55,99,65,39,54,86,42,72,15,
576	11	12	2.131	11,84,51,68,52,26,88,33,57,83,29,53,19,63,12,
576	11	13	2.235	11,84,51,68,52,26,88,33,57,83,29,53,19,31,13,
576	11	14	2.485	11,67,20,83,29,53,19,31,77,55,99,65,39,32,42,86,54,97,14,
576	11	15	2.514	11,20,83,29,53,19,31,77,55,99,65,17,28,98,79,32,72,15,
576	12	13	2.254	12,63,19,53,29,83,57,89,17,39,65,99,55,31,77,13,
576	12	14	2.218	12,63,19,53,29,83,57,89,99,65,39,32,42,86,54,97,14,
576	12	15	2.189	12,63,19,53,29,83,57,33,89,17,65,39,54,86,42,72,15,
576	13	14	2.178	13,77,31,55,99,65,17,28,98,79,32,72,42,86,54,97,14,
576	13	15	2.22	13,77,31,19,53,29,83,57,89,17,65,39,54,42,72,15,
576	14	15	2.15	14,18,77,31,55,99,65,17,28,61,98,39,54,86,42,72,15,
