468	0	1	2.018	0,15,54,71,39,82,68,80,57,27,64,65,85,49,25,50,1,
468	0	2	1.862	0,54,71,39,82,68,80,57,27,64,65,49,25,87,17,2,
468	0	3	2.252	0,54,39,82,68,80,57,27,64,65,49,25,87,17,84,59,35,3,
468	0	4	2.449	0,21,49,85,89,58,38,78,20,48,73,44,96,95,74,69,97,22,4,
468	0	5	2.346	0,21,49,25,85,89,58,38,93,20,48,73,44,96,95,74,69,97,22,18,5,
468	0	6	2.307	0,21,49,25,85,89,58,78,20,48,73,44,96,95,74,97,69,56,99,30,6,
468	0	7	2.38	0,21,49,85,89,58,38,93,73,44,96,95,74,97,69,56,99,30,61,76,7,
468	0	8	2.516	0,21,64,27,29,91,28,43,23,32,40,51,92,33,53,60,37,81,8,
468	0	9	2.438	0,21,64,27,29,91,34,28,43,23,32,40,51,83,55,75,92,33,9,
468	0	10	2.407	0,54,71,39,82,68,80,63,66,45,98,28,43,23,32,40,51,75,72,10,
468	0	11	2.267	0,21,64,27,57,29,91,28,43,23,32,40,51,83,55,75,72,11,
468	0	12	2.386	0,21,49,65,64,27,71,54,39,82,68,80,63,66,45,19,41,47,12,
468	0	13	2.147	0,21,50,25,49,65,64,27,71,54,39,82,68,80,63,66,77,13,
468	0	14	1.867	0,50,25,49,64,27,71,54,39,82,68,80,63,90,88,14,
468	0	15	1.675	0,21,49,25,85,65,64,27,57,80,68,82,39,71,54,15,
468	1	2	1.849	1,25,49,64,27,65,85,89,58,38,93,79,84,59,35,2,
468	1	3	1.967	1,25,49,64,27,65,85,89,58,38,93,79,84,59,35,3,
468	1	4	2.123	1,50,25,49,85,89,58,38,78,20,48,73,44,96,62,4,
468	1	5	2.181	1,50,25,49,85,89,58,78,20,48,73,44,96,95,74,69,97,18,5,
468	1	6	2.201	1,87,89,58,78,20,48,73,44,96,95,74,97,69,56,99,30,61,76,6,
468	1	7	2.2	1,87,89,58,38,93,73,44,96,95,74,97,69,56,99,30,61,76,7,
468	1	8	2.485	1,25,49,64,27,29,91,28,43,23,32,40,51,70,60,37,81,8,
468	1	9	2.396	1,25,49,65,64,27,29,91,28,43,23,32,40,51,83,55,75,92,9,
468	1	10	2.355	1,50,25,49,65,64,27,29,91,28,43,23,32,40,51,83,55,75,72,10,
468	1	11	2.28	1,25,49,65,64,27,29,91,28,43,23,32,40,51,83,55,72,11,
468	1	12	2.476	1,50,25,49,65,64,27,57,71,54,39,82,68,80,63,66,45,19,41,47,12,
468	1	13	2.403	1,50,25,49,85,65,64,27,57,71,54,39,82,68,80,63,66,45,77,13,
468	1	14	1.709	1,50,25,49,65,64,27,57,71,54,39,82,68,80,90,14,
468	1	15	1.905	1,50,25,49,65,64,27,57,71,54,39,82,68,80,90,15,
468	2	3	2.123	2,17,87,25,49,64,27,65,85,58,38,93,84,59,35,3,
468	2	4	2.138	2,35,59,84,89,58,38,78,20,48,73,44,96,95,62,4,
468	2	5	1.941	2,35,59,84,79,73,44,26,96,95,74,69,97,22,18,5,
468	2	6	1.823	2,35,59,84,79,42,62,95,74,97,69,56,99,61,76,6,
468	2	7	2.192	2,35,59,84,79,73,44,96,95,74,97,69,56,99,30,76,61,46,24,7,
468	2	8	2.489	2,35,59,84,79,42,62,95,74,97,69,56,99,30,76,61,24,46,7,8,
468	2	9	2.457	2,17,89,58,78,67,34,28,43,23,32,40,51,83,55,72,92,33,9,
468	2	10	2.469	2,17,59,84,79,73,48,20,34,28,43,23,32,40,51,83,55,75,72,10,
468	2	11	2.414	2,35,59,84,93,38,78,67,34,28,43,23,32,40,51,83,55,52,36,11,
468	2	12	2.506	2,17,89,58,38,78,67,34,28,43,23,32,40,51,83,55,52,16,47,12,
468	2	13	2.525	2,17,87,25,49,65,64,27,57,71,54,39,82,68,80,63,66,45,77,13,
468	2	14	2.279	2,17,59,84,93,38,58,89,85,65,64,27,57,71,54,39,82,68,80,90,14,
468	2	15	1.743	2,17,87,25,50,49,65,64,27,57,71,54,39,82,68,15,
468	3	4	2.256	3,35,59,84,89,58,38,78,20,48,73,44,96,95,62,4,
468	3	5	2.05	3,42,62,95,74,69,56,99,61,76,30,94,97,22,18,5,
468	3	6	1.941	3,35,59,84,79,42,62,95,74,97,69,56,99,61,76,6,
468	3	7	2.182	3,35,59,84,79,73,44,96,95,74,97,69,56,99,30,61,76,7,
468	3	8	2.283	3,42,62,95,74,97,69,56,99,30,76,61,24,46,86,60,37,81,8,
468	3	9	2.42	3,79,73,48,20,34,28,43,23,32,40,51,83,55,75,92,9,
468	3	10	2.299	3,42,44,73,48,20,34,28,43,23,32,40,51,83,55,72,10,
468	3	11	2.447	3,79,73,48,20,34,28,43,23,32,40,51,83,55,72,52,36,11,
468	3	12	2.53	3,42,44,73,48,20,34,28,43,23,32,40,51,83,55,72,52,16,12,
468	3	13	2.551	3,35,59,84,89,85,65,64,27,57,71,54,39,82,68,80,90,88,77,13,
468	3	14	2.424	3,35,59,84,17,87,25,49,65,64,27,57,71,54,39,82,68,80,90,14,
468	3	15	2.399	3,35,17,84,59,79,93,38,58,89,85,65,64,27,57,80,68,82,71,39,15,
468	4	5	2.187	4,18,22,62,95,74,69,56,99,30,61,46,24,76,6,94,5,
468	4	6	2.25	4,5,18,22,62,44,26,96,95,74,97,69,56,99,30,61,76,6,
468	4	7	2.347	4,5,18,22,62,44,96,95,74,69,97,56,99,30,76,61,24,46,7,
468	4	8	2.071	4,62,95,74,97,69,56,99,30,76,61,46,86,60,37,81,8,
468	4	9	2.262	4,18,22,97,69,56,99,30,76,61,24,46,86,60,37,81,53,33,9,
468	4	10	2.227	4,62,44,73,48,20,34,28,43,23,32,40,51,83,55,72,10,
468	4	11	2.399	4,62,44,73,48,20,34,28,23,32,40,51,83,55,72,52,36,11,
468	4	12	2.458	4,62,44,73,48,20,34,28,43,23,32,40,51,83,55,72,52,16,12,
468	4	13	2.638	4,62,44,73,48,34,28,43,23,32,40,51,83,55,52,16,47,41,13,
468	4	14	2.619	4,42,79,93,38,58,89,85,65,64,27,57,71,54,39,82,68,80,63,90,88,14,
468	4	15	2.465	4,42,44,73,48,20,78,38,58,89,85,65,64,27,71,54,39,82,68,15,
468	5	6	1.706	5,18,22,62,44,96,95,74,97,69,56,99,30,61,76,6,
468	5	7	1.951	5,18,22,62,44,96,95,74,97,69,56,99,30,76,61,24,46,7,
468	5	8	1.873	5,18,22,97,69,56,99,30,76,61,24,46,86,60,37,53,81,8,
468	5	9	1.929	5,18,97,69,56,99,30,76,61,24,46,86,60,37,81,53,33,9,
468	5	10	2.215	5,18,22,62,44,73,48,20,34,28,43,23,32,40,51,75,72,10,
468	5	11	2.293	5,18,22,95,96,44,73,48,20,34,28,43,23,32,40,51,75,72,11,
468	5	12	2.423	5,18,22,62,44,73,48,20,34,28,43,23,32,40,51,83,55,52,16,12,
468	5	13	2.665	5,18,22,62,44,73,48,34,28,23,32,40,51,83,55,52,16,47,41,13,
468	5	14	2.58	5,18,97,69,74,95,96,26,44,73,48,20,78,65,64,27,57,80,90,14,
468	5	15	2.37	5,18,97,69,74,95,96,44,73,48,20,78,65,64,27,71,54,39,82,68,15,
468	6	7	1.929	6,5,18,22,62,95,74,97,69,56,99,30,76,61,24,46,7,
468	6	8	1.727	6,94,97,69,56,99,30,76,61,24,46,86,60,37,81,8,
468	6	9	1.884	6,30,76,61,99,56,69,97,74,86,60,37,81,53,33,9,
468	6	10	2.112	6,30,61,24,46,86,70,28,43,23,32,40,51,83,55,72,10,
468	6	11	2.294	6,30,76,61,24,46,86,70,28,43,23,32,40,51,83,55,72,52,36,11,
468	6	12	2.419	6,30,76,61,24,46,86,70,32,40,51,83,55,75,72,52,16,47,19,41,12,
468	6	13	2.471	6,30,76,61,24,46,86,70,32,40,51,83,55,75,72,52,16,47,19,41,13,
468	6	14	2.496	6,30,76,61,99,56,69,97,74,95,96,44,73,48,20,67,91,29,31,63,90,14,
468	6	15	2.342	6,30,99,56,69,97,74,95,96,44,73,48,20,78,65,64,27,71,54,39,15,
468	7	8	1.889	7,46,24,61,76,30,99,56,69,97,74,86,60,37,81,8,
468	7	9	2.014	7,76,61,30,99,56,69,97,74,86,60,37,81,53,33,9,
468	7	10	2.305	7,60,37,81,53,33,92,75,83,51,40,32,28,23,55,72,10,
468	7	11	2.109	7,60,37,81,53,33,92,75,51,40,32,83,55,72,52,36,11,
468	7	12	2.273	7,60,37,81,53,33,92,75,51,40,32,83,55,52,36,16,47,12,
468	7	13	2.361	7,60,37,81,53,70,32,40,51,83,55,72,52,16,47,19,41,13,
468	7	14	2.51	7,76,61,30,99,56,69,97,74,96,44,73,48,20,67,29,31,63,90,14,
468	7	15	2.446	7,76,61,30,99,56,69,74,96,44,73,48,20,78,65,64,27,71,39,15,
468	8	9	1.814	8,60,37,81,53,70,32,40,51,83,55,72,75,92,33,9,
468	8	10	1.964	8,60,37,81,33,92,75,51,40,32,28,23,55,72,10,
468	8	11	1.801	8,60,37,81,53,70,51,40,32,83,55,75,72,52,36,11,
468	8	12	1.997	8,60,37,81,53,70,32,40,51,83,55,75,72,52,36,16,47,12,
468	8	13	2.109	8,60,37,81,53,70,32,40,51,83,55,75,72,52,16,47,41,13,
468	8	14	2.298	8,60,37,81,53,33,92,75,51,40,32,23,43,28,98,45,66,88,14,
468	8	15	2.33	8,60,37,81,53,70,51,40,32,23,43,98,45,66,63,80,68,82,15,
468	9	10	1.95	9,33,53,81,37,60,70,51,40,32,23,83,55,72,10,
468	9	11	1.904	9,33,92,75,72,55,83,51,40,32,23,28,43,52,36,11,
468	9	12	1.883	9,33,92,51,40,32,28,43,23,83,55,52,16,47,12,
468	9	13	2.129	9,92,75,72,55,83,51,40,32,23,43,28,98,45,66,77,13,
468	9	14	2.455	9,33,92,75,72,55,83,51,40,32,23,43,28,98,45,66,31,63,88,14,
468	9	15	2.281	9,92,75,72,55,83,51,40,32,23,43,28,98,45,66,63,80,68,82,15,
468	10	11	2.125	10,72,55,83,51,40,32,23,43,98,19,47,16,36,11,
468	10	12	1.85	10,72,55,83,51,40,32,23,28,43,52,36,16,47,12,
468	10	13	1.918	10,72,75,55,83,51,40,32,23,43,28,98,45,77,13,
468	10	14	2.063	10,72,75,55,83,51,40,32,23,43,28,98,45,66,63,90,88,14,
468	10	15	2.215	10,72,55,83,51,40,32,23,43,98,45,66,63,80,68,82,39,54,15,
468	11	12	1.885	11,72,55,83,51,40,32,23,28,43,52,36,16,47,12,
468	11	13	1.953	11,72,75,55,83,51,40,32,23,43,28,98,45,77,13,
468	11	14	2.076	11,36,52,55,83,51,40,32,23,43,28,98,45,66,77,88,14,
468	11	15	2.116	11,72,55,83,51,40,32,23,43,28,98,45,66,63,80,68,82,15,
468	12	13	2.022	12,16,52,55,83,51,40,32,23,43,28,98,45,77,13,
468	12	14	2.009	12,16,52,55,83,51,40,32,23,43,98,45,66,63,90,14,
468	12	15	1.956	12,47,41,19,45,66,77,88,90,63,80,68,82,39,54,15,
468	13	14	2.219	13,41,47,16,52,55,83,40,32,23,43,98,45,66,88,14,
468	13	15	2.151	13,77,88,90,80,57,27,64,65,49,25,50,21,71,54,15,
468	14	15	1.969	14,90,80,57,27,64,65,49,25,50,21,0,54,39,82,68,15,
