183	0	3	2.249	0,49,22,25,64,33,48,43,94,35,27,30,55,26,34,32,3,
183	0	4	2.415	0,57,65,53,66,49,22,25,64,33,48,43,94,35,27,80,88,16,4,
183	0	1	2.307	0,57,65,53,66,49,22,25,64,33,48,43,81,89,50,1,
183	0	2	2.379	0,49,22,25,64,33,48,43,94,35,27,80,88,30,59,34,2,
183	0	6	2.326	0,49,22,25,64,33,87,38,90,73,77,47,69,86,41,71,46,72,6,
183	0	7	2.312	0,49,22,25,64,33,87,38,90,73,77,47,69,36,75,67,92,70,7,
183	0	5	2.385	0,57,65,53,66,49,22,25,64,33,48,43,94,35,27,80,88,16,5,
183	0	10	2.216	0,49,22,25,64,33,87,38,90,44,73,77,47,40,62,31,56,97,10,
183	0	8	2.328	0,49,22,25,64,33,87,38,90,44,73,77,47,69,36,75,37,29,45,8,
183	0	9	2.348	0,49,22,25,64,33,87,38,90,73,77,47,40,21,98,74,31,56,97,9,
183	0	11	2.217	0,49,22,25,64,33,87,38,90,44,73,77,47,23,76,39,95,51,11,
183	0	15	2.057	0,49,22,25,64,33,87,90,38,68,24,58,53,65,15,
183	0	13	2.102	0,49,22,25,64,33,87,38,90,44,82,99,78,54,13,
183	0	14	2.146	0,49,22,25,64,33,87,90,44,38,68,24,20,93,79,14,
183	0	12	2.271	0,49,22,25,64,33,87,38,44,90,77,73,23,76,99,78,18,12,
183	1	2	2.444	1,50,89,22,25,64,33,48,43,94,35,27,30,55,26,34,2,
183	1	3	2.293	1,50,89,22,25,64,33,48,43,94,35,27,30,59,34,32,3,
183	1	7	2.421	1,50,89,25,64,33,87,38,90,73,77,47,69,83,37,67,92,70,7,
183	1	4	2.485	1,50,89,22,25,64,48,43,94,35,27,80,88,30,59,42,4,
183	1	8	2.434	1,50,89,25,64,33,87,38,90,44,73,77,47,40,83,37,29,45,8,
183	1	5	2.524	1,50,89,25,64,33,87,38,90,73,77,47,69,61,85,80,16,5,
183	1	6	2.435	1,50,89,25,64,33,87,38,90,73,77,47,69,86,41,71,46,72,6,
183	1	15	2.211	1,50,89,25,22,49,66,53,58,24,93,79,91,65,57,15,
183	1	14	2.238	1,50,89,22,25,64,33,87,90,44,38,68,24,93,79,14,
183	2	3	2.496	2,19,55,26,34,59,30,35,94,27,80,88,16,42,32,3,
183	1	9	2.4	1,50,89,25,64,33,87,38,90,44,73,77,47,40,62,31,56,97,9,
183	2	5	2.415	2,34,26,55,30,27,35,94,61,85,80,88,16,52,63,72,60,5,
183	2	4	2.516	2,19,50,89,22,25,64,33,48,43,94,35,27,88,80,16,4,
183	1	10	2.363	1,50,89,25,64,33,87,38,90,44,73,77,47,40,21,98,74,31,17,10,
183	2	6	2.486	2,34,26,55,30,27,35,94,85,61,86,36,41,71,46,52,63,60,72,6,
183	1	12	2.399	1,50,89,25,64,33,87,38,90,44,73,77,47,23,76,78,18,12,
183	1	11	2.326	1,50,89,25,64,33,87,38,90,44,73,77,47,23,76,39,95,51,11,
183	1	13	2.506	1,50,89,25,64,33,87,38,90,44,73,77,47,23,76,99,78,54,13,
183	2	15	2.222	2,34,59,30,27,35,94,43,48,64,25,22,49,66,53,65,15,
183	2	14	2.604	2,34,59,30,27,85,61,69,47,77,73,90,44,38,87,68,24,20,79,14,
183	2	7	2.416	2,32,34,59,30,27,35,94,85,61,86,36,75,37,29,67,92,70,84,7,
183	3	5	2.04	3,32,34,26,55,35,94,27,88,80,16,52,63,72,60,5,
183	2	9	2.551	2,19,81,48,33,87,38,90,73,77,47,40,21,98,74,31,56,97,9,
183	3	4	2.429	3,32,34,26,55,35,94,27,88,80,16,52,63,72,60,5,4,
183	2	8	2.583	2,19,81,43,48,33,87,38,90,44,73,77,47,69,36,75,37,29,45,8,
183	2	10	2.509	2,19,81,43,48,33,87,38,90,44,73,77,47,40,21,98,74,31,17,10,
183	2	12	2.584	2,34,59,30,27,35,94,43,48,33,87,38,90,44,23,76,99,78,18,12,
183	2	11	2.629	2,34,59,30,27,94,43,48,33,87,38,44,90,77,73,23,76,39,95,51,11,
183	2	13	2.657	2,34,59,30,27,35,94,85,61,69,47,77,73,90,87,38,44,82,54,13,
183	3	7	2.17	3,32,59,30,27,35,94,85,61,86,36,75,37,29,67,92,70,84,7,
183	3	6	1.889	3,32,34,26,55,35,94,27,88,80,16,52,63,60,72,6,
183	3	15	2.39	3,32,59,30,88,80,27,35,94,43,48,33,64,25,22,49,66,53,65,15,
183	3	14	2.56	3,32,59,30,27,85,61,86,69,47,77,73,44,90,38,87,68,24,20,79,14,
183	4	5	2.231	4,16,80,88,27,35,94,85,61,41,71,46,52,63,72,60,5,
183	3	9	2.512	3,32,59,30,27,35,94,43,48,33,87,38,90,44,23,62,31,56,97,9,
183	3	8	2.375	3,32,34,59,30,88,80,27,35,94,61,86,36,75,37,29,67,45,8,
183	3	10	2.492	3,32,59,30,35,94,43,48,33,87,38,90,44,73,77,47,40,62,31,17,10,
183	3	12	2.559	3,32,59,30,27,85,61,86,69,47,77,73,90,87,38,82,99,78,18,12,
183	3	11	2.531	3,32,59,30,27,94,43,48,33,87,38,44,90,77,73,23,76,39,95,51,11,
183	3	13	2.633	3,32,34,59,30,27,35,94,85,61,69,47,77,73,90,87,38,44,82,54,13,
183	4	7	1.952	4,16,88,80,85,61,86,36,75,37,29,67,92,70,84,7,
183	4	6	2.08	4,16,80,88,27,35,94,85,61,41,71,46,52,63,60,72,6,
183	5	6	2.05	5,16,80,88,27,35,94,85,61,41,71,46,52,63,60,72,6,
183	4	9	2.403	4,16,80,88,27,35,94,85,61,86,36,83,21,98,74,31,56,97,9,
183	4	15	2.449	4,16,80,88,27,35,94,43,48,33,64,58,25,22,49,66,53,65,57,15,
183	4	8	2.354	4,16,80,88,27,35,94,85,61,86,36,75,37,29,67,92,70,8,
183	4	14	2.557	4,16,88,80,85,61,86,69,47,77,73,44,90,38,87,68,24,20,93,79,14,
183	4	10	2.328	4,16,80,88,27,35,94,85,61,86,36,83,21,98,74,31,56,97,10,
183	4	11	2.487	4,16,88,80,85,61,86,69,47,73,77,87,38,90,44,23,76,39,95,51,11,
183	4	12	2.585	4,16,88,80,85,61,86,69,47,73,77,87,38,90,44,23,76,99,78,18,12,
183	4	13	2.63	4,16,80,88,27,35,94,61,86,69,47,73,77,87,38,90,44,82,54,13,
183	6	7	1.664	6,72,60,63,52,46,71,41,75,37,29,67,92,70,84,7,
183	5	7	1.806	5,63,60,72,52,46,71,41,75,37,29,67,92,70,84,7,
183	5	9	2.265	5,63,60,72,52,46,71,41,86,36,83,21,98,74,31,56,97,9,
183	6	8	2.073	6,72,60,63,52,46,71,41,36,75,37,29,67,92,84,70,8,
183	5	8	2.29	5,63,60,72,46,71,41,86,36,83,75,37,29,67,92,84,70,8,
183	5	15	2.456	5,16,88,80,85,61,69,47,77,73,44,90,38,87,68,24,58,53,65,57,15,
183	5	10	2.355	5,63,60,72,46,71,41,86,69,47,77,73,23,62,74,31,56,97,10,
183	5	14	2.505	5,63,60,72,46,71,41,86,69,47,77,73,44,90,38,87,68,24,93,28,14,
183	5	11	2.423	5,63,60,72,46,71,41,86,69,47,77,73,90,38,44,23,76,39,95,51,11,
183	5	12	2.429	5,63,60,72,46,71,41,86,69,47,77,73,90,38,44,82,99,78,18,12,
183	5	13	2.558	5,63,60,72,46,71,41,86,69,47,73,77,87,38,90,44,82,99,78,54,13,
183	7	10	1.801	7,84,70,92,67,29,37,75,83,21,98,74,31,56,97,10,
183	7	9	1.876	7,84,70,92,67,29,37,75,83,21,98,74,31,56,97,9,
183	7	8	2.014	7,84,70,92,67,29,37,75,36,83,21,98,74,96,45,8,
183	6	9	2.024	6,72,60,63,52,46,71,41,36,83,21,98,74,31,56,97,9,
183	6	15	2.301	6,60,72,46,71,41,86,69,47,77,73,90,38,87,68,24,58,53,65,15,
183	6	10	2.121	6,60,63,52,46,71,41,86,36,83,21,98,74,31,56,97,17,10,
183	6	14	2.324	6,72,60,63,52,41,86,69,47,77,73,44,90,38,87,68,24,20,79,14,
183	7	11	2.199	7,84,70,92,67,29,37,75,36,83,21,98,74,31,56,97,17,95,51,11,
183	6	11	2.258	6,60,72,46,71,41,86,69,47,77,73,90,38,44,23,76,39,95,51,11,
183	6	12	2.304	6,72,60,63,52,41,86,69,47,77,73,90,38,44,82,99,78,18,12,
183	6	13	2.463	6,60,63,72,46,71,41,86,69,47,73,77,87,38,90,44,82,99,78,54,13,
183	8	9	2.036	8,45,67,29,37,75,36,83,40,21,98,74,31,56,97,9,
183	8	10	1.961	8,45,67,29,37,75,36,83,40,21,98,74,31,56,97,10,
183	8	14	2.283	8,45,29,37,75,36,86,69,47,77,73,44,90,38,87,68,24,20,79,14,
183	8	11	2.015	8,45,67,29,37,83,21,98,74,31,56,97,17,95,51,11,
183	8	15	2.31	8,45,29,37,75,36,69,47,77,73,44,90,38,87,68,24,58,53,65,57,15,
183	7	15	2.329	7,70,92,67,37,75,36,69,47,77,73,44,90,38,87,68,24,58,53,65,15,
183	8	12	2.201	8,45,29,37,75,36,69,47,77,73,90,38,44,82,99,78,18,12,
183	7	14	2.316	7,70,92,67,29,37,75,36,69,47,77,73,44,90,38,87,68,24,20,79,14,
183	8	13	2.266	8,45,29,37,75,36,83,40,47,73,77,87,38,90,44,82,54,13,
183	7	12	2.256	7,70,92,67,37,75,36,69,47,77,73,90,38,44,82,99,78,18,12,
183	7	13	2.315	7,84,70,92,67,29,37,21,40,47,77,73,44,90,87,38,82,54,13,
183	9	10	2.121	9,96,29,67,37,75,36,83,21,98,74,31,56,97,17,10,
183	10	14	2.109	10,97,56,31,62,40,47,77,73,44,90,38,87,68,24,20,79,14,
183	9	11	2.021	9,97,56,74,98,21,40,47,77,73,23,76,39,95,51,11,
183	10	11	1.944	10,17,31,74,98,21,40,47,77,73,23,76,39,95,51,11,
183	10	15	2.107	10,17,31,62,40,47,77,73,44,90,38,87,68,24,58,53,65,15,
183	9	14	2.22	9,97,56,31,74,62,40,47,77,73,90,38,87,68,24,93,79,14,
183	9	15	2.229	9,97,56,31,74,62,23,44,90,38,87,68,24,58,66,53,65,57,15,
183	10	12	2.034	10,17,31,62,40,47,77,73,90,38,44,82,99,78,18,12,
183	9	12	2.164	9,97,56,31,62,40,47,77,73,90,38,44,82,99,78,18,12,
183	10	13	2.04	10,17,31,74,98,21,40,47,77,73,90,38,44,82,54,13,
183	9	13	2.183	9,97,56,31,74,98,21,40,47,77,87,38,90,44,82,54,13,
183	13	15	2.084	13,54,78,99,82,44,90,38,87,68,24,58,53,65,57,15,
183	12	15	2.002	12,18,78,99,82,44,90,38,87,68,24,58,53,65,57,15,
183	11	14	2.056	11,51,95,39,76,23,44,90,38,87,33,64,24,93,79,14,
183	14	15	2.096	14,79,93,24,68,38,44,90,87,33,64,58,53,65,57,15,
183	12	14	2.113	12,18,78,99,76,23,73,77,90,38,87,68,24,20,79,14,
183	13	14	2.191	13,54,82,23,47,77,73,90,44,38,87,68,24,20,79,14,
183	11	15	2.075	11,51,95,39,76,23,44,90,38,87,33,64,25,22,66,53,65,15,
183	11	12	2.031	11,51,95,39,76,23,73,77,90,38,44,82,99,78,18,12,
183	11	13	2.039	11,51,95,39,76,23,73,47,77,87,38,90,44,82,54,13,
183	12	13	2.075	12,18,78,99,76,23,73,77,87,38,90,44,82,54,13,
