45	0	1	2.156	0,31,38,21,40,32,53,73,17,57,47,23,87,43,65,1,
45	0	2	1.951	0,31,38,65,43,87,23,47,80,83,68,81,52,44,2,
45	0	3	2.158	0,31,38,21,43,87,57,47,23,80,97,16,81,52,44,62,76,3,
45	0	4	2.361	0,31,38,21,43,83,80,97,16,81,52,44,62,76,55,59,51,33,4,
45	0	5	2.48	0,31,38,43,23,47,19,78,93,24,82,75,36,79,66,98,50,5,
45	0	6	2.56	0,31,38,21,43,23,47,19,78,93,24,82,75,36,79,66,98,96,6,
45	0	7	2.525	0,40,53,73,17,90,70,88,27,67,78,93,24,82,75,36,79,74,72,58,7,
45	0	8	2.475	0,40,53,73,17,90,70,88,27,67,78,93,24,82,91,26,61,30,86,54,8,
45	0	9	2.649	0,31,38,21,87,57,73,17,90,70,88,27,67,78,93,24,82,26,91,42,9,
45	0	10	2.577	0,31,38,21,43,23,47,57,73,17,90,70,88,34,77,56,63,60,10,
45	0	11	2.374	0,31,38,43,87,57,73,17,90,70,88,34,77,56,63,60,49,11,
45	0	12	2.294	0,31,38,21,43,87,23,47,57,73,17,18,29,28,85,39,46,12,
45	0	13	2.092	0,31,38,21,43,87,23,47,57,73,17,18,29,28,85,39,13,
45	0	14	2.101	0,31,38,21,43,87,23,47,57,73,17,90,70,18,89,14,
45	0	15	1.951	0,31,38,21,43,83,80,23,47,87,57,17,73,53,20,15,
45	1	2	1.836	1,65,38,31,21,43,87,47,23,80,83,68,81,52,2,
45	1	3	1.857	1,65,38,21,43,80,83,68,81,52,44,59,55,76,62,3,
45	1	4	2.17	1,65,38,31,21,43,83,80,97,16,81,52,44,62,76,55,59,51,4,
45	1	5	2.322	1,65,38,31,21,43,83,80,16,97,94,25,37,66,98,96,50,5,
45	1	6	2.401	1,65,38,31,21,43,23,80,83,16,97,94,25,37,66,98,96,6,
45	1	7	2.444	1,65,38,31,21,43,23,47,19,78,93,24,82,75,36,79,74,72,58,7,
45	1	8	2.394	1,65,38,31,21,43,23,47,19,78,93,24,82,91,26,61,30,86,54,8,
45	1	9	2.585	1,65,38,31,21,43,23,47,19,78,93,24,82,91,26,61,30,86,54,9,
45	1	10	2.634	1,65,38,31,21,43,87,57,73,17,90,70,88,34,77,56,48,63,60,10,
45	1	11	2.51	1,65,38,31,21,43,87,57,73,17,90,70,88,34,77,56,63,60,49,11,
45	1	12	2.507	1,65,38,31,21,43,83,80,23,47,57,73,17,18,29,28,85,39,46,12,
45	1	13	2.165	1,65,38,31,21,43,87,23,47,57,73,17,18,29,28,85,39,13,
45	1	14	2.284	1,65,38,31,21,43,23,47,57,73,17,90,70,28,29,18,89,14,
45	1	15	1.864	1,65,38,31,21,43,83,80,23,47,57,17,73,53,20,15,
45	2	3	2.003	2,52,44,81,68,83,80,16,97,94,25,51,55,76,62,3,
45	2	4	2.152	2,52,44,62,76,55,59,94,25,37,66,98,96,50,33,4,
45	2	5	2.382	2,52,81,16,97,92,78,93,24,82,75,36,79,66,98,50,5,
45	2	6	2.486	2,52,44,62,76,55,59,51,25,37,98,66,79,36,74,45,58,72,71,6,
45	2	7	2.357	2,52,44,62,76,55,59,51,33,50,96,98,66,79,36,74,45,72,58,7,
45	2	8	2.442	2,52,44,62,76,55,59,51,25,37,98,66,79,36,74,45,35,30,86,54,8,
45	2	9	2.593	2,52,44,62,76,55,59,94,25,37,98,66,79,36,74,45,35,86,54,9,
45	2	10	2.682	2,52,44,62,76,55,59,94,25,37,98,66,79,36,84,26,91,41,64,10,
45	2	11	2.663	2,52,44,81,68,83,80,23,47,57,73,17,18,29,28,85,39,46,95,11,
45	2	12	2.563	2,52,44,81,16,97,80,83,43,23,47,57,73,17,18,28,29,39,12,
45	2	13	2.436	2,52,81,16,97,80,83,43,23,47,57,73,17,18,28,29,39,13,
45	2	14	2.324	2,52,44,81,16,97,80,83,43,21,87,23,47,57,73,17,89,14,
45	2	15	2.208	2,52,44,81,16,97,80,83,43,87,23,47,57,17,73,53,20,15,
45	3	4	2.116	3,76,55,59,44,52,81,68,16,97,94,25,37,33,4,
45	3	5	2.038	3,62,44,52,81,16,97,94,25,37,98,66,96,50,5,
45	3	6	2.033	3,62,76,55,59,44,52,81,94,25,37,98,66,96,6,
45	3	7	2.277	3,62,76,55,59,51,25,37,98,66,79,36,84,26,91,61,30,35,45,58,7,
45	3	8	2.27	3,62,76,55,59,94,25,37,98,66,79,36,75,26,91,61,30,86,54,8,
45	3	9	2.461	3,62,76,55,59,94,25,37,98,66,79,36,75,26,91,61,30,86,54,9,
45	3	10	2.583	3,62,76,55,59,94,25,37,98,66,79,36,84,75,24,82,41,64,10,
45	3	11	2.607	3,62,76,55,59,94,92,78,93,24,82,67,27,34,77,56,63,60,49,11,
45	3	12	2.6	3,76,55,59,44,52,81,16,97,80,23,47,57,73,17,18,28,29,39,12,
45	3	13	2.453	3,62,44,52,81,68,83,80,23,47,57,73,17,18,29,28,85,39,13,
45	3	14	2.439	3,62,76,55,59,44,52,81,16,97,80,83,43,21,87,57,73,17,89,14,
45	3	15	2.251	3,62,76,55,59,44,52,81,16,97,80,23,47,57,17,73,53,32,20,15,
45	4	5	2.268	4,51,59,55,76,62,44,52,81,16,97,94,25,37,33,5,
45	4	6	2.194	4,33,37,98,66,79,36,75,26,61,30,35,45,72,71,6,
45	4	7	2.022	4,33,50,96,98,66,79,36,84,26,61,30,35,45,58,7,
45	4	8	2.312	4,33,25,37,98,66,79,36,75,24,82,91,26,61,30,86,54,8,
45	4	9	2.589	4,33,50,96,98,66,79,36,75,24,82,91,26,61,30,35,86,54,9,
45	4	10	2.651	4,33,37,98,66,79,36,75,24,82,22,34,77,56,63,60,10,
45	4	11	2.61	4,33,37,98,66,79,36,75,82,67,27,34,77,56,63,60,49,11,
45	4	12	2.594	4,33,37,98,66,79,36,75,82,24,93,78,67,27,34,77,69,46,12,
45	4	13	2.641	4,51,59,55,76,62,44,52,81,16,97,80,23,47,57,73,17,18,29,13,
45	4	14	2.587	4,51,59,76,62,44,52,81,16,97,80,23,47,57,73,17,18,89,14,
45	4	15	2.422	4,51,59,55,76,62,44,52,81,16,97,80,23,47,57,17,73,53,20,15,
45	5	6	1.961	5,50,96,98,66,79,36,75,26,61,30,35,45,72,71,6,
45	5	7	1.802	5,50,96,98,66,79,36,75,26,91,61,30,35,45,58,7,
45	5	8	1.954	5,50,96,98,66,79,36,75,24,82,91,26,61,30,86,54,8,
45	5	9	2.226	5,50,96,98,66,79,36,84,75,24,82,91,26,61,30,86,54,9,
45	5	10	2.392	5,50,96,98,66,79,36,75,82,24,93,78,67,27,22,64,10,
45	5	11	2.398	5,50,98,66,79,36,75,24,93,78,67,27,34,77,56,63,60,49,11,
45	5	12	2.442	5,50,96,98,66,79,36,84,75,82,24,93,78,67,27,34,77,69,46,12,
45	5	13	2.539	5,50,96,98,66,79,36,75,82,24,93,78,67,27,34,77,28,29,13,
45	5	14	2.465	5,50,98,66,79,36,75,82,24,93,78,67,27,88,70,18,89,14,
45	5	15	2.485	5,50,96,98,66,79,36,75,82,67,27,88,70,90,17,73,53,20,15,
45	6	7	1.863	6,96,50,98,66,79,36,75,26,91,61,30,35,45,58,7,
45	6	8	1.856	6,96,50,98,66,79,36,75,84,26,91,61,30,86,54,8,
45	6	9	2.327	6,96,50,98,66,79,36,75,24,82,91,26,61,30,35,86,54,9,
45	6	10	2.411	6,96,98,66,79,75,24,93,78,67,27,34,77,56,63,60,10,
45	6	11	2.413	6,71,72,74,79,36,75,82,24,93,78,67,27,34,77,56,63,60,49,11,
45	6	12	2.422	6,96,50,98,66,79,36,75,82,24,93,78,67,27,34,77,69,46,12,
45	6	13	2.523	6,96,98,66,79,36,75,82,24,93,78,67,27,34,77,69,85,39,13,
45	6	14	2.52	6,96,98,66,79,36,75,82,24,93,78,67,27,88,90,70,18,89,14,
45	6	15	2.443	6,71,72,74,36,75,82,24,93,78,67,27,88,70,90,17,73,53,20,15,
45	7	8	1.807	7,58,72,45,74,79,36,75,24,82,91,26,61,30,86,54,8,
45	7	9	2.008	7,58,72,45,74,79,36,75,24,82,26,91,61,30,86,54,9,
45	7	10	2.102	7,58,72,74,45,35,30,61,91,26,84,75,24,82,41,64,10,
45	7	11	2.009	7,58,72,45,74,79,36,75,24,82,22,48,63,60,49,11,
45	7	12	2.363	7,58,45,35,30,61,91,26,84,75,82,24,93,78,67,27,34,77,69,46,12,
45	7	13	2.421	7,58,45,74,79,36,75,82,24,93,78,67,27,88,90,70,28,85,39,13,
45	7	14	2.517	7,58,72,74,45,35,30,61,26,91,82,24,93,78,67,27,88,90,70,18,89,14,
45	7	15	2.501	7,58,72,45,35,30,61,26,91,82,24,93,78,67,27,88,70,90,17,73,53,20,15,
45	8	9	2.079	8,54,86,30,35,45,74,79,36,84,75,24,82,26,91,42,9,
45	8	10	2.098	8,54,61,26,82,24,93,78,67,27,34,77,56,63,10,
45	8	11	2.039	8,54,61,26,82,24,93,78,67,27,34,77,56,95,11,
45	8	12	2.083	8,54,86,30,61,26,91,82,24,93,78,67,27,34,77,69,46,12,
45	8	13	2.368	8,54,86,30,61,26,91,82,24,93,78,67,27,88,90,70,28,85,39,13,
45	8	14	2.476	8,54,86,30,61,91,26,84,75,82,24,93,78,67,27,88,90,70,18,89,14,
45	8	15	2.455	8,54,86,30,61,91,26,75,82,24,93,78,67,27,88,70,90,17,73,53,20,15,
45	9	10	2.212	9,42,91,26,82,24,93,78,67,27,34,77,56,63,60,10,
45	9	11	2.15	9,42,41,82,24,93,78,67,27,34,77,56,63,60,49,11,
45	9	12	2.274	9,54,86,30,61,26,91,82,24,93,78,67,27,34,77,69,46,12,
45	9	13	2.475	9,54,86,30,61,26,91,82,24,93,78,67,27,34,77,69,85,39,13,
45	9	14	2.571	9,54,86,30,61,26,91,82,24,93,78,67,27,88,70,90,17,73,89,14,
45	9	15	2.529	9,54,86,30,61,26,91,82,24,93,78,67,27,88,70,90,17,73,53,20,15,
45	10	11	2.181	10,64,41,82,24,93,78,67,27,34,77,56,63,49,11,
45	10	12	2.355	10,64,41,91,26,75,82,24,93,78,67,27,34,77,69,46,12,
45	10	13	2.444	10,60,63,48,56,77,34,27,88,90,70,18,29,28,85,39,13,
45	10	14	2.446	10,64,41,91,26,82,24,93,78,67,27,88,90,70,18,89,14,
45	10	15	2.503	10,64,41,91,26,82,24,93,78,67,27,88,70,90,17,73,53,20,15,
45	11	12	2.197	11,49,60,63,56,77,34,88,90,70,18,28,85,39,12,
45	11	13	2.133	11,49,60,63,56,77,34,88,90,70,18,28,85,39,13,
45	11	14	2.155	11,49,60,63,56,77,34,27,88,90,70,17,73,89,14,
45	11	15	2.369	11,49,60,63,56,77,34,27,88,70,90,17,73,57,53,32,20,15,
45	12	13	2.374	12,95,49,60,63,56,77,34,88,90,70,28,29,39,13,
45	12	14	2.379	12,39,85,28,29,18,17,73,57,87,43,21,40,32,20,14,
45	12	15	2.062	12,39,85,28,29,18,17,73,57,87,43,21,40,32,20,15,
45	13	14	2.315	13,39,85,28,29,18,17,73,57,87,43,21,40,32,20,14,
45	13	15	1.998	13,39,85,28,29,18,17,73,57,87,43,21,40,32,20,15,
45	14	15	2.109	14,89,18,17,73,57,47,23,80,83,43,21,40,32,20,15,
