260	0	2	1.889	0,28,56,57,84,90,69,32,81,18,98,80,54,93,96,2,
260	0	4	2.449	0,28,56,90,69,32,18,81,87,92,94,17,72,86,31,29,4,
260	0	1	2.244	0,28,56,90,69,32,18,81,87,92,40,59,50,96,93,1,
260	0	8	2.574	0,28,98,18,81,87,92,94,77,17,72,86,25,21,16,33,64,44,38,8,
260	0	5	2.548	0,28,56,90,69,32,18,81,87,92,94,77,17,72,86,43,78,5,
260	0	9	2.598	0,28,98,18,32,69,90,95,23,71,20,63,62,89,51,91,47,73,36,9,
260	0	11	2.356	0,28,98,18,32,69,90,95,46,22,30,27,53,66,20,63,62,89,11,
260	0	6	2.569	0,28,56,90,69,32,18,81,87,92,94,77,17,72,86,25,43,78,6,
260	0	10	2.51	0,28,98,18,32,69,90,95,46,30,65,52,27,53,66,20,63,62,89,26,10,
260	0	7	2.54	0,28,98,18,81,92,94,77,17,72,86,25,21,16,75,33,64,42,7,
260	0	3	2.384	0,28,98,18,90,69,32,34,45,77,17,94,92,87,50,59,58,3,
260	0	13	1.978	0,28,98,18,32,69,90,95,23,22,30,52,65,37,13,
260	0	15	2.329	0,28,80,98,18,81,32,69,90,56,84,57,19,97,85,67,15,
260	0	14	2.114	0,28,80,98,18,81,32,69,90,56,84,57,19,67,85,97,14,
260	1	2	2.112	1,80,98,18,32,34,45,77,17,94,92,87,50,96,2,
260	1	3	2.355	1,54,80,98,18,81,32,34,45,77,17,94,92,40,68,58,3,
260	1	4	2.263	1,93,96,50,59,58,68,40,92,94,77,17,72,86,31,29,4,
260	0	12	2.278	0,28,98,18,81,32,69,90,84,57,19,95,46,22,30,65,52,27,12,
260	1	5	2.53	1,93,96,50,59,87,92,94,77,34,45,17,72,86,25,43,78,5,
260	1	6	2.483	1,54,93,96,50,59,58,68,40,92,94,77,17,72,86,25,43,78,6,
260	1	7	2.525	1,54,87,92,94,17,77,34,45,49,39,88,79,82,75,33,64,42,7,
260	1	8	2.587	1,93,96,50,87,92,94,77,17,72,86,25,21,16,75,33,64,44,55,38,8,
260	1	15	2.332	1,93,96,50,87,92,94,17,77,34,32,69,90,84,57,15,
260	1	14	2.141	1,54,80,98,18,81,32,69,90,56,84,57,19,67,85,97,14,
260	2	3	2.199	2,96,50,59,87,92,94,77,34,45,17,72,86,31,61,3,
260	2	5	2.03	2,96,50,59,58,40,92,94,77,17,72,86,25,43,78,5,
260	2	4	1.969	2,96,50,59,58,68,40,92,94,77,17,72,86,31,29,4,
260	1	11	2.52	1,80,98,18,81,32,69,90,95,46,22,30,27,53,66,20,63,62,89,11,
260	1	12	2.46	1,54,80,98,18,81,32,69,90,84,57,19,95,46,22,30,65,52,27,12,
260	1	9	2.561	1,54,87,92,94,17,77,34,45,49,39,88,79,76,91,47,73,36,9,
260	2	6	2.258	2,96,50,59,58,40,92,94,34,45,77,17,72,86,25,43,78,6,
260	1	13	2.368	1,54,80,98,18,81,32,69,90,95,23,71,22,30,65,52,37,13,
260	1	10	2.552	1,54,80,98,18,81,32,69,90,95,23,71,20,63,66,62,89,26,24,10,
260	2	15	2.251	2,96,50,59,87,92,94,17,77,45,34,32,69,90,84,57,67,15,
260	3	5	2.267	3,58,40,92,94,34,45,77,17,86,72,21,25,43,78,5,
260	3	4	2.187	3,58,68,40,92,94,34,45,77,17,72,86,31,61,29,4,
260	2	14	2.392	2,96,93,50,59,58,68,40,92,87,81,18,32,69,90,84,57,67,85,14,
260	2	12	2.381	2,96,50,59,87,92,94,17,77,34,45,83,23,71,20,63,66,53,27,12,
260	2	11	2.504	2,96,50,59,87,92,94,17,77,34,45,49,83,23,71,20,63,66,48,11,
260	2	9	2.471	2,96,50,87,92,94,17,77,34,45,49,39,88,79,76,91,47,73,36,9,
260	2	7	2.229	2,96,50,59,87,92,94,17,72,86,25,21,16,75,33,64,42,7,
260	2	13	2.347	2,96,50,59,87,92,94,17,77,34,45,83,23,22,30,52,65,37,13,
260	2	10	2.59	2,96,50,59,58,40,92,94,17,77,34,45,49,39,88,79,76,91,47,24,10,
260	2	8	2.425	2,96,50,59,87,92,94,17,77,34,45,49,39,88,75,33,64,44,55,38,8,
260	3	15	2.472	3,58,59,50,87,92,94,17,77,45,34,81,18,32,69,90,84,57,15,
260	4	5	2.241	4,29,61,68,40,92,94,34,45,77,17,72,86,43,78,5,
260	3	6	2.186	3,58,59,50,87,92,94,34,45,77,17,72,86,43,78,6,
260	3	14	2.602	3,58,59,50,87,92,94,17,77,45,34,81,18,32,69,90,84,57,67,14,
260	3	9	2.554	3,58,59,50,87,92,94,17,77,34,45,39,88,79,76,91,47,73,36,9,
260	3	7	2.263	3,58,40,92,94,17,77,34,45,49,39,88,75,33,64,42,7,
260	3	11	2.657	3,58,40,92,94,17,77,34,45,83,23,71,22,30,65,52,27,53,48,11,
260	3	12	2.587	3,58,59,50,87,92,94,17,77,34,45,83,99,23,71,20,63,66,53,27,12,
260	3	8	2.359	3,58,59,50,87,92,94,77,17,72,86,25,21,16,33,64,44,55,38,8,
260	3	13	2.521	3,58,40,92,94,17,77,34,45,49,83,23,71,22,30,52,65,37,13,
260	3	10	2.591	3,58,59,50,87,92,94,17,77,34,45,49,39,88,79,76,91,47,24,10,
260	4	8	2.119	4,29,61,31,86,72,25,21,16,75,33,42,64,44,38,8,
260	4	6	2.141	4,29,61,68,40,87,92,94,77,17,72,86,25,43,78,6,
260	4	7	2.118	4,29,61,68,40,92,94,77,17,72,86,25,21,42,64,7,
260	5	6	2.15	5,78,43,25,21,16,88,70,79,82,75,33,64,42,60,6,
260	4	15	2.475	4,29,61,68,40,92,94,17,77,45,34,81,18,32,69,90,84,57,15,
260	4	14	2.584	4,29,31,86,72,17,77,94,92,87,81,18,32,69,90,84,57,67,85,14,
260	4	11	2.456	4,29,61,68,40,92,94,17,77,34,45,83,23,71,20,63,66,48,11,
260	4	9	2.557	4,29,61,68,40,92,94,17,77,34,45,39,88,79,76,91,47,73,36,9,
260	4	12	2.55	4,29,61,68,40,92,94,17,77,34,45,83,23,71,22,30,65,52,27,12,
260	4	13	2.538	4,29,61,68,40,92,94,17,77,34,45,83,23,71,22,30,52,65,37,13,
260	4	10	2.594	4,29,61,68,40,92,94,17,77,34,45,49,39,88,79,76,91,47,24,10,
260	5	8	1.929	5,78,43,25,21,16,88,79,82,75,33,64,44,55,38,8,
260	5	15	2.565	5,78,43,25,86,72,17,94,92,87,81,18,32,69,90,84,57,15,
260	5	7	2.098	5,78,43,25,21,16,88,70,79,82,75,33,64,42,60,7,
260	6	8	1.986	6,78,43,25,21,16,88,82,74,75,33,64,44,55,38,8,
260	6	7	2.046	6,78,43,25,21,16,88,70,79,82,75,33,64,42,60,7,
260	5	14	2.66	5,78,43,86,72,17,77,94,92,87,81,18,32,69,90,84,57,67,85,14,
260	5	11	2.552	5,78,43,25,21,16,75,82,88,79,76,91,51,89,62,63,20,66,48,11,
260	5	9	2.57	5,78,43,25,21,42,64,33,75,74,82,88,79,76,91,47,73,36,9,
260	5	12	2.58	5,78,43,25,21,16,75,82,88,79,76,91,51,89,62,63,20,66,53,27,12,
260	5	13	2.571	5,78,43,25,21,16,75,82,76,91,51,89,62,66,53,27,52,65,37,13,
260	5	10	2.741	5,78,43,25,21,16,75,33,64,44,55,74,82,88,79,76,91,47,24,10,
260	7	9	1.975	7,60,42,64,33,75,82,88,79,70,76,91,47,73,36,9,
260	6	9	2.027	6,60,42,64,33,75,82,88,79,70,76,91,47,73,36,9,
260	7	8	2.117	7,42,64,33,75,16,88,79,70,76,82,74,55,44,38,8,
260	6	15	2.626	6,78,43,25,86,72,17,77,94,92,87,81,18,32,69,90,84,57,67,15,
260	7	11	2.291	7,42,64,33,74,75,88,79,76,91,51,89,62,63,20,66,48,11,
260	7	10	1.993	7,42,64,33,75,88,79,76,91,51,62,89,26,24,10,
260	6	14	2.681	6,78,43,25,86,72,17,77,94,92,87,81,18,32,69,90,84,57,67,85,14,
260	6	12	2.565	6,60,42,64,33,75,74,82,88,79,76,91,51,89,62,63,20,66,53,27,12,
260	6	11	2.505	6,60,42,64,33,75,82,88,79,76,91,51,89,62,63,20,66,53,48,11,
260	6	13	2.567	6,78,43,25,21,16,75,82,76,91,51,89,62,63,20,66,53,27,52,65,37,13,
260	6	10	2.576	6,78,43,25,21,16,42,64,44,33,75,82,88,79,76,91,47,24,10,
260	8	11	1.928	8,38,55,33,75,82,76,91,51,89,62,63,20,66,48,11,
260	8	9	1.831	8,38,55,44,64,33,75,82,88,79,76,91,47,73,36,9,
260	8	14	2.551	8,38,44,64,33,75,88,79,70,41,20,63,66,53,27,52,65,37,97,14,
260	7	15	2.672	7,64,42,21,25,86,72,17,77,94,92,87,81,18,32,69,90,84,57,15,
260	8	10	1.886	8,38,55,44,64,42,33,75,82,88,79,76,91,47,24,10,
260	8	15	2.608	8,38,55,44,64,33,75,82,79,88,39,49,45,34,32,69,90,84,57,15,
260	8	12	2.152	8,38,55,44,64,42,33,75,82,76,91,51,89,62,63,20,66,53,27,12,
260	7	14	2.622	7,64,33,75,82,76,91,51,89,62,63,20,66,53,27,52,65,37,97,85,14,
260	8	13	2.254	8,38,55,33,75,82,76,91,51,89,62,63,20,66,53,27,52,65,37,13,
260	7	12	2.381	7,42,64,33,75,82,88,79,76,91,51,26,89,62,63,20,66,53,27,12,
260	7	13	2.413	7,42,64,33,75,82,79,76,91,51,89,62,63,20,66,53,27,52,65,37,13,
260	10	11	1.858	10,24,26,89,62,63,20,22,30,65,52,27,53,66,48,11,
260	9	12	1.949	9,36,24,26,89,62,63,20,66,48,53,27,30,65,52,12,
260	9	11	1.93	9,36,24,26,89,62,63,20,66,30,65,52,27,53,48,11,
260	10	12	1.831	10,24,26,89,62,48,53,66,63,20,22,30,65,52,27,12,
260	10	13	1.824	10,24,91,51,89,62,63,20,66,53,27,52,65,30,37,13,
260	9	14	2.335	9,36,73,47,91,51,89,62,63,20,66,53,27,52,65,30,22,46,97,14,
260	9	10	2.066	9,36,73,35,74,33,75,82,88,79,76,91,47,24,10,
260	10	14	2.384	10,24,26,89,62,63,20,66,53,27,52,65,30,22,46,95,19,67,85,14,
260	9	15	2.56	9,36,24,26,89,62,63,20,66,53,27,52,65,30,22,46,19,57,67,15,
260	10	15	2.394	10,24,26,89,62,63,20,66,53,27,52,65,30,22,46,95,19,57,67,15,
260	9	13	2.409	9,36,47,91,51,26,89,62,63,20,66,53,27,52,65,30,22,46,37,13,
260	13	14	2.034	13,37,65,52,30,22,71,23,99,95,19,84,57,67,85,14,
260	11	12	2.043	11,26,89,62,48,27,53,66,63,20,22,46,30,65,52,12,
260	11	13	1.934	11,89,62,63,20,66,48,53,27,52,65,30,22,46,37,13,
260	12	13	1.898	12,27,53,66,63,20,71,23,95,46,22,30,65,37,13,
260	14	15	2.277	14,97,37,65,52,27,53,66,63,20,71,23,95,19,57,15,
260	12	14	2.061	12,27,52,65,30,22,71,23,95,69,90,84,57,67,85,14,
260	13	15	2.045	13,37,65,52,27,53,66,63,20,71,23,95,19,57,67,15,
260	11	14	2.191	11,89,62,63,20,66,53,27,52,65,30,22,46,95,19,67,85,14,
260	12	15	2.22	12,27,53,66,63,20,30,22,71,23,99,95,19,84,57,67,15,
260	11	15	2.25	11,89,62,63,20,66,53,27,52,65,30,22,46,95,19,84,57,67,15,
