3	0	3	2.232	0,90,71,99,35,43,66,84,34,81,64,93,41,38,59,52,3,
3	0	4	2.242	0,90,71,81,34,64,16,91,83,87,20,50,67,32,94,24,44,4,
3	0	5	2.506	0,71,81,34,64,16,91,83,87,20,50,48,36,68,18,40,79,5,
3	0	1	1.968	0,71,99,35,85,29,56,43,66,84,34,81,64,62,1,
3	0	9	2.466	0,90,71,81,34,64,16,91,83,75,87,20,60,33,28,72,97,61,19,30,9,
3	0	11	2.241	0,90,71,81,34,64,84,43,66,77,23,74,55,69,63,89,45,25,11,
3	0	7	2.458	0,90,71,81,34,64,84,16,91,83,75,87,20,50,48,36,68,82,51,7,
3	0	2	2.011	0,71,81,34,64,84,91,16,93,41,38,52,59,96,2,
3	0	8	2.528	0,90,71,81,34,64,16,91,83,75,87,20,50,48,36,68,17,65,51,27,8,
3	0	6	2.349	0,90,71,81,34,64,16,91,83,75,87,20,50,48,36,68,18,40,79,6,
3	0	10	2.23	0,90,71,99,35,43,66,77,23,74,55,69,63,89,45,25,37,39,10,
3	0	15	1.706	0,90,71,99,35,81,34,64,84,43,66,77,56,29,85,15,
3	0	13	1.692	0,90,71,99,35,85,29,56,43,66,77,23,74,55,22,13,
3	0	14	1.591	0,90,71,81,34,64,84,66,43,35,99,85,29,56,57,14,
3	1	2	2.134	1,62,93,41,32,94,24,44,88,31,52,59,38,96,2,
3	1	4	2.651	1,62,64,34,81,84,16,91,83,75,87,20,50,67,32,94,44,4,
3	1	5	2.671	1,78,96,38,59,52,31,88,44,24,94,32,54,73,92,18,40,79,5,
3	1	3	2.455	1,62,64,34,81,84,83,91,16,93,41,32,94,24,44,31,3,
3	0	12	2.209	0,90,71,99,35,81,34,64,84,66,77,23,74,55,69,63,89,46,12,
3	1	8	2.726	1,78,96,59,52,88,44,24,94,32,67,50,48,36,68,17,65,51,27,8,
3	1	6	2.399	1,78,96,38,59,52,31,88,44,24,94,32,54,73,92,18,40,79,6,
3	1	7	2.586	1,62,90,71,81,34,64,16,91,83,87,20,50,48,36,68,82,51,7,
3	1	15	1.928	1,62,90,71,99,35,81,34,64,84,66,43,56,29,85,15,
3	1	12	2.32	1,62,90,71,81,34,64,84,66,77,23,74,55,69,63,89,46,12,
3	2	4	2.128	2,78,96,38,59,52,31,88,44,24,94,32,67,54,58,4,
3	2	3	2.381	2,96,59,52,38,41,93,70,87,20,50,67,32,88,31,3,
3	1	13	2.265	1,62,90,71,81,34,64,84,66,43,35,85,29,56,23,74,55,22,13,
3	2	5	2.584	2,78,96,38,59,52,31,88,24,44,94,32,54,73,92,18,40,79,5,
3	1	14	1.816	1,62,90,71,81,34,64,84,66,43,35,85,29,56,14,
3	2	6	2.3	2,78,96,38,59,52,31,88,44,24,94,32,54,73,92,18,40,79,6,
3	1	10	2.538	1,62,64,34,81,43,66,77,23,74,55,69,63,89,45,25,37,39,10,
3	1	11	2.505	1,62,90,71,81,34,64,84,66,77,23,74,55,69,63,89,45,25,11,
3	1	9	2.703	1,78,96,59,52,88,24,94,44,54,73,92,68,36,17,21,97,61,19,30,9,
3	2	15	2.129	2,96,59,52,38,41,93,16,64,34,84,66,43,35,29,85,15,
3	3	4	2.354	3,31,88,44,24,94,32,67,70,87,20,50,48,73,58,4,
3	3	5	2.257	3,31,88,44,24,94,32,67,50,48,36,68,18,40,79,5,
3	2	12	2.5	2,96,59,52,38,41,93,16,91,83,75,80,49,63,89,45,46,12,
3	2	13	2.34	2,96,59,52,38,41,93,64,34,81,35,43,66,77,23,74,55,22,13,
3	2	14	2.228	2,96,59,52,38,41,93,16,64,34,81,84,66,43,35,85,29,57,14,
3	2	8	2.602	2,96,38,59,52,88,24,44,94,32,67,50,48,36,68,17,65,82,51,27,8,
3	2	10	2.663	2,96,59,38,41,93,16,91,83,75,80,49,63,89,45,25,37,39,10,
3	2	11	2.659	2,96,59,52,38,41,93,16,91,83,75,80,49,63,89,45,47,25,11,
3	2	7	2.457	2,96,38,59,52,88,44,24,94,32,67,50,48,36,68,17,65,51,7,
3	2	9	2.596	2,96,38,59,52,88,44,24,94,32,67,50,33,60,98,42,97,61,19,30,9,
3	3	15	2.238	3,31,88,44,24,94,32,41,93,64,34,81,84,66,43,56,29,85,15,
3	4	5	2.448	4,31,88,44,24,94,32,67,50,48,36,68,18,40,79,5,
3	3	6	1.985	3,31,88,44,24,94,32,67,50,48,36,68,18,40,79,6,
3	3	12	2.657	3,31,88,24,44,94,32,41,93,16,91,83,75,80,49,63,89,45,46,12,
3	3	13	2.438	3,31,88,24,44,94,32,41,93,16,64,34,81,84,66,77,23,74,55,13,
3	3	8	2.516	3,31,88,24,44,94,32,67,70,87,20,50,48,36,68,17,65,51,27,8,
3	3	14	2.277	3,31,88,44,24,94,32,41,93,64,34,81,84,66,43,35,85,29,57,14,
3	3	7	2.362	3,31,88,44,24,94,32,67,70,87,20,50,48,36,17,68,82,51,7,
3	3	10	2.676	3,31,88,44,24,94,32,70,87,75,80,49,63,89,45,25,37,39,10,
3	3	9	2.539	3,31,88,44,24,94,32,70,87,20,50,48,36,68,17,21,97,61,19,9,
3	3	11	2.651	3,31,88,44,24,94,32,41,93,16,91,83,75,80,49,63,89,45,25,11,
3	4	8	2.387	4,44,24,94,32,67,70,87,20,50,48,36,17,68,82,51,27,8,
3	4	15	2.391	4,44,24,94,32,67,70,83,91,16,64,34,81,84,66,43,56,29,85,15,
3	5	6	2.238	5,58,44,24,94,32,67,50,48,36,17,68,18,40,79,6,
3	4	6	2.176	4,31,88,44,24,94,32,67,50,48,36,68,18,40,79,6,
3	4	7	2.172	4,58,44,24,94,32,67,50,48,36,68,17,65,82,51,7,
3	4	12	2.792	4,44,24,94,32,41,93,64,34,81,43,66,77,23,74,55,69,63,89,46,12,
3	4	13	2.519	4,44,24,94,32,41,93,16,64,34,81,35,43,66,77,23,74,55,22,13,
3	4	14	2.346	4,44,24,94,32,70,83,91,16,64,34,81,84,66,43,35,85,29,57,14,
3	4	9	2.509	4,44,24,94,32,70,87,20,50,48,36,68,17,21,97,61,19,30,9,
3	4	11	2.675	4,58,54,44,24,94,32,67,50,33,60,80,49,63,89,45,25,11,
3	4	10	2.689	4,58,54,44,24,94,32,67,50,33,60,98,86,47,45,25,37,39,10,
3	6	8	2.157	6,79,40,18,68,36,28,33,60,98,72,21,65,51,27,8,
3	5	8	2.536	5,58,44,24,94,32,67,70,87,20,50,48,36,17,82,51,27,8,
3	5	15	2.507	5,58,44,24,94,32,41,93,16,64,34,81,84,66,43,56,29,85,15,
3	6	7	2.164	6,79,40,18,68,36,28,33,60,98,72,21,65,27,51,7,
3	5	7	2.296	5,58,44,24,94,32,67,50,48,36,68,17,65,82,51,7,
3	5	12	2.808	5,58,44,24,94,32,70,87,20,50,33,60,80,49,63,89,46,12,
3	5	13	2.639	5,58,44,24,94,32,41,93,64,34,81,99,35,43,66,77,23,74,55,13,
3	5	14	2.447	5,58,54,44,24,94,32,41,93,64,34,84,66,43,35,85,29,57,14,
3	5	9	2.55	5,58,54,44,24,94,32,67,50,48,36,68,17,21,97,61,19,30,9,
3	5	10	2.732	5,79,40,18,68,36,17,82,65,21,72,42,86,47,45,25,37,39,10,
3	5	11	2.771	5,58,44,24,94,32,67,50,20,87,75,80,49,63,89,45,25,11,
3	7	8	2.273	7,51,82,17,68,36,48,28,33,60,98,72,21,65,27,8,
3	6	15	2.367	6,79,40,18,68,36,48,50,20,87,83,91,16,64,34,81,35,29,85,15,
3	7	9	2.153	7,51,82,68,36,17,28,33,60,98,72,21,97,61,19,30,9,
3	6	9	2.119	6,79,40,18,68,36,17,82,65,21,72,42,97,61,19,30,53,9,
3	6	13	2.557	6,79,18,68,36,48,50,20,87,83,91,16,84,66,77,23,74,55,22,13,
3	7	10	2.314	7,51,65,82,68,36,17,21,72,42,86,47,45,25,37,39,10,
3	7	11	2.503	7,51,82,68,36,17,21,28,33,60,80,49,63,89,45,25,11,
3	6	12	2.692	6,79,40,18,68,36,17,65,21,72,28,33,60,80,95,49,63,89,46,12,
3	6	10	2.428	6,79,40,18,68,36,17,21,72,42,86,47,89,45,25,37,39,10,
3	6	14	2.385	6,79,18,68,36,48,50,20,87,83,91,16,64,34,81,35,85,29,57,14,
3	6	11	2.546	6,79,40,18,68,36,17,21,28,33,60,80,49,63,89,45,25,11,
3	8	12	2.47	8,27,51,82,68,36,17,21,72,28,33,60,80,49,63,89,46,12,
3	8	10	2.168	8,27,51,82,68,36,17,21,72,42,86,47,25,37,39,10,
3	8	9	2.172	8,27,51,82,68,36,28,33,60,98,72,21,97,61,19,30,9,
3	8	13	2.509	8,27,65,17,36,48,50,20,87,83,91,16,84,66,77,23,74,55,13,
3	7	13	2.523	7,51,82,68,36,48,50,20,87,75,83,91,16,84,66,77,23,74,55,13,
3	7	15	2.467	7,51,82,68,36,48,50,20,87,83,91,16,64,34,81,84,66,43,35,99,15,
3	7	12	2.718	7,27,51,82,68,36,17,21,72,28,33,98,60,80,95,49,63,89,46,12,
3	8	15	2.534	8,27,51,82,68,36,48,50,20,87,83,91,16,64,34,84,66,43,35,85,15,
3	8	11	2.451	8,27,51,82,68,36,17,21,72,28,33,60,98,86,47,45,25,11,
3	8	14	2.437	8,27,51,82,68,36,48,50,20,87,83,91,16,64,34,81,35,85,57,14,
3	7	14	2.42	7,51,82,68,36,48,50,20,87,83,91,16,64,34,81,99,35,85,29,57,14,
3	10	12	2.324	10,39,37,25,45,46,89,63,49,76,23,74,55,69,12,
3	10	13	1.995	10,39,37,25,45,89,63,49,80,95,76,23,74,55,13,
3	9	12	2.463	9,30,19,61,97,21,17,68,36,28,33,60,98,86,47,45,46,12,
3	10	11	2.407	10,39,37,25,45,89,49,76,23,74,55,69,63,46,11,
3	9	10	2.303	9,30,19,61,97,72,28,33,60,98,86,47,45,25,37,39,10,
3	9	15	2.416	9,30,19,61,97,72,28,33,60,75,83,91,16,64,34,81,99,35,29,85,15,
3	9	13	2.479	9,30,19,61,97,72,28,33,60,75,83,91,16,84,66,77,23,74,55,13,
3	10	15	2.182	10,39,37,25,45,89,63,69,55,74,23,77,66,43,35,56,29,85,15,
3	9	11	2.418	9,30,19,61,97,72,28,33,60,80,49,63,89,46,45,25,11,
3	9	14	2.388	9,30,19,61,97,72,28,33,60,75,83,91,16,64,34,81,35,85,29,57,14,
3	10	14	2.234	10,39,37,25,45,89,63,69,55,74,23,77,66,43,35,85,29,56,57,14,
3	11	12	2.283	11,25,37,39,86,47,45,46,89,63,69,55,74,22,13,12,
3	12	15	1.779	12,46,89,63,69,55,74,23,77,66,43,35,56,29,85,15,
3	11	13	1.893	11,25,37,39,86,47,45,46,89,63,69,55,74,22,13,
3	12	13	1.985	12,46,45,89,63,49,80,95,76,77,23,74,55,22,13,
3	13	15	1.658	13,22,55,74,23,77,66,84,64,34,81,99,35,29,85,15,
3	14	15	1.702	14,22,55,74,23,77,66,84,64,34,81,99,35,29,85,15,
3	12	14	1.71	12,46,89,63,69,55,74,23,77,66,43,35,85,29,57,14,
3	13	14	1.611	13,55,74,23,77,66,84,64,34,81,99,35,85,29,57,14,
3	11	14	1.816	11,45,89,63,69,55,74,23,77,66,43,35,85,29,57,14,
3	11	15	2.192	11,25,37,39,86,47,45,89,63,69,55,74,23,77,66,43,35,99,15,
