294	0	3	1.52	0,79,76,30,90,36,51,41,86,63,21,20,17,3,
294	0	1	1.758	0,79,76,30,50,90,36,51,41,86,63,21,24,1,
294	0	4	2.187	0,79,76,30,90,36,51,41,68,25,56,94,61,80,96,67,26,28,4,
294	0	5	2.141	0,79,76,30,90,36,25,56,94,61,80,48,31,96,74,67,26,28,42,5,
294	0	6	2.299	0,79,76,30,90,36,25,56,94,61,80,48,95,29,77,38,78,34,88,6,
294	0	7	2.424	0,79,76,30,90,36,25,56,94,61,80,48,95,29,77,38,78,34,66,7,
294	0	9	2.405	0,79,76,90,36,25,56,94,61,95,29,77,55,23,35,44,46,19,82,9,
294	0	2	1.464	0,79,76,30,50,90,36,51,41,86,63,21,24,2,
294	0	11	2.534	0,79,76,30,90,36,51,41,68,25,72,69,32,54,71,99,47,11,
294	0	10	2.468	0,79,76,30,90,36,25,56,94,95,77,55,23,35,33,97,87,18,10,
294	0	8	2.362	0,79,76,90,36,25,56,94,61,95,29,77,55,23,35,44,46,40,85,22,8,
294	0	15	1.826	0,79,76,30,90,51,86,41,36,50,93,64,49,15,
294	1	3	1.519	1,79,76,30,90,36,51,41,86,63,21,20,17,3,
294	1	4	1.766	1,79,76,30,90,36,51,86,63,21,20,17,81,4,
294	1	2	1.463	1,79,76,30,50,90,36,51,41,86,63,21,24,2,
294	0	14	1.924	0,84,79,76,90,36,50,30,65,93,49,64,16,39,14,
294	1	6	2.231	1,79,76,30,90,36,25,56,94,61,48,95,77,38,78,34,88,6,
294	0	12	2.566	0,79,76,30,90,36,51,41,86,68,25,56,72,69,32,75,91,12,
294	1	5	1.886	1,79,76,30,90,36,51,86,70,74,67,26,28,42,5,
294	1	8	2.356	1,79,76,30,90,36,25,56,94,95,77,55,23,35,44,46,40,85,22,8,
294	1	7	2.386	1,79,76,30,90,36,25,56,94,61,48,95,29,77,38,78,34,66,7,
294	0	13	2.288	0,84,79,76,30,90,51,36,50,93,64,49,16,39,57,58,13,
294	1	15	1.862	1,24,83,21,63,86,41,51,36,90,30,65,93,64,49,15,
294	2	3	1.787	2,24,83,21,63,86,41,68,25,56,94,61,80,70,17,3,
294	2	4	1.832	2,24,21,63,86,68,25,56,94,61,80,96,67,26,28,4,
294	1	12	2.565	1,79,76,30,90,36,51,41,86,68,25,56,72,69,32,75,91,12,
294	1	11	2.569	1,79,76,30,90,36,51,41,68,25,56,72,69,75,71,99,47,11,
294	2	6	2.077	2,24,83,21,63,86,41,68,25,56,94,61,80,48,38,78,34,88,6,
294	1	9	2.415	1,79,76,30,90,36,25,56,94,61,95,29,77,55,23,35,44,46,82,9,
294	2	5	1.795	2,24,21,63,86,68,56,94,61,80,96,67,26,28,42,5,
294	1	13	2.42	1,79,76,90,51,36,50,30,65,93,64,49,16,62,59,58,13,
294	1	14	2.209	1,24,83,21,63,86,41,51,36,90,30,65,93,64,49,16,39,14,
294	1	10	2.472	1,79,76,90,36,25,56,94,61,95,29,77,55,23,35,33,97,87,18,10,
294	2	15	1.568	2,24,83,21,63,86,41,51,36,90,30,65,93,64,49,15,
294	3	4	1.946	3,17,20,86,41,68,25,56,94,61,80,96,67,26,28,4,
294	2	12	2.44	2,24,21,63,86,41,51,36,90,30,65,93,64,49,16,39,57,58,12,
294	2	7	2.198	2,24,83,21,63,86,41,68,25,56,94,61,95,29,77,38,78,66,7,
294	3	5	1.913	3,17,20,21,63,86,41,68,61,80,96,67,26,28,42,5,
294	2	11	2.605	2,24,21,63,86,41,68,25,56,94,61,95,77,55,23,60,54,71,99,47,11,
294	2	8	2.256	2,24,21,63,86,41,68,25,56,94,95,29,77,55,23,35,44,46,85,22,8,
294	2	9	2.393	2,24,21,63,86,41,68,25,56,94,61,95,29,77,55,23,35,44,46,40,19,82,9,
294	2	13	2.14	2,24,83,21,63,86,41,51,36,90,30,65,93,64,49,16,39,57,13,
294	2	14	2.061	2,24,83,21,63,86,41,51,36,90,30,76,65,93,64,49,16,39,14,
294	2	10	2.417	2,24,21,63,86,41,68,25,56,94,61,95,29,77,55,23,35,33,97,87,18,10,
294	3	15	2.159	3,17,20,21,63,86,41,51,36,90,50,30,76,79,65,93,64,49,15,
294	3	6	2.032	3,81,74,67,26,96,31,48,95,29,77,38,78,73,34,88,6,
294	3	12	2.59	3,17,20,21,63,86,41,51,90,30,65,93,64,49,16,39,57,58,12,
294	3	7	2.275	3,17,20,21,63,86,41,68,25,56,94,61,80,48,38,78,66,7,
294	4	5	2.121	4,81,17,20,21,63,86,41,68,80,96,67,26,28,42,5,
294	3	8	2.281	3,81,74,67,26,96,31,48,95,29,77,55,23,60,98,35,44,46,85,22,8,
294	3	11	2.601	3,81,74,67,26,96,31,48,95,29,77,55,23,35,44,33,97,87,18,52,11,
294	3	9	2.44	3,17,20,86,41,68,25,56,94,61,95,29,77,55,23,35,44,46,19,82,9,
294	3	13	2.274	3,17,20,21,63,86,41,51,36,90,30,65,93,64,49,16,39,57,13,
294	3	10	2.468	3,81,74,67,26,96,31,48,95,29,77,55,23,60,98,35,44,33,97,87,18,10,
294	3	14	2.303	3,81,17,20,83,21,63,86,41,51,36,90,50,30,65,93,64,49,16,14,
294	5	6	1.854	5,42,28,26,67,74,96,31,48,95,29,77,38,78,34,88,6,
294	4	6	1.96	4,28,26,67,74,96,31,48,95,29,77,38,78,73,34,88,6,
294	4	15	2.369	4,28,26,67,96,80,61,94,56,25,68,41,51,36,90,30,65,93,64,49,15,
294	4	11	2.442	4,28,26,67,96,31,48,95,29,77,55,23,35,44,33,97,87,45,47,11,
294	4	7	2.288	4,28,26,67,96,31,48,80,61,94,95,29,77,38,78,34,66,7,
294	4	8	2.16	4,28,26,67,96,31,48,95,29,77,55,23,60,98,35,44,46,85,22,8,
294	4	12	2.659	4,28,26,67,74,96,31,48,95,29,77,55,23,35,98,60,54,71,99,37,92,12,
294	4	9	2.301	4,28,26,67,74,96,31,48,95,29,77,55,23,35,44,46,40,85,22,19,82,9,
294	4	14	2.225	4,81,17,20,21,63,86,41,51,36,90,30,65,93,64,49,16,14,
294	4	10	2.257	4,28,26,67,74,96,31,48,95,29,77,55,23,60,98,33,97,87,18,10,
294	4	13	2.501	4,81,17,20,21,63,86,41,51,90,30,65,93,64,49,16,39,57,13,
294	5	8	1.95	5,42,28,26,67,96,48,95,77,55,23,35,44,46,85,22,8,
294	6	8	2.137	6,88,34,73,78,38,48,95,29,77,55,23,35,46,85,22,8,
294	5	7	1.979	5,42,28,26,67,74,96,31,48,95,29,77,38,78,34,66,7,
294	6	7	2.244	6,73,28,26,67,74,96,31,48,95,29,77,38,78,34,66,7,
294	5	15	2.309	5,42,28,26,67,74,70,20,21,63,86,41,51,36,90,30,65,93,64,49,15,
294	5	11	2.392	5,42,28,26,67,96,31,48,95,29,77,55,23,35,33,97,87,45,47,11,
294	5	12	2.532	5,42,28,26,67,74,96,31,48,95,29,77,55,23,60,54,71,99,37,92,12,
294	5	9	2.224	5,42,28,26,67,96,31,48,95,77,55,23,35,44,46,40,85,22,19,82,9,
294	5	10	2.192	5,42,28,26,67,96,31,48,95,29,77,55,23,35,44,33,97,87,18,10,
294	5	14	2.455	5,42,28,26,67,74,96,80,61,94,56,25,36,90,30,65,93,64,49,16,14,
294	5	13	2.657	5,42,28,26,67,74,70,86,41,51,36,90,30,65,93,64,49,16,39,57,13,
294	7	8	2.327	7,27,85,22,40,46,44,33,35,23,98,60,97,87,82,19,8,
294	7	9	2.24	7,27,85,22,40,19,82,46,44,33,35,98,60,97,87,18,9,
294	6	15	2.444	6,88,34,78,38,77,29,95,48,61,94,56,25,36,90,30,65,93,64,49,15,
294	7	11	2.401	7,27,85,22,40,46,44,35,98,33,97,87,18,52,45,47,37,92,11,
294	6	11	2.47	6,88,34,66,27,85,22,40,46,44,35,98,33,97,87,18,52,47,11,
294	6	9	2.313	6,88,34,78,38,48,95,29,77,55,23,60,98,35,44,46,40,19,82,9,
294	6	12	2.578	6,88,34,66,27,85,22,40,46,44,33,97,87,18,52,45,47,37,92,12,
294	7	10	1.978	7,27,85,22,40,46,44,35,33,97,87,18,45,47,52,10,
294	6	10	2.338	6,88,34,66,27,22,85,40,46,44,35,23,60,98,33,97,87,18,10,
294	6	14	2.574	6,88,34,78,38,48,80,61,94,56,25,36,90,30,65,93,64,49,16,14,
294	6	13	2.794	6,88,34,78,38,77,29,95,48,80,61,94,56,25,72,69,32,75,91,58,13,
294	8	11	1.844	8,22,85,40,46,44,33,97,87,18,52,45,47,37,92,11,
294	8	9	2.086	8,22,27,85,40,46,44,33,35,23,60,98,97,87,82,19,9,
294	7	15	2.435	7,66,78,38,77,29,95,61,94,56,25,36,90,30,65,93,64,49,15,
294	7	12	2.502	7,27,85,22,40,46,44,35,23,60,98,33,97,87,18,45,47,37,92,12,
294	8	15	2.491	8,22,85,27,23,55,77,29,95,94,56,25,36,90,30,65,93,64,49,15,
294	8	12	2.29	8,22,85,40,46,44,35,23,60,98,33,97,87,18,52,47,37,92,12,
294	8	10	1.754	8,22,85,40,46,44,35,23,60,98,33,97,87,18,52,10,
294	7	14	2.601	7,66,78,38,48,61,94,56,25,36,90,30,65,93,64,49,16,14,
294	7	13	2.8	7,27,85,22,40,46,44,35,98,33,97,87,18,52,47,37,92,91,58,13,
294	8	13	2.657	8,22,85,40,46,44,35,23,60,98,33,97,87,18,45,47,37,92,91,58,13,
294	8	14	2.721	8,22,85,40,46,44,35,23,55,77,29,95,61,94,56,25,50,93,64,49,16,14,
294	9	11	1.796	9,82,19,22,85,40,46,44,33,97,87,18,52,45,47,11,
294	10	11	2.003	10,52,18,87,97,33,44,35,98,60,54,71,99,45,47,11,
294	10	12	2.041	10,52,18,87,97,33,44,35,98,60,54,71,99,37,92,12,
294	9	15	2.504	9,82,19,46,44,35,23,55,77,29,95,61,94,56,25,50,93,64,49,15,
294	9	10	1.733	9,82,19,22,85,40,46,44,33,97,87,18,45,47,52,10,
294	9	12	2.2	9,82,19,40,22,85,27,46,44,33,97,87,18,52,45,47,37,92,12,
294	10	15	2.572	10,18,87,97,33,35,23,55,77,29,95,61,94,56,25,50,93,64,49,15,
294	10	13	2.193	10,18,87,97,33,44,35,98,60,54,71,99,75,91,58,13,
294	10	14	2.334	10,18,87,97,33,44,35,98,60,54,71,99,75,59,62,39,14,
294	9	13	2.372	9,82,19,22,85,40,46,44,33,97,87,18,45,47,37,92,91,58,13,
294	9	14	2.496	9,82,19,22,85,40,46,44,33,97,87,54,71,99,75,59,62,39,14,
294	13	15	2.237	13,58,57,39,16,49,64,93,65,30,90,76,79,84,15,
294	14	15	2.067	14,16,49,64,93,65,30,90,36,51,76,79,84,15,
294	11	12	2.18	11,52,18,87,97,33,44,35,98,60,54,71,99,37,92,12,
294	12	15	2.657	12,91,75,32,69,72,25,68,86,41,51,90,30,65,93,49,15,
294	11	15	2.622	11,47,45,99,71,54,32,69,72,56,25,36,90,30,65,93,64,49,15,
294	12	13	2.442	12,92,37,47,52,18,87,97,54,71,99,75,91,58,13,
294	13	14	2.441	13,58,57,62,89,50,36,51,90,30,65,93,64,16,14,
294	11	13	2.302	11,47,45,87,97,33,44,35,98,60,54,71,99,91,58,13,
294	12	14	2.583	12,92,37,47,52,18,87,97,54,71,99,75,59,62,39,14,
294	11	14	2.485	11,52,18,87,97,33,98,60,54,71,99,75,59,62,39,14,
