577	0	1	2.338	0,72,37,86,40,68,84,70,30,87,51,92,45,66,42,36,1,
577	0	2	2.258	0,37,86,72,56,66,54,55,65,16,17,88,97,58,94,2,
577	0	3	2.208	0,37,86,72,56,66,54,55,65,16,17,88,75,24,64,3,
577	0	4	2.524	0,37,86,72,56,66,54,55,65,17,16,79,20,19,83,48,90,4,
577	0	5	2.544	0,37,86,72,56,66,54,55,65,17,16,79,20,83,48,19,93,52,5,
577	0	6	2.641	0,37,86,72,56,42,36,91,58,97,88,17,16,79,20,83,48,52,93,6,
577	0	7	2.739	0,37,86,72,56,66,54,55,65,17,16,79,20,83,48,52,93,44,21,7,
577	0	8	2.584	0,72,37,86,40,84,70,45,38,25,89,62,43,73,39,99,53,60,33,29,8,
577	0	9	2.53	0,72,37,86,40,84,30,70,45,38,25,89,62,43,47,22,77,23,98,9,
577	0	10	2.296	0,72,37,86,40,84,30,70,45,25,38,82,78,67,63,96,18,85,69,35,10,
577	0	11	2.151	0,72,37,86,40,84,70,45,25,38,82,78,67,41,71,31,63,96,18,85,11,
577	0	12	2.096	0,56,72,37,86,40,84,70,30,87,51,92,45,25,38,82,78,67,41,71,12,
577	0	13	2.231	0,56,72,37,86,40,68,84,70,30,87,51,92,45,25,38,82,78,67,13,
577	0	14	2.075	0,37,72,56,86,40,68,84,70,45,25,38,92,51,30,87,14,
577	0	15	2.146	0,37,72,56,86,40,84,30,70,45,25,38,92,51,87,68,15,
577	1	2	2.494	1,36,91,54,55,65,16,17,88,34,76,24,64,94,2,
577	1	3	2.261	1,36,91,58,97,88,17,16,79,20,34,76,24,64,3,
577	1	4	2.223	1,36,91,58,97,88,17,16,79,20,19,83,48,90,4,
577	1	5	2.116	1,36,91,58,97,88,17,16,79,20,19,83,48,90,5,
577	1	6	2.747	1,36,42,56,72,37,86,66,54,55,65,17,16,79,20,19,52,93,6,
577	1	7	2.747	1,36,91,58,97,88,17,16,79,20,83,48,52,93,19,46,57,59,21,7,
577	1	8	2.884	1,42,56,72,37,86,40,84,70,45,38,25,89,62,73,39,99,53,33,29,8,
577	1	9	2.797	1,42,56,72,37,86,40,84,70,45,38,25,89,62,43,73,39,47,28,9,
577	1	10	2.539	1,42,56,86,40,84,70,45,25,38,82,78,67,63,96,18,85,69,35,10,
577	1	11	2.403	1,36,42,56,72,37,86,40,84,70,45,38,82,78,67,63,96,18,85,11,
577	1	12	2.312	1,36,42,56,72,37,86,40,68,30,51,92,45,38,82,78,67,41,71,12,
577	1	13	2.354	1,42,56,72,37,86,40,84,30,70,45,25,38,82,78,67,71,41,13,
577	1	14	1.877	1,36,42,56,72,37,86,40,68,30,84,70,45,92,51,87,14,
577	1	15	1.949	1,36,42,56,72,37,86,40,84,70,45,92,51,87,30,68,15,
577	2	3	2.098	2,94,58,97,88,17,16,79,20,83,48,76,24,64,3,
577	2	4	2.138	2,94,58,97,88,17,16,79,20,46,19,83,48,90,4,
577	2	5	2.015	2,94,58,97,88,17,16,79,20,83,48,19,93,52,5,
577	2	6	2.566	2,94,58,97,88,17,16,79,20,83,48,52,93,19,46,57,44,6,
577	2	7	2.519	2,94,58,97,88,17,16,79,20,83,48,52,93,19,46,57,59,21,7,
577	2	8	2.702	2,94,58,97,88,17,16,79,20,83,48,19,46,57,49,27,60,33,29,8,
577	2	9	2.715	2,58,97,88,17,16,79,81,27,60,29,33,53,99,39,47,22,77,23,98,9,
577	2	10	2.57	2,94,58,97,88,17,16,79,81,27,60,53,99,39,47,22,77,23,98,10,
577	2	11	2.598	2,94,58,97,54,55,65,61,50,80,26,25,38,82,78,67,63,96,18,85,11,
577	2	12	2.503	2,94,58,97,88,17,16,65,61,50,80,26,89,25,38,82,78,67,41,12,
577	2	13	2.523	2,94,58,91,36,42,56,72,37,86,40,68,30,84,70,45,92,51,13,
577	2	14	2.33	2,94,58,91,36,42,56,72,37,86,40,68,30,84,70,45,92,51,14,
577	2	15	2.43	2,94,58,91,36,42,56,72,37,86,40,84,70,92,51,87,30,68,15,
577	3	4	2.109	3,64,24,76,34,88,17,16,79,20,19,48,90,4,
577	3	5	1.965	3,64,24,75,88,17,16,79,20,83,48,19,93,52,5,
577	3	6	2.329	3,64,24,76,34,88,17,16,79,20,83,48,19,46,93,52,6,
577	3	7	2.486	3,64,24,76,34,88,17,16,79,20,83,48,19,46,49,57,59,21,7,
577	3	8	2.664	3,64,24,75,88,17,16,79,20,83,48,19,46,49,81,27,60,33,29,8,
577	3	9	2.568	3,64,24,76,48,19,46,49,27,60,53,99,39,47,28,77,23,98,9,
577	3	10	2.503	3,64,24,76,48,83,19,46,49,27,60,53,99,39,47,22,77,23,98,10,
577	3	11	2.597	3,64,75,88,17,16,65,61,50,80,26,25,38,82,78,67,63,96,18,85,11,
577	3	12	2.565	3,64,24,75,88,17,16,65,54,55,61,50,80,26,25,38,82,78,67,41,71,12,
577	3	13	2.566	3,64,75,88,17,16,65,55,61,50,80,26,25,38,82,78,67,41,13,
577	3	14	2.479	3,94,58,91,36,42,56,72,37,86,40,68,30,84,70,45,92,51,87,14,
577	3	15	2.46	3,94,58,91,36,42,56,72,37,86,40,84,70,45,92,51,30,68,15,
577	4	5	2.015	4,24,76,34,88,17,16,79,20,46,19,93,52,5,
577	4	6	2.045	4,76,34,88,17,16,79,20,46,19,83,48,52,93,6,
577	4	7	2.047	4,76,34,88,17,16,79,20,19,46,49,57,59,21,7,
577	4	8	2.608	4,76,34,17,16,79,20,83,48,19,46,57,49,81,27,60,33,29,8,
577	4	9	2.506	4,90,48,83,19,46,49,81,27,60,53,99,39,47,22,28,77,23,98,9,
577	4	10	2.455	4,90,48,83,19,46,49,81,27,60,29,33,53,99,39,47,22,77,23,98,10,
577	4	11	2.52	4,90,48,83,19,46,57,49,27,60,29,33,53,99,39,47,22,95,18,85,11,
577	4	12	2.56	4,76,34,88,17,16,65,55,61,50,80,26,89,25,38,82,78,67,41,71,12,
577	4	13	2.695	4,76,34,88,17,16,65,61,50,80,26,89,25,38,82,78,67,71,41,13,
577	4	14	2.546	4,24,75,88,17,16,65,55,54,66,56,72,37,86,40,84,70,30,87,14,
577	4	15	2.52	4,76,48,83,19,20,79,16,17,65,55,54,66,56,72,37,86,15,
577	5	6	2.149	5,90,76,34,83,48,52,93,19,46,49,57,59,44,6,
577	5	7	2.043	5,90,76,34,88,17,16,79,20,19,46,57,59,21,7,
577	5	8	2.449	5,52,93,19,46,57,49,81,27,60,29,33,53,99,39,47,28,32,8,
577	5	9	2.188	5,52,93,19,46,57,49,27,60,53,99,39,47,22,77,23,98,9,
577	5	10	2.266	5,52,93,19,46,49,81,27,60,29,33,53,99,39,47,28,77,23,98,10,
577	5	11	2.561	5,52,93,19,46,57,49,81,27,60,29,33,53,99,39,73,43,62,95,18,85,11,
577	5	12	2.478	5,52,93,19,46,49,81,27,60,53,99,39,47,22,95,18,96,63,31,71,12,
577	5	13	2.733	5,52,93,19,20,79,16,17,65,61,50,80,26,89,25,38,82,78,67,41,13,
577	5	14	2.718	5,52,93,19,20,79,16,17,65,55,54,66,56,72,37,86,40,84,70,30,87,14,
577	5	15	2.516	5,52,93,19,20,79,16,17,65,55,54,66,56,72,37,86,40,68,15,
577	6	7	2.133	6,93,52,48,83,19,46,57,49,81,27,60,33,29,59,21,7,
577	6	8	2.295	6,93,52,19,46,49,27,60,29,33,53,99,39,47,28,32,8,
577	6	9	2.109	6,93,52,19,46,49,27,60,53,99,39,47,22,77,23,98,9,
577	6	10	2.185	6,93,52,19,46,57,49,81,27,60,53,99,39,47,28,77,23,98,10,
577	6	11	2.374	6,93,52,19,46,57,49,81,27,60,29,33,53,99,39,47,22,95,18,85,11,
577	6	12	2.43	6,93,52,19,46,49,27,60,53,99,39,47,22,95,96,63,31,71,41,12,
577	6	13	2.593	6,93,52,19,20,79,17,16,65,55,61,50,80,26,89,82,78,67,13,
577	6	14	2.693	6,93,52,48,83,20,79,16,17,65,55,54,66,56,72,37,86,40,84,30,87,14,
577	6	15	2.6	6,93,52,48,83,20,79,16,17,88,97,58,91,36,42,56,72,37,86,15,
577	7	8	2.244	7,21,44,93,52,48,83,19,46,57,49,81,27,60,33,29,8,
577	7	9	1.975	7,21,59,27,60,29,33,53,99,39,47,22,28,77,23,98,9,
577	7	10	1.897	7,21,59,27,60,29,33,53,99,39,47,22,28,77,23,98,10,
577	7	11	2.251	7,21,59,57,49,81,27,60,29,33,53,99,39,47,22,43,95,18,85,11,
577	7	12	2.35	7,21,59,57,49,27,60,29,33,53,99,39,47,22,95,96,63,31,71,41,12,
577	7	13	2.434	7,21,59,29,33,60,53,99,39,47,22,95,85,18,96,63,31,71,41,13,
577	7	14	2.592	7,21,59,29,33,60,53,99,39,47,22,43,62,89,25,38,45,92,51,87,14,
577	7	15	2.698	7,21,44,93,52,48,83,20,79,16,17,65,55,54,66,56,72,37,86,15,
577	8	9	2.08	8,29,33,53,99,39,73,62,43,22,47,28,23,77,98,9,
577	8	10	1.924	8,29,33,60,53,99,39,73,62,43,22,47,28,23,98,10,
577	8	11	2.271	8,29,33,60,53,99,39,73,47,22,28,23,98,77,35,69,85,18,11,
577	8	12	2.242	8,29,33,60,53,99,39,47,22,43,62,95,85,18,96,63,31,71,41,12,
577	8	13	2.411	8,29,33,60,53,99,39,47,22,43,62,95,85,18,96,63,31,71,41,13,
577	8	14	2.567	8,29,33,60,53,99,39,47,22,95,18,96,63,67,78,82,38,25,45,92,51,14,
577	8	15	2.655	8,29,33,60,53,99,39,47,22,43,62,89,25,38,45,92,51,30,70,84,40,68,15,
577	9	10	1.93	9,98,23,77,28,22,47,39,73,43,95,18,85,69,35,10,
577	9	11	1.835	9,32,29,33,60,53,99,39,47,73,43,62,95,18,85,11,
577	9	12	1.816	9,98,23,28,77,35,69,85,18,95,96,63,31,71,41,12,
577	9	13	2.234	9,98,23,77,28,47,39,73,43,62,95,18,96,63,31,71,41,13,
577	9	14	2.342	9,23,77,35,69,85,18,96,63,31,71,41,67,78,82,38,25,45,92,51,14,
577	9	15	2.405	9,98,23,77,35,69,85,18,96,63,67,78,82,38,25,45,70,30,84,40,15,
577	10	11	1.794	10,98,23,77,28,53,99,39,47,22,43,62,95,18,85,11,
577	10	12	1.738	10,98,23,28,77,35,69,85,18,95,96,63,31,71,41,12,
577	10	13	2.037	10,98,23,77,22,47,39,73,43,95,18,96,63,31,71,41,13,
577	10	14	1.945	10,69,85,18,96,63,31,71,41,67,78,82,38,25,45,92,51,14,
577	10	15	2.239	10,35,69,85,18,96,63,31,71,41,67,78,82,38,25,45,70,30,84,40,68,15,
577	11	12	1.888	11,85,18,95,22,47,39,73,43,62,96,63,31,71,41,12,
577	11	13	2.022	11,85,18,95,96,63,31,71,41,67,78,82,38,25,45,92,51,13,
577	11	14	1.797	11,85,18,96,63,31,71,41,67,78,82,38,25,45,70,30,87,14,
577	11	15	1.967	11,85,18,96,63,31,71,41,67,78,82,38,25,45,70,30,84,40,68,15,
577	12	13	1.973	12,71,41,67,78,82,38,25,45,70,84,40,68,87,51,92,13,
577	12	14	1.635	12,71,41,67,78,82,38,25,45,92,70,84,40,68,30,87,14,
577	12	15	1.662	12,71,41,67,78,82,38,25,45,92,51,87,30,84,40,68,15,
577	13	14	1.873	13,41,67,78,82,38,25,45,92,51,70,84,40,68,30,87,14,
577	13	15	1.879	13,41,67,78,82,38,25,45,92,51,87,30,70,84,40,68,15,
577	14	15	2.123	14,51,92,38,25,89,26,50,80,45,70,30,84,40,86,37,15,
