16	0	1	1.707	0,19,52,71,87,39,80,94,18,72,95,55,85,82,67,1,
16	0	2	1.95	0,19,52,71,87,39,80,94,18,72,95,55,82,85,67,2,
16	0	3	2.09	0,19,61,82,67,85,55,95,94,72,18,41,56,74,65,31,92,32,3,
16	0	4	2.224	0,67,82,85,55,95,72,94,80,18,41,56,96,21,48,37,84,42,77,4,
16	0	5	2.473	0,19,52,61,82,67,85,55,95,94,72,18,41,56,96,21,48,37,26,5,
16	0	6	2.612	0,61,93,87,88,91,23,89,44,97,75,53,50,60,34,17,30,38,6,
16	0	7	2.504	0,61,93,87,88,91,35,23,89,44,97,75,53,50,60,90,66,70,7,
16	0	8	2.467	0,61,93,87,88,91,35,23,89,44,97,75,53,50,60,34,90,66,54,24,20,8,
16	0	9	2.396	0,61,93,87,88,91,35,23,89,44,97,45,75,53,50,49,81,27,57,51,9,
16	0	10	2.167	0,19,52,71,87,88,91,35,23,89,44,97,45,75,53,49,27,57,25,10,
16	0	11	2.101	0,61,19,52,71,87,88,91,35,23,89,44,97,75,45,58,73,36,11,
16	0	12	2.02	0,19,61,93,87,88,91,35,23,89,44,97,75,45,58,73,36,12,
16	0	13	1.891	0,19,52,71,28,98,83,46,62,35,23,89,40,86,13,
16	0	14	1.852	0,19,52,71,87,88,91,23,35,62,46,83,28,98,14,
16	0	15	1.831	0,19,52,71,87,88,91,23,35,62,46,83,98,28,15,
16	1	2	1.76	1,67,82,85,55,95,94,72,18,41,56,74,65,92,32,29,2,
16	1	3	1.609	1,67,82,85,55,95,94,72,18,41,56,74,65,31,92,32,3,
16	1	4	1.723	1,67,82,85,55,95,94,72,18,41,56,96,37,84,42,77,4,
16	1	5	1.869	1,67,82,85,55,95,94,72,18,41,56,96,21,48,37,26,5,
16	1	6	2.668	1,67,82,85,55,95,94,72,18,41,31,92,65,74,56,96,21,48,37,26,63,6,
16	1	7	2.67	1,67,82,85,55,95,94,80,39,59,47,44,97,75,53,50,60,90,66,70,7,
16	1	8	2.579	1,67,82,85,55,95,94,80,39,59,47,44,97,75,53,50,60,90,66,54,24,8,
16	1	9	2.463	1,67,82,55,95,94,80,39,91,35,23,89,44,97,75,53,49,27,57,51,9,
16	1	10	2.245	1,67,82,55,95,94,80,39,91,35,23,89,44,97,75,53,49,27,57,25,10,
16	1	11	2.162	1,67,82,55,95,94,80,39,91,35,23,89,44,97,75,45,58,73,36,11,
16	1	12	2.154	1,67,82,85,55,95,94,80,39,91,23,89,44,97,75,45,58,64,12,
16	1	13	1.878	1,67,82,85,55,95,72,94,80,39,59,23,35,40,86,13,
16	1	14	1.8	1,67,82,85,55,95,94,80,39,91,23,35,62,46,83,14,
16	1	15	1.679	1,67,82,85,55,95,72,94,80,39,93,61,19,52,71,15,
16	2	3	1.81	2,67,82,85,55,95,94,72,18,41,56,74,65,31,92,32,3,
16	2	4	1.937	2,67,82,85,55,95,94,72,18,41,56,21,96,84,42,77,4,
16	2	5	2.106	2,67,82,85,55,95,72,94,80,18,41,56,96,21,48,26,5,
16	2	6	2.615	2,67,82,85,55,95,72,94,80,18,41,56,96,21,48,37,26,63,38,6,
16	2	7	2.771	2,67,82,85,55,95,94,72,18,41,56,96,21,48,37,26,63,38,78,7,
16	2	8	2.534	2,29,92,65,74,56,96,21,48,43,33,17,34,90,66,54,24,20,8,
16	2	9	2.612	2,85,55,95,94,80,39,91,35,23,89,44,97,75,53,49,27,57,51,9,
16	2	10	2.381	2,85,55,95,94,39,91,35,23,89,44,97,75,53,49,27,57,25,10,
16	2	11	2.363	2,67,82,55,95,94,80,39,91,35,23,89,44,97,75,45,58,73,36,11,
16	2	12	2.339	2,85,55,95,94,80,39,91,35,23,89,44,97,75,45,58,73,36,12,
16	2	13	2.393	2,85,55,95,94,80,39,91,35,23,89,44,97,75,45,58,40,86,13,
16	2	14	2.338	2,67,82,85,55,95,72,18,94,80,39,87,93,61,19,52,71,28,98,14,
16	2	15	2.177	2,67,82,85,55,95,72,94,80,39,87,93,61,19,52,71,28,15,
16	3	4	2.084	3,32,65,92,31,85,82,55,95,72,18,41,56,96,84,42,4,
16	3	5	2.246	3,32,92,31,85,67,82,55,95,94,72,18,41,56,96,37,26,5,
16	3	6	2.504	3,32,92,31,85,67,82,55,95,94,72,18,41,56,96,21,48,38,6,
16	3	7	2.635	3,32,92,65,74,56,96,21,48,43,33,17,34,60,90,66,70,7,
16	3	8	2.465	3,32,92,65,74,96,21,48,43,33,17,34,60,90,66,54,24,20,8,
16	3	9	2.693	3,32,92,65,74,56,96,21,48,43,33,17,34,60,90,66,54,22,51,9,
16	3	10	2.517	3,32,92,31,41,18,80,39,91,35,23,89,44,97,75,53,49,27,57,25,10,
16	3	11	2.434	3,32,92,31,41,18,80,39,91,35,23,89,44,97,75,45,58,73,36,11,
16	3	12	2.432	3,32,92,31,41,18,80,39,91,23,89,44,97,75,45,58,73,36,12,
16	3	13	2.444	3,32,65,92,31,41,18,72,55,95,94,80,39,91,35,23,89,40,86,13,
16	3	14	2.362	3,32,65,92,31,41,18,72,94,95,55,85,67,82,61,19,52,71,28,98,14,
16	3	15	2.272	3,32,92,31,41,18,72,94,95,55,85,67,82,61,19,52,93,87,71,15,
16	4	5	2.368	4,77,42,84,74,65,92,31,55,95,72,18,41,56,96,37,26,5,
16	4	6	2.432	4,77,42,84,74,32,92,31,65,56,96,21,48,37,26,63,38,6,
16	4	7	2.463	4,77,42,84,37,96,21,48,43,33,17,34,60,90,66,70,7,
16	4	8	2.301	4,77,42,84,96,21,48,43,33,17,34,60,90,66,54,24,20,8,
16	4	9	2.521	4,77,42,84,37,96,21,48,43,33,17,34,60,90,66,54,22,51,9,
16	4	10	2.525	4,77,42,84,37,48,43,33,34,60,50,53,75,45,58,81,27,57,25,10,
16	4	11	2.474	4,42,84,37,48,43,33,17,34,60,50,53,75,97,44,45,58,73,36,11,
16	4	12	2.49	4,42,84,37,48,43,33,17,34,60,50,75,97,44,45,58,73,36,12,
16	4	13	2.486	4,77,42,84,37,48,43,33,34,60,50,53,75,45,97,44,89,40,86,13,
16	4	14	2.568	4,42,37,48,43,33,34,60,50,53,75,97,44,89,23,35,62,46,83,14,
16	4	15	2.367	4,77,42,84,37,96,56,41,18,72,94,95,55,85,82,61,19,52,71,15,
16	5	6	2.717	5,26,37,96,21,48,43,33,17,34,60,90,66,70,78,6,
16	5	7	2.574	5,26,37,96,21,48,43,33,17,34,90,66,54,24,20,7,
16	5	8	2.265	5,26,37,96,21,48,43,33,17,34,90,66,54,24,20,8,
16	5	9	2.709	5,63,38,30,17,34,60,50,53,75,97,45,49,81,68,27,57,51,9,
16	5	10	2.519	5,63,38,30,17,34,60,50,53,75,97,44,45,58,81,27,57,25,10,
16	5	11	2.548	5,26,48,43,33,17,34,60,49,50,53,75,97,44,45,58,73,36,11,
16	5	12	2.626	5,26,37,48,43,33,17,34,60,50,53,75,45,97,44,89,40,86,64,12,
16	5	13	2.539	5,26,37,48,43,33,17,34,60,50,53,75,45,97,44,89,40,86,13,
16	5	14	2.551	5,26,48,43,33,34,60,50,53,75,97,44,89,23,35,62,46,83,14,
16	5	15	2.513	5,26,37,48,21,96,56,41,18,72,94,95,55,85,82,61,19,52,71,15,
16	6	7	2.604	6,63,38,30,33,17,34,60,90,66,54,24,20,70,78,7,
16	6	8	2.488	6,38,63,26,37,96,21,48,43,33,17,66,54,24,20,8,
16	6	9	2.485	6,38,30,17,34,60,50,53,75,45,49,81,68,27,57,51,9,
16	6	10	2.345	6,38,30,17,34,60,50,53,75,97,44,45,49,81,27,57,25,10,
16	6	11	2.519	6,38,30,17,33,34,60,49,53,75,97,44,45,58,81,68,69,11,
16	6	12	2.54	6,38,30,17,33,34,60,50,53,75,45,97,44,89,23,35,40,64,12,
16	6	13	2.473	6,38,30,17,33,34,60,50,53,75,45,97,44,89,23,35,40,86,13,
16	6	14	2.477	6,38,30,17,33,34,60,50,53,75,45,44,89,23,35,62,46,83,14,
16	6	15	2.466	6,38,30,17,34,60,50,53,75,97,44,89,23,35,62,46,83,28,15,
16	7	8	2.525	7,70,66,90,34,60,50,53,75,45,49,27,22,24,20,8,
16	7	9	2.384	7,70,66,90,34,60,50,53,75,97,45,49,81,27,57,51,9,
16	7	10	2.154	7,70,66,90,34,60,50,75,97,45,49,81,27,57,25,10,
16	7	11	2.29	7,70,66,17,34,60,50,53,75,97,44,45,58,81,68,69,11,
16	7	12	2.301	7,70,66,17,33,34,60,50,53,75,45,97,44,89,40,86,64,12,
16	7	13	2.492	7,70,66,17,33,34,60,49,53,75,45,97,44,89,23,35,40,86,13,
16	7	14	2.376	7,70,66,90,34,60,50,53,75,45,97,44,89,23,35,62,46,83,98,14,
16	7	15	2.405	7,70,66,90,34,60,50,75,97,44,89,23,35,62,46,83,98,28,15,
16	8	9	2.185	8,20,24,54,66,90,34,60,50,53,49,81,68,27,57,51,9,
16	8	10	1.949	8,24,54,66,90,34,60,50,53,75,45,49,27,57,25,10,
16	8	11	1.955	8,20,24,54,66,17,34,60,50,53,75,97,45,58,73,36,11,
16	8	12	2.055	8,20,24,54,66,17,34,60,50,53,75,97,44,45,58,73,36,12,
16	8	13	2.134	8,20,24,54,66,17,33,34,60,50,75,45,97,44,89,40,86,13,
16	8	14	2.224	8,20,24,54,66,90,34,60,50,53,75,45,97,44,89,23,35,62,46,83,14,
16	8	15	2.349	8,20,24,54,66,90,34,60,50,53,75,97,44,89,23,35,62,46,83,98,28,15,
16	9	10	1.947	9,51,22,90,34,60,50,53,75,45,49,81,27,57,25,10,
16	9	11	1.958	9,51,25,57,27,81,49,50,53,75,97,44,45,58,73,36,11,
16	9	12	2.023	9,51,57,27,68,81,49,50,53,75,45,97,44,89,40,86,64,12,
16	9	13	2.045	9,51,25,57,27,68,81,49,50,53,75,45,97,44,89,40,86,13,
16	9	14	2.137	9,51,57,27,81,49,53,75,45,97,44,89,23,35,62,46,83,98,14,
16	9	15	2.278	9,51,57,27,68,81,49,50,53,75,45,97,44,89,23,35,62,46,83,28,15,
16	10	11	1.617	10,25,57,27,68,81,49,50,53,75,97,45,58,73,36,11,
16	10	12	1.645	10,25,57,27,68,81,49,50,53,75,97,45,58,73,36,12,
16	10	13	1.771	10,25,57,27,68,81,49,50,53,75,97,44,45,58,40,86,13,
16	10	14	1.897	10,25,57,27,49,50,53,75,45,97,44,89,23,35,62,46,83,98,14,
16	10	15	1.998	10,25,57,27,49,50,53,75,45,97,44,89,23,35,62,46,83,98,28,15,
16	11	12	1.738	11,69,68,81,49,50,53,75,45,97,44,89,40,86,64,12,
16	11	13	1.72	11,36,73,58,45,75,53,50,97,44,89,23,35,40,86,13,
16	11	14	1.63	11,36,73,58,45,75,97,44,89,23,35,62,46,83,14,
16	11	15	1.863	11,36,73,58,45,75,53,50,97,44,89,23,35,62,46,83,28,15,
16	12	13	1.748	12,36,73,58,45,75,53,50,97,44,89,23,35,40,86,13,
16	12	14	1.658	12,36,73,58,45,75,97,44,89,23,35,62,46,83,14,
16	12	15	1.75	12,36,73,58,45,75,97,44,89,23,35,62,46,28,15,
16	13	14	1.712	13,86,40,58,45,75,97,44,89,23,35,62,46,83,14,
16	13	15	1.804	13,86,40,58,45,75,97,44,89,23,35,62,46,28,15,
16	14	15	1.927	14,98,83,46,62,35,23,91,88,87,71,52,61,19,15,
