447	0	1	1.815	0,94,46,98,82,90,88,64,81,80,30,96,99,74,23,29,1,
447	0	2	1.779	0,94,46,82,90,88,64,81,80,30,96,99,23,26,41,2,
447	0	3	2.102	0,94,46,98,82,90,88,64,81,80,30,96,99,23,26,22,49,3,
447	0	4	2.2	0,94,30,96,99,23,26,22,49,45,69,3,84,77,42,40,21,27,4,
447	0	5	2.501	0,46,94,30,96,99,74,23,26,22,63,49,77,42,40,21,27,67,5,
447	0	6	2.581	0,94,30,96,99,23,26,22,63,79,68,38,37,95,20,51,93,55,6,
447	0	7	2.616	0,94,30,96,99,23,26,22,63,79,68,38,37,95,20,97,51,55,93,7,
447	0	8	2.729	0,94,30,96,99,23,26,22,63,79,68,85,37,95,20,97,17,91,92,8,
447	0	9	2.64	0,46,98,82,90,88,81,64,50,71,36,76,70,72,87,25,44,57,66,9,
447	0	10	2.51	0,46,98,82,90,88,81,64,50,71,36,76,70,72,87,25,44,57,66,10,
447	0	11	2.552	0,94,46,98,82,90,88,81,64,50,71,36,76,70,72,87,25,43,33,11,
447	0	12	2.424	0,94,46,98,82,90,88,81,64,50,71,76,70,72,43,33,83,53,12,
447	0	13	2.368	0,74,99,96,30,94,46,98,82,90,88,81,64,50,71,36,76,70,13,
447	0	14	1.888	0,74,99,96,30,94,46,98,82,90,88,81,64,71,50,14,
447	0	15	2.105	0,74,99,96,30,94,46,98,82,90,88,81,64,71,50,15,
447	1	2	2.169	1,0,94,46,82,90,88,64,81,80,30,96,99,23,26,41,2,
447	1	3	2.057	1,29,74,99,23,26,22,63,49,77,42,40,27,21,84,3,
447	1	4	1.883	1,29,74,96,99,23,26,22,63,49,77,42,40,21,27,4,
447	1	5	2.099	1,74,96,99,23,26,22,63,49,77,42,40,21,27,67,5,
447	1	6	2.518	1,74,96,99,23,26,22,63,79,68,38,37,95,20,97,51,93,55,6,
447	1	7	2.572	1,74,96,99,23,26,22,63,79,31,60,65,47,73,20,97,51,55,93,7,
447	1	8	2.719	1,74,96,99,23,26,22,63,79,68,58,85,37,95,20,97,17,91,92,8,
447	1	9	2.73	1,29,74,96,99,23,26,22,63,79,68,85,18,54,48,32,35,52,9,
447	1	10	2.819	1,74,99,96,30,80,81,64,50,71,36,76,70,72,87,25,44,57,10,
447	1	11	2.71	1,74,99,96,30,46,98,82,90,88,81,64,50,71,76,70,83,33,11,
447	1	12	2.403	1,74,99,96,30,94,46,98,82,90,88,81,64,36,76,70,83,53,12,
447	1	13	2.222	1,74,99,96,30,94,46,98,82,90,88,81,64,50,71,36,76,70,13,
447	1	14	1.795	1,29,23,99,96,30,94,46,98,82,90,81,64,50,71,14,
447	1	15	1.849	1,29,41,26,23,99,96,30,94,46,98,82,90,81,64,88,15,
447	2	3	2.104	2,41,29,74,99,23,26,22,63,79,31,42,40,77,84,3,
447	2	4	1.991	2,41,29,74,96,99,23,26,22,63,49,77,42,40,21,4,
447	2	5	2.136	2,41,26,22,63,49,45,69,3,84,77,42,40,21,27,67,5,
447	2	6	2.426	2,69,45,3,84,77,42,40,21,27,67,65,47,73,20,97,51,93,55,6,
447	2	7	2.476	2,69,45,3,84,77,42,40,21,27,67,65,47,73,20,97,51,93,55,19,7,
447	2	8	2.733	2,69,45,3,84,77,42,40,21,27,67,61,65,47,73,20,51,97,17,91,92,8,
447	2	9	2.882	2,69,45,3,84,77,42,40,21,27,67,65,47,73,20,97,17,91,92,32,52,9,
447	2	10	2.881	2,69,45,49,63,22,26,23,74,99,96,89,16,24,56,87,25,44,57,10,
447	2	11	2.833	2,41,26,23,99,96,30,94,46,98,82,90,88,81,64,36,76,70,83,33,11,
447	2	12	2.506	2,41,23,99,96,30,94,46,98,82,90,81,64,36,76,70,83,53,12,
447	2	13	2.32	2,41,26,22,23,99,96,30,46,98,82,90,88,81,64,36,70,76,13,
447	2	14	2.048	2,41,26,23,74,99,96,30,94,46,98,82,90,88,81,64,50,71,14,
447	2	15	1.794	2,69,45,49,22,26,23,99,96,30,80,64,81,88,15,
447	3	4	2.086	3,69,45,41,23,26,22,79,63,49,77,42,40,21,27,4,
447	3	5	2.19	3,84,77,42,40,21,27,67,65,47,73,20,97,51,61,5,
447	3	6	2.051	3,84,77,42,40,21,27,67,65,47,73,20,97,51,93,55,19,6,
447	3	7	2.174	3,84,77,42,40,21,27,67,61,65,47,73,20,97,51,55,93,19,7,
447	3	8	2.296	3,84,77,42,40,21,27,67,61,65,47,73,20,51,97,17,91,92,8,
447	3	9	2.514	3,84,77,42,40,21,27,67,61,65,47,73,20,97,17,28,32,35,52,9,
447	3	10	2.649	3,84,77,42,40,21,27,67,65,47,73,20,97,86,18,54,62,57,10,
447	3	11	2.789	3,84,77,42,40,60,47,73,20,95,37,85,34,78,56,25,87,43,33,11,
447	3	12	2.69	3,69,45,26,23,99,96,30,80,81,88,50,71,36,76,70,83,53,12,
447	3	13	2.475	3,69,45,26,23,99,96,30,94,46,98,82,90,88,81,64,36,76,70,13,
447	3	14	2.287	3,69,45,26,23,74,99,96,30,94,46,98,82,90,88,81,64,50,71,14,
447	3	15	2.281	3,69,45,49,63,22,26,23,99,96,30,94,46,98,82,90,81,64,88,15,
447	4	5	2.155	4,27,21,84,77,42,40,60,65,47,73,20,97,51,61,5,
447	4	6	1.849	4,27,21,40,42,31,60,65,47,73,20,97,51,93,55,19,6,
447	4	7	1.837	4,27,21,40,42,31,60,65,47,73,20,97,51,93,55,19,7,
447	4	8	2.172	4,27,21,77,42,40,60,65,47,73,20,97,51,55,93,39,91,92,8,
447	4	9	2.448	4,27,21,77,42,40,60,65,47,73,20,97,51,55,93,39,91,32,52,9,
447	4	10	2.624	4,21,27,67,65,47,73,20,95,37,85,58,16,24,56,87,25,44,57,10,
447	4	11	2.697	4,21,27,67,65,47,73,20,95,37,85,58,16,24,56,25,87,43,33,11,
447	4	12	2.648	4,27,21,77,42,40,60,47,73,20,95,37,85,58,16,59,72,83,53,12,
447	4	13	2.546	4,21,40,42,77,49,22,26,23,99,96,30,80,81,64,36,76,70,13,
447	4	14	2.294	4,27,21,40,42,77,49,22,26,23,99,96,30,80,81,64,71,50,14,
447	4	15	2.353	4,27,21,40,42,77,49,63,22,26,23,74,99,96,30,80,81,64,88,15,
447	5	6	2.093	5,67,27,21,77,42,40,60,65,47,73,20,97,51,55,6,
447	5	7	2.073	5,67,27,21,40,42,31,60,65,47,73,20,97,51,55,93,7,
447	5	8	2.015	5,67,61,65,47,73,20,97,51,55,93,39,17,91,92,8,
447	5	9	2.512	5,61,65,47,73,20,95,37,85,18,54,48,28,91,92,32,35,52,9,
447	5	10	2.659	5,61,65,47,73,20,95,37,38,85,58,16,24,56,87,25,44,57,66,10,
447	5	11	2.655	5,61,65,47,73,20,95,37,85,68,58,16,24,56,25,87,43,33,11,
447	5	12	2.634	5,61,65,47,73,20,95,37,38,85,58,16,24,56,25,87,43,83,53,12,
447	5	13	2.803	5,67,40,42,77,49,22,26,23,99,96,30,80,81,64,36,76,70,13,
447	5	14	2.631	5,67,27,21,40,42,77,49,22,23,99,96,30,80,64,81,88,50,71,14,
447	5	15	2.496	5,67,27,21,40,42,77,49,63,22,26,23,99,96,30,94,46,82,98,15,
447	6	7	2.159	6,19,55,93,51,97,20,95,37,85,18,54,48,28,17,39,7,
447	6	8	1.968	6,55,93,51,97,20,95,37,85,18,54,48,28,91,92,8,
447	6	9	2.158	6,19,55,93,51,97,20,73,95,37,85,18,54,48,32,35,9,
447	6	10	2.444	6,19,55,93,51,97,20,95,37,85,58,16,24,56,87,25,44,57,10,
447	6	11	2.517	6,19,55,93,51,97,20,95,37,85,58,16,24,56,25,87,43,33,11,
447	6	12	2.641	6,19,55,93,51,97,20,95,37,38,85,58,16,24,56,25,87,43,83,53,12,
447	6	13	2.815	6,19,55,51,97,20,95,37,85,58,16,24,56,44,25,87,43,83,53,13,
447	6	14	2.735	6,19,55,93,51,97,20,73,95,37,38,85,58,16,59,70,76,36,71,50,14,
447	6	15	2.77	6,19,55,93,51,97,20,95,37,38,85,58,16,75,80,81,64,88,90,82,98,15,
447	7	8	1.943	7,93,55,51,97,20,95,37,85,18,54,48,28,91,92,8,
447	7	9	2.146	7,19,55,93,51,97,20,73,95,37,85,18,54,48,32,35,9,
447	7	10	2.357	7,93,55,51,97,20,95,37,85,58,16,24,56,87,25,44,57,10,
447	7	11	2.43	7,93,55,51,97,20,95,37,85,58,16,24,56,25,87,43,33,11,
447	7	12	2.534	7,19,55,93,51,97,20,95,37,85,58,16,24,56,25,87,43,83,53,12,
447	7	13	2.738	7,19,55,93,51,97,20,95,37,85,58,16,24,56,25,87,43,83,53,13,
447	7	14	2.674	7,19,55,93,51,97,20,95,37,85,58,16,59,72,70,76,36,71,50,14,
447	7	15	2.791	7,93,55,51,97,20,95,37,38,68,79,63,22,23,99,96,30,46,82,98,15,
447	8	9	2.122	8,92,91,17,97,20,95,37,38,85,18,54,48,32,35,9,
447	8	10	2.154	8,92,91,28,48,54,18,34,78,24,56,87,25,44,57,66,10,
447	8	11	2.467	8,92,91,28,48,54,18,34,78,24,56,44,25,87,43,83,33,11,
447	8	12	2.237	8,92,91,28,48,54,18,34,78,24,56,44,25,87,43,83,53,12,
447	8	13	2.841	8,92,91,17,97,20,95,37,38,68,58,16,24,56,25,87,43,83,53,13,
447	8	14	2.733	8,92,91,28,48,54,18,34,78,24,56,44,25,87,72,70,76,36,71,50,14,
447	8	15	2.829	8,92,91,28,48,54,62,56,25,87,72,70,76,36,71,50,64,81,88,15,
447	9	10	2.248	9,52,35,32,91,28,48,54,18,34,78,56,87,25,44,57,10,
447	9	11	2.251	9,35,32,92,91,28,48,54,34,78,56,25,87,43,33,11,
447	9	12	2.112	9,35,32,48,54,18,34,78,56,44,25,87,43,83,53,12,
447	9	13	2.769	9,35,32,92,91,28,48,54,18,34,78,56,25,87,43,33,83,53,13,
447	9	14	2.756	9,35,32,48,54,18,34,78,56,44,25,87,43,83,70,76,36,71,50,14,
447	9	15	2.668	9,52,66,57,44,25,87,72,70,76,36,71,50,64,81,88,90,82,98,15,
447	10	11	2.385	10,57,66,52,35,32,48,54,34,78,56,25,87,43,33,11,
447	10	12	2.335	10,66,57,62,34,78,24,56,44,25,87,43,33,83,53,12,
447	10	13	2.521	10,66,57,44,25,87,43,33,12,53,83,72,70,36,76,13,
447	10	14	2.822	10,57,44,25,87,43,83,70,76,36,64,81,88,90,82,46,98,15,50,71,14,
447	10	15	2.76	10,57,44,25,87,43,33,83,70,76,36,71,50,64,81,88,90,82,46,98,15,
447	11	12	2.415	11,33,43,87,25,44,56,62,34,78,24,59,72,83,53,12,
447	11	13	2.654	11,33,12,53,83,43,87,25,44,56,24,59,72,70,76,13,
447	11	14	2.651	11,33,43,87,25,44,62,34,78,24,59,72,70,76,36,71,50,14,
447	11	15	2.613	11,33,43,87,25,56,72,70,76,36,71,50,64,81,88,90,82,98,15,
447	12	13	2.437	12,53,83,33,43,87,25,44,56,24,59,72,70,76,13,
447	12	14	2.08	12,53,83,43,87,25,44,56,72,70,76,36,71,50,14,
447	12	15	1.859	12,53,83,70,76,36,71,50,64,81,88,90,82,46,98,15,
447	13	14	2.284	13,53,83,43,87,25,44,56,72,70,76,36,71,50,14,
447	13	15	2.063	13,53,83,70,76,36,71,50,64,81,88,90,82,46,98,15,
447	14	15	1.95	14,50,71,64,81,80,30,96,99,74,94,46,98,82,90,15,
