243	0	2	2.01	0,31,71,99,30,97,68,72,21,76,82,60,73,26,93,29,2,
243	0	3	2.386	0,31,99,71,64,38,47,79,93,26,73,97,68,72,21,76,82,60,3,
243	0	4	2.291	0,64,38,47,79,93,26,73,97,68,72,21,32,18,57,42,87,4,
243	0	1	1.997	0,31,71,99,30,97,68,72,76,82,60,26,93,79,47,38,1,
243	0	5	2.256	0,64,38,47,79,93,26,73,72,21,32,18,57,51,24,70,83,94,5,
243	0	11	2.584	0,31,71,30,97,68,72,21,32,33,56,69,46,84,81,55,65,67,11,
243	0	8	2.583	0,64,38,47,79,93,26,73,68,72,21,32,92,90,78,77,43,50,36,8,
243	0	6	2.441	0,64,38,47,79,93,26,73,97,68,72,21,32,18,57,51,24,70,83,52,6,
243	0	10	2.662	0,31,71,99,30,97,68,72,21,32,92,90,78,77,43,50,36,40,53,54,10,
243	0	9	2.632	0,64,38,47,79,93,26,97,68,72,21,32,92,90,78,77,43,50,36,16,9,
243	0	7	2.462	0,31,71,30,97,68,72,21,32,18,57,51,24,70,83,39,20,28,35,7,
243	1	2	1.797	1,64,38,47,79,97,68,72,76,82,60,73,26,93,29,2,
243	0	13	2.3	0,31,71,99,19,95,34,88,41,91,37,48,74,85,58,13,
243	1	3	1.87	1,64,38,47,79,29,93,26,73,97,68,72,76,82,60,3,
243	1	4	1.871	1,64,38,47,79,93,26,73,97,68,72,76,82,42,87,25,4,
243	0	12	2.471	0,31,71,99,19,95,34,88,62,74,48,69,46,84,81,63,45,12,
243	0	14	2.271	0,64,38,47,79,93,26,73,97,68,22,89,91,41,88,14,
243	0	15	2.289	0,64,38,47,79,29,93,26,73,68,97,30,99,19,95,15,
243	1	5	2.006	1,38,47,79,93,26,73,97,68,72,21,18,57,51,24,70,83,94,5,
243	1	7	2.355	1,38,47,79,93,26,73,72,21,32,18,57,51,24,83,39,20,28,35,7,
243	1	6	2.183	1,38,47,79,93,26,97,68,72,21,32,18,57,86,51,24,70,83,52,6,
243	1	8	2.459	1,38,47,79,29,93,26,73,97,68,72,21,32,92,90,78,77,43,50,36,8,
243	2	5	1.777	2,29,93,26,73,72,21,32,18,57,51,24,70,83,94,5,
243	1	14	2.193	1,64,38,47,79,93,26,73,68,97,30,22,89,49,91,37,41,88,14,
243	2	3	1.879	2,29,47,38,79,93,26,73,97,68,72,21,76,82,60,3,
243	1	13	2.329	1,64,38,47,79,93,26,73,68,97,30,22,89,49,91,37,74,58,13,
243	2	4	1.832	2,29,47,79,93,26,73,97,68,72,21,76,82,42,87,4,
243	1	12	2.368	1,38,47,79,93,26,73,97,68,22,89,49,61,69,46,84,81,63,45,12,
243	2	6	1.994	2,29,47,79,93,26,73,72,21,32,18,57,51,24,70,83,52,6,
243	1	10	2.462	1,38,47,79,93,26,73,72,21,32,92,90,78,77,43,50,36,53,54,10,
243	1	15	2.047	1,38,47,79,29,93,26,73,68,97,30,71,99,19,95,15,
243	1	11	2.37	1,38,47,79,93,26,73,97,68,22,89,49,61,69,46,84,55,67,65,11,
243	1	9	2.439	1,64,38,47,79,93,26,73,97,68,72,21,32,92,90,78,77,43,50,36,16,9,
243	3	5	2.025	3,60,82,76,72,21,32,18,57,86,51,24,83,70,94,5,
243	3	4	2.184	3,60,82,76,21,32,18,57,51,24,83,70,86,87,25,4,
243	2	14	2.313	2,29,47,79,93,26,73,68,97,30,22,89,49,91,37,41,62,88,34,14,
243	2	7	2.198	2,29,93,26,73,72,21,32,18,57,51,24,70,83,39,20,28,35,7,
243	2	13	2.453	2,29,47,79,93,26,73,68,97,30,22,89,49,91,37,48,74,85,58,13,
243	2	12	2.365	2,29,47,79,93,26,97,68,30,22,89,49,61,69,46,84,81,63,45,12,
243	2	8	2.286	2,29,47,79,93,26,73,97,68,72,21,32,92,90,78,77,43,50,36,8,
243	2	10	2.499	2,29,93,26,73,97,68,72,21,32,96,92,90,78,77,43,50,36,53,54,10,
243	2	15	2.019	2,29,47,79,93,26,97,68,30,22,89,91,19,95,15,
243	2	11	2.486	2,29,47,79,93,26,73,68,97,30,22,89,49,61,69,46,84,81,55,65,67,11,
243	2	9	2.419	2,29,47,79,93,26,73,97,68,72,21,32,96,92,78,77,43,50,36,16,9,
243	4	5	2.137	4,25,87,86,51,57,18,76,21,32,66,80,24,70,94,5,
243	3	14	2.684	3,93,26,73,97,68,72,76,21,32,33,59,89,49,91,37,41,88,34,14,
243	3	12	2.709	3,60,82,76,72,21,32,33,59,89,49,61,56,69,46,84,81,63,45,12,
243	3	13	2.807	3,93,26,73,97,68,72,76,21,32,33,59,89,49,91,37,48,74,58,13,
243	3	7	2.422	3,60,82,76,21,32,18,57,86,51,24,70,83,94,52,39,20,35,7,
243	3	6	2.347	3,93,26,73,97,68,72,76,21,32,18,57,86,51,24,70,83,52,6,
243	3	8	2.604	3,93,26,73,97,68,72,76,21,32,33,96,92,90,78,77,43,50,36,8,
243	3	10	2.744	3,93,26,73,97,68,72,21,32,96,92,90,78,77,43,50,36,40,53,54,10,
243	3	15	2.606	3,93,26,73,97,68,72,76,21,32,33,59,89,49,91,19,95,15,
243	3	11	2.766	3,60,82,76,21,32,96,92,90,78,77,43,50,36,40,53,54,75,55,65,67,11,
243	3	9	2.727	3,2,29,47,79,93,26,73,97,68,72,21,32,92,90,78,77,43,50,36,16,9,
243	4	7	1.967	4,25,86,51,57,66,80,24,70,83,52,39,20,35,28,7,
243	5	6	1.961	5,94,52,83,70,24,51,86,57,66,80,39,20,28,35,6,
243	4	6	1.938	4,25,87,42,57,86,51,24,70,94,83,52,39,20,28,35,6,
243	4	12	2.639	4,25,86,57,66,90,78,77,43,50,36,40,27,17,46,84,81,63,45,12,
243	4	14	2.674	4,25,86,51,57,18,32,21,72,68,97,30,22,89,49,91,37,41,88,14,
243	4	13	2.802	4,25,86,51,57,66,90,78,77,43,50,36,40,23,27,17,46,48,74,58,13,
243	4	8	2.482	4,25,87,86,51,24,70,83,52,39,20,44,90,78,77,43,50,36,98,8,
243	4	10	2.641	4,25,86,51,24,70,94,83,52,39,44,90,78,77,43,50,36,40,23,53,54,10,
243	4	15	2.607	4,25,86,51,57,18,76,21,32,33,59,89,49,37,91,19,95,15,
243	4	11	2.538	4,25,86,51,24,80,66,90,78,77,43,50,36,40,53,54,75,55,65,67,11,
243	4	9	2.488	4,25,87,42,86,51,24,70,83,52,39,20,44,90,78,77,43,50,36,16,9,
243	6	7	1.982	6,52,83,94,70,24,51,86,57,66,80,39,20,35,28,7,
243	5	7	1.876	5,94,52,83,70,24,51,86,57,66,80,39,20,28,35,7,
243	5	8	1.98	5,52,83,70,24,51,86,57,66,90,78,77,43,50,36,8,
243	6	8	1.968	6,52,83,70,24,51,86,57,66,90,78,77,43,50,36,8,
243	5	14	2.558	5,94,83,70,24,51,57,18,32,21,72,22,89,49,91,37,41,88,34,14,
243	5	13	2.776	5,94,83,70,24,51,57,66,90,78,77,43,50,36,40,27,17,46,48,74,58,13,
243	5	10	2.357	5,94,83,70,24,51,86,57,80,66,90,78,77,43,50,36,40,53,54,10,
243	5	12	2.6	5,94,83,70,24,80,66,90,78,77,43,50,36,40,27,17,46,84,81,63,45,12,
243	5	9	2.27	5,94,83,70,24,51,57,80,66,90,78,77,43,50,36,53,54,16,9,
243	5	15	2.501	5,94,83,70,24,51,86,57,18,21,32,33,59,89,49,91,19,95,15,
243	5	11	2.394	5,94,83,70,24,80,66,90,78,77,43,50,36,40,53,54,75,55,65,67,11,
243	7	8	2.112	7,35,28,20,39,83,24,80,66,90,78,77,43,50,36,8,
243	7	10	2.093	7,35,28,20,39,44,90,78,77,43,50,36,40,23,53,54,10,
243	7	9	1.989	7,35,28,20,44,90,78,77,43,50,36,40,23,53,54,16,9,
243	6	9	1.924	6,52,83,70,24,51,57,66,90,78,77,43,50,36,16,9,
243	6	10	2.297	6,52,83,70,24,51,86,57,66,90,78,77,43,50,36,40,53,54,10,
243	6	14	2.55	6,52,83,70,24,51,86,57,18,21,32,33,59,89,49,91,37,41,88,14,
243	6	12	2.569	6,52,83,70,24,51,57,18,21,32,33,59,61,69,46,84,81,63,45,12,
243	6	13	2.68	6,52,83,70,24,51,57,18,21,32,33,59,89,49,91,37,48,74,58,13,
243	7	11	2.431	7,35,28,20,44,78,77,43,50,36,40,27,17,46,84,81,55,65,67,11,
243	6	11	2.404	6,52,83,70,24,80,66,90,78,77,43,50,36,53,54,75,55,65,67,11,
243	6	15	2.67	6,52,83,70,24,51,86,57,18,76,21,32,33,59,89,49,91,19,95,15,
243	8	10	2.197	8,16,53,54,23,27,17,69,46,84,81,55,65,67,10,
243	8	9	2.197	8,98,50,43,77,78,90,92,96,17,27,23,53,54,16,9,
243	8	11	2.084	8,16,53,54,23,27,17,69,46,84,81,55,65,67,11,
243	8	12	2.523	8,36,50,43,77,78,90,92,96,33,59,61,56,69,46,84,81,63,45,12,
243	8	14	2.573	8,36,50,43,77,78,90,92,96,56,61,49,89,91,37,41,62,88,34,14,
243	8	13	2.657	8,98,36,50,43,77,78,90,92,96,33,59,89,49,91,37,48,74,58,13,
243	7	14	2.614	7,35,28,98,36,50,43,77,78,90,92,96,33,59,89,49,91,37,41,88,14,
243	7	12	2.439	7,35,28,20,44,90,78,77,43,50,36,40,23,27,17,46,84,81,63,45,12,
243	7	13	2.717	7,35,28,20,44,78,77,43,50,36,53,54,23,27,17,46,69,48,74,58,13,
243	8	15	2.704	8,36,50,43,77,78,90,92,96,56,61,49,91,37,41,62,88,34,95,15,
243	7	15	2.731	7,35,28,20,98,36,50,43,77,78,90,92,96,33,59,89,49,91,19,95,15,
243	10	12	2.091	10,67,65,55,75,54,53,23,27,17,46,84,81,63,45,12,
243	9	12	2.113	9,16,53,54,23,27,17,56,61,69,46,84,81,45,12,
243	9	10	1.994	9,16,53,54,23,27,17,69,46,84,81,55,65,67,10,
243	10	14	2.344	10,67,65,55,81,84,46,69,56,61,49,89,91,37,41,88,14,
243	10	11	2.166	10,54,53,23,27,17,56,61,69,46,84,81,55,65,67,11,
243	10	13	2.406	10,67,65,55,75,54,53,23,27,17,84,46,69,48,74,58,13,
243	9	14	2.377	9,16,36,50,43,77,78,90,92,96,56,61,49,91,37,41,88,34,14,
243	9	11	1.881	9,16,53,54,23,27,17,69,46,84,81,55,65,67,11,
243	9	13	2.485	9,16,36,50,43,77,78,90,92,96,33,59,89,49,91,37,74,58,13,
243	10	15	2.577	10,67,65,55,81,84,46,69,56,61,49,91,37,41,88,34,95,15,
243	9	15	2.634	9,16,36,50,43,77,78,90,92,96,56,61,49,91,37,41,62,88,34,15,
243	13	14	2.213	13,58,74,48,46,69,56,61,49,89,91,37,41,88,14,
243	12	14	2.065	12,45,63,81,84,46,69,61,49,91,19,95,34,88,14,
243	11	12	1.97	11,65,67,55,75,54,53,23,27,17,46,84,81,63,45,12,
243	12	13	2.224	12,45,81,84,46,69,56,61,49,91,37,48,74,58,13,
243	11	13	2.116	11,65,67,55,75,54,53,23,27,17,46,69,48,74,58,13,
243	11	14	2.198	11,65,67,55,81,84,46,69,56,61,49,91,37,41,88,34,14,
243	14	15	2.458	14,88,41,37,91,49,89,22,72,68,97,30,99,71,31,15,
243	13	15	2.407	13,58,74,48,46,69,56,61,49,89,91,37,41,95,15,
243	12	15	2.37	12,45,63,81,84,46,69,56,61,49,91,37,41,88,34,95,15,
243	11	15	2.455	11,65,67,55,81,84,46,69,56,61,49,91,37,41,62,88,34,15,
