64	0	1	1.946	0,69,94,59,35,75,50,82,57,68,46,27,78,77,1,
64	0	2	1.78	0,69,94,59,35,75,50,82,57,68,46,27,78,77,2,
64	0	3	1.789	0,69,59,35,75,50,82,57,41,25,46,27,37,71,24,3,
64	0	4	1.964	0,69,94,59,35,68,46,27,37,56,47,99,45,91,90,36,66,4,
64	0	5	2.096	0,94,59,35,75,50,82,57,41,25,53,47,99,45,90,36,49,5,
64	0	6	2.344	0,94,59,35,75,50,82,57,41,25,53,47,99,45,91,90,36,49,62,6,
64	0	7	2.63	0,69,59,35,68,46,27,37,56,47,99,45,91,90,31,17,34,60,7,
64	0	8	2.7	0,69,94,59,35,75,50,82,83,26,55,63,67,95,80,18,93,43,97,8,
64	0	9	2.547	0,69,94,59,35,75,50,57,82,83,26,55,79,63,67,95,80,18,93,43,9,
64	0	10	2.548	0,69,94,59,35,57,50,82,83,26,55,79,58,92,39,88,28,22,33,19,10,
64	0	11	2.388	0,69,94,59,35,75,57,50,82,83,26,55,79,58,92,39,20,40,84,11,
64	0	12	2.258	0,69,59,35,57,50,82,83,26,55,63,58,92,39,20,40,61,12,
64	0	13	2.062	0,69,94,59,35,75,50,82,83,74,87,51,29,16,81,13,
64	0	14	2.003	0,69,94,59,35,57,50,82,83,74,51,87,32,86,70,14,
64	0	15	1.902	0,69,94,59,35,57,50,82,83,74,51,87,32,86,70,15,
64	1	2	1.732	1,77,78,27,46,47,99,45,91,90,89,56,37,48,2,
64	1	3	1.482	1,77,78,27,46,47,53,45,99,56,37,71,24,3,
64	1	4	1.639	1,77,78,68,46,27,37,56,47,99,45,91,90,36,66,4,
64	1	5	1.97	1,77,78,37,56,27,46,25,53,47,99,45,91,90,36,49,5,
64	1	6	2.185	1,77,78,68,46,27,37,56,47,53,99,45,91,90,36,49,96,62,6,
64	1	7	2.401	1,77,78,68,46,27,37,56,47,99,45,91,90,31,96,23,34,60,7,
64	1	8	2.539	1,77,78,68,46,27,37,56,47,53,99,45,91,90,31,17,34,60,8,
64	1	9	2.539	1,59,35,57,50,82,83,26,55,79,63,58,88,28,22,33,80,18,93,43,9,
64	1	10	2.641	1,69,94,59,35,75,57,50,82,83,26,55,79,58,92,39,88,28,22,33,19,10,
64	1	11	2.523	1,69,94,59,35,75,57,50,82,83,26,55,79,63,58,92,39,20,40,61,11,
64	1	12	2.312	1,69,94,59,35,57,50,82,83,26,55,79,58,92,39,20,40,61,12,
64	1	13	2.375	1,77,78,37,56,99,47,53,25,57,50,87,51,29,16,81,13,
64	1	14	2.217	1,69,94,59,35,75,57,50,82,83,74,87,51,29,16,81,98,14,
64	1	15	1.943	1,69,94,59,35,75,50,57,82,83,74,51,87,32,86,15,
64	2	3	1.303	2,77,78,68,46,27,47,53,99,56,37,71,24,3,
64	2	4	1.473	2,77,78,68,46,27,37,56,47,99,45,91,90,36,66,4,
64	2	5	1.629	2,77,78,68,46,27,37,56,99,47,53,91,90,36,49,5,
64	2	6	1.883	2,77,78,68,46,27,37,56,47,53,99,45,91,90,36,49,62,6,
64	2	7	2.249	2,77,78,68,46,27,37,56,47,53,99,45,91,90,31,17,34,60,7,
64	2	8	2.427	2,77,78,68,46,27,37,56,47,53,99,45,91,90,31,96,23,34,60,8,
64	2	9	2.465	2,77,78,37,56,99,47,53,25,41,42,26,76,95,80,18,93,43,9,
64	2	10	2.524	2,77,78,37,56,99,47,53,25,41,42,26,55,79,58,88,22,33,19,10,
64	2	11	2.472	2,77,78,37,56,99,47,53,25,41,42,26,55,79,58,92,39,20,40,84,11,
64	2	12	2.35	2,48,37,56,99,47,53,25,41,42,26,55,79,58,92,39,20,40,61,12,
64	2	13	2.285	2,48,37,56,47,99,45,53,25,41,57,50,82,87,51,29,16,81,13,
64	2	14	2.089	2,48,37,56,99,47,53,25,41,57,50,82,87,51,29,14,
64	2	15	1.868	2,77,78,27,46,25,41,57,50,82,87,51,32,86,15,
64	3	4	1.355	3,24,71,37,56,27,46,47,99,45,91,90,36,66,4,
64	3	5	1.475	3,24,71,37,27,46,53,47,99,45,91,90,36,49,5,
64	3	6	1.615	3,24,71,37,56,47,53,99,45,91,90,36,49,62,6,
64	3	7	1.913	3,24,71,37,56,47,99,45,91,90,31,17,34,60,7,
64	3	8	2.24	3,24,71,37,56,47,53,99,45,91,90,36,49,96,23,34,60,8,
64	3	9	2.224	3,24,71,37,56,99,47,53,25,41,42,76,95,80,18,93,43,9,
64	3	10	2.396	3,24,71,37,56,99,47,53,25,41,42,26,55,79,58,88,22,33,19,10,
64	3	11	2.263	3,24,71,37,56,99,47,53,25,41,42,26,55,63,58,39,20,84,11,
64	3	12	2.28	3,24,71,37,56,99,47,53,25,41,42,26,55,63,58,39,20,40,61,12,
64	3	13	2.229	3,24,71,37,56,99,47,53,25,41,42,26,83,74,87,51,29,16,81,13,
64	3	14	1.995	3,24,71,37,56,99,47,53,25,41,57,50,87,51,29,14,
64	3	15	1.895	3,24,71,37,56,27,46,25,41,57,50,82,87,51,32,86,15,
64	4	5	1.695	4,66,89,56,37,27,46,47,99,45,91,90,36,49,5,
64	4	6	1.848	4,89,56,37,27,46,47,99,45,91,90,36,49,62,6,
64	4	7	2.157	4,66,89,45,99,47,53,91,90,36,49,96,23,34,60,7,
64	4	8	2.447	4,89,56,37,27,46,53,47,99,45,91,90,31,96,23,34,60,8,
64	4	9	2.361	4,66,36,90,91,45,99,47,53,25,41,42,76,95,80,18,93,43,9,
64	4	10	2.504	4,66,36,90,45,99,47,53,25,41,42,26,55,79,58,88,22,33,19,10,
64	4	11	2.382	4,66,36,90,91,45,99,47,53,25,41,42,26,55,79,58,39,20,84,11,
64	4	12	2.399	4,66,36,90,91,45,99,47,53,25,41,42,26,55,79,58,39,20,40,61,12,
64	4	13	2.304	4,66,36,90,91,45,99,47,53,25,41,57,50,82,87,51,29,16,81,13,
64	4	14	2.215	4,66,36,90,91,45,99,47,53,25,41,57,50,82,87,51,32,70,14,
64	4	15	2.08	4,66,36,90,91,45,99,47,53,25,41,57,50,82,87,51,32,86,15,
64	5	6	2.093	5,66,89,56,37,27,46,47,99,45,90,36,49,62,6,
64	5	7	2.232	5,49,36,89,45,99,47,53,91,90,31,17,34,60,7,
64	5	8	2.356	5,49,36,89,45,99,47,53,91,90,31,17,34,60,8,
64	5	9	2.417	5,49,36,90,91,45,99,47,53,52,76,67,95,80,18,93,43,9,
64	5	10	2.546	5,49,36,90,91,45,99,47,53,25,41,42,76,67,22,33,19,10,
64	5	11	2.468	5,49,36,90,45,99,47,53,41,42,26,55,63,58,39,20,84,11,
64	5	12	2.493	5,49,36,90,45,99,47,53,25,41,42,26,55,79,58,39,20,40,61,12,
64	5	13	2.397	5,49,36,90,91,45,99,47,53,25,41,82,50,87,51,29,16,81,13,
64	5	14	2.338	5,49,36,90,91,45,99,47,53,25,41,57,50,82,87,51,32,70,14,
64	5	15	2.263	5,49,36,90,91,45,99,47,53,25,41,57,50,82,87,51,32,86,70,15,
64	6	7	2.382	6,62,49,36,90,91,45,99,47,53,52,17,34,60,7,
64	6	8	2.506	6,62,49,36,90,91,45,99,47,53,52,17,34,60,8,
64	6	9	2.514	6,23,17,52,76,63,58,88,28,22,33,80,18,93,43,9,
64	6	10	2.727	6,62,49,36,90,45,99,47,53,25,41,42,76,95,33,19,10,
64	6	11	2.668	6,62,49,36,90,91,45,99,47,53,52,76,63,58,39,20,84,11,
64	6	12	2.685	6,62,49,36,90,91,45,99,47,53,52,76,63,58,39,20,40,61,12,
64	6	13	2.572	6,62,49,36,90,45,99,47,53,25,41,57,50,87,51,29,16,81,13,
64	6	14	2.474	6,62,49,36,90,91,45,99,47,53,25,41,57,50,87,51,29,14,
64	6	15	2.377	6,62,49,36,90,91,45,99,47,53,25,41,57,50,87,51,32,86,15,
64	7	8	2.739	7,60,34,17,76,63,58,88,28,22,33,19,80,18,97,8,
64	7	9	2.608	7,60,34,17,52,42,26,55,79,63,67,95,80,93,43,9,
64	7	10	2.514	7,60,54,97,43,93,18,80,33,22,28,20,40,61,84,72,10,
64	7	11	2.486	7,60,54,97,43,93,18,80,33,22,28,88,58,92,39,20,40,84,11,
64	7	12	2.614	7,60,54,97,43,93,18,80,95,33,22,28,88,58,92,39,20,40,61,12,
64	7	13	2.678	7,60,54,97,43,93,18,80,33,22,28,88,39,20,40,61,85,38,64,13,
64	7	14	2.668	7,60,34,17,52,42,26,83,82,57,50,87,51,29,16,81,98,14,
64	7	15	2.622	7,60,34,17,52,42,26,83,82,50,57,35,75,87,51,32,86,70,15,
64	8	9	2.355	8,97,18,80,33,22,88,28,20,40,84,30,72,19,93,43,9,
64	8	10	2.252	8,97,43,93,18,80,33,22,28,88,39,20,40,61,84,30,72,10,
64	8	11	2.25	8,97,43,93,18,80,33,22,28,88,58,92,39,20,40,61,84,30,11,
64	8	12	2.359	8,97,43,93,18,80,33,22,28,88,58,63,79,44,92,39,20,40,61,12,
64	8	13	2.566	8,97,43,93,18,80,19,33,22,28,88,58,92,39,20,40,61,85,38,64,13,
64	8	14	2.512	8,97,43,93,18,80,33,22,28,88,39,20,40,61,85,38,64,81,98,14,
64	8	15	2.703	8,97,43,93,18,80,33,22,28,88,58,63,79,55,74,51,87,32,86,70,15,
64	9	10	1.991	9,43,93,97,18,80,33,22,88,28,20,40,61,84,30,72,10,
64	9	11	1.82	9,43,93,18,80,33,22,28,88,58,92,39,20,40,61,84,11,
64	9	12	1.817	9,43,93,97,18,80,33,22,28,88,58,92,39,20,40,61,12,
64	9	13	2.089	9,43,93,97,18,80,33,22,28,88,58,92,39,20,40,85,64,13,
64	9	14	2.251	9,43,93,97,18,80,33,22,88,28,20,40,61,85,38,64,81,98,14,
64	9	15	2.508	9,43,93,18,80,33,22,28,88,58,63,79,55,26,83,74,51,87,32,86,15,
64	10	11	2.123	10,19,33,22,28,88,58,63,79,44,92,39,20,40,61,84,30,11,
64	10	12	2.166	10,19,93,43,97,18,80,33,22,28,88,58,39,20,40,61,12,
64	10	13	2.403	10,93,43,97,18,80,33,22,28,88,58,39,20,40,85,38,64,13,
64	10	14	2.589	10,19,33,22,28,88,58,63,79,44,92,39,20,40,61,85,38,64,81,98,14,
64	10	15	2.502	10,19,33,22,28,88,39,92,58,63,79,55,26,83,74,51,87,32,86,70,15,
64	11	12	2.104	11,30,72,19,33,22,28,88,58,63,79,44,92,39,20,40,61,12,
64	11	13	2.081	11,84,61,40,20,28,22,88,39,92,58,63,79,44,21,38,64,13,
64	11	14	2.378	11,84,61,40,20,28,88,39,92,58,63,79,44,21,38,85,64,81,98,14,
64	11	15	2.308	11,61,40,20,39,92,58,63,79,55,26,83,74,51,87,32,86,70,15,
64	12	13	2.074	12,61,40,20,28,22,88,39,92,58,63,79,44,21,38,85,64,13,
64	12	14	2.027	12,61,40,20,39,92,58,63,79,44,21,38,85,64,81,98,14,
64	12	15	2.073	12,61,40,20,39,92,58,63,79,55,74,51,87,32,86,70,15,
64	13	14	2.197	13,64,85,61,40,20,39,58,63,79,44,29,16,81,98,14,
64	13	15	2.196	13,64,38,21,92,58,63,79,55,26,83,74,51,87,32,86,15,
64	14	15	2.167	14,98,81,16,29,51,87,82,50,57,35,75,65,86,70,15,
