528	0	1	1.993	0,69,29,70,89,76,55,25,37,41,43,96,35,74,1,
528	0	2	2.156	0,69,29,70,89,76,55,25,37,41,78,43,96,85,99,2,
528	0	3	2.158	0,37,41,43,78,65,21,60,16,30,87,84,72,52,79,59,3,
528	0	4	2.113	0,37,25,41,96,43,78,65,21,60,16,30,87,72,52,79,4,
528	0	5	2.136	0,37,25,41,96,43,78,65,60,16,30,87,84,72,52,31,36,48,5,
528	0	6	2.574	0,37,25,41,96,43,78,65,21,60,16,30,87,84,72,52,31,23,48,36,6,
528	0	7	2.432	0,37,25,41,96,43,78,65,21,60,16,30,83,45,80,86,98,75,88,7,
528	0	8	2.469	0,69,76,61,42,63,66,67,38,39,22,62,46,82,95,58,68,32,8,
528	0	9	2.328	0,69,76,61,42,63,66,67,38,39,28,94,22,62,27,46,82,91,9,
528	0	10	2.348	0,69,29,76,61,42,63,66,67,38,39,28,94,22,62,27,46,82,90,10,
528	0	11	2.272	0,69,29,76,61,42,63,66,67,38,39,28,94,22,81,33,47,11,
528	0	12	2.001	0,69,76,61,42,63,66,67,38,39,28,22,81,33,47,92,12,
528	0	13	2.283	0,69,29,76,61,42,63,66,67,38,39,28,94,22,81,51,34,44,13,
528	0	14	2.155	0,35,1,74,96,43,78,41,37,25,55,69,29,70,89,14,
528	0	15	2.052	0,35,74,96,43,41,37,25,55,69,29,76,89,70,15,
528	1	2	1.986	1,74,35,37,41,96,43,78,65,60,16,97,85,99,2,
528	1	3	1.918	1,74,96,43,78,65,60,16,30,87,84,72,52,79,59,3,
528	1	4	1.925	1,74,96,43,41,78,65,21,60,16,30,87,84,72,52,79,4,
528	1	5	1.989	1,74,96,43,78,65,21,60,16,30,87,79,52,72,31,23,48,5,
528	1	6	2.253	1,74,35,96,43,41,78,65,21,60,16,30,87,84,72,52,31,36,6,
528	1	7	2.584	1,74,35,96,43,41,78,65,21,60,16,30,87,84,72,52,31,36,26,75,88,7,
528	1	8	2.542	1,74,96,43,78,65,21,60,16,30,83,45,24,77,17,50,95,58,68,32,8,
528	1	9	2.534	1,74,96,43,78,65,21,60,16,30,83,80,64,40,50,95,58,68,32,73,9,
528	1	10	2.399	1,74,35,37,25,55,61,42,63,66,67,38,39,28,22,62,46,27,90,10,
528	1	11	2.361	1,74,35,37,25,55,76,61,42,63,66,67,38,39,28,94,22,81,11,
528	1	12	2.186	1,74,35,37,25,55,76,61,42,63,66,67,38,39,51,33,47,92,12,
528	1	13	2.237	1,74,96,43,41,37,25,55,69,29,76,61,42,63,66,34,44,13,
528	1	14	2.394	1,74,96,43,41,37,25,55,69,29,70,76,61,42,63,66,18,14,
528	1	15	1.825	1,74,35,96,43,41,37,25,55,69,29,76,89,70,15,
528	2	3	2.015	2,99,85,96,43,78,65,60,16,30,87,72,52,79,59,3,
528	2	4	1.914	2,99,85,96,43,78,65,21,60,16,30,87,72,52,79,4,
528	2	5	1.839	2,99,85,96,43,78,65,60,16,30,87,84,72,31,23,48,5,
528	2	6	2.246	2,99,85,96,43,41,78,65,21,60,16,30,87,84,72,52,31,36,6,
528	2	7	2.311	2,99,85,96,43,41,78,65,21,60,16,30,45,80,86,98,75,88,7,
528	2	8	2.53	2,99,85,96,43,78,65,60,16,30,83,80,64,40,50,95,58,68,32,8,
528	2	9	2.526	2,99,85,97,60,16,30,83,45,24,53,77,17,50,40,95,58,68,32,73,9,
528	2	10	2.603	2,99,85,96,43,41,37,25,61,42,63,66,67,38,39,28,22,62,27,90,10,
528	2	11	2.553	2,99,85,96,43,41,37,25,55,61,42,63,66,67,38,39,28,22,81,11,
528	2	12	2.45	2,99,85,96,43,41,37,25,55,61,42,63,66,67,38,39,51,33,47,92,12,
528	2	13	2.35	2,99,85,96,43,41,37,25,55,69,29,76,61,42,63,66,34,44,13,
528	2	14	2.4	2,99,85,57,97,60,21,65,78,43,41,37,25,55,69,29,70,89,14,
528	2	15	1.818	2,99,85,96,43,41,37,25,55,69,29,76,89,70,15,
528	3	4	2.026	3,59,57,97,65,21,60,16,30,87,84,72,31,52,79,4,
528	3	5	1.969	3,59,57,97,65,21,60,16,30,87,84,72,52,31,23,5,
528	3	6	2.171	3,59,57,97,65,21,60,16,30,87,84,72,31,36,26,6,
528	3	7	2.349	3,59,57,97,43,78,65,60,16,30,45,80,86,98,75,88,7,
528	3	8	2.487	3,59,57,97,60,16,30,45,24,53,77,17,50,40,95,58,68,32,8,
528	3	9	2.464	3,59,79,52,72,84,87,83,45,24,53,77,17,50,95,58,68,32,73,9,
528	3	10	2.694	3,59,57,97,60,16,30,83,45,80,64,40,50,17,82,46,62,27,90,10,
528	3	11	2.719	3,59,57,97,60,21,20,19,54,42,61,63,66,67,38,39,28,22,81,11,
528	3	12	2.616	3,59,57,97,60,21,20,19,54,42,61,63,66,67,38,39,51,33,47,92,12,
528	3	13	2.639	3,59,57,97,96,43,41,37,25,55,69,29,76,61,42,63,66,44,13,
528	3	14	2.474	3,59,57,97,16,60,65,78,43,96,41,37,25,55,69,29,70,89,14,
528	3	15	2.301	3,59,79,52,72,84,87,30,16,60,65,78,41,37,25,55,69,29,15,
528	4	5	2.246	4,79,52,72,87,30,16,60,21,45,83,84,31,36,23,48,5,
528	4	6	2.177	4,79,52,72,84,87,30,16,60,21,45,80,86,98,26,6,
528	4	7	2.293	4,23,31,52,72,84,87,30,16,60,21,45,80,86,98,75,88,7,
528	4	8	2.315	4,23,31,72,84,87,83,45,24,53,77,17,50,40,95,58,68,32,8,
528	4	9	2.258	4,79,52,72,84,87,83,45,80,64,40,50,95,58,68,32,73,9,
528	4	10	2.448	4,79,52,72,84,87,83,45,24,53,77,64,40,50,17,46,27,90,10,
528	4	11	2.646	4,79,52,72,84,87,83,45,24,53,77,64,40,50,17,82,46,27,90,11,
528	4	12	2.615	4,79,52,72,84,87,83,45,24,53,77,64,40,50,17,94,22,81,33,47,12,
528	4	13	2.604	4,79,52,72,84,87,30,16,60,21,20,19,54,42,61,63,66,67,34,44,13,
528	4	14	2.417	4,79,52,72,84,87,30,16,60,65,78,41,25,55,69,29,70,89,14,
528	4	15	2.18	4,79,52,72,84,87,30,16,60,65,78,43,41,37,25,55,69,29,15,
528	5	6	2.141	5,48,36,31,72,84,87,30,16,60,21,45,80,86,98,26,6,
528	5	7	2.062	5,48,23,31,52,72,84,87,30,16,45,80,86,98,75,88,7,
528	5	8	2.103	5,48,36,31,72,84,87,83,80,64,40,50,95,58,32,68,8,
528	5	9	2.207	5,48,36,31,72,84,87,83,45,24,77,17,50,95,58,68,32,73,9,
528	5	10	2.371	5,48,23,31,72,84,87,83,45,80,64,40,50,17,82,46,27,90,10,
528	5	11	2.556	5,48,36,31,72,84,87,83,45,24,77,64,40,50,17,82,46,27,90,11,
528	5	12	2.555	5,48,23,31,72,84,87,83,45,24,77,64,40,50,17,94,22,81,33,47,92,12,
528	5	13	2.576	5,48,23,31,52,72,84,87,30,16,60,21,20,19,54,42,61,63,66,34,44,13,
528	5	14	2.397	5,48,36,31,72,84,87,30,16,60,65,78,43,41,37,25,55,76,89,14,
528	5	15	2.144	5,48,36,31,72,84,87,30,16,60,65,78,43,41,37,25,55,69,29,15,
528	6	7	2.281	6,36,31,72,84,87,30,16,60,21,45,80,86,98,75,88,7,
528	6	8	2.22	6,26,98,86,80,24,53,77,64,40,50,95,58,68,32,8,
528	6	9	2.299	6,26,98,86,64,40,50,17,46,27,82,95,58,68,32,9,
528	6	10	2.682	6,26,75,88,49,93,68,32,58,95,40,64,50,17,82,46,27,90,10,
528	6	11	2.644	6,26,75,88,49,93,68,32,58,95,82,46,27,62,22,81,33,47,11,
528	6	12	2.719	6,26,75,88,49,93,68,32,73,91,82,46,27,62,94,22,81,33,47,92,12,
528	6	13	2.66	6,26,98,86,64,40,50,17,82,46,27,62,22,94,28,39,38,67,34,44,13,
528	6	14	2.562	6,36,31,72,84,87,30,16,60,65,78,43,41,25,55,69,29,70,89,14,
528	6	15	2.408	6,36,31,72,52,87,30,16,60,21,65,78,43,41,37,25,55,69,29,15,
528	7	8	2.201	7,88,75,26,98,86,64,40,50,95,58,73,32,68,93,8,
528	7	9	2.092	7,88,75,26,98,86,64,40,50,95,58,68,32,73,91,9,
528	7	10	2.477	7,88,49,93,68,32,73,58,95,40,64,50,17,82,46,62,27,90,10,
528	7	11	2.582	7,88,49,93,68,32,73,58,95,82,46,27,62,94,22,81,33,92,47,11,
528	7	12	2.472	7,49,93,68,32,58,95,40,50,17,82,46,27,62,22,81,33,47,92,12,
528	7	13	2.502	7,88,49,93,68,32,58,95,82,46,27,62,22,28,39,38,67,66,34,44,13,
528	7	14	2.597	7,88,75,98,86,64,40,50,17,77,53,28,39,38,67,66,63,42,61,89,14,
528	7	15	2.483	7,88,75,98,86,80,45,83,30,16,60,65,78,43,41,37,25,55,69,29,15,
528	8	9	2.189	8,32,68,58,40,64,50,17,94,22,62,46,82,91,9,
528	8	10	2.127	8,32,68,58,95,40,50,17,77,53,94,22,62,27,90,10,
528	8	11	2.342	8,32,68,58,95,82,46,27,62,22,28,39,38,67,51,33,47,11,
528	8	12	2.379	8,68,32,73,91,82,46,27,62,22,94,28,39,38,67,51,33,47,92,12,
528	8	13	2.429	8,68,32,73,91,82,46,27,62,81,22,94,28,39,38,67,66,34,44,13,
528	8	14	2.421	8,32,68,58,95,82,46,27,62,22,39,38,67,66,63,42,61,76,89,14,
528	8	15	2.34	8,32,68,58,95,82,46,27,62,22,28,39,38,67,66,63,42,61,76,29,15,
528	9	10	2.021	9,73,32,68,58,40,64,50,17,82,46,62,27,90,10,
528	9	11	2.04	9,73,32,68,58,95,82,46,27,62,22,81,33,92,47,11,
528	9	12	1.793	9,73,32,68,58,95,82,46,27,62,22,81,33,47,92,12,
528	9	13	2.275	9,73,32,68,58,95,82,46,27,62,22,94,28,39,38,67,66,34,44,13,
528	9	14	2.292	9,91,82,46,27,62,22,28,39,38,67,66,63,42,61,76,70,89,14,
528	9	15	2.298	9,91,82,46,27,62,22,94,28,39,38,67,66,63,42,61,76,69,29,70,15,
528	10	11	2.114	10,90,82,46,27,62,81,22,28,39,38,67,51,33,47,11,
528	10	12	1.874	10,90,82,46,27,62,22,28,39,38,67,51,33,47,92,12,
528	10	13	1.996	10,90,82,46,27,62,81,22,94,28,39,38,67,66,34,44,13,
528	10	14	2.121	10,90,82,46,27,62,22,28,39,38,67,66,63,42,61,76,89,14,
528	10	15	2.173	10,90,82,46,27,62,22,28,39,38,67,66,63,42,61,76,69,29,70,15,
528	11	12	1.978	11,90,82,46,27,62,22,28,39,38,67,51,33,47,92,12,
528	11	13	2.1	11,90,82,46,27,62,81,22,94,28,39,38,67,66,34,44,13,
528	11	14	2.118	11,81,22,28,39,38,67,66,63,42,61,76,69,29,70,89,14,
528	11	15	2.071	11,47,33,81,22,94,28,39,38,67,66,63,42,61,76,69,29,15,
528	12	13	1.92	12,92,47,33,81,22,28,39,38,67,66,63,42,61,18,13,
528	12	14	1.811	12,92,47,33,51,39,28,38,67,66,63,42,61,76,89,14,
528	12	15	1.831	12,92,47,33,81,22,39,38,67,66,63,42,61,76,69,29,15,
528	13	14	1.935	13,44,34,51,39,38,67,66,63,42,61,76,29,70,89,14,
528	13	15	1.762	13,44,34,51,39,28,38,67,66,63,42,61,76,69,29,15,
528	14	15	1.967	14,18,44,34,51,39,38,67,66,63,42,61,76,69,29,15,
