158	0	1	1.975	0,27,36,39,19,72,83,35,81,58,29,49,93,64,50,57,1,
158	0	2	2.082	0,27,36,39,19,72,83,35,93,49,29,82,48,61,53,2,
158	0	3	1.84	0,27,36,83,35,81,93,49,29,82,48,61,53,78,51,91,3,
158	0	4	2.23	0,27,36,83,35,81,93,49,29,82,48,61,53,78,51,91,47,26,68,4,
158	0	5	2.441	0,27,36,83,35,81,58,33,85,32,40,54,73,84,79,28,45,76,20,5,
158	0	6	2.154	0,27,60,39,72,63,33,85,32,40,54,73,84,79,28,45,76,20,6,
158	0	7	2.384	0,27,60,39,19,72,63,33,85,32,67,40,54,73,84,79,28,45,76,7,
158	0	8	2.502	0,27,60,39,72,19,23,31,55,30,25,38,62,97,34,99,24,18,52,8,
158	0	9	2.405	0,27,36,39,72,19,23,31,55,30,25,38,62,97,34,70,17,46,22,9,
158	0	10	2.399	0,27,36,39,72,19,88,23,31,55,30,25,38,62,96,65,87,98,21,75,10,
158	0	11	2.373	0,27,60,39,72,19,88,23,31,55,30,25,44,37,65,87,21,98,89,11,
158	0	12	2.292	0,27,60,39,72,19,88,23,31,55,30,25,37,44,16,71,90,86,12,
158	0	13	2.142	0,27,60,39,72,19,23,31,55,30,25,44,16,59,42,13,
158	0	14	2.26	0,27,36,83,35,81,93,49,82,29,58,63,31,23,88,56,14,
158	0	15	2.185	0,27,36,83,35,81,93,49,82,29,58,63,72,19,74,92,15,
158	1	2	2.09	1,57,50,64,35,81,93,49,29,82,48,61,53,78,51,91,3,2,
158	1	3	1.7	1,57,50,64,35,81,93,49,29,82,48,61,53,78,51,91,3,
158	1	4	1.853	1,57,50,64,93,49,29,82,48,53,51,91,47,26,68,4,
158	1	5	2.126	1,57,50,64,93,49,29,82,48,53,51,91,47,26,68,5,
158	1	6	2.021	1,57,50,64,93,49,29,82,66,40,54,73,84,79,28,45,76,20,6,
158	1	7	2.267	1,57,50,64,93,49,29,82,66,40,54,73,84,79,28,45,76,20,7,
158	1	8	2.394	1,50,64,93,49,29,82,66,40,54,73,84,79,28,41,24,18,52,8,
158	1	9	2.466	1,57,50,83,36,39,72,19,88,23,31,55,30,38,62,97,34,70,17,22,9,
158	1	10	2.468	1,57,50,83,36,39,72,19,88,23,31,55,30,25,44,37,65,98,21,87,75,10,
158	1	11	2.486	1,57,50,83,36,39,72,19,88,23,31,55,30,25,44,37,65,87,21,98,11,
158	1	12	2.37	1,57,50,83,36,39,72,19,88,23,31,55,30,25,44,16,71,90,86,12,
158	1	13	2.453	1,57,50,83,36,39,72,19,23,31,55,30,25,44,16,71,90,42,13,
158	1	14	2.086	1,50,64,93,49,29,58,81,35,83,36,39,72,19,74,92,14,
158	1	15	1.944	1,57,50,64,93,49,29,58,81,35,83,36,39,72,19,74,15,
158	2	3	1.987	2,93,49,29,82,48,61,53,78,77,26,68,47,91,51,3,
158	2	4	2.104	2,93,49,29,82,48,61,53,78,51,91,47,77,26,68,4,
158	2	5	2.138	2,93,49,29,82,66,73,54,84,79,28,45,76,20,5,
158	2	6	2.06	2,93,49,29,58,33,85,66,40,54,73,84,79,28,45,76,20,6,
158	2	7	2.306	2,53,61,48,49,29,58,33,85,32,67,40,54,73,84,79,28,41,7,
158	2	8	2.415	2,93,49,29,82,33,85,32,40,54,73,84,79,28,41,18,24,52,8,
158	2	9	2.562	2,93,49,29,82,33,85,66,73,54,40,67,34,97,70,17,46,22,9,
158	2	10	2.651	2,53,61,48,49,29,82,85,33,55,30,25,38,62,96,65,98,21,87,75,10,
158	2	11	2.679	2,53,61,48,49,29,82,85,33,55,30,25,44,37,65,87,75,21,98,11,
158	2	12	2.558	2,53,61,48,49,29,82,85,33,55,30,25,37,44,16,71,90,86,12,
158	2	13	2.541	2,53,48,82,29,49,93,81,35,83,36,39,72,19,74,92,56,59,42,13,
158	2	14	2.371	2,53,61,48,82,58,29,49,93,81,35,83,36,39,72,19,74,92,14,
158	2	15	2.361	2,53,78,48,61,93,49,82,29,58,81,35,83,36,39,72,19,74,15,
158	3	4	1.907	3,51,91,47,78,53,61,93,49,29,82,48,77,26,68,4,
158	3	5	1.954	3,51,91,47,77,80,43,84,73,54,79,28,45,76,20,5,
158	3	6	1.691	3,51,91,47,77,80,43,84,73,54,79,28,45,76,20,6,
158	3	7	2.031	3,51,91,47,26,80,43,66,40,54,73,84,79,28,45,76,20,7,
158	3	8	2.251	3,51,91,47,68,26,80,43,66,40,73,54,84,79,28,41,18,24,95,8,
158	3	9	2.316	3,51,91,47,68,26,80,43,84,73,54,40,67,34,97,70,17,46,22,9,
158	3	10	2.449	3,51,91,47,68,26,80,43,84,73,54,40,67,34,97,96,65,87,21,75,10,
158	3	11	2.471	3,51,91,47,77,80,43,66,73,54,40,67,34,97,96,65,87,21,98,11,
158	3	12	2.535	3,91,51,78,53,61,48,49,29,82,85,33,55,30,25,44,16,71,90,86,12,
158	3	13	2.464	3,51,91,47,78,53,61,93,81,35,83,36,39,72,19,74,92,56,59,42,13,
158	3	14	2.305	3,91,51,78,53,61,48,82,29,49,93,81,35,83,36,39,72,19,74,92,14,
158	3	15	2.121	3,91,51,78,53,48,82,29,49,93,81,35,83,36,39,72,19,74,92,15,
158	4	5	1.842	4,68,26,80,43,66,40,54,73,84,79,28,45,76,20,5,
158	4	6	1.579	4,68,26,80,43,66,40,54,73,84,79,28,45,76,20,6,
158	4	7	1.825	4,68,26,80,43,66,40,54,73,84,79,28,45,76,20,7,
158	4	8	2.142	4,68,26,77,80,43,66,40,54,73,84,79,28,45,41,24,18,52,8,
158	4	9	2.234	4,68,26,77,80,43,66,84,73,54,40,67,34,97,70,17,46,22,9,
158	4	10	2.26	4,68,26,80,43,66,73,54,40,67,34,97,96,65,98,21,87,75,10,
158	4	11	2.536	4,68,26,77,80,43,84,73,54,40,67,34,97,96,65,87,75,21,98,89,11,
158	4	12	2.518	4,68,26,77,80,43,66,73,54,40,67,34,97,96,37,44,16,71,90,12,
158	4	13	2.638	4,68,26,80,43,66,73,54,40,67,62,38,30,55,31,23,88,56,59,42,13,
158	4	14	2.54	4,68,26,47,91,51,78,53,61,48,49,93,81,35,83,36,39,72,19,74,92,14,
158	4	15	2.334	4,68,26,47,91,51,78,53,61,49,93,81,35,83,36,39,72,19,74,92,15,
158	5	6	1.934	5,94,43,66,84,73,40,32,67,54,79,28,45,76,20,6,
158	5	7	1.971	5,20,76,45,41,28,79,84,73,54,40,67,99,24,18,7,
158	5	8	2.003	5,20,76,45,28,79,84,73,54,40,67,99,24,18,52,8,
158	5	9	2.017	5,20,76,45,28,79,84,73,54,40,67,34,70,17,22,9,
158	5	10	2.18	5,20,76,45,41,28,79,84,73,54,40,67,34,97,70,17,46,10,
158	5	11	2.371	5,20,76,45,28,79,84,73,54,40,67,34,97,96,65,87,98,89,11,
158	5	12	2.407	5,20,76,45,28,79,84,73,54,40,67,32,38,25,44,16,71,90,12,
158	5	13	2.505	5,20,76,45,28,79,84,73,54,40,67,32,38,25,44,16,59,42,13,
158	5	14	2.547	5,20,76,45,41,28,79,84,73,54,40,67,32,38,30,55,31,23,88,56,14,
158	5	15	2.396	5,20,76,45,28,79,84,73,54,40,32,85,33,63,72,19,74,92,15,
158	6	7	1.635	6,20,76,45,28,79,84,73,54,40,67,99,24,18,7,
158	6	8	1.72	6,20,76,45,28,79,84,73,40,54,99,24,18,52,8,
158	6	9	1.754	6,20,76,45,28,79,84,73,54,40,67,34,70,17,22,9,
158	6	10	1.844	6,20,76,45,28,79,84,73,54,40,67,34,97,70,17,46,10,
158	6	11	2.129	6,20,76,45,28,79,84,73,54,40,67,34,97,96,65,87,21,98,89,11,
158	6	12	2.272	6,20,76,45,41,28,79,84,73,54,40,67,34,97,96,37,44,16,71,90,12,
158	6	13	2.415	6,20,76,45,28,79,84,73,54,40,67,62,38,30,55,31,23,88,56,59,42,13,
158	6	14	2.368	6,20,76,45,41,28,79,84,73,54,40,67,32,62,38,30,55,31,23,88,56,14,
158	6	15	2.434	6,20,76,45,41,28,79,84,73,54,40,67,32,38,30,55,31,23,88,19,74,92,15,
158	7	8	1.886	7,76,45,28,79,84,73,54,40,67,99,24,18,52,8,
158	7	9	1.921	7,41,28,79,84,73,54,40,67,34,97,70,17,46,22,9,
158	7	10	2.043	7,41,28,79,84,73,54,40,67,34,97,96,65,98,21,75,10,
158	7	11	2.155	7,76,45,41,28,79,84,73,54,40,67,34,97,96,65,89,11,
158	7	12	2.307	7,76,45,28,79,84,73,54,40,67,34,97,96,37,44,16,90,12,
158	7	13	2.543	7,20,76,45,28,79,84,73,54,40,67,34,97,96,37,44,16,59,42,13,
158	7	14	2.514	7,76,45,41,28,79,84,73,54,40,67,32,62,38,30,55,31,23,88,56,14,
158	7	15	2.483	7,20,76,45,41,28,79,84,73,54,40,66,85,33,63,72,19,74,92,15,
158	8	9	2.071	8,52,18,24,79,84,73,54,40,67,34,97,70,17,22,9,
158	8	10	2.126	8,52,18,24,79,84,73,54,40,67,34,97,70,17,46,10,
158	8	11	2.294	8,52,18,24,79,84,73,54,40,67,34,97,96,65,98,21,11,
158	8	12	2.388	8,52,18,24,99,70,34,97,62,38,25,44,16,71,90,86,12,
158	8	13	2.499	8,52,18,24,99,34,97,62,38,25,30,55,31,23,88,56,59,42,13,
158	8	14	2.434	8,52,18,24,99,70,34,97,62,38,25,30,55,31,23,88,56,14,
158	8	15	2.511	8,52,18,24,41,28,79,84,73,54,40,32,85,33,63,72,19,74,92,15,
158	9	10	2.109	9,22,17,70,34,97,62,38,25,44,37,65,87,75,10,
158	9	11	2.22	9,22,17,70,34,97,62,38,25,44,37,65,87,21,98,11,
158	9	12	2.051	9,22,46,17,70,34,97,96,65,37,44,16,71,86,12,
158	9	13	2.497	9,22,46,17,70,34,97,96,62,38,25,30,55,31,23,88,69,59,42,13,
158	9	14	2.482	9,22,46,17,70,34,97,96,62,38,25,30,55,31,23,88,69,56,14,
158	9	15	2.462	9,22,46,17,70,34,97,62,38,25,30,55,31,23,19,72,39,74,92,15,
158	10	11	2.262	10,75,21,87,65,96,62,38,25,44,16,71,90,86,11,
158	10	12	2.041	10,75,21,87,65,96,62,38,30,25,44,16,71,86,12,
158	10	13	2.479	10,75,87,17,70,34,97,62,38,25,30,55,31,23,88,69,59,42,13,
158	10	14	2.451	10,75,21,87,46,17,70,34,97,62,38,25,30,55,31,23,88,56,14,
158	10	15	2.45	10,75,87,21,98,65,96,62,38,25,30,55,31,23,88,19,72,39,74,92,15,
158	11	12	2.183	11,89,98,21,87,65,96,62,38,30,25,44,16,71,90,12,
158	11	13	2.263	11,89,98,21,87,65,37,44,25,30,55,31,23,69,59,42,13,
158	11	14	2.376	11,89,98,21,75,87,65,96,62,38,25,30,55,31,23,88,56,14,
158	11	15	2.332	11,21,87,65,37,44,25,30,55,31,23,88,19,72,39,74,92,15,
158	12	13	2.148	12,86,90,71,16,44,25,30,55,31,23,88,56,59,42,13,
158	12	14	2.212	12,86,90,71,16,44,37,25,30,55,31,23,88,69,56,14,
158	12	15	2.072	12,86,71,16,44,25,30,55,31,23,88,19,72,39,60,15,
158	13	14	2.339	13,42,59,16,44,25,30,55,31,23,19,72,39,74,92,14,
158	13	15	2.207	13,42,59,16,44,25,30,55,31,23,19,72,39,74,92,15,
158	14	15	2.35	14,56,69,25,30,55,31,23,88,19,72,39,36,60,74,92,15,
