248	0	3	2.399	0,80,51,42,84,39,16,18,40,26,29,77,94,63,88,83,78,96,3,
248	0	1	2.043	0,51,85,66,56,27,73,89,94,77,29,26,40,18,16,1,
248	0	7	2.634	0,80,79,97,91,64,99,57,53,59,60,28,70,19,35,25,21,37,50,7,
248	0	8	2.534	0,51,85,66,56,45,99,57,53,59,60,28,62,58,98,49,61,86,8,
248	0	11	2.4	0,80,51,85,47,97,91,64,99,57,53,59,60,28,70,62,58,92,11,
248	0	9	2.469	0,80,79,47,97,91,64,99,57,53,59,60,28,62,58,92,24,87,44,93,9,
248	0	6	2.697	0,80,51,42,84,39,18,16,40,26,29,77,94,83,96,78,36,17,48,6,
248	0	10	2.364	0,51,85,66,45,99,57,53,59,60,28,62,58,92,24,87,81,93,44,10,
248	0	2	1.848	0,80,51,42,84,39,16,18,73,89,94,77,29,26,40,2,
248	0	4	2.09	0,80,51,42,84,39,18,16,40,26,29,77,94,83,96,78,36,22,4,
248	0	5	2.629	0,80,51,42,84,39,18,16,40,26,29,77,73,89,94,83,96,78,36,17,5,
248	1	2	1.865	1,39,84,42,51,85,66,56,27,89,94,77,29,26,40,2,
248	0	15	2.149	0,51,42,84,39,73,27,56,45,99,64,91,97,90,15,
248	1	3	2.114	1,39,84,42,51,85,66,56,27,73,89,94,77,29,26,3,
248	0	14	2.159	0,80,79,97,91,64,99,57,59,53,71,32,31,74,33,30,14,
248	1	4	1.81	1,84,39,18,16,40,26,29,77,94,83,96,78,36,22,4,
248	0	13	2.028	0,80,79,97,91,64,99,57,59,53,71,32,31,74,30,33,13,
248	1	7	2.637	1,39,73,27,56,45,99,57,53,59,60,28,70,35,25,21,37,41,50,7,
248	0	12	2.341	0,51,85,47,97,91,64,99,57,53,59,60,28,62,58,55,68,95,12,
248	1	5	2.538	1,39,84,42,51,85,66,56,27,73,89,94,63,88,83,96,78,36,17,5,
248	1	6	2.721	1,39,84,42,51,85,66,56,27,73,89,94,83,96,78,36,17,48,6,
248	1	8	2.58	1,84,73,27,56,45,99,57,53,59,60,28,62,58,98,49,61,86,8,
248	2	3	2.186	2,40,26,29,77,94,89,73,27,66,56,65,63,88,83,96,3,
248	2	5	2.111	2,40,16,18,73,27,89,94,63,88,83,96,78,36,17,5,
248	1	11	2.406	1,39,84,42,51,85,66,56,45,99,57,53,59,60,28,62,58,92,11,
248	1	15	2.082	1,39,84,42,51,85,66,56,45,99,64,91,97,90,15,
248	2	4	1.898	2,16,18,73,27,89,94,77,29,83,96,78,36,22,4,
248	2	6	2.531	2,40,26,29,77,94,83,96,78,36,17,48,69,34,75,76,43,38,6,
248	1	13	2.203	1,39,84,42,51,85,47,97,91,64,99,57,53,71,32,31,74,33,13,
248	1	14	2.155	1,39,84,42,51,85,47,97,64,91,23,46,32,31,74,33,30,14,
248	1	10	2.418	1,39,73,27,56,45,99,57,53,59,60,28,62,58,92,24,87,81,93,44,10,
248	1	9	2.509	1,39,73,27,56,45,99,57,53,59,60,28,62,58,92,24,81,87,44,93,9,
248	1	12	2.39	1,39,84,42,51,85,47,97,91,64,99,57,53,59,60,28,55,68,95,12,
248	3	5	2.303	3,29,77,94,89,73,27,65,63,88,83,96,78,36,17,5,
248	2	11	2.404	2,40,26,77,94,89,73,27,56,45,99,57,53,59,60,28,62,58,92,11,
248	3	4	2.091	3,29,77,26,40,16,18,73,89,94,83,96,78,36,22,4,
248	2	7	2.503	2,40,26,77,94,89,73,27,56,45,20,52,19,35,25,21,37,50,7,
248	2	13	2.172	2,40,26,29,77,89,73,27,56,45,99,57,59,53,71,32,31,74,33,13,
248	2	9	2.444	2,40,26,77,89,73,27,56,45,99,57,59,60,28,62,58,98,49,9,
248	2	15	2.213	2,40,26,29,77,94,89,73,27,56,45,99,57,64,91,97,90,15,
248	2	10	2.378	2,40,26,77,89,73,27,56,45,99,57,53,59,60,28,62,58,92,24,87,10,
248	2	8	2.561	2,40,26,77,89,27,56,45,99,57,59,60,28,58,98,49,61,86,8,
248	2	14	2.323	2,40,26,77,94,89,73,27,56,45,99,57,53,71,32,31,74,30,14,
248	2	12	2.345	2,40,26,77,94,89,73,27,56,45,99,57,59,53,71,32,31,68,95,12,
248	4	5	2.309	4,22,36,78,96,83,94,89,73,27,65,67,69,48,5,
248	3	6	2.393	3,96,78,36,22,17,48,69,34,75,21,37,76,43,38,6,
248	3	11	2.483	3,29,77,94,89,73,27,56,45,99,57,53,59,60,28,62,58,92,11,
248	3	7	2.599	3,29,77,94,89,73,27,56,45,20,52,19,35,25,75,76,43,7,
248	3	10	2.457	3,29,77,89,73,27,56,45,99,57,53,59,60,28,62,58,92,24,87,10,
248	3	15	2.411	3,29,77,94,89,73,27,56,45,99,57,53,64,91,97,90,15,
248	3	9	2.523	3,29,77,89,73,27,56,45,99,57,59,60,28,62,58,98,49,9,
248	3	8	2.66	3,29,77,89,27,56,45,99,57,59,60,28,62,58,98,49,61,86,8,
248	3	13	2.374	3,29,77,94,89,73,27,56,45,99,57,59,53,71,32,31,74,30,33,13,
248	3	14	2.442	3,29,77,94,89,73,27,56,45,99,57,53,71,32,31,74,33,30,14,
248	3	12	2.601	3,29,77,94,89,73,27,56,45,99,57,53,59,60,28,62,58,55,68,95,12,
248	4	7	2.213	4,22,36,78,96,83,88,63,67,69,34,75,21,37,41,50,7,
248	5	6	2.539	5,17,22,36,78,96,83,88,63,67,69,34,75,76,43,38,6,
248	4	6	2.33	4,22,36,78,96,83,94,63,67,69,34,75,76,43,38,6,
248	4	11	2.546	4,22,36,78,96,83,94,89,27,56,45,99,57,59,60,28,62,58,92,11,
248	4	8	2.628	4,22,36,78,96,83,88,63,65,20,52,19,35,72,98,49,61,86,8,
248	4	9	2.576	4,22,36,78,88,63,65,45,99,57,59,60,28,62,58,98,49,9,
248	4	10	2.545	4,22,78,96,83,94,89,27,56,45,99,57,59,60,28,62,58,92,82,10,
248	4	15	2.407	4,22,36,78,96,83,94,89,73,27,56,45,99,57,64,91,97,90,15,
248	4	13	2.364	4,22,36,78,96,83,94,89,73,27,56,45,99,57,53,71,46,74,33,13,
248	4	14	2.491	4,22,36,78,96,83,94,89,73,27,56,45,99,57,59,53,71,46,23,14,
248	4	12	2.435	4,22,36,78,96,83,94,89,27,56,45,99,57,53,59,60,28,55,95,12,
248	5	7	2.401	5,17,36,78,96,83,88,63,67,69,34,75,21,37,41,50,7,
248	5	8	2.49	5,17,36,78,96,83,88,63,67,69,34,75,21,37,50,41,8,
248	6	7	2.507	6,38,43,76,21,49,54,81,87,44,93,9,61,86,8,41,50,7,
248	6	8	2.355	6,38,43,76,21,37,86,61,49,54,81,24,87,44,93,9,8,
248	5	11	2.694	5,17,48,69,34,75,21,37,86,61,49,54,93,44,87,81,24,82,11,
248	5	9	2.58	5,48,69,34,75,21,37,86,61,49,54,81,24,82,87,44,93,9,
248	5	10	2.666	5,48,69,34,75,43,76,37,21,86,61,49,54,93,44,87,81,24,82,10,
248	5	13	2.523	5,17,36,78,96,83,94,89,27,56,45,99,57,53,71,32,31,74,33,13,
248	5	12	2.576	5,17,36,78,96,83,94,89,27,56,45,99,57,59,60,28,55,95,12,
248	5	14	2.614	5,17,36,78,96,83,94,89,73,27,56,45,99,57,59,53,71,23,14,
248	5	15	2.684	5,17,36,78,96,83,94,89,73,27,56,66,45,99,57,64,91,97,90,15,
248	7	10	1.852	7,43,76,37,21,86,61,49,54,93,44,87,81,24,82,10,
248	7	8	2.419	7,38,43,76,21,37,86,61,49,54,81,24,87,44,93,9,8,
248	7	9	2.03	7,38,43,76,21,37,86,61,49,54,81,24,87,44,93,9,
248	7	11	2.77	7,43,76,75,21,37,86,61,49,54,93,44,87,81,98,92,24,82,11,
248	6	9	2.541	6,38,43,76,75,21,37,86,61,49,54,93,44,87,81,24,82,10,9,
248	6	10	2.808	6,38,43,76,75,21,37,86,61,49,54,93,44,87,81,98,92,24,82,10,
248	6	11	2.981	6,38,43,76,75,25,35,19,70,62,58,28,60,59,53,71,32,31,68,95,11,
248	6	13	2.486	6,38,43,76,75,25,19,70,62,28,60,59,53,71,32,31,74,30,33,13,
248	6	14	2.632	6,38,43,76,37,21,25,35,19,70,28,60,59,53,71,32,31,74,33,30,14,
248	6	15	2.648	6,38,43,76,75,25,19,70,28,60,59,53,57,99,64,91,97,90,15,
248	6	12	2.562	6,38,43,76,75,25,35,19,70,62,28,60,59,53,71,32,31,68,95,12,
248	8	10	1.916	8,41,50,37,21,86,61,49,54,93,44,87,81,24,82,10,
248	8	9	2.068	8,41,50,76,43,75,21,37,86,61,49,54,81,87,93,9,
248	8	11	2.545	8,86,61,49,54,93,44,87,81,24,92,58,62,28,60,59,53,55,11,
248	8	13	2.222	8,86,61,49,54,98,58,62,28,60,59,53,71,32,31,74,30,33,13,
248	7	13	2.408	7,50,41,37,21,25,72,35,19,70,62,28,60,59,53,71,32,31,74,33,13,
248	8	12	2.346	8,86,61,49,54,81,24,92,58,62,28,60,59,53,71,32,31,68,12,
248	7	15	2.56	7,50,41,37,21,25,35,70,62,28,60,59,53,57,99,64,91,97,90,15,
248	7	14	2.533	7,50,41,37,21,25,35,19,70,62,28,60,59,53,71,32,31,74,33,30,14,
248	7	12	2.493	7,50,37,21,25,35,19,70,62,58,28,60,59,53,71,32,31,68,95,12,
248	8	14	2.473	8,86,61,49,54,81,24,92,58,62,28,60,59,53,71,32,31,74,33,30,14,
248	8	15	2.568	8,86,61,49,54,93,44,87,24,92,58,62,28,60,59,53,64,91,97,90,15,
248	9	10	2.154	9,93,44,87,81,98,72,25,19,70,62,58,92,82,10,
248	10	11	2.155	10,44,93,81,87,24,98,72,25,35,19,70,62,58,92,11,
248	10	13	1.849	10,44,93,87,24,92,58,62,28,60,59,53,71,46,74,33,13,
248	10	12	1.903	10,44,87,24,92,58,62,28,60,59,53,71,32,31,68,12,
248	9	11	2.412	9,93,44,87,24,92,58,62,28,60,59,53,71,32,31,68,95,11,
248	10	14	1.975	10,44,93,81,87,24,92,58,62,28,60,59,53,71,46,23,14,
248	9	13	2.028	9,93,44,87,81,24,92,58,62,28,60,59,53,71,32,31,74,33,13,
248	9	12	2.093	9,93,44,87,24,92,58,62,28,60,59,53,71,32,31,68,95,12,
248	10	15	2.193	10,44,93,81,87,24,92,58,62,28,60,59,53,71,91,97,90,15,
248	9	14	2.33	9,93,44,87,81,24,92,58,62,28,60,59,53,71,46,32,31,74,30,14,
248	9	15	2.354	9,93,44,87,81,24,92,58,62,28,60,59,53,57,99,64,91,97,90,15,
248	12	13	1.84	12,68,55,58,62,28,60,59,53,71,32,31,74,30,33,13,
248	14	15	1.99	14,30,74,31,32,71,53,59,57,99,64,91,97,90,15,
248	13	15	1.873	13,33,30,74,46,71,53,59,57,99,64,91,97,90,15,
248	11	13	2.001	11,82,24,92,58,62,28,60,59,53,71,32,31,74,30,33,13,
248	13	14	1.883	13,33,30,74,31,32,71,53,60,59,57,99,64,91,23,14,
248	12	14	1.971	12,68,55,58,62,28,60,59,53,71,32,31,74,33,30,14,
248	11	12	2.105	11,82,24,92,58,62,70,28,60,59,53,71,32,31,68,12,
248	11	14	2.132	11,82,24,92,58,62,28,60,59,53,71,32,31,74,33,30,14,
248	11	15	2.341	11,82,24,92,58,62,70,28,60,59,53,57,99,64,91,97,90,15,
248	12	15	2.226	12,95,68,55,58,62,70,28,60,59,53,57,99,64,91,97,90,15,
