462	0	1	2.059	0,80,87,20,47,86,71,67,78,79,82,49,42,93,90,1,
462	0	2	2.089	0,80,87,47,86,71,67,79,78,49,93,42,41,83,2,
462	0	3	2.224	0,80,87,47,86,71,67,79,78,49,20,90,93,42,41,83,3,
462	0	4	2.51	0,80,87,47,86,71,67,79,78,49,20,90,93,42,41,21,48,35,4,
462	0	5	2.527	0,80,87,47,86,71,19,53,43,95,84,45,89,81,88,34,39,30,5,
462	0	6	2.604	0,80,87,47,86,71,67,78,79,75,88,81,24,94,66,46,27,17,6,
462	0	7	2.57	0,80,87,47,86,71,67,78,79,75,88,81,24,94,40,68,65,52,61,16,7,
462	0	8	2.433	0,80,87,47,86,71,67,78,79,75,88,81,24,94,40,68,65,52,61,8,
462	0	9	2.404	0,80,87,47,86,71,19,53,43,95,92,76,72,77,26,44,31,37,55,50,18,9,
462	0	10	2.404	0,80,87,47,86,71,19,53,43,95,92,76,72,77,26,44,31,37,63,74,10,
462	0	11	2.222	0,80,87,47,86,71,19,53,43,95,92,76,72,77,51,60,62,22,56,11,
462	0	12	2.106	0,80,87,47,86,71,19,53,43,95,92,76,72,51,60,32,64,91,25,12,
462	0	13	1.911	0,80,87,47,86,71,19,53,43,95,92,60,32,64,91,13,
462	0	14	2.042	0,80,87,47,86,71,19,53,43,95,76,92,69,59,29,14,
462	0	15	2.123	0,80,87,47,86,71,19,53,84,89,45,95,43,36,54,15,
462	1	2	1.993	1,90,93,42,49,86,47,71,67,78,79,82,41,83,2,
462	1	3	2.099	1,90,93,42,49,86,47,71,67,78,79,82,73,21,41,83,3,
462	1	4	2.395	1,90,20,86,47,71,67,78,79,75,81,24,88,34,39,58,35,4,
462	1	5	2.455	1,90,20,47,86,71,19,53,84,89,45,70,24,81,88,34,39,30,5,
462	1	6	2.501	1,90,20,86,47,71,67,78,79,75,88,81,24,70,94,46,17,6,
462	1	7	2.496	1,90,20,86,47,71,67,78,79,75,88,81,24,94,40,68,65,52,16,7,
462	1	8	2.522	1,90,20,86,47,71,67,78,79,75,88,81,24,94,40,38,68,65,52,61,8,
462	1	9	2.405	1,90,20,86,47,71,19,53,43,95,92,76,72,77,26,44,31,37,55,50,18,9,
462	1	10	2.405	1,90,20,86,47,71,19,53,43,95,92,76,72,77,26,44,31,37,63,74,10,
462	1	11	2.312	1,90,20,86,47,71,19,53,43,95,92,76,72,77,26,51,60,62,22,56,11,
462	1	12	2.191	1,90,20,86,47,71,19,53,43,95,92,76,72,77,51,60,32,64,91,25,12,
462	1	13	1.952	1,90,20,86,47,71,19,53,43,95,92,76,60,32,64,91,13,
462	1	14	2.118	1,90,20,86,47,71,19,53,84,45,95,92,69,59,29,14,
462	1	15	2.074	1,90,93,42,49,78,79,67,71,86,47,87,80,96,54,15,
462	2	3	1.854	2,42,93,49,20,86,47,71,67,78,79,82,41,83,3,
462	2	4	1.975	2,42,93,90,20,86,47,71,67,78,79,82,41,21,48,4,
462	2	5	2.114	2,42,93,90,20,86,47,71,67,78,79,82,73,58,30,5,
462	2	6	2.463	2,42,93,90,20,86,47,71,67,78,79,75,81,88,66,46,17,6,
462	2	7	2.454	2,42,93,49,78,79,75,88,81,24,94,40,68,65,52,61,16,7,
462	2	8	2.487	2,42,93,49,78,67,79,75,88,81,24,94,40,38,68,65,52,61,8,
462	2	9	2.482	2,42,93,90,20,86,47,71,19,53,84,45,97,44,31,37,55,50,18,9,
462	2	10	2.415	2,42,93,90,20,86,47,71,19,53,43,95,92,76,72,77,26,33,99,10,
462	2	11	2.418	2,42,93,90,20,86,47,71,19,53,43,95,92,76,72,51,60,62,22,56,11,
462	2	12	2.354	2,42,93,90,20,86,47,71,19,53,43,95,92,76,72,60,32,64,91,25,12,
462	2	13	2.246	2,42,93,49,78,67,19,53,43,95,92,76,72,51,60,32,64,91,13,
462	2	14	2.322	2,42,93,90,20,86,47,71,19,53,43,95,76,92,69,59,29,14,
462	2	15	2.322	2,42,93,90,20,86,47,71,19,53,84,45,95,43,36,54,15,
462	3	4	2.275	3,83,42,93,49,86,47,71,67,78,79,82,41,21,48,4,
462	3	5	2.457	3,41,82,79,78,67,19,53,84,89,81,88,34,39,30,5,
462	3	6	2.534	3,21,73,75,88,81,24,94,40,68,65,52,61,16,27,17,6,
462	3	7	2.45	3,83,41,21,73,75,88,81,24,94,40,38,68,65,52,61,16,7,
462	3	8	2.637	3,21,41,82,78,67,79,75,88,81,24,94,40,68,65,52,16,61,8,
462	3	9	2.621	3,41,82,79,67,19,53,43,95,92,76,72,77,26,44,31,37,55,18,9,
462	3	10	2.596	3,21,41,82,79,78,67,71,19,53,43,95,92,76,72,77,26,33,99,10,
462	3	11	2.509	3,21,41,82,79,78,67,19,53,43,95,92,76,72,51,60,62,22,56,11,
462	3	12	2.402	3,41,82,79,78,67,19,53,43,95,92,76,72,51,60,32,64,91,25,12,
462	3	13	2.408	3,83,41,82,79,78,67,19,53,43,95,92,76,72,51,60,32,64,91,13,
462	3	14	2.604	3,83,41,82,79,78,67,19,53,43,95,92,76,72,51,60,32,59,14,
462	3	15	2.595	3,83,41,82,79,78,67,71,19,53,84,89,45,95,43,36,54,15,
462	4	5	2.636	4,48,73,82,79,78,67,19,53,84,89,81,88,34,39,30,5,
462	4	6	2.44	4,35,58,34,88,81,24,94,40,68,65,52,16,27,17,6,
462	4	7	2.375	4,35,48,58,39,34,88,81,24,94,40,68,65,52,16,27,7,
462	4	8	2.534	4,35,48,58,39,34,88,81,24,94,40,38,27,16,68,65,52,61,8,
462	4	9	2.568	4,35,58,39,34,75,88,81,24,94,40,28,44,31,37,55,63,18,9,
462	4	10	2.587	4,35,58,39,34,88,81,24,94,40,28,44,31,37,55,50,18,63,74,10,
462	4	11	2.613	4,48,73,82,79,78,67,19,53,43,95,92,76,72,51,60,62,22,56,11,
462	4	12	2.484	4,35,58,39,34,88,81,89,84,95,92,76,72,51,60,32,64,91,25,12,
462	4	13	2.501	4,48,73,82,79,78,67,19,53,43,95,92,76,72,51,60,32,64,91,13,
462	4	14	2.744	4,48,73,82,79,78,67,19,53,43,95,92,76,72,51,60,32,59,29,14,
462	4	15	2.683	4,35,48,21,41,73,82,79,78,67,71,86,47,87,80,96,54,36,57,15,
462	5	6	2.46	5,30,39,34,75,88,81,24,94,40,68,16,27,17,6,
462	5	7	2.302	5,30,39,34,88,81,24,94,40,38,68,65,52,61,16,27,7,
462	5	8	2.518	5,30,39,34,88,81,24,70,44,31,37,55,18,50,85,23,68,65,52,8,
462	5	9	2.475	5,98,17,27,16,61,52,65,68,23,85,50,18,55,31,37,63,74,9,
462	5	10	2.58	5,30,39,34,75,88,81,24,94,40,28,31,37,55,50,18,63,74,10,
462	5	11	2.487	5,30,39,34,88,81,24,89,84,95,92,76,72,51,60,62,22,56,11,
462	5	12	2.551	5,30,39,34,88,81,89,84,95,92,76,72,77,26,51,60,32,64,91,25,12,
462	5	13	2.57	5,30,39,34,88,81,89,45,84,95,92,76,72,77,26,51,60,32,64,91,13,
462	5	14	2.759	5,30,39,34,88,81,89,45,84,95,92,76,72,51,60,32,64,91,59,29,14,
462	5	15	2.743	5,30,39,34,66,94,24,81,88,75,79,78,67,71,86,47,87,96,15,
462	6	7	2.384	6,17,27,16,38,40,44,31,37,55,23,68,65,52,61,7,
462	6	8	2.264	6,17,27,16,52,65,23,28,44,31,37,55,63,18,50,85,8,
462	6	9	1.88	6,17,27,16,61,52,65,68,23,85,50,18,55,63,74,9,
462	6	10	2.641	6,17,27,16,61,52,65,68,23,85,50,18,55,37,31,44,33,99,63,74,10,
462	6	11	2.473	6,17,27,16,61,52,65,68,23,85,50,18,63,55,37,31,99,33,11,
462	6	12	2.451	6,17,46,66,94,88,81,24,70,97,26,77,51,60,32,64,91,25,12,
462	6	13	2.598	6,17,46,94,88,81,89,84,95,92,76,72,77,26,51,60,32,64,91,13,
462	6	14	2.772	6,17,46,66,88,81,24,89,84,95,92,76,72,51,60,32,64,91,59,14,
462	6	15	2.774	6,17,46,94,24,81,88,75,79,78,67,71,86,47,87,80,96,54,15,
462	7	8	2.067	7,16,27,38,40,28,31,37,55,18,50,85,23,68,65,52,8,
462	7	9	1.942	7,16,52,65,68,23,85,50,18,55,37,31,99,63,74,9,
462	7	10	2.446	7,16,61,52,65,68,23,85,50,18,55,37,31,28,44,33,99,63,74,10,
462	7	11	2.393	7,16,52,65,23,85,50,18,55,37,31,44,26,77,51,60,62,22,56,11,
462	7	12	2.312	7,16,52,65,23,85,50,55,37,31,44,26,77,51,60,32,64,91,25,12,
462	7	13	2.414	7,16,61,52,65,68,23,85,50,18,55,37,31,44,26,77,51,60,32,64,91,13,
462	7	14	2.574	7,16,52,65,68,23,85,50,18,55,37,31,44,26,77,72,76,92,69,59,14,
462	7	15	2.645	7,16,52,65,23,85,50,55,37,31,44,26,77,72,76,92,95,43,36,54,15,
462	8	9	1.898	8,61,16,27,38,68,52,65,23,85,50,18,55,37,63,9,
462	8	10	1.854	8,61,16,52,65,68,23,85,50,18,55,37,99,63,74,10,
462	8	11	2.028	8,61,16,52,65,68,23,85,50,18,63,55,37,99,33,11,
462	8	12	2.193	8,52,65,85,50,18,55,37,31,44,26,77,51,60,32,64,91,25,12,
462	8	13	2.385	8,61,52,65,68,23,85,50,18,55,37,31,44,26,77,72,51,60,32,64,91,13,
462	8	14	2.559	8,61,52,65,68,23,85,50,18,55,37,31,44,26,77,72,76,92,69,59,29,14,
462	8	15	2.568	8,52,65,23,85,50,18,55,37,31,44,26,77,72,76,92,95,43,36,54,15,
462	9	10	2.063	9,18,50,85,23,68,52,16,27,38,40,28,55,63,74,10,
462	9	11	1.92	9,18,50,55,37,31,44,26,77,72,51,60,62,22,56,11,
462	9	12	1.78	9,18,50,55,37,31,44,26,77,51,60,32,64,91,25,12,
462	9	13	2.153	9,18,50,85,23,55,37,31,99,33,26,77,72,51,60,32,64,91,13,
462	9	14	2.427	9,18,50,55,63,74,99,33,26,77,72,76,92,95,43,69,59,29,14,
462	9	15	2.575	9,18,50,55,37,31,99,33,26,77,51,60,72,76,92,95,43,36,54,15,
462	10	11	1.948	10,74,63,55,37,99,33,26,77,51,60,62,22,56,11,
462	10	12	1.826	10,74,63,55,37,31,44,26,77,51,60,32,64,91,25,12,
462	10	13	1.854	10,74,63,55,37,31,44,26,77,72,51,60,32,64,91,13,
462	10	14	2.331	10,74,63,18,50,55,37,31,44,26,77,51,60,32,64,91,59,29,14,
462	10	15	2.461	10,74,63,55,37,31,44,26,77,51,60,72,76,92,95,43,36,54,15,
462	11	12	1.862	11,56,22,62,60,51,77,72,76,92,69,32,64,91,25,12,
462	11	13	1.914	11,56,22,62,60,51,77,72,76,92,95,69,32,64,91,13,
462	11	14	2.02	11,56,22,62,60,51,77,72,76,92,95,43,69,59,29,14,
462	11	15	2.315	11,56,22,62,91,64,32,60,51,26,77,72,76,92,95,43,36,54,15,
462	12	13	1.846	12,25,22,62,60,51,26,77,72,76,92,69,32,64,91,13,
462	12	14	1.857	12,25,91,64,32,60,51,26,77,72,76,92,69,59,29,14,
462	12	15	2.186	12,25,91,64,32,60,51,26,77,72,76,92,69,95,43,36,54,15,
462	13	14	1.908	13,91,64,32,60,51,77,72,76,92,95,43,69,59,29,14,
462	13	15	1.908	13,91,64,32,60,51,26,77,72,76,92,95,43,36,54,15,
462	14	15	2.097	14,29,59,91,64,32,60,51,72,76,92,95,43,36,54,15,
