223	0	1	1.75	0,63,59,19,95,68,43,42,77,18,57,29,87,30,99,1,
223	0	2	1.888	0,63,59,95,68,43,42,77,18,29,57,71,51,52,2,
223	0	3	2.112	0,63,59,95,68,43,42,77,18,29,57,71,51,31,3,
223	0	4	2.448	0,63,59,19,29,57,96,50,41,80,88,27,56,67,45,20,36,37,44,4,
223	0	5	2.264	0,63,59,19,29,57,96,50,41,80,88,56,67,36,20,37,44,81,21,5,
223	0	6	2.3	0,63,59,19,29,57,96,50,41,80,88,27,56,67,36,20,37,44,81,21,6,
223	0	7	2.503	0,63,59,95,68,43,77,42,65,76,91,60,90,66,25,34,75,94,24,85,7,
223	0	8	2.4	0,63,59,95,68,43,77,42,65,76,91,60,90,66,25,34,22,46,39,8,
223	0	9	2.363	0,63,59,95,68,43,42,65,76,91,60,90,66,34,22,98,74,83,93,9,
223	0	10	2.29	0,63,59,95,68,43,42,65,76,91,32,25,66,34,22,98,74,83,54,72,70,10,
223	0	11	2.414	0,63,59,19,29,95,68,43,77,42,65,76,97,55,28,73,79,58,53,33,11,
223	0	12	1.945	0,63,59,19,29,57,18,68,43,77,42,65,69,61,84,38,12,
223	0	13	1.874	0,63,59,95,68,43,77,42,65,76,55,97,69,61,84,13,
223	0	14	2.035	0,63,59,19,29,57,18,68,43,77,42,65,76,55,97,69,14,
223	0	15	1.67	0,35,19,29,57,18,77,42,43,68,95,59,63,86,64,15,
223	1	2	2.065	1,99,35,59,95,68,43,77,18,29,57,71,51,52,2,
223	1	3	2.289	1,99,35,59,95,68,43,77,18,29,57,71,51,31,3,
223	1	4	2.148	1,52,51,71,50,41,80,88,27,56,67,45,20,36,37,44,4,
223	1	5	1.913	1,52,51,71,50,41,80,88,27,56,67,36,20,37,81,21,5,
223	1	6	2.364	1,30,87,29,57,96,50,41,80,88,27,56,67,36,20,37,44,21,81,62,6,
223	1	7	2.552	1,52,51,71,50,41,80,88,27,56,67,45,20,36,44,37,81,62,94,24,85,7,
223	1	8	2.575	1,30,87,19,95,68,43,42,65,76,91,60,90,66,25,34,22,46,39,8,
223	1	9	2.534	1,99,35,19,95,68,43,77,42,65,76,91,60,90,66,25,34,22,82,9,
223	1	10	2.453	1,99,35,19,95,68,43,42,65,76,91,60,90,22,98,74,83,54,72,70,10,
223	1	11	2.341	1,99,30,87,29,95,68,43,77,42,65,76,97,55,28,73,53,33,11,
223	1	12	2.246	1,99,30,87,57,29,19,59,95,68,43,77,42,65,69,61,84,38,12,
223	1	13	2.273	1,99,30,87,57,29,95,68,43,77,42,65,76,55,97,69,61,84,13,
223	1	14	2.206	1,99,30,87,57,29,95,68,43,77,42,65,76,91,55,97,69,14,
223	1	15	1.804	1,99,30,87,57,29,95,68,43,77,42,65,69,23,15,
223	2	3	2.492	2,52,30,87,19,95,68,43,77,18,29,57,71,51,31,3,
223	2	4	2.116	2,52,51,71,50,41,80,88,27,56,67,45,20,36,37,44,4,
223	2	5	1.881	2,52,51,71,50,41,80,88,27,56,67,36,20,37,81,21,5,
223	2	6	2.129	2,52,51,71,50,41,80,88,27,56,67,45,36,20,37,44,21,81,62,6,
223	2	7	2.417	2,52,51,50,41,80,88,27,56,67,36,20,37,44,21,81,62,94,24,85,7,
223	2	8	2.609	2,52,51,71,96,92,32,60,90,66,25,34,22,98,47,82,46,39,8,
223	2	9	2.617	2,52,51,71,96,48,40,25,66,34,22,90,98,74,83,54,72,70,93,9,
223	2	10	2.503	2,52,51,71,96,92,32,60,90,66,25,34,22,98,47,74,83,54,72,70,10,
223	2	11	2.519	2,52,51,71,57,29,95,68,43,77,42,65,76,55,79,58,53,33,11,
223	2	12	2.473	2,52,51,71,57,29,19,95,68,43,77,42,65,76,69,61,84,38,12,
223	2	13	2.396	2,52,51,71,57,29,19,95,68,43,77,42,65,76,97,69,61,84,13,
223	2	14	2.331	2,52,51,71,57,29,19,95,68,43,77,42,65,76,55,97,69,14,
223	2	15	2.22	2,52,51,71,57,29,18,77,42,43,68,95,59,63,86,64,23,15,
223	3	4	2.362	3,31,50,41,80,88,27,56,67,36,20,37,62,81,21,44,4,
223	3	5	2.027	3,31,89,27,80,88,56,67,45,20,36,44,37,62,81,21,5,
223	3	6	2.054	3,31,50,41,27,80,88,56,67,36,20,37,44,21,81,62,6,
223	3	7	2.464	3,31,89,27,80,88,56,67,45,36,20,37,44,21,81,62,94,24,85,7,
223	3	8	2.577	3,89,27,80,88,56,67,45,36,20,37,44,21,81,62,94,24,85,39,8,
223	3	9	2.527	3,89,27,56,88,80,48,40,25,66,34,22,98,74,83,54,72,70,93,9,
223	3	10	2.553	3,89,27,80,88,56,49,75,78,34,66,90,22,98,47,74,83,54,72,70,10,
223	3	11	2.496	3,89,27,88,80,48,40,25,66,34,22,98,74,83,54,72,70,53,33,11,
223	3	12	2.557	3,31,52,51,71,57,29,19,95,68,43,77,42,65,69,61,84,38,12,
223	3	13	2.487	3,31,52,51,71,57,29,95,68,43,77,42,65,76,97,61,84,13,
223	3	14	2.665	3,31,51,71,57,29,19,95,68,43,77,42,65,76,91,55,97,69,14,
223	3	15	2.461	3,31,51,71,57,18,77,65,42,43,68,95,29,19,59,63,86,64,15,
223	4	5	2.355	4,3,89,41,80,88,27,56,67,45,36,44,37,20,62,81,21,5,
223	4	6	2.166	4,27,80,88,56,67,36,20,37,44,21,81,62,94,24,85,6,
223	4	7	1.927	4,27,80,88,56,67,36,20,37,44,21,81,62,94,24,85,7,
223	4	8	2.373	4,67,56,27,88,80,48,40,25,66,34,22,98,47,82,46,39,8,
223	4	9	2.397	4,67,56,27,88,80,48,40,25,66,34,22,98,74,83,54,72,70,93,9,
223	4	10	2.403	4,44,37,36,67,56,88,80,48,40,25,66,34,22,98,74,83,54,72,70,10,
223	4	11	2.388	4,67,56,27,88,80,48,40,25,66,34,22,98,74,83,54,72,53,33,11,
223	4	12	2.662	4,67,56,27,88,80,48,40,25,66,34,22,98,74,58,79,73,28,26,12,
223	4	13	2.636	4,67,56,27,88,80,41,50,96,57,29,95,68,43,77,42,65,69,61,13,
223	4	14	2.536	4,67,56,27,88,80,41,50,96,57,29,95,68,43,77,42,65,69,14,
223	4	15	2.437	4,44,37,20,36,67,56,27,88,80,41,50,96,57,29,19,59,63,86,64,15,
223	5	6	2.074	5,21,81,62,37,20,36,67,56,27,80,88,49,94,24,85,6,
223	5	7	1.835	5,21,81,62,37,20,36,67,56,27,80,88,49,94,24,85,7,
223	5	8	2.124	5,21,81,37,20,45,49,75,25,66,34,22,82,46,39,8,
223	5	9	2.137	5,44,37,20,36,45,49,75,34,25,66,90,22,98,74,83,54,93,9,
223	5	10	2.238	5,21,81,62,37,20,36,45,49,75,78,34,25,66,22,98,74,83,54,72,70,10,
223	5	11	2.223	5,44,37,20,36,45,49,75,34,25,66,22,98,74,83,54,72,53,33,11,
223	5	12	2.482	5,44,37,20,36,67,56,88,80,48,40,25,66,34,22,98,58,79,73,26,12,
223	5	13	2.551	5,44,36,67,56,88,80,41,50,96,57,29,95,68,43,77,42,69,61,13,
223	5	14	2.483	5,44,36,67,56,88,80,41,50,96,57,29,95,68,43,77,42,65,69,14,
223	5	15	2.311	5,44,37,20,36,45,67,56,27,88,80,41,50,96,57,29,19,59,63,86,64,15,
223	6	7	1.832	6,21,81,62,37,20,36,67,56,27,80,88,49,94,24,85,7,
223	6	8	2.121	6,21,81,37,20,45,49,75,25,66,34,22,82,46,39,8,
223	6	9	2.086	6,21,81,37,20,36,45,49,75,34,22,98,74,83,54,93,9,
223	6	10	1.953	6,21,81,37,20,45,49,75,34,22,98,74,83,54,72,70,10,
223	6	11	2.249	6,62,37,20,36,45,49,75,25,66,34,22,98,74,83,54,72,53,33,11,
223	6	12	2.414	6,21,81,37,20,36,45,49,75,78,22,34,25,66,90,58,79,73,26,12,
223	6	13	2.573	6,21,81,62,37,20,45,49,75,34,22,66,25,90,60,55,97,84,13,
223	6	14	2.511	6,21,81,37,20,36,67,56,88,80,48,92,18,68,43,77,42,69,14,
223	6	15	2.275	6,21,81,37,20,36,67,56,88,80,41,50,96,57,29,19,59,63,86,64,15,
223	7	8	2.019	7,85,24,94,75,78,34,66,90,22,98,47,82,46,39,8,
223	7	9	1.894	7,85,24,94,75,78,34,66,90,22,98,74,83,54,93,9,
223	7	10	1.694	7,85,24,94,75,25,66,34,22,98,74,83,54,72,70,10,
223	7	11	2.136	7,85,24,94,75,78,34,25,66,90,22,98,74,83,54,72,70,53,33,11,
223	7	12	2.337	7,85,24,94,75,78,34,25,66,90,22,98,74,58,79,73,28,26,12,
223	7	13	2.455	7,85,24,94,75,78,22,34,25,66,90,60,32,91,76,97,61,84,13,
223	7	14	2.563	7,85,24,94,75,78,22,34,25,66,90,60,32,91,76,65,77,42,69,14,
223	7	15	2.448	7,85,24,94,75,34,25,66,90,60,32,91,76,65,42,77,43,68,64,15,
223	8	9	1.881	8,39,46,82,22,34,25,66,90,98,74,83,54,72,70,93,9,
223	8	10	1.741	8,39,46,82,47,22,34,66,25,90,98,74,83,54,72,70,10,
223	8	11	1.841	8,39,46,22,34,25,66,90,98,74,83,54,72,53,33,11,
223	8	12	2.022	8,39,46,82,47,98,22,34,25,66,90,58,79,28,26,12,
223	8	13	2.427	8,39,46,82,47,98,22,34,25,66,90,60,32,91,76,69,61,84,13,
223	8	14	2.505	8,39,46,82,47,98,22,34,25,66,90,60,32,91,76,65,77,42,69,14,
223	8	15	2.457	8,39,46,82,47,98,22,34,25,66,90,60,91,76,65,42,77,43,68,64,15,
223	9	10	1.793	9,82,46,78,22,34,66,25,90,98,47,74,83,54,72,70,10,
223	9	11	1.789	9,82,46,22,34,25,66,90,98,74,83,54,72,53,33,11,
223	9	12	1.897	9,93,54,83,74,98,22,34,25,66,90,58,79,28,26,12,
223	9	13	2.21	9,93,54,83,74,98,22,34,25,66,90,60,32,91,55,97,61,84,13,
223	9	14	2.347	9,93,70,72,54,83,74,98,22,34,25,66,90,60,32,91,55,97,69,14,
223	9	15	2.303	9,93,54,83,74,98,22,34,66,90,60,91,76,65,42,77,43,68,64,15,
223	10	11	1.657	10,70,72,54,83,74,98,22,34,25,66,90,58,53,33,11,
223	10	12	1.753	10,70,72,54,83,74,98,22,34,25,66,90,58,79,73,26,12,
223	10	13	1.982	10,70,72,54,83,74,98,22,34,25,66,90,60,91,55,97,84,13,
223	10	14	2.145	10,70,72,54,83,74,98,22,34,25,66,90,60,91,76,65,42,69,14,
223	10	15	2.177	10,70,72,54,83,74,98,22,34,25,66,90,60,32,91,76,65,42,23,15,
223	11	12	1.935	11,33,53,72,54,83,74,98,22,66,90,58,79,73,26,12,
223	11	13	1.968	11,33,53,72,54,83,74,58,79,73,28,26,16,38,84,13,
223	11	14	2.212	11,33,53,72,54,83,74,98,22,34,25,66,90,60,91,76,69,14,
223	11	15	2.045	11,26,16,38,84,61,69,65,42,77,43,68,95,59,63,86,64,15,
223	12	13	2.184	12,26,73,79,58,98,22,34,66,90,60,55,97,84,13,
223	12	14	2.006	12,38,84,61,69,42,43,68,95,59,63,86,64,23,14,
223	12	15	1.679	12,38,84,61,69,42,77,43,68,95,59,63,86,64,15,
223	13	14	1.779	13,61,69,65,42,77,43,68,95,59,63,86,64,23,14,
223	13	15	1.499	13,84,61,69,65,42,77,43,68,95,59,63,86,64,15,
223	14	15	1.689	14,69,97,76,65,42,77,43,68,95,59,63,86,64,15,
