341	0	1	1.768	0,21,56,24,75,42,25,16,70,39,47,90,22,72,60,1,
341	0	2	1.918	0,21,56,24,75,42,43,50,76,62,16,70,39,90,2,
341	0	3	1.903	0,21,56,24,75,42,16,70,29,79,36,98,23,34,58,84,3,
341	0	4	1.809	0,21,56,24,75,42,16,70,29,79,19,36,98,23,97,4,
341	0	5	2.335	0,21,56,24,75,42,62,43,50,76,87,73,74,91,27,95,44,80,5,
341	0	6	2.37	0,21,56,24,75,42,62,43,50,76,87,73,91,74,85,27,95,44,49,6,
341	0	7	2.327	0,21,56,24,75,42,62,43,50,76,87,73,91,74,85,55,77,28,7,
341	0	8	2.408	0,21,56,24,75,42,16,62,43,50,76,87,73,91,74,85,55,77,8,
341	0	9	2.412	0,21,56,24,75,42,62,43,76,50,53,99,31,69,78,92,59,30,9,
341	0	10	2.226	0,21,56,24,75,42,43,76,50,53,99,31,69,64,54,96,81,10,
341	0	11	2.207	0,21,56,24,75,42,43,76,50,53,99,31,69,64,54,96,11,
341	0	12	2.206	0,21,56,24,75,42,62,43,76,50,53,99,69,31,83,33,12,
341	0	13	2.035	0,21,56,24,75,42,43,76,50,53,63,68,94,82,13,
341	0	14	1.992	0,67,75,42,62,43,76,50,53,63,68,94,82,57,14,
341	0	15	1.824	0,21,56,24,72,22,25,70,16,42,75,67,20,71,32,15,
341	1	2	1.891	1,56,24,75,42,43,50,76,62,16,70,39,47,90,2,
341	1	3	1.829	1,60,72,22,90,47,39,29,79,19,36,98,23,34,58,84,3,
341	1	4	1.756	1,60,24,75,42,25,16,70,29,79,19,36,98,23,34,97,4,
341	1	5	2.204	1,60,72,22,25,16,62,43,50,76,87,73,74,91,27,95,44,80,5,
341	1	6	2.305	1,56,24,75,42,16,70,62,43,50,76,87,73,74,91,27,95,44,49,6,
341	1	7	2.295	1,60,72,22,25,16,62,43,50,76,87,73,91,74,85,88,55,28,86,7,
341	1	8	2.451	1,56,24,75,42,16,70,62,43,50,76,87,73,91,74,85,88,61,26,8,
341	1	9	2.364	1,60,72,22,25,16,70,62,43,76,50,53,99,31,69,64,78,92,59,30,9,
341	1	10	2.33	1,56,24,75,42,25,16,70,62,43,76,50,53,99,31,69,64,54,96,81,10,
341	1	11	2.159	1,60,72,22,25,16,70,62,43,76,50,53,99,31,69,64,54,96,11,
341	1	12	2.178	1,60,72,22,25,16,70,62,43,76,50,53,99,31,69,64,83,33,12,
341	1	13	2.139	1,60,56,24,75,42,16,70,62,43,76,50,53,63,68,94,82,13,
341	1	14	1.917	1,60,72,22,25,16,62,76,50,53,63,68,94,82,57,14,
341	1	15	1.822	1,56,24,72,22,25,16,70,62,42,75,67,20,71,32,15,
341	2	3	2.04	2,72,22,25,16,62,70,29,79,19,36,98,23,34,58,84,3,
341	2	4	1.955	2,89,47,90,22,25,16,70,29,79,19,36,98,23,34,97,4,
341	2	5	2.346	2,90,47,39,70,16,62,43,50,76,87,73,74,91,27,95,44,80,5,
341	2	6	2.259	2,90,47,39,70,16,62,43,50,76,87,73,74,91,27,95,46,6,
341	2	7	2.442	2,72,22,25,16,62,43,50,76,87,73,91,74,85,88,55,28,86,7,
341	2	8	2.528	2,90,47,39,29,70,16,62,43,50,76,87,73,91,74,85,88,61,26,8,
341	2	9	2.465	2,90,47,39,70,16,62,43,76,50,53,99,31,69,64,78,92,59,30,9,
341	2	10	2.499	2,35,72,22,25,16,70,62,43,76,50,53,99,31,69,64,78,54,96,81,10,
341	2	11	2.389	2,90,22,25,16,70,62,43,76,50,53,99,31,69,64,78,54,96,11,
341	2	12	2.422	2,90,47,39,70,16,62,43,76,50,53,52,99,31,69,64,83,33,12,
341	2	13	2.429	2,35,72,24,75,42,25,16,70,62,43,76,50,53,63,68,94,82,13,
341	2	14	2.312	2,89,47,39,90,22,25,16,62,43,76,50,53,63,68,94,82,57,14,
341	2	15	2.191	2,90,47,39,29,79,76,50,43,62,70,16,42,75,67,20,71,32,15,
341	3	4	1.938	3,84,47,39,90,22,25,16,70,29,79,19,36,98,23,97,4,
341	3	5	2.076	3,84,58,34,23,98,36,19,87,73,91,74,85,27,95,44,80,5,
341	3	6	2.061	3,84,58,34,23,98,51,48,73,91,74,85,27,95,44,80,49,6,
341	3	7	2.134	3,84,58,34,23,98,36,19,87,73,91,74,85,88,55,77,28,86,7,
341	3	8	2.527	3,84,47,39,29,70,16,62,43,50,76,87,73,91,74,85,88,61,26,8,
341	3	9	2.464	3,84,47,39,70,16,62,43,76,50,53,99,31,69,64,78,92,59,30,9,
341	3	10	2.372	3,84,47,39,70,16,62,43,76,50,53,99,31,69,64,78,54,96,81,10,
341	3	11	2.416	3,84,47,39,90,25,16,70,62,43,76,50,53,99,31,69,64,54,96,11,
341	3	12	2.436	3,84,47,39,90,22,25,16,70,62,43,76,50,53,99,69,31,83,33,12,
341	3	13	2.498	3,84,58,34,23,98,36,19,79,29,70,16,62,43,76,50,53,63,68,94,82,13,
341	3	14	2.309	3,84,47,39,90,22,25,16,70,62,43,76,50,53,63,68,94,82,57,14,
341	3	15	2.196	3,84,58,97,34,23,98,36,19,79,29,70,16,25,42,75,67,20,71,32,15,
341	4	5	1.9	4,97,34,23,98,51,48,73,74,91,85,27,95,44,80,5,
341	4	6	1.858	4,97,34,23,98,36,19,87,73,74,91,27,95,44,46,6,
341	4	7	1.836	4,97,34,23,98,36,19,87,73,91,74,85,55,28,86,7,
341	4	8	2.291	4,97,34,23,98,36,19,87,73,91,74,85,27,95,55,28,77,26,8,
341	4	9	2.439	4,97,34,23,98,36,19,76,50,53,99,31,69,64,78,92,59,9,
341	4	10	2.348	4,97,23,98,36,19,76,50,53,99,31,69,64,78,54,96,81,10,
341	4	11	2.455	4,97,34,23,98,79,70,16,62,43,76,50,53,99,31,69,64,54,96,11,
341	4	12	2.453	4,97,34,23,98,36,19,79,29,70,16,62,43,76,50,53,99,31,83,33,12,
341	4	13	2.488	4,97,34,23,98,36,19,79,29,39,70,62,43,76,50,53,63,68,94,82,13,
341	4	14	2.327	4,97,23,98,36,19,79,29,70,62,43,76,50,53,63,68,94,82,57,14,
341	4	15	2.213	4,97,34,23,98,36,19,76,50,43,62,70,16,42,75,67,20,71,32,15,
341	5	6	2.004	5,80,44,95,27,91,74,73,85,88,55,77,28,86,46,6,
341	5	7	1.992	5,80,49,44,95,27,91,74,73,85,88,61,77,28,86,7,
341	5	8	2.483	5,18,23,34,98,36,19,87,73,91,74,85,27,95,86,28,77,8,
341	5	9	2.47	5,80,49,44,95,27,85,74,91,73,45,38,78,54,96,92,59,30,9,
341	5	10	2.453	5,80,44,95,27,85,74,91,73,52,99,31,69,64,78,54,96,81,10,
341	5	11	2.563	5,80,44,95,27,85,74,91,73,87,52,99,69,31,64,78,54,96,11,
341	5	12	2.617	5,80,49,44,95,27,85,74,91,73,45,38,78,64,69,31,66,83,33,12,
341	5	13	2.547	5,18,23,98,36,19,79,70,16,62,43,76,50,53,63,68,94,82,13,
341	5	14	2.526	5,18,23,98,36,19,79,29,70,62,43,76,50,53,63,68,94,82,57,14,
341	5	15	2.466	5,80,49,44,95,27,91,74,73,87,76,50,43,62,42,75,67,20,71,32,15,
341	6	7	2.026	6,46,44,95,27,91,74,73,85,88,61,55,77,28,86,7,
341	6	8	2.023	6,49,80,44,95,27,91,74,73,85,88,55,28,77,26,8,
341	6	9	2.436	6,46,95,27,91,74,73,52,99,31,69,64,54,96,92,59,30,9,
341	6	10	2.366	6,46,95,27,85,74,91,73,52,99,31,69,64,78,54,96,81,10,
341	6	11	2.549	6,46,44,95,27,85,74,91,73,87,52,99,69,31,64,78,54,96,11,
341	6	12	2.634	6,46,44,95,27,85,74,91,73,87,76,50,53,99,31,69,64,83,33,12,
341	6	13	2.706	6,46,44,95,27,85,74,91,73,87,76,50,53,99,31,69,64,83,65,13,
341	6	14	2.599	6,49,80,40,51,19,79,29,70,16,62,43,76,50,53,63,68,94,82,57,14,
341	6	15	2.465	6,46,95,27,91,74,73,87,76,50,43,62,70,16,25,42,75,67,20,71,32,15,
341	7	8	2.344	7,86,28,77,55,95,27,85,74,91,73,45,88,61,26,8,
341	7	9	2.177	7,86,28,77,55,95,27,48,73,91,74,85,88,61,26,9,
341	7	10	2.099	7,86,28,77,55,88,45,38,78,69,31,64,54,96,81,10,
341	7	11	2.365	7,86,28,77,55,85,74,91,73,52,99,31,69,64,78,54,96,11,
341	7	12	2.482	7,28,77,55,88,85,74,91,73,87,52,99,31,69,64,83,33,12,
341	7	13	2.651	7,86,28,77,55,85,74,91,73,87,76,50,53,99,31,69,64,83,65,13,
341	7	14	2.666	7,86,28,77,55,88,85,91,74,73,87,76,50,43,53,63,68,94,82,57,14,
341	7	15	2.381	7,86,28,77,55,85,91,74,73,87,76,50,43,42,75,67,20,71,32,15,
341	8	9	2.286	8,26,77,28,86,95,27,91,74,73,85,88,61,59,30,9,
341	8	10	2.181	8,26,61,88,85,74,91,73,45,38,78,54,96,81,10,
341	8	11	2.357	8,26,61,88,85,74,91,73,52,99,31,69,64,54,96,11,
341	8	12	2.397	8,26,61,88,85,74,91,73,45,38,78,69,31,83,33,12,
341	8	13	2.725	8,26,61,45,38,78,64,69,31,99,52,76,50,53,63,68,94,82,13,
341	8	14	2.727	8,26,61,45,38,78,64,69,31,99,53,50,76,43,63,68,94,82,57,14,
341	8	15	2.419	8,77,55,85,74,91,73,87,76,50,43,62,42,75,67,20,71,32,15,
341	9	10	2.275	9,30,41,59,92,38,45,99,69,31,64,78,54,96,81,10,
341	9	11	2.476	9,30,41,59,92,96,54,78,38,45,99,31,69,64,83,33,11,
341	9	12	2.43	9,30,41,59,92,96,54,78,64,69,31,99,66,83,65,33,12,
341	9	13	2.511	9,30,41,59,92,96,54,78,64,69,31,99,53,63,68,94,82,13,
341	9	14	2.513	9,30,41,59,92,96,54,78,64,69,31,99,53,63,68,94,82,57,14,
341	9	15	2.452	9,30,59,92,78,69,31,99,53,50,76,62,42,75,67,20,71,32,15,
341	10	11	2.302	10,41,30,59,92,96,54,78,64,69,31,99,66,83,33,11,
341	10	12	2.203	10,41,30,59,92,96,54,78,64,69,31,99,66,83,33,12,
341	10	13	2.143	10,81,96,54,78,64,69,31,99,53,63,68,94,82,13,
341	10	14	2.358	10,81,96,54,64,69,31,99,53,50,76,43,63,68,94,82,57,14,
341	10	15	2.296	10,81,96,54,64,69,31,99,53,50,76,43,42,75,67,71,32,15,
341	11	12	2.438	11,81,41,30,59,92,96,54,78,64,69,99,31,83,33,12,
341	11	13	2.267	11,96,54,78,64,69,31,99,52,53,63,68,94,82,13,
341	11	14	2.126	11,96,54,78,64,69,31,99,53,63,68,94,82,57,14,
341	11	15	2.252	11,96,54,64,69,99,53,50,76,43,42,75,67,20,71,32,15,
341	12	13	2.356	12,33,83,64,69,31,99,52,76,50,53,63,68,94,82,13,
341	12	14	2.264	12,33,54,78,64,69,31,99,53,63,68,94,82,57,14,
341	12	15	2.17	12,33,83,31,69,99,53,50,76,43,37,67,20,71,32,15,
341	13	14	2.266	13,65,83,64,69,31,99,52,53,63,68,94,82,57,14,
341	13	15	2.104	13,82,94,68,63,43,62,70,16,42,75,67,20,71,32,15,
341	14	15	2.043	14,57,82,94,68,63,53,50,76,43,37,67,20,71,32,15,
