178	0	1	2.404	0,94,80,32,73,51,28,48,88,91,35,77,60,23,82,59,1,
178	0	2	2.297	0,94,80,66,32,87,35,77,60,23,82,59,16,30,96,52,2,
178	0	3	2.584	0,94,80,66,87,32,73,35,77,60,85,16,30,96,52,97,49,3,
178	0	4	2.56	0,94,59,16,30,96,52,97,49,20,34,99,68,89,86,69,47,22,4,
178	0	5	2.629	0,94,59,16,30,96,52,97,49,20,47,69,56,93,24,72,26,43,5,
178	0	6	2.545	0,59,16,30,96,52,97,49,20,47,62,56,69,86,93,24,72,26,6,
178	0	7	2.594	0,94,82,23,60,77,35,91,76,46,74,98,92,39,71,53,17,63,54,7,
178	0	8	2.481	0,94,80,32,73,51,28,48,88,91,76,46,74,92,39,71,53,61,18,8,
178	0	9	2.373	0,94,80,66,32,73,51,28,48,88,91,76,46,74,98,67,19,79,45,78,27,9,
178	0	10	2.25	0,94,80,66,87,32,73,51,28,91,88,48,42,50,37,84,70,40,58,10,
178	0	11	2.077	0,94,82,23,60,77,87,32,73,51,28,48,88,42,50,25,37,84,70,40,11,
178	0	12	1.977	0,94,82,23,60,77,87,32,73,51,28,91,88,48,42,50,25,37,84,12,
178	0	13	1.749	0,94,80,66,87,32,73,51,28,48,88,42,50,65,41,13,
178	0	14	1.938	0,94,82,23,60,77,35,91,88,48,28,51,73,87,32,14,
178	0	15	2.062	0,94,82,23,60,77,35,91,88,48,28,51,73,32,66,80,15,
178	1	2	2.51	1,59,82,66,87,32,73,51,35,77,60,85,16,30,96,2,
178	1	3	2.701	1,30,96,52,97,49,20,34,99,68,89,75,31,86,47,22,3,
178	1	4	2.391	1,30,96,52,97,49,20,34,99,68,89,75,31,86,47,22,4,
178	1	5	2.428	1,16,30,96,52,97,49,20,22,47,69,56,93,24,72,26,43,5,
178	1	6	2.314	1,16,30,96,52,97,49,20,22,62,47,69,56,93,24,72,26,6,
178	1	7	2.794	1,59,82,23,60,77,35,91,76,46,74,98,92,39,71,53,17,63,54,7,
178	1	8	2.691	1,59,82,23,60,77,35,91,88,76,46,74,98,92,39,71,53,61,18,8,
178	1	9	2.573	1,59,82,66,87,32,73,51,28,48,88,91,76,46,74,98,67,33,55,27,9,
178	1	10	2.401	1,59,82,66,87,32,73,51,28,48,88,91,76,46,74,98,67,21,83,10,
178	1	11	2.275	1,59,82,23,60,77,87,32,73,51,28,48,91,88,42,50,37,84,70,40,11,
178	1	12	2.156	1,59,82,23,60,77,87,32,73,51,28,91,48,88,42,50,37,84,12,
178	1	13	2.223	1,59,82,66,87,32,73,51,28,48,88,91,76,46,25,50,65,41,13,
178	1	14	2.341	1,59,82,66,87,32,73,51,28,91,88,48,42,50,65,38,14,
178	1	15	2.238	1,59,82,23,60,77,35,91,88,48,28,51,73,32,80,15,
178	2	3	2.319	2,52,97,49,20,34,99,68,89,31,86,69,56,62,22,3,
178	2	4	2.026	2,52,97,49,20,34,99,68,89,75,31,86,69,47,22,4,
178	2	5	2.293	2,52,97,49,20,34,99,86,69,47,62,56,93,24,72,26,43,5,
178	2	6	2.386	2,52,97,49,20,34,99,68,89,31,86,69,47,56,93,24,72,26,6,
178	2	7	2.677	2,52,97,49,20,34,99,68,89,75,81,63,17,53,61,18,57,64,54,7,
178	2	8	2.786	2,97,49,20,34,99,68,89,75,71,39,95,92,74,98,67,19,79,61,18,8,
178	2	9	2.671	2,52,97,49,20,34,99,68,89,75,71,39,92,74,98,67,19,79,45,78,27,9,
178	2	10	2.57	2,52,96,30,16,85,60,77,87,32,73,51,28,48,88,91,76,46,21,83,10,
178	2	11	2.41	2,52,96,30,16,85,60,77,87,32,73,51,28,91,88,48,42,50,25,36,40,11,
178	2	12	2.274	2,96,30,16,85,60,77,87,32,73,51,28,91,88,48,42,50,37,84,12,
178	2	13	2.284	2,96,30,16,85,60,77,87,32,73,51,28,91,88,48,42,50,65,41,13,
178	2	14	2.391	2,52,96,30,16,85,60,77,35,91,88,48,42,28,51,73,87,32,14,
178	2	15	2.446	2,52,96,30,16,85,60,77,35,91,88,48,28,51,73,32,66,80,15,
178	3	4	2.016	3,20,34,99,68,89,75,31,86,69,56,62,47,22,4,
178	3	5	2.175	3,49,20,34,99,86,69,47,62,56,93,24,72,26,43,5,
178	3	6	2.045	3,49,97,20,34,99,68,89,86,69,56,93,24,72,26,6,
178	3	7	2.755	3,49,97,20,34,99,68,89,75,81,63,17,90,53,61,18,57,64,54,7,
178	3	8	2.757	3,20,34,99,68,89,75,90,53,71,39,92,74,98,67,19,79,61,18,8,
178	3	9	2.639	3,20,34,99,68,89,75,90,53,71,39,92,74,98,67,19,79,45,78,27,9,
178	3	10	2.677	3,20,34,99,68,89,75,81,90,53,19,95,71,39,92,74,98,67,21,83,10,
178	3	11	2.471	3,20,34,99,68,89,75,71,39,95,92,74,98,67,21,36,37,84,70,40,11,
178	3	12	2.424	3,20,34,99,89,75,71,39,92,98,74,46,76,88,48,42,50,37,84,12,
178	3	13	2.408	3,20,34,99,68,89,75,71,39,92,98,74,46,76,88,48,42,65,41,13,
178	3	14	2.467	3,20,34,99,89,75,71,39,92,74,46,76,88,48,28,51,73,14,
178	3	15	2.663	3,49,20,34,99,68,29,91,88,48,42,28,51,73,32,87,66,80,15,
178	4	5	2.056	4,22,62,56,69,47,34,99,68,89,75,31,93,43,5,
178	4	6	1.98	4,22,62,56,69,86,34,99,68,89,75,31,24,72,26,6,
178	4	7	2.149	4,22,62,56,69,86,34,99,68,89,75,81,63,64,54,7,
178	4	8	2.577	4,22,47,69,86,31,81,90,71,39,92,74,98,67,19,79,61,18,8,
178	4	9	2.459	4,22,47,69,86,31,81,90,71,39,92,74,98,67,19,79,45,78,27,9,
178	4	10	2.386	4,22,62,56,69,86,31,81,90,53,71,39,95,92,74,98,67,21,83,10,
178	4	11	2.367	4,22,47,69,86,31,81,90,53,71,39,92,74,98,67,21,36,70,40,11,
178	4	12	2.331	4,22,47,69,86,31,81,90,53,71,39,92,74,98,67,21,36,37,84,12,
178	4	13	2.352	4,22,47,69,86,31,81,90,71,39,95,92,98,74,46,76,50,65,41,13,
178	4	14	2.439	4,22,47,86,31,81,90,71,39,92,74,46,76,88,48,28,51,73,14,
178	4	15	2.588	4,22,47,62,56,69,86,34,99,68,29,60,77,87,32,66,80,15,
178	5	6	2.192	5,62,56,69,86,34,99,68,89,75,81,63,24,72,26,6,
178	5	7	2.28	5,62,56,47,69,86,34,99,68,89,75,81,63,64,54,7,
178	5	8	2.53	5,93,31,81,90,53,71,39,95,92,74,98,67,19,79,61,18,8,
178	5	9	2.356	5,93,31,81,90,71,39,95,92,74,98,67,19,79,45,78,27,9,
178	5	10	2.387	5,62,56,69,86,31,81,90,53,71,39,95,92,74,98,67,21,83,10,
178	5	11	2.317	5,43,93,31,81,90,71,39,92,74,98,67,21,36,37,84,70,40,11,
178	5	12	2.325	5,93,31,81,90,71,39,95,92,98,74,46,76,91,88,48,42,50,37,84,12,
178	5	13	2.26	5,93,31,81,90,71,39,92,98,74,46,76,91,88,48,42,65,41,13,
178	5	14	2.331	5,93,31,81,90,71,39,92,98,74,46,76,88,48,28,51,73,14,
178	5	15	2.592	5,93,31,81,90,71,39,92,74,46,76,88,48,28,51,73,32,80,15,
178	6	7	2.161	6,26,72,24,93,56,62,22,47,69,86,31,63,54,7,
178	6	8	2.334	6,26,72,24,93,56,47,69,86,31,81,90,53,17,61,18,8,
178	6	9	2.161	6,26,72,24,63,17,53,71,39,92,95,19,79,45,78,27,9,
178	6	10	2.226	6,26,72,24,63,17,53,71,39,95,92,74,98,67,21,83,58,10,
178	6	11	2.157	6,26,72,24,31,81,90,53,71,39,92,74,98,67,21,36,40,11,
178	6	12	2.277	6,26,72,24,63,17,53,71,39,92,98,74,46,76,88,48,42,50,37,84,12,
178	6	13	2.215	6,26,72,24,63,17,53,71,39,95,92,98,74,46,76,50,65,41,13,
178	6	14	2.32	6,26,72,24,63,17,53,71,39,92,74,46,76,88,48,28,51,73,14,
178	6	15	2.561	6,26,72,24,63,17,53,71,39,92,98,74,46,76,91,35,77,66,80,15,
178	7	8	2.283	7,54,63,17,53,71,39,92,74,98,67,19,79,61,18,8,
178	7	9	2.086	7,54,63,17,90,53,71,39,92,95,19,79,45,78,27,9,
178	7	10	2.266	7,54,64,63,17,90,53,71,39,95,92,74,98,67,21,83,58,10,
178	7	11	2.118	7,54,63,17,53,71,39,92,74,98,67,21,36,37,84,70,40,11,
178	7	12	2.122	7,54,63,17,53,71,39,92,74,46,76,91,88,48,42,50,37,84,12,
178	7	13	2.139	7,54,63,17,53,71,39,95,92,98,74,46,76,91,88,48,42,65,41,13,
178	7	14	2.293	7,54,63,17,53,71,39,95,92,98,74,46,76,91,88,48,42,28,51,73,14,
178	7	15	2.448	7,54,63,17,53,71,39,92,98,74,46,76,88,48,28,51,73,32,80,15,
178	8	9	2.03	8,18,61,53,71,39,92,74,98,67,19,79,45,78,27,9,
178	8	10	2.096	8,18,61,17,90,53,71,39,95,92,74,98,67,21,83,58,10,
178	8	11	1.917	8,18,61,53,71,39,95,92,74,98,67,21,36,70,40,11,
178	8	12	1.985	8,18,61,53,71,39,92,98,74,46,76,88,48,42,50,37,84,12,
178	8	13	2.009	8,18,61,53,71,39,92,98,74,46,76,91,88,48,42,50,65,41,13,
178	8	14	2.238	8,18,61,17,53,71,39,95,92,98,74,46,76,91,88,48,42,28,51,73,14,
178	8	15	2.327	8,18,61,53,71,39,92,98,74,46,76,91,88,48,28,51,73,32,80,15,
178	9	10	1.839	9,27,78,45,79,19,71,39,92,74,98,67,21,83,58,10,
178	9	11	1.736	9,27,78,45,79,19,95,39,92,74,98,67,21,36,40,11,
178	9	12	1.836	9,27,78,45,33,67,98,74,46,76,91,88,48,42,50,37,84,12,
178	9	13	1.846	9,27,78,45,33,67,98,74,46,76,91,88,48,42,50,65,41,13,
178	9	14	1.982	9,27,78,45,79,19,71,39,92,74,46,76,91,88,48,28,51,73,14,
178	9	15	2.207	9,27,78,45,79,19,67,98,74,46,76,91,88,48,28,51,73,32,66,80,15,
178	10	11	1.712	10,83,21,67,98,74,46,76,88,48,42,50,25,36,40,11,
178	10	12	1.774	10,83,21,67,98,74,46,76,91,88,48,42,50,25,36,37,84,12,
178	10	13	1.911	10,83,21,67,95,39,92,98,74,46,76,91,88,48,42,50,65,41,13,
178	10	14	2.005	10,83,21,67,95,71,39,92,98,74,46,76,91,88,48,28,51,73,14,
178	10	15	2.074	10,83,21,67,98,74,46,76,91,88,48,42,28,51,73,32,87,66,80,15,
178	11	12	1.609	11,40,36,21,67,98,74,46,76,88,48,42,50,37,84,12,
178	11	13	1.476	11,40,70,84,37,25,46,76,91,88,48,42,50,65,41,13,
178	11	14	1.744	11,40,70,84,37,36,25,50,42,48,88,91,28,51,73,87,32,14,
178	11	15	1.747	11,40,70,84,37,50,42,48,88,91,28,51,73,32,87,66,80,15,
178	12	13	1.627	12,84,37,36,25,46,76,91,88,48,28,42,50,65,41,13,
178	12	14	1.758	12,84,37,36,25,50,42,48,88,91,28,51,35,77,87,32,14,
178	12	15	1.731	12,84,37,36,25,50,42,48,88,91,28,51,73,32,66,80,15,
178	13	14	1.679	13,41,65,50,25,46,76,91,88,48,28,51,73,87,32,14,
178	13	15	1.62	13,41,65,50,42,48,88,91,28,51,73,32,87,66,80,15,
178	14	15	1.91	14,73,51,28,42,48,88,91,35,60,77,87,32,66,80,15,
