516	0	1	2.327	0,65,58,57,72,50,62,90,17,22,66,26,42,71,73,48,1,
516	0	2	2.22	0,84,65,48,73,71,42,70,54,38,98,74,16,36,96,2,
516	0	3	2.122	0,84,65,48,73,71,42,70,54,38,98,74,16,36,96,3,
516	0	4	2.449	0,84,65,48,73,88,51,74,16,27,69,30,33,31,44,20,61,76,4,
516	0	5	2.329	0,84,65,48,73,88,74,16,27,69,33,30,64,34,55,31,44,20,5,
516	0	6	2.527	0,84,65,48,73,88,51,74,16,27,69,33,30,64,34,55,31,44,95,6,
516	0	7	2.64	0,84,65,48,73,71,42,88,51,74,16,27,69,33,30,64,34,75,47,7,
516	0	8	2.658	0,84,65,58,57,72,50,62,90,17,22,39,46,63,28,52,78,49,91,8,
516	0	9	2.886	0,84,65,58,57,72,50,62,90,17,22,66,39,46,28,52,63,40,87,9,
516	0	10	2.813	0,84,65,58,57,72,17,90,62,60,59,41,35,43,97,56,18,32,94,82,99,83,10,
516	0	11	2.65	0,84,65,58,57,72,17,90,62,41,68,93,67,97,43,35,56,18,32,92,11,
516	0	12	2.343	0,84,65,58,57,72,17,90,62,50,53,68,93,67,43,97,56,18,45,12,
516	0	13	2.062	0,84,65,58,57,72,17,90,62,50,53,68,93,67,35,43,97,13,
516	0	14	1.89	0,65,58,57,72,17,90,62,41,35,43,97,67,68,93,14,
516	0	15	2.183	0,65,58,57,72,17,90,62,41,35,43,97,67,68,37,15,
516	1	2	2.339	1,86,51,88,74,98,38,54,30,33,69,27,16,36,79,2,
516	1	3	2.313	1,48,73,71,42,70,54,38,98,74,16,27,36,79,96,3,
516	1	4	2.119	1,86,51,74,16,27,69,30,33,31,44,20,61,76,4,
516	1	5	2.28	1,86,51,74,16,27,69,33,30,64,34,55,31,44,20,61,76,5,
516	1	6	2.599	1,48,73,88,51,74,16,27,69,33,30,64,34,55,31,61,20,44,95,6,
516	1	7	2.687	1,86,79,36,16,27,69,33,30,64,34,55,31,61,20,44,95,75,47,7,
516	1	8	2.607	1,86,51,88,74,16,27,69,33,30,55,64,34,19,89,49,91,77,8,
516	1	9	2.768	1,86,79,36,16,27,69,33,30,55,64,34,19,89,77,49,91,23,9,
516	1	10	2.748	1,86,51,88,74,98,38,54,70,25,28,52,63,46,80,40,99,83,10,
516	1	11	2.859	1,86,51,74,98,38,54,70,25,66,22,17,90,62,60,59,21,94,92,11,
516	1	12	2.613	1,84,65,58,72,17,90,62,50,53,68,93,67,97,43,35,56,18,45,12,
516	1	13	2.411	1,86,51,74,98,38,54,70,25,66,22,17,90,62,41,35,43,97,13,
516	1	14	2.133	1,84,65,58,72,57,17,62,41,35,43,97,67,68,93,14,
516	1	15	2.399	1,86,51,88,42,71,73,48,58,57,72,17,90,62,50,81,15,
516	2	3	2.421	2,79,36,16,27,69,33,30,64,55,31,44,20,61,76,4,3,
516	2	4	2.031	2,79,36,16,27,69,33,30,64,55,31,44,20,61,76,4,
516	2	5	1.917	2,79,36,16,27,69,33,30,64,55,31,44,20,61,76,5,
516	2	6	2.394	2,79,51,88,74,16,27,69,33,30,64,34,55,31,61,20,44,95,6,
516	2	7	2.611	2,96,79,36,16,27,69,33,30,64,34,55,31,61,20,44,95,75,47,7,
516	2	8	2.643	2,96,36,79,51,88,74,16,27,69,33,30,55,64,34,19,89,49,91,8,
516	2	9	2.785	2,96,36,51,74,16,27,69,33,30,55,64,34,19,89,49,91,23,9,
516	2	10	2.76	2,79,36,16,74,98,38,54,70,25,46,28,52,63,87,40,82,99,83,10,
516	2	11	2.827	2,79,36,16,74,98,38,54,70,25,66,22,17,90,62,60,59,21,94,92,11,
516	2	12	2.573	2,79,36,74,98,38,54,70,25,66,22,17,90,62,41,35,43,97,56,45,12,
516	2	13	2.379	2,79,36,16,74,98,38,54,70,25,66,22,17,90,62,41,35,43,97,13,
516	2	14	2.421	2,79,36,16,74,98,38,54,70,25,66,22,17,90,62,41,68,93,14,
516	2	15	2.309	2,79,51,88,73,71,42,26,66,22,17,90,62,50,53,37,15,
516	3	4	1.913	3,96,36,16,27,69,33,30,64,34,55,31,61,76,4,
516	3	5	1.782	3,96,36,16,27,69,33,30,64,34,55,31,61,20,5,
516	3	6	1.989	3,96,36,16,27,69,33,30,64,55,31,61,20,44,95,6,
516	3	7	2.338	3,96,36,79,51,88,74,16,27,69,33,30,55,64,34,19,89,7,
516	3	8	2.536	3,96,36,16,74,98,38,54,70,25,46,63,28,52,78,23,91,49,77,8,
516	3	9	2.679	3,96,36,16,27,69,33,30,55,64,34,19,89,77,49,91,23,85,9,
516	3	10	2.63	3,96,36,16,74,98,38,54,70,25,46,28,52,63,87,40,99,83,10,
516	3	11	2.721	3,96,36,16,74,98,38,54,70,25,66,22,17,90,60,59,21,94,92,11,
516	3	12	2.579	3,96,36,16,74,98,38,54,70,25,66,22,17,62,41,35,43,97,56,45,12,
516	3	13	2.546	3,96,36,16,74,98,38,54,70,25,66,22,17,90,62,60,59,41,35,43,97,13,
516	3	14	2.445	3,96,36,16,74,98,38,54,70,25,66,22,17,62,50,53,68,93,14,
516	3	15	2.461	3,96,36,16,74,98,38,54,70,25,66,22,17,90,62,50,53,37,15,
516	4	5	2.058	4,27,16,74,98,69,33,30,64,34,55,31,61,20,5,
516	4	6	2.171	4,76,61,20,44,31,33,30,55,64,34,19,89,47,75,6,
516	4	7	2.478	4,76,61,20,44,31,33,30,55,64,34,24,19,89,49,91,77,7,
516	4	8	2.497	4,69,33,30,38,54,70,25,46,63,28,52,78,85,23,91,49,77,8,
516	4	9	2.706	4,76,61,20,44,31,55,64,34,19,24,52,28,63,46,80,40,87,9,
516	4	10	2.673	4,76,61,20,44,31,55,64,34,24,52,28,63,46,80,40,82,99,83,10,
516	4	11	2.811	4,27,16,74,98,38,54,70,25,66,22,17,90,62,60,59,21,94,92,11,
516	4	12	2.491	4,69,33,30,38,54,70,25,66,22,17,90,62,41,35,43,97,56,45,12,
516	4	13	2.531	4,76,61,31,33,30,38,54,70,25,66,22,17,90,62,60,41,35,43,97,13,
516	4	14	2.532	4,69,27,16,74,98,38,54,70,25,66,22,17,90,62,41,68,93,14,
516	4	15	2.649	4,76,61,20,44,31,33,30,38,54,70,25,66,22,17,90,62,50,81,15,
516	5	6	2.165	5,76,61,20,44,31,33,69,30,64,55,34,19,47,75,6,
516	5	7	1.968	5,20,61,31,33,30,55,64,34,19,89,49,91,77,7,
516	5	8	1.868	5,20,61,31,33,30,55,64,34,19,89,49,91,77,8,
516	5	9	2.601	5,20,44,61,76,69,33,30,55,64,34,19,89,77,49,91,23,85,9,
516	5	10	2.551	5,20,44,31,33,30,38,54,70,25,46,28,52,63,87,40,99,83,10,
516	5	11	2.688	5,20,61,31,33,30,38,54,70,25,66,22,17,90,60,59,21,94,92,11,
516	5	12	2.5	5,20,44,31,33,30,38,54,70,25,66,22,17,62,41,35,43,97,56,45,12,
516	5	13	2.494	5,76,61,20,44,31,33,30,38,54,70,25,66,22,17,90,62,41,35,43,97,13,
516	5	14	2.481	5,20,44,31,55,64,34,54,38,70,25,66,22,17,90,62,50,53,68,93,14,
516	5	15	2.52	5,20,61,31,55,64,34,54,38,70,25,66,22,17,90,62,50,53,37,15,
516	6	7	2.171	6,95,44,20,61,31,33,30,55,64,34,19,89,49,77,7,
516	6	8	2.044	6,95,44,20,61,31,55,64,34,19,89,77,49,91,23,8,
516	6	9	2.539	6,95,44,20,5,76,61,31,33,30,64,55,34,19,89,49,91,23,9,
516	6	10	2.439	6,75,47,89,77,49,91,23,85,78,52,28,63,46,40,99,83,10,
516	6	11	2.781	6,95,55,64,34,54,38,70,25,66,22,17,90,62,60,59,21,94,92,11,
516	6	12	2.593	6,95,55,64,34,54,38,70,25,66,22,17,90,62,41,35,43,97,56,45,12,
516	6	13	2.539	6,95,44,20,61,33,30,38,54,70,25,66,22,17,90,62,41,35,43,97,13,
516	6	14	2.629	6,95,44,31,55,64,34,54,38,70,25,66,22,17,90,62,50,53,68,93,14,
516	6	15	2.643	6,95,55,34,64,30,33,69,27,16,74,88,42,71,73,48,65,29,15,
516	7	8	2.103	7,47,89,19,24,52,28,46,63,85,78,91,49,77,8,
516	7	9	2.175	7,89,49,91,23,85,78,24,52,28,63,46,40,87,9,
516	7	10	2.082	7,77,49,91,23,85,78,52,28,63,46,80,40,99,83,10,
516	7	11	2.712	7,47,19,89,49,91,23,85,78,52,28,63,46,80,40,87,99,11,
516	7	12	2.581	7,89,77,49,91,23,85,78,52,28,63,46,39,21,94,32,18,56,45,12,
516	7	13	2.507	7,89,19,24,52,28,63,46,39,66,22,17,90,62,60,41,35,43,97,13,
516	7	14	2.542	7,89,19,24,52,28,63,46,39,66,22,17,90,62,50,53,68,93,14,
516	7	15	2.629	7,77,49,91,78,52,28,63,46,39,66,22,17,90,62,50,53,37,15,
516	8	9	2.143	8,23,91,49,89,19,24,52,28,63,46,80,40,87,9,
516	8	10	1.972	8,77,49,91,23,85,52,28,63,46,40,87,99,83,10,
516	8	11	2.162	8,77,49,91,23,85,78,52,28,63,46,40,87,99,11,
516	8	12	2.373	8,77,49,91,78,52,28,63,46,39,59,60,41,35,43,97,56,45,12,
516	8	13	2.41	8,77,49,91,78,52,28,63,46,39,66,22,17,90,62,41,35,43,97,13,
516	8	14	2.452	8,77,49,91,78,52,28,63,46,39,66,22,17,90,62,41,68,93,14,
516	8	15	2.622	8,77,49,91,23,85,78,52,28,63,46,39,66,22,17,90,62,50,81,15,
516	9	10	2.188	9,23,91,49,89,19,24,52,28,63,46,40,99,83,10,
516	9	11	2.334	9,23,91,49,77,89,19,24,52,28,63,46,40,82,11,
516	9	12	2.214	9,23,91,49,78,52,28,63,46,39,21,94,32,18,45,12,
516	9	13	2.464	9,85,78,52,28,63,46,39,66,22,17,90,62,60,41,35,43,97,13,
516	9	14	2.591	9,85,52,28,63,46,39,21,94,32,18,56,35,43,97,67,68,93,14,
516	9	15	2.842	9,23,91,49,89,19,24,52,28,63,46,39,22,17,90,62,50,81,15,
516	10	11	2.502	10,83,99,40,80,39,66,22,17,62,60,59,21,94,92,11,
516	10	12	2.171	10,83,99,82,94,21,59,60,41,68,67,97,43,35,56,45,12,
516	10	13	2.082	10,83,99,82,94,32,18,45,56,97,43,35,41,68,93,67,13,
516	10	14	2.565	10,83,99,40,80,39,66,22,17,90,62,60,41,35,43,97,67,68,93,14,
516	10	15	2.722	10,83,99,40,87,63,52,28,46,39,66,22,17,90,62,50,53,37,15,
516	11	12	2.12	11,92,94,21,59,60,41,68,93,67,97,43,35,56,18,45,12,
516	11	13	2.206	11,92,94,21,59,60,62,90,17,50,53,68,41,35,43,97,13,
516	11	14	2.456	11,92,32,18,45,56,97,43,35,41,59,60,62,90,17,50,53,68,93,14,
516	11	15	2.654	11,92,94,32,18,56,97,43,35,59,60,62,90,17,72,57,58,65,29,15,
516	12	13	1.935	12,45,56,97,43,35,41,60,59,90,62,50,53,68,93,67,13,
516	12	14	2.22	12,45,18,56,97,43,35,41,59,60,62,90,17,57,72,50,53,68,93,14,
516	12	15	2.377	12,45,56,35,43,97,67,93,68,41,62,90,17,72,57,58,65,29,15,
516	13	14	1.938	13,97,43,35,41,60,62,90,17,57,72,50,81,53,68,93,14,
516	13	15	2.209	13,97,43,35,67,93,68,41,59,60,62,90,17,57,72,81,29,15,
516	14	15	2.01	14,93,67,97,43,35,41,62,90,17,72,57,58,65,29,15,
