56	0	2	2.153	0,16,57,21,19,65,63,46,22,72,23,86,54,80,2,
56	0	1	2.279	0,16,57,21,47,19,65,63,46,22,54,80,98,83,1,
56	0	7	2.403	0,16,19,47,64,33,79,88,17,35,77,94,90,20,36,43,91,89,99,7,
56	0	6	2.547	0,16,19,47,64,33,79,88,30,17,35,77,94,90,20,36,43,91,74,6,
56	0	5	2.566	0,16,19,47,64,33,79,88,30,68,78,90,20,36,44,60,71,38,5,
56	0	10	2.493	0,57,21,19,47,64,33,88,79,68,78,67,49,28,69,82,92,42,10,
56	0	8	2.521	0,16,57,21,19,47,64,33,79,88,30,68,78,67,49,28,69,82,18,8,
56	0	11	2.544	0,16,19,47,64,33,79,88,30,68,78,67,49,28,70,87,56,26,93,11,
56	0	3	1.986	0,16,57,21,19,47,65,63,46,22,54,72,23,86,3,
56	0	4	2.614	0,16,19,47,64,33,79,88,17,35,77,52,36,41,66,25,96,4,
56	0	9	2.491	0,16,57,21,19,47,64,33,79,88,30,68,78,67,49,28,69,82,92,34,39,9,
56	1	2	2.425	1,16,57,21,47,19,65,63,46,22,72,23,86,54,2,
56	0	13	2.24	0,16,57,21,19,47,64,84,85,59,48,32,24,61,13,
56	0	15	2.331	0,16,57,21,19,47,64,33,37,59,85,84,48,32,29,15,
56	1	7	2.25	1,83,98,81,58,63,53,17,35,77,52,94,90,20,36,43,91,89,99,7,
56	1	3	2.029	1,83,98,81,19,47,65,63,58,22,46,72,23,86,3,
56	0	14	2.308	0,16,57,21,19,47,64,33,31,37,59,85,84,48,32,14,
56	0	12	2.741	0,16,57,21,19,47,84,85,59,48,32,24,61,40,75,51,62,50,12,
56	1	8	2.445	1,83,98,81,58,63,53,17,35,77,94,90,78,67,49,28,69,82,18,8,
56	1	4	2.406	1,83,98,81,58,80,54,86,23,72,22,46,55,45,66,25,96,4,
56	1	5	2.43	1,83,98,81,63,53,17,35,77,52,94,90,20,36,44,60,71,38,5,
56	1	6	2.37	1,83,98,81,58,63,53,17,35,77,52,94,90,20,36,44,60,71,74,6,
56	1	14	2.262	1,83,98,81,58,63,53,65,19,47,21,84,85,59,48,32,14,
56	1	13	2.638	1,83,98,81,63,53,17,35,77,94,68,30,88,79,31,37,61,13,
56	1	12	2.593	1,83,98,81,58,63,65,19,47,21,84,85,59,24,61,40,50,62,12,
56	2	3	2.382	2,80,54,22,46,55,97,66,38,25,96,72,23,86,3,
56	2	4	2.296	2,83,98,81,63,58,80,54,86,23,72,22,46,96,4,
56	1	11	2.479	1,83,98,81,58,63,53,17,35,77,94,78,67,49,70,87,56,26,93,11,
56	2	5	2.38	2,80,22,46,55,97,17,35,77,94,90,20,36,44,60,71,38,5,
56	1	10	2.435	1,83,98,81,58,63,53,88,79,68,78,67,49,28,69,82,92,42,10,
56	2	6	2.29	2,80,22,46,55,97,17,35,77,94,90,20,36,44,60,71,74,6,
56	1	15	2.282	1,83,98,81,58,63,65,19,47,64,84,85,59,48,32,29,15,
56	1	9	2.329	1,83,98,81,58,63,53,17,35,77,94,90,78,67,49,28,69,82,92,34,9,
56	2	14	2.491	2,80,54,86,23,72,22,46,63,65,19,47,84,85,59,48,32,14,
56	2	12	2.655	2,80,22,46,55,97,17,35,77,94,78,68,30,88,79,31,75,62,12,
56	3	4	2.166	3,86,23,72,22,46,55,97,35,77,52,41,66,25,96,4,
56	2	7	2.314	2,80,22,46,55,97,17,35,77,94,90,20,36,44,60,43,91,89,99,7,
56	2	13	2.713	2,80,22,46,45,97,35,77,94,78,68,30,88,79,31,37,61,24,13,
56	3	5	2.098	3,86,23,72,22,46,55,97,35,77,52,41,60,71,38,5,
56	2	11	2.536	2,80,22,46,55,97,17,35,77,94,90,78,67,49,70,87,56,26,93,11,
56	2	10	2.453	2,80,22,46,55,97,35,17,30,68,78,67,49,28,69,82,92,34,42,10,
56	2	8	2.448	2,80,22,46,55,97,35,77,94,90,78,67,49,28,69,82,92,18,8,
56	2	15	2.44	2,83,98,81,58,63,65,19,47,64,84,85,59,48,32,29,15,
56	2	9	2.426	2,80,22,46,55,97,41,52,77,35,17,30,68,78,67,49,28,69,82,92,39,9,
56	3	12	2.463	3,86,23,72,22,46,55,97,35,77,94,68,30,88,79,31,75,62,12,
56	3	7	2.023	3,86,23,72,22,46,55,97,35,77,94,90,20,36,43,91,89,99,7,
56	4	5	2.183	4,96,25,66,41,52,77,94,90,20,36,44,60,71,38,73,5,
56	3	14	2.491	3,86,23,72,22,46,55,97,35,17,30,79,88,33,64,59,48,32,14,
56	3	13	2.492	3,86,23,72,22,46,55,97,35,17,30,88,79,31,75,40,61,24,13,
56	3	6	2.008	3,86,23,72,22,46,55,97,35,77,52,41,60,71,74,6,
56	3	8	2.224	3,86,23,72,22,46,55,97,35,17,30,68,78,67,49,28,69,82,18,8,
56	3	11	2.393	3,86,23,72,22,46,55,97,35,17,30,68,78,67,49,28,70,87,56,26,93,11,
56	3	10	2.283	3,86,23,72,22,46,55,97,35,17,30,68,78,67,49,28,69,82,92,42,10,
56	3	15	2.512	3,86,23,72,22,46,55,53,65,19,47,21,84,85,59,48,32,29,15,
56	3	9	2.253	3,86,23,72,22,46,55,97,35,77,52,20,90,78,67,49,28,69,82,92,39,9,
56	4	7	2.066	4,96,25,45,97,17,35,77,52,94,90,20,36,43,91,89,99,7,
56	4	14	2.557	4,96,25,66,41,36,52,77,35,17,30,68,79,88,33,64,84,85,48,32,14,
56	4	8	2.156	4,96,25,66,41,52,77,35,17,30,68,78,67,49,28,69,82,18,8,
56	4	13	2.571	4,96,25,66,41,36,20,90,94,77,35,17,88,79,31,75,40,61,24,13,
56	4	12	2.555	4,96,25,66,41,36,20,90,94,52,77,35,17,30,88,79,31,75,40,50,12,
56	4	6	2.101	4,96,25,66,41,52,77,35,94,90,20,36,43,89,91,74,6,
56	5	6	2.034	5,38,71,60,44,36,52,77,35,17,94,90,20,43,91,74,6,
56	4	11	2.393	4,96,25,66,41,36,52,77,35,17,30,68,78,67,49,28,70,87,56,26,93,11,
56	4	10	2.283	4,96,25,66,41,36,52,77,35,17,30,68,78,67,49,28,69,82,92,42,10,
56	4	9	2.067	4,96,25,66,41,52,77,35,17,30,68,78,67,49,28,69,82,92,39,9,
56	4	15	2.604	4,96,25,66,41,52,77,35,17,30,68,79,88,33,64,84,48,32,29,15,
56	5	7	1.913	5,38,71,60,41,52,77,35,17,94,90,20,36,43,89,99,7,
56	6	7	1.814	6,74,71,60,41,52,77,35,17,94,90,20,43,91,89,99,7,
56	6	8	1.913	6,74,71,60,44,36,20,90,78,67,49,28,69,82,92,18,8,
56	5	14	2.449	5,38,71,60,44,36,20,90,94,77,35,17,30,79,88,33,64,85,48,32,14,
56	5	8	2.088	5,38,71,60,41,52,77,35,17,30,68,78,67,49,28,69,82,18,8,
56	5	10	2.147	5,38,71,60,41,52,77,35,17,30,68,78,67,49,28,69,82,92,42,10,
56	5	12	2.461	5,38,71,60,44,36,20,90,94,77,35,17,30,88,79,31,75,40,50,62,12,
56	5	13	2.456	5,38,71,60,44,36,20,90,94,77,35,17,88,79,31,75,40,61,24,13,
56	5	11	2.296	5,38,71,60,44,36,20,90,94,77,35,17,30,68,78,67,49,70,87,26,93,11,
56	5	9	1.972	5,38,71,60,41,52,77,35,17,30,68,78,67,49,28,69,82,92,34,9,
56	5	15	2.557	5,38,71,60,44,36,52,77,35,17,30,68,79,88,33,64,84,48,32,29,15,
56	7	11	1.949	7,99,89,91,43,36,20,90,94,78,67,49,28,70,87,56,26,93,11,
56	7	8	1.78	7,99,89,91,43,36,20,90,94,78,67,49,28,69,82,18,8,
56	7	9	1.609	7,99,89,91,43,36,20,90,78,67,49,28,69,82,92,34,9,
56	7	10	1.839	7,99,89,91,43,36,20,90,94,78,67,49,28,69,82,92,42,10,
56	6	12	2.347	6,74,71,60,41,36,20,90,94,77,35,17,30,88,79,31,75,40,62,12,
56	6	10	2.057	6,74,71,60,41,52,77,35,17,30,68,78,67,49,28,69,82,92,42,10,
56	6	11	2.159	6,74,91,89,43,36,52,77,35,17,30,68,78,67,49,70,87,56,26,93,11,
56	6	9	1.857	6,74,71,60,44,36,20,90,94,68,78,67,49,28,69,82,92,34,9,
56	6	13	2.39	6,74,91,43,36,20,90,94,77,35,17,30,88,79,31,75,40,61,24,13,
56	6	14	2.448	6,74,91,89,43,36,20,90,94,77,35,17,30,68,79,88,33,64,84,48,32,14,
56	6	15	2.496	6,74,71,60,44,36,20,90,94,77,35,17,88,79,33,64,84,48,32,29,15,
56	8	11	2.115	8,18,76,90,94,77,35,17,30,68,78,67,49,70,87,56,26,93,11,
56	8	9	1.804	8,99,89,91,43,36,20,90,78,67,49,28,69,82,92,34,9,
56	8	10	2.073	8,18,76,90,94,77,35,17,30,68,78,67,49,28,69,82,92,42,10,
56	8	12	2.275	8,18,39,92,82,69,28,49,67,78,68,30,88,79,31,75,40,50,12,
56	7	12	2.16	7,99,89,91,43,36,20,90,94,77,35,17,30,88,79,31,75,40,50,12,
56	8	13	2.263	8,18,39,92,82,69,28,49,70,87,56,26,93,51,75,40,61,24,13,
56	8	14	2.383	8,18,92,82,69,28,49,67,78,68,30,79,88,33,64,84,85,59,48,32,14,
56	7	14	2.289	7,99,89,91,43,36,20,90,94,77,35,17,30,68,79,88,33,64,85,48,32,14,
56	7	13	2.246	7,99,89,91,43,36,20,90,94,77,35,17,88,79,31,75,40,61,24,13,
56	8	15	2.555	8,18,92,82,69,28,49,67,78,68,30,79,88,33,64,84,85,59,48,32,29,15,
56	7	15	2.436	7,99,89,91,43,20,90,94,77,35,17,30,68,79,88,33,64,84,48,32,29,15,
56	9	12	1.781	9,39,34,92,82,69,28,49,70,87,56,51,75,40,62,12,
56	10	12	1.928	10,42,34,92,82,69,28,49,70,87,56,51,75,40,50,12,
56	9	11	1.824	9,34,92,82,69,28,49,67,78,68,27,70,87,56,26,93,11,
56	10	11	2.019	10,42,34,39,92,82,69,28,49,70,87,56,26,93,51,11,
56	9	10	1.823	9,39,34,92,82,69,28,49,67,78,68,27,70,87,56,26,10,
56	10	13	2.091	10,42,92,82,69,28,49,70,87,26,56,51,75,40,61,24,13,
56	10	14	2.235	10,42,92,82,69,28,49,67,78,68,30,79,88,33,64,85,48,32,14,
56	9	13	2.055	9,39,34,92,82,69,28,49,70,87,56,26,93,51,75,40,61,24,13,
56	9	14	2.188	9,39,92,82,69,28,49,67,78,68,79,88,33,64,84,85,59,48,32,14,
56	10	15	2.407	10,42,92,82,69,28,49,67,78,68,30,79,88,33,64,84,48,32,29,15,
56	9	15	2.398	9,39,92,82,69,28,49,67,78,68,30,79,88,33,64,84,85,59,48,32,29,15,
56	12	14	2.355	12,50,40,75,37,31,79,88,33,64,85,59,48,32,29,14,
56	13	14	2.163	13,24,61,40,75,31,79,88,33,64,84,85,48,32,14,
56	11	12	2.132	11,93,26,56,87,70,49,67,78,68,30,88,79,31,75,62,12,
56	12	13	2.328	12,62,50,40,75,37,31,33,64,59,85,84,48,32,24,13,
56	11	13	2.18	11,93,26,56,87,70,49,67,78,68,30,88,79,31,37,61,13,
56	11	14	2.277	11,93,26,56,87,70,49,67,78,68,30,79,88,33,64,85,48,32,14,
56	14	15	2.48	14,24,61,40,75,37,31,33,64,59,85,84,48,32,29,15,
56	13	15	2.24	13,24,61,40,75,37,31,33,64,59,85,84,48,32,29,15,
56	12	15	2.33	12,62,50,40,75,31,79,88,33,64,85,59,48,32,29,15,
56	11	15	2.449	11,93,26,56,87,70,49,67,78,68,30,79,88,33,64,84,48,32,29,15,
