530	0	1	1.876	0,61,44,95,89,73,60,99,20,72,26,55,33,16,67,1,
530	0	2	1.949	0,61,95,89,73,60,99,20,72,26,48,24,58,55,33,2,
530	0	3	1.638	0,61,44,95,73,60,99,20,72,33,55,58,56,74,3,
530	0	4	2.127	0,61,44,95,89,67,73,60,99,20,72,33,55,58,56,87,88,38,84,4,
530	0	5	2.323	0,61,44,95,89,67,73,60,99,20,72,33,55,58,56,87,88,62,38,5,
530	0	6	2.58	0,61,44,99,60,20,73,95,89,67,16,33,55,58,56,87,84,38,17,6,
530	0	7	2.51	0,61,44,95,89,73,60,99,20,72,33,55,58,24,65,94,63,31,41,7,
530	0	8	2.539	0,61,95,89,73,60,99,20,72,26,70,98,85,22,30,53,82,28,27,29,8,
530	0	9	2.55	0,61,44,99,60,20,72,26,48,70,98,85,22,30,53,66,32,57,40,51,9,
530	0	10	2.563	0,61,44,95,89,73,60,99,46,39,68,25,59,79,69,92,36,43,97,10,
530	0	11	2.355	0,90,37,49,80,96,68,25,59,79,83,78,50,19,92,36,43,45,86,11,
530	0	12	2.089	0,61,44,95,89,73,60,99,46,39,34,68,25,59,79,83,78,50,12,
530	0	13	1.839	0,61,46,39,91,34,68,96,25,59,79,83,78,19,50,13,
530	0	14	1.739	0,61,44,95,89,73,60,99,46,39,91,34,68,96,80,14,
530	0	15	1.698	0,61,44,95,89,73,60,99,46,39,68,96,80,49,71,15,
530	1	2	1.766	1,67,73,89,95,44,99,60,20,72,26,48,58,55,33,2,
530	1	3	1.474	1,67,89,95,44,99,60,20,72,33,55,58,56,74,3,
530	1	4	1.531	1,67,89,95,44,99,60,20,72,33,55,58,56,87,84,4,
530	1	5	2.063	1,67,73,89,95,44,99,60,20,72,33,55,58,56,87,88,62,38,5,
530	1	6	2.23	1,67,73,89,95,44,99,60,20,72,33,55,58,56,87,84,38,17,6,
530	1	7	2.414	1,67,89,95,44,99,60,20,72,26,70,98,85,22,65,94,63,31,41,7,
530	1	8	2.384	1,67,89,95,44,99,60,20,72,26,70,98,85,22,30,53,82,28,27,29,8,
530	1	9	2.441	1,67,89,95,44,99,60,20,72,26,70,98,85,22,30,53,66,57,40,81,9,
530	1	10	2.451	1,89,95,44,99,60,20,72,26,70,98,85,22,30,53,66,40,57,54,97,10,
530	1	11	2.346	1,67,89,95,73,60,99,46,39,34,68,96,25,59,79,83,78,50,19,75,11,
530	1	12	2.128	1,67,89,95,73,60,99,44,46,39,91,34,68,96,25,59,79,83,78,50,12,
530	1	13	1.749	1,67,89,95,73,60,99,46,39,68,25,59,79,83,78,13,
530	1	14	1.661	1,67,89,95,73,60,99,44,46,39,91,34,68,96,80,14,
530	1	15	1.62	1,67,89,95,73,60,99,44,46,39,68,96,80,49,71,15,
530	2	3	1.706	2,16,73,89,95,44,99,60,20,72,33,55,56,74,3,
530	2	4	1.763	2,16,73,89,95,44,99,60,20,72,33,55,56,87,84,4,
530	2	5	1.974	2,67,89,95,99,60,20,72,33,55,58,56,88,38,5,
530	2	6	2.369	2,16,73,89,95,44,99,60,20,72,33,55,56,87,84,38,17,6,
530	2	7	2.562	2,16,72,26,70,98,85,22,30,53,66,32,57,40,82,28,31,41,7,
530	2	8	2.565	2,16,33,55,26,70,98,85,22,30,53,66,32,57,40,82,28,27,29,8,
530	2	9	2.585	2,16,73,60,99,20,72,26,70,98,85,22,30,53,66,57,40,81,9,
530	2	10	2.645	2,16,73,60,99,20,72,26,70,98,85,22,30,53,66,57,40,54,97,10,
530	2	11	2.53	2,16,73,89,95,44,46,39,34,68,96,25,59,79,83,78,50,19,75,11,
530	2	12	2.272	2,16,67,89,95,73,60,99,46,39,34,68,25,59,79,83,78,50,12,
530	2	13	2.145	2,67,89,95,73,60,99,46,39,34,68,25,59,79,83,78,50,13,
530	2	14	2.021	2,16,72,20,99,60,73,89,95,44,46,39,91,34,68,96,80,14,
530	2	15	1.928	2,16,67,89,95,73,60,99,46,39,34,68,96,80,49,71,15,
530	3	4	2.153	3,2,16,73,89,95,44,99,60,20,72,33,55,56,87,84,4,
530	3	5	2.357	3,74,56,58,55,26,48,70,98,85,22,24,62,88,38,5,
530	3	6	2.67	3,56,58,24,22,30,53,66,32,57,40,82,28,31,41,76,6,
530	3	7	2.419	3,74,56,58,24,22,30,53,66,32,57,40,82,28,31,41,7,
530	3	8	2.456	3,74,56,58,48,26,70,98,85,22,30,53,32,66,82,28,27,29,8,
530	3	9	2.488	3,74,56,58,24,22,30,53,66,32,57,40,82,28,27,29,64,9,
530	3	10	2.701	3,74,56,58,55,33,26,48,70,98,85,22,30,53,32,66,40,57,54,97,10,
530	3	11	2.54	3,74,56,58,48,26,70,98,85,22,30,53,66,32,57,40,54,97,45,86,11,
530	3	12	2.419	3,74,56,58,48,70,98,21,34,68,96,25,59,79,83,78,19,50,12,
530	3	13	2.301	3,74,56,58,48,70,98,21,34,68,96,25,59,79,83,78,50,13,
530	3	14	2.346	3,74,56,58,55,33,72,20,73,60,99,46,39,34,68,96,80,14,
530	3	15	2.124	3,74,56,58,48,26,70,98,21,93,91,34,68,96,80,49,71,15,
530	4	5	2.386	4,84,87,56,58,48,26,70,98,85,30,22,24,62,88,38,5,
530	4	6	2.41	4,84,87,56,58,55,26,70,98,85,22,30,65,94,76,6,
530	4	7	2.35	4,84,87,56,58,24,22,30,53,32,66,82,63,31,41,7,
530	4	8	2.366	4,84,38,88,62,24,22,30,53,66,32,57,40,82,28,27,29,8,
530	4	9	2.476	4,84,87,56,58,48,26,70,98,85,22,30,53,66,32,57,40,51,9,
530	4	10	2.549	4,84,87,56,58,48,26,70,98,85,22,30,53,66,32,57,40,54,97,10,
530	4	11	2.541	4,84,87,56,58,48,70,98,85,22,30,53,66,32,57,40,54,97,45,86,11,
530	4	12	2.518	4,84,87,56,58,48,70,98,21,93,91,34,68,96,25,59,79,83,78,50,12,
530	4	13	2.479	4,84,87,56,58,48,70,98,21,93,91,34,68,96,25,59,79,83,78,50,13,
530	4	14	2.472	4,84,87,56,55,33,72,20,99,60,73,89,95,44,46,39,34,68,96,80,14,
530	4	15	2.419	4,84,87,56,58,55,26,48,70,98,21,93,91,39,34,68,96,80,49,71,15,
530	5	6	2.577	5,38,88,56,58,48,26,70,98,85,22,30,65,94,76,6,
530	5	7	2.475	5,38,88,62,24,22,30,53,66,57,40,82,28,31,41,7,
530	5	8	2.539	5,38,84,87,56,58,24,22,30,53,32,66,82,28,27,29,8,
530	5	9	2.572	5,38,88,62,24,22,30,53,32,57,40,82,28,27,29,64,9,
530	5	10	2.74	5,38,88,56,58,48,70,98,85,22,30,53,66,32,57,40,81,18,10,
530	5	11	2.716	5,38,88,62,24,48,70,98,85,22,30,53,66,32,57,40,54,97,45,86,11,
530	5	12	2.628	5,38,88,62,24,48,26,70,98,21,34,68,96,25,59,79,83,78,50,12,
530	5	13	2.613	5,38,88,56,58,48,70,98,21,93,91,34,68,96,25,59,79,83,78,13,
530	5	14	2.698	5,38,88,56,58,55,33,72,20,99,60,73,89,95,44,46,39,37,71,14,
530	5	15	2.542	5,38,88,56,58,48,26,70,98,21,93,91,39,34,68,96,80,49,71,15,
530	6	7	2.442	6,76,94,65,53,66,32,57,40,82,28,27,31,41,7,
530	6	8	2.385	6,76,94,65,22,30,53,66,32,57,40,82,28,27,29,8,
530	6	9	2.502	6,17,94,65,53,66,32,57,40,82,28,27,29,64,9,
530	6	10	2.774	6,76,41,31,28,82,40,57,66,32,42,52,47,69,92,36,43,97,10,
530	6	11	2.728	6,76,41,31,63,82,40,57,66,32,42,52,47,92,36,43,97,45,86,11,
530	6	12	2.619	6,76,41,31,27,28,82,40,57,66,32,42,52,47,69,92,36,75,12,
530	6	13	2.687	6,76,41,31,28,82,40,57,66,32,42,52,47,36,92,69,59,79,83,78,13,
530	6	14	2.882	6,17,62,58,55,33,72,20,99,60,73,89,95,44,46,39,68,96,80,14,
530	6	15	2.889	6,76,41,31,28,82,40,57,32,66,53,30,22,85,98,21,93,91,39,37,15,
530	7	8	2.421	7,41,31,27,28,82,66,32,57,40,81,51,64,29,8,
530	7	9	2.377	7,41,31,29,27,28,82,53,32,66,57,40,51,64,9,
530	7	10	2.298	7,41,31,27,28,82,40,57,66,32,42,77,43,45,10,
530	7	11	2.514	7,41,31,28,82,40,57,66,32,42,52,47,69,92,36,43,97,45,86,11,
530	7	12	2.374	7,41,31,63,82,40,57,66,32,42,52,47,69,59,79,83,78,50,12,
530	7	13	2.451	7,41,31,27,28,82,40,57,66,32,42,52,47,69,59,79,83,78,50,13,
530	7	14	2.629	7,41,31,63,82,66,53,30,22,85,70,98,21,93,91,34,68,96,80,14,
530	7	15	2.622	7,41,31,28,82,40,57,32,66,53,30,22,85,70,98,21,93,91,39,37,15,
530	8	9	2.346	8,29,27,28,82,40,57,66,32,42,77,43,54,81,18,9,
530	8	10	2.227	8,29,27,28,82,66,32,42,52,47,69,92,36,43,97,10,
530	8	11	2.319	8,29,27,28,82,40,57,66,32,42,52,47,92,36,43,97,45,86,11,
530	8	12	2.233	8,29,27,28,82,40,57,66,32,42,52,59,79,83,78,19,50,12,
530	8	13	2.313	8,29,27,28,82,40,57,66,32,42,52,47,69,59,79,83,78,19,50,13,
530	8	14	2.554	8,29,27,28,82,40,57,32,66,53,30,22,85,98,21,34,68,96,80,14,
530	8	15	2.614	8,29,27,28,82,40,57,66,53,30,22,85,70,98,21,34,68,96,80,49,71,15,
530	9	10	2.311	9,81,40,57,66,32,42,52,47,69,92,36,43,45,97,10,
530	9	11	2.174	9,81,40,57,66,32,42,52,47,92,36,43,97,45,86,11,
530	9	12	2.095	9,81,97,45,43,36,92,69,59,79,83,78,50,19,75,12,
530	9	13	2.355	9,64,29,27,28,82,66,32,42,52,47,69,59,79,83,78,19,50,13,
530	9	14	2.525	9,18,81,40,57,32,66,53,30,22,85,70,98,21,34,68,96,80,14,
530	9	15	2.57	9,64,29,27,28,82,66,32,53,30,22,85,70,98,21,93,91,39,37,15,
530	10	11	2.102	10,97,45,43,36,92,69,59,79,83,78,50,19,75,86,11,
530	10	12	2.154	10,18,81,40,57,66,32,42,52,47,69,79,83,78,50,12,
530	10	13	2.202	10,18,81,40,57,66,32,42,52,47,36,92,69,59,79,83,78,13,
530	10	14	2.271	10,97,45,43,36,92,69,19,50,78,83,79,59,25,68,96,80,14,
530	10	15	2.453	10,45,97,54,43,36,92,69,19,50,78,83,79,59,25,68,96,80,49,71,15,
530	11	12	2.015	11,86,45,97,54,40,57,66,32,42,52,47,69,92,75,12,
530	11	13	2.025	11,86,45,97,54,40,57,66,32,42,52,47,69,19,50,13,
530	11	14	2.135	11,86,45,43,36,92,69,19,50,78,83,59,25,68,96,80,14,
530	11	15	2.082	11,86,45,43,36,92,19,78,83,79,59,25,68,96,80,49,71,15,
530	12	13	2.299	12,75,36,92,69,19,50,78,83,79,59,25,68,96,80,14,13,
530	12	14	1.909	12,75,36,92,69,19,50,78,83,79,59,25,68,96,80,14,
530	12	15	1.891	12,50,19,78,83,79,59,25,96,68,34,91,39,37,71,15,
530	13	14	1.973	13,50,19,78,83,79,59,25,96,68,34,91,39,37,71,14,
530	13	15	1.808	13,50,19,78,83,79,59,25,80,96,68,34,91,39,37,15,
530	14	15	1.997	14,80,96,68,34,39,46,99,60,73,89,95,44,61,90,15,
