29	0	2	2.336	0,31,96,38,24,73,65,25,32,19,35,77,67,87,16,45,2,
29	0	3	2.343	0,31,96,38,82,30,16,45,87,59,67,60,78,58,68,3,
29	0	6	2.478	0,31,96,24,73,35,77,84,41,90,43,52,75,27,34,76,29,44,94,6,
29	0	4	2.748	0,31,96,38,82,30,59,67,60,71,74,97,42,55,40,23,85,56,4,
29	0	5	2.571	0,31,96,24,73,35,77,84,41,90,43,52,75,34,76,29,42,55,40,5,
29	0	9	2.548	0,31,96,24,73,19,35,77,84,52,41,43,90,47,53,51,48,33,57,39,92,9,
29	0	7	2.47	0,38,24,73,35,77,84,41,90,43,52,75,27,34,76,95,66,22,93,7,
29	0	1	2.385	0,31,96,38,24,73,65,25,32,19,35,67,87,16,30,82,1,
29	0	8	2.523	0,31,96,24,73,35,77,84,41,90,43,52,75,27,34,76,95,66,22,36,8,
29	0	11	2.697	0,31,96,24,73,65,25,19,35,77,84,41,52,43,90,47,49,62,37,11,
29	0	10	2.55	0,31,96,24,65,25,19,35,77,84,52,41,43,90,53,51,48,57,39,33,10,
29	1	4	2.45	1,82,30,16,87,67,60,71,74,97,42,55,40,23,85,4,
29	0	15	2.135	0,31,96,38,24,73,65,25,32,70,79,80,63,26,64,98,15,
29	0	14	2.099	0,31,96,38,24,73,65,25,32,70,79,80,86,98,64,26,14,
29	1	2	2.53	1,82,38,31,96,24,73,65,25,19,35,77,67,87,16,45,2,
29	1	3	2.355	1,82,38,31,96,24,73,59,30,16,87,45,78,58,68,3,
29	0	13	2.651	0,31,96,24,73,35,77,84,52,41,43,90,47,49,37,62,28,46,13,
29	1	6	2.529	1,30,16,87,67,77,84,41,90,43,52,75,27,34,76,29,44,94,6,
29	1	8	2.518	1,82,30,59,35,77,84,41,90,43,52,75,27,34,76,95,66,22,36,8,
29	1	7	2.484	1,82,30,59,35,77,84,41,90,43,52,75,27,34,76,66,22,36,7,
29	1	5	2.54	1,30,59,35,77,84,41,90,43,52,75,27,34,76,29,42,55,40,5,
29	0	12	2.586	0,31,96,38,24,73,35,77,84,52,43,90,47,49,37,62,28,17,12,
29	1	14	2.159	1,30,82,38,96,24,73,65,25,32,70,79,80,63,26,14,
29	1	15	2.237	1,82,38,31,96,24,73,65,25,32,70,79,80,63,64,98,15,
29	2	4	2.37	2,45,16,87,67,60,71,74,97,42,55,40,23,85,56,4,
29	2	3	2.437	2,45,16,30,82,38,31,96,24,73,59,87,78,58,68,3,
29	1	10	2.532	1,82,30,16,87,67,77,84,52,43,90,47,53,51,48,57,39,33,10,
29	1	11	2.839	1,82,30,16,87,67,35,77,84,18,75,52,41,43,90,47,49,37,11,
29	2	6	2.367	2,45,16,87,67,35,77,84,18,75,27,34,76,29,44,94,6,
29	2	5	2.405	2,45,16,87,67,35,77,84,18,74,97,42,55,40,23,85,5,
29	1	9	2.524	1,82,30,16,87,67,35,77,84,52,41,43,90,47,53,51,48,57,39,92,9,
29	1	13	2.655	1,21,45,16,30,82,38,31,96,24,73,65,25,32,79,80,63,13,
29	1	12	2.64	1,82,30,16,87,67,35,77,84,52,43,90,47,49,37,62,28,17,12,
29	2	15	2.276	2,21,45,87,16,30,82,38,31,96,24,73,65,86,98,15,
29	3	4	2.33	3,68,58,54,69,97,74,34,76,29,42,55,40,23,85,4,
29	2	14	2.404	2,45,16,30,82,38,31,96,24,73,65,25,32,70,79,80,63,26,14,
29	3	5	2.291	3,68,58,54,69,97,74,29,34,76,93,89,44,94,40,5,
29	2	11	2.816	2,45,16,87,67,35,77,84,18,75,52,43,90,53,47,49,62,37,11,
29	2	7	2.382	2,45,16,87,67,77,84,41,90,43,52,75,27,34,76,66,93,7,
29	2	10	2.751	2,45,16,87,67,35,77,84,41,90,43,52,75,27,72,99,51,48,57,33,10,
29	2	8	2.434	2,45,87,67,35,77,84,41,90,43,52,75,27,72,95,66,22,36,8,
29	2	13	2.764	2,45,16,87,67,35,77,84,52,41,43,90,53,47,49,37,28,46,13,
29	2	12	2.666	2,45,16,87,67,35,77,84,52,41,43,90,53,47,49,37,62,28,17,12,
29	2	9	2.743	2,45,87,16,30,59,67,35,77,84,52,41,43,90,47,53,51,48,33,39,92,9,
29	3	6	2.069	3,68,58,54,69,97,74,29,34,76,95,66,93,89,83,6,
29	3	14	2.599	3,68,58,78,87,16,30,82,38,24,73,65,25,32,70,79,80,63,26,14,
29	3	15	2.799	3,68,78,87,16,30,82,38,31,96,24,73,65,25,32,70,79,80,64,98,15,
29	4	5	2.107	4,85,69,97,74,34,76,95,66,93,89,44,94,40,5,
29	3	11	2.712	3,68,58,54,69,97,74,29,76,34,27,75,52,41,90,47,49,37,11,
29	3	10	2.59	3,68,58,54,69,97,74,29,76,34,27,75,52,43,90,53,51,48,33,10,
29	3	8	2.501	3,68,56,85,23,40,55,97,74,29,76,34,27,72,95,66,22,36,8,
29	3	7	2.525	3,68,56,85,23,40,55,42,97,74,29,76,34,27,72,95,66,22,93,7,
29	3	9	2.514	3,68,58,54,69,97,74,29,76,34,75,52,43,90,53,51,48,57,39,92,9,
29	3	13	2.814	3,68,78,87,16,30,82,38,31,96,24,73,65,25,32,70,79,80,63,13,
29	3	12	2.735	3,68,58,54,69,97,74,29,76,34,27,75,52,43,90,47,49,37,17,12,
29	5	6	1.7	5,23,40,55,42,29,34,76,95,66,22,93,89,44,94,6,
29	4	6	1.898	4,85,23,40,55,42,29,34,76,66,22,93,89,83,6,
29	4	14	2.626	4,56,54,71,18,52,43,90,53,47,49,37,62,28,70,79,80,63,26,14,
29	4	10	2.39	4,85,23,40,55,42,29,76,34,75,52,43,90,53,51,48,57,39,33,10,
29	4	15	2.814	4,85,23,40,55,42,29,76,34,27,75,52,41,50,32,25,65,86,98,15,
29	4	7	2.187	4,56,85,23,40,55,42,97,74,29,76,34,27,72,95,66,22,93,7,
29	4	11	2.618	4,85,23,40,55,42,29,76,34,27,75,52,41,43,90,53,47,49,37,11,
29	4	8	2.272	4,85,23,40,55,94,44,89,93,22,66,95,76,34,27,72,91,81,8,
29	4	9	2.29	4,85,23,40,55,42,29,76,34,75,52,43,90,53,51,48,57,39,92,9,
29	4	13	2.683	4,85,23,40,55,42,29,34,27,75,52,43,90,47,49,37,28,46,13,
29	4	12	2.565	4,85,23,40,55,42,29,76,34,27,75,52,41,43,90,47,49,37,17,12,
29	5	7	1.728	5,23,40,55,94,44,89,29,34,76,95,66,22,36,7,
29	6	7	1.709	6,94,44,83,89,29,76,34,27,72,95,66,22,93,7,
29	5	8	1.756	5,85,23,40,55,42,97,74,29,34,76,95,66,22,36,8,
29	6	8	1.69	6,94,44,89,93,66,95,76,34,27,72,99,20,81,8,
29	5	15	2.553	5,23,40,55,42,29,76,34,75,52,43,90,41,50,32,25,65,86,98,15,
29	5	10	2.204	5,23,40,55,42,29,76,34,27,75,52,41,43,90,53,51,48,57,39,33,10,
29	5	14	2.479	5,40,55,42,29,76,34,27,75,52,43,90,47,49,37,28,46,63,26,14,
29	5	11	2.465	5,23,40,55,42,29,34,76,27,72,75,52,41,43,90,53,47,49,37,11,
29	5	9	2.081	5,23,40,55,42,29,76,34,27,75,52,41,90,53,51,48,57,39,92,9,
29	5	13	2.444	5,23,40,55,42,29,76,34,27,75,52,43,90,47,49,37,62,28,46,13,
29	5	12	2.381	5,23,40,55,42,29,76,34,27,75,52,41,43,90,47,49,37,62,28,17,12,
29	7	10	1.816	7,93,22,66,95,76,34,27,72,99,51,48,57,39,33,10,
29	7	8	1.751	7,83,89,93,22,66,95,76,34,27,72,99,20,81,8,
29	6	9	1.724	6,94,44,89,93,22,66,95,76,34,27,72,20,92,9,
29	7	9	1.716	7,93,22,66,95,76,34,27,72,99,51,48,57,39,92,9,
29	7	11	2.182	7,93,22,66,95,76,34,27,75,52,41,43,90,53,47,49,37,11,
29	6	10	2.078	6,94,44,89,93,22,66,95,76,34,27,72,99,51,48,57,39,33,10,
29	6	15	2.508	6,94,44,29,76,34,75,52,43,90,47,49,37,62,88,70,79,80,64,98,15,
29	6	14	2.36	6,94,44,29,76,34,27,75,52,43,90,47,49,37,62,28,46,63,26,14,
29	6	11	2.279	6,83,89,93,22,66,95,76,34,27,75,52,41,43,90,47,49,37,11,
29	6	13	2.426	6,94,44,29,76,34,27,75,52,41,43,90,53,47,49,37,62,28,46,13,
29	6	12	2.337	6,94,44,89,93,22,66,95,76,34,27,75,52,43,90,47,49,37,17,12,
29	8	10	1.812	8,81,91,72,27,75,52,43,90,53,51,48,57,39,33,10,
29	8	11	2.009	8,36,22,66,76,34,27,75,52,43,90,47,49,37,11,
29	8	9	1.733	8,36,22,66,95,76,34,27,72,99,51,48,57,39,92,9,
29	8	12	2.018	8,81,91,20,72,27,75,52,41,43,90,47,49,37,17,12,
29	7	15	2.499	7,93,66,95,76,34,27,75,52,43,90,47,49,37,62,88,70,79,80,64,98,15,
29	8	14	2.386	8,36,22,66,95,72,27,75,52,43,90,47,49,62,88,70,79,80,63,26,14,
29	7	14	2.368	7,93,66,76,34,27,75,52,43,90,47,49,37,62,28,70,79,80,63,26,14,
29	8	15	2.557	8,36,22,66,95,76,34,27,75,52,43,90,47,49,62,88,70,79,80,64,98,15,
29	7	12	2.23	7,93,22,66,95,76,34,27,75,52,41,43,90,47,49,37,62,28,17,12,
29	8	13	2.417	8,36,22,66,95,76,34,27,75,52,43,90,53,47,49,37,62,28,46,13,
29	7	13	2.435	7,93,22,66,95,76,34,27,75,52,41,43,90,53,47,49,37,28,46,13,
29	10	14	2.042	10,33,39,57,48,51,47,49,37,62,28,70,79,80,63,26,14,
29	9	10	2.016	9,33,39,57,20,72,27,75,52,41,43,90,53,51,48,10,
29	9	11	2.011	9,92,39,57,33,48,51,53,43,52,41,90,47,49,62,37,11,
29	10	11	2.178	10,33,39,57,20,72,27,75,52,41,43,90,47,49,37,11,
29	9	14	2.251	9,92,39,57,48,51,53,43,41,90,47,49,37,62,28,70,79,80,63,26,14,
29	10	15	2.468	10,33,39,57,48,51,53,43,41,90,47,49,37,62,28,70,79,80,64,98,15,
29	10	13	2.165	10,33,39,57,48,51,53,43,41,90,47,49,37,62,28,46,13,
29	10	12	2.072	10,33,39,57,48,51,53,43,52,41,90,47,49,62,37,17,12,
29	9	12	1.972	9,92,39,57,48,51,53,43,52,41,90,47,49,62,37,17,12,
29	9	13	2.09	9,92,39,57,48,51,53,43,52,41,90,47,49,62,28,46,13,
29	9	15	2.475	9,92,39,57,48,51,53,43,52,41,90,47,49,37,62,28,70,79,80,86,98,15,
29	11	14	2.327	11,37,62,49,47,90,43,52,41,50,88,70,79,80,63,26,14,
29	12	14	2.322	12,17,37,49,47,90,43,52,41,50,88,70,79,80,63,26,14,
29	13	14	2.364	13,63,80,79,70,32,25,65,73,24,38,96,31,98,64,26,14,
29	13	15	2.469	13,63,64,98,86,80,79,70,32,25,65,73,24,38,96,31,15,
29	12	15	2.436	12,17,37,62,49,47,90,43,52,41,50,32,25,65,86,98,15,
29	14	15	2.21	14,26,63,80,79,70,32,25,65,73,24,38,96,86,98,15,
29	11	13	2.526	11,48,51,53,43,52,41,90,47,49,37,62,88,70,79,46,13,
29	12	13	2.499	12,17,28,62,37,49,47,53,90,43,52,41,50,88,70,46,13,
29	11	15	2.713	11,48,51,53,43,52,41,90,47,49,37,62,88,70,79,80,63,64,98,15,
29	11	12	2.455	11,48,51,99,72,27,75,52,43,90,47,49,62,37,17,12,
