323	0	1	2.15	0,93,42,56,44,81,61,47,43,82,66,45,41,37,36,1,
323	0	2	2.25	0,48,31,93,42,56,81,47,43,82,66,45,41,37,97,2,
323	0	3	2.022	0,31,48,75,45,66,82,35,90,19,60,86,24,39,71,3,
323	0	4	2.254	0,93,31,48,75,45,66,82,35,41,19,60,91,86,24,39,71,4,
323	0	5	2.603	0,31,48,75,45,66,35,90,30,52,72,62,89,74,25,88,98,18,80,53,5,
323	0	6	2.502	0,31,48,75,45,66,35,90,88,25,74,52,72,62,89,63,26,92,33,6,
323	0	7	2.509	0,31,48,75,45,35,90,88,25,74,52,72,62,23,77,16,64,32,7,
323	0	8	2.423	0,31,48,75,45,35,90,88,25,74,52,72,62,77,59,16,64,32,8,
323	0	9	2.633	0,31,48,75,45,66,35,90,88,25,74,52,72,23,49,96,20,34,46,9,
323	0	10	2.566	0,93,31,48,75,45,66,82,43,40,79,85,22,95,50,84,38,65,76,10,
323	0	11	2.698	0,31,48,75,45,66,35,90,30,52,72,23,96,20,99,76,65,38,84,11,
323	0	12	2.659	0,93,31,48,75,37,41,45,66,82,43,40,73,47,61,69,83,57,12,
323	0	13	2.099	0,93,31,48,75,37,41,45,66,82,43,73,83,57,29,13,
323	0	14	2.15	0,93,31,48,75,45,66,82,43,40,73,61,47,81,56,14,
323	0	15	1.937	0,93,31,48,75,45,66,82,43,73,47,61,81,44,56,42,15,
323	1	2	2.436	1,36,37,41,45,66,82,35,90,19,60,86,24,39,68,2,
323	1	3	2.152	1,36,37,45,66,82,35,90,19,60,86,91,24,39,71,3,
323	1	4	2.495	1,36,37,45,66,82,35,90,25,88,19,60,86,91,24,39,71,4,
323	1	5	2.443	1,36,37,45,66,82,35,90,25,88,98,63,26,92,94,18,80,53,5,
323	1	6	2.502	1,36,37,41,35,90,30,52,72,62,89,25,88,98,63,26,92,33,6,
323	1	7	2.552	1,36,37,41,19,60,88,25,74,52,72,62,23,77,59,16,64,32,7,
323	1	8	2.514	1,36,37,41,19,60,88,25,74,52,72,62,23,77,59,16,64,32,8,
323	1	9	2.717	1,36,37,41,90,30,52,72,62,54,58,28,70,32,64,16,59,67,46,9,
323	1	10	2.688	1,36,37,41,35,90,30,74,52,72,62,23,96,20,99,76,65,38,84,10,
323	1	11	2.79	1,36,37,41,35,90,30,52,72,62,23,49,96,20,99,76,65,38,84,11,
323	1	12	2.81	1,36,37,41,45,66,75,48,31,93,42,56,44,81,47,61,69,83,57,12,
323	1	13	2.55	1,36,37,41,45,75,48,31,93,42,56,81,47,61,69,83,57,29,13,
323	1	14	2.472	1,36,37,41,45,66,82,43,40,73,47,61,69,83,57,29,55,14,
323	1	15	1.993	1,36,37,41,45,66,82,43,40,73,47,81,44,56,42,15,
323	2	3	2.258	2,36,37,41,45,35,90,19,60,91,86,24,71,39,3,
323	2	4	2.242	2,68,39,71,24,86,91,98,63,26,92,94,18,80,53,4,
323	2	5	2.086	2,68,39,71,24,86,91,98,63,26,92,94,18,80,53,5,
323	2	6	2.347	2,68,86,24,91,98,88,25,74,52,72,62,89,63,26,92,33,6,
323	2	7	2.403	2,68,60,19,88,25,74,52,72,62,54,58,28,70,16,59,64,32,7,
323	2	8	2.451	2,68,39,71,24,86,91,98,88,25,74,52,72,62,77,59,16,64,32,8,
323	2	9	2.627	2,68,60,19,88,25,74,52,72,62,58,28,70,32,64,16,59,67,46,9,
323	2	10	2.497	2,68,60,19,88,25,74,52,72,62,23,96,20,99,76,65,38,84,10,
323	2	11	2.601	2,68,60,19,88,25,74,52,72,23,49,96,20,99,76,65,38,84,11,
323	2	12	2.845	2,68,60,19,88,25,74,52,72,96,20,99,76,65,38,84,50,95,87,21,12,
323	2	13	2.769	2,97,37,41,45,66,75,48,31,93,42,56,44,81,47,61,69,83,57,29,13,
323	2	14	2.591	2,97,37,75,48,31,93,42,56,44,81,47,61,69,83,57,29,55,14,
323	2	15	2.375	2,97,37,41,35,45,66,82,43,40,73,61,47,81,44,56,42,15,
323	3	4	1.985	3,71,39,24,86,91,88,98,63,26,92,94,18,80,78,4,
323	3	5	1.884	3,71,39,24,86,91,88,98,63,26,92,94,18,80,53,5,
323	3	6	1.882	3,71,39,24,86,91,98,88,25,74,89,63,26,92,33,6,
323	3	7	2.106	3,71,39,24,86,91,98,88,25,74,52,72,62,77,59,16,70,7,
323	3	8	2.166	3,71,39,24,86,91,98,88,25,74,52,72,62,23,77,16,64,32,8,
323	3	9	2.374	3,71,39,24,86,91,18,94,92,26,54,58,28,70,32,64,16,59,67,46,9,
323	3	10	2.465	3,71,39,24,86,91,98,88,25,74,52,72,23,49,96,20,99,76,65,38,84,10,
323	3	11	2.379	3,71,39,24,86,91,98,88,25,74,52,72,96,20,99,65,38,84,11,
323	3	12	2.523	3,71,39,24,86,91,98,88,25,89,62,52,72,22,95,87,21,12,
323	3	13	2.55	3,71,39,24,86,91,60,19,41,45,66,82,43,40,73,69,83,57,29,13,
323	3	14	2.468	3,71,39,24,86,91,60,19,41,45,66,82,43,40,73,47,61,14,
323	3	15	2.199	3,71,39,24,86,91,60,19,41,45,66,82,47,81,44,56,42,15,
323	4	5	1.877	4,71,24,86,91,88,98,63,26,92,94,18,78,80,53,5,
323	4	6	1.842	4,71,39,24,86,91,98,88,25,74,89,63,26,92,33,6,
323	4	7	1.949	4,71,39,24,86,91,18,94,26,92,54,58,28,16,64,32,7,
323	4	8	2.078	4,71,39,24,86,91,98,88,25,74,52,72,62,77,59,16,64,32,8,
323	4	9	2.332	4,71,39,24,86,91,98,88,25,74,52,72,62,77,16,59,67,17,9,
323	4	10	2.303	4,71,39,24,86,91,98,88,25,74,52,72,23,96,20,99,65,38,84,10,
323	4	11	2.391	4,71,39,24,86,91,98,88,25,74,52,72,96,20,99,76,65,38,84,11,
323	4	12	2.561	4,71,39,24,86,91,98,88,25,74,89,62,52,72,22,50,95,87,21,12,
323	4	13	2.694	4,71,39,24,86,91,98,88,25,74,52,72,85,79,40,73,69,83,57,29,13,
323	4	14	2.727	4,71,39,24,86,91,60,19,41,45,66,82,43,47,61,69,83,57,29,55,14,
323	4	15	2.454	4,71,39,24,86,91,60,19,41,45,66,82,43,73,61,47,81,44,56,42,15,
323	5	6	1.836	5,53,80,78,71,39,24,86,91,18,94,63,26,92,33,6,
323	5	7	1.807	5,53,80,78,18,94,26,92,54,58,28,77,59,16,64,32,70,7,
323	5	8	1.835	5,53,80,18,94,92,26,54,58,28,70,32,64,16,59,67,17,8,
323	5	9	2.075	5,53,80,78,18,94,92,26,54,58,28,70,32,64,16,59,67,17,46,9,
323	5	10	2.273	5,53,80,78,18,98,88,25,74,52,72,23,96,20,99,76,65,38,84,10,
323	5	11	2.407	5,53,80,18,98,88,25,74,52,72,62,23,96,20,99,76,65,38,84,11,
323	5	12	2.59	5,53,80,78,18,94,92,26,63,98,88,25,74,52,72,22,50,95,87,21,12,
323	5	13	2.582	5,53,80,78,71,39,24,86,60,19,41,45,66,82,43,73,83,57,29,13,
323	5	14	2.602	5,53,80,78,71,39,24,86,91,60,19,41,45,66,82,43,47,61,55,14,
323	5	15	2.321	5,53,80,78,71,39,24,86,91,60,19,41,37,75,48,31,93,42,15,
323	6	7	1.884	6,33,92,26,63,98,88,25,74,52,62,77,16,70,7,
323	6	8	1.714	6,33,92,26,54,58,28,70,32,64,16,59,67,46,17,8,
323	6	9	2.175	6,33,92,26,63,98,88,25,74,52,72,62,77,16,59,67,46,9,
323	6	10	2.172	6,33,92,26,54,58,28,70,32,64,16,59,67,34,76,65,38,84,10,
323	6	11	2.349	6,33,92,26,54,58,28,70,32,64,16,59,67,34,99,76,65,38,84,11,
323	6	12	2.525	6,33,54,58,28,70,32,64,16,59,67,34,99,65,38,84,50,95,87,21,12,
323	6	13	2.533	6,33,92,26,63,98,88,25,74,89,62,52,72,85,27,83,57,29,13,
323	6	14	2.764	6,33,92,26,63,98,88,25,74,89,62,52,72,85,79,40,73,43,47,61,14,
323	6	15	2.556	6,33,92,26,63,98,88,25,74,52,72,85,79,40,43,47,81,44,56,42,15,
323	7	8	1.875	7,32,64,16,70,28,54,58,77,23,96,20,34,46,17,8,
323	7	9	1.935	7,32,64,59,16,70,28,54,58,77,23,49,96,20,34,46,9,
323	7	10	1.766	7,70,32,64,16,59,67,17,46,34,99,76,65,38,84,10,
323	7	11	2.359	7,32,64,67,59,16,70,28,54,58,77,23,96,20,99,76,65,38,84,11,
323	7	12	2.416	7,70,32,64,16,59,77,23,49,96,20,34,99,76,65,38,84,50,95,87,21,12,
323	7	13	2.519	7,32,64,16,59,67,34,99,76,65,38,84,50,95,87,21,57,83,69,29,13,
323	7	14	2.715	7,70,32,64,16,59,67,17,46,34,99,76,65,38,84,50,95,27,83,69,55,14,
323	7	15	2.685	7,32,64,59,16,70,28,58,54,62,52,72,85,79,40,43,47,81,44,56,42,15,
323	8	9	1.892	8,67,59,16,64,32,70,28,54,58,77,23,49,34,46,9,
323	8	10	1.737	8,32,64,16,59,67,17,46,34,20,99,76,65,38,84,10,
323	8	11	2.187	8,17,67,64,32,70,16,59,77,23,49,96,20,99,76,65,38,84,11,
323	8	12	2.346	8,32,64,70,16,59,67,17,46,34,20,99,76,65,38,84,50,95,87,21,12,
323	8	13	2.481	8,32,64,16,59,67,34,99,76,65,38,84,50,95,87,21,57,83,69,29,13,
323	8	14	2.686	8,32,64,16,59,67,17,46,34,20,99,76,65,38,84,50,95,27,83,69,55,14,
323	8	15	2.568	8,32,64,59,16,70,28,58,54,62,52,72,85,79,40,43,47,81,56,42,15,
323	9	10	1.93	9,46,17,67,59,16,77,23,96,20,99,76,65,38,84,10,
323	9	11	2.044	9,46,17,67,59,16,77,23,96,20,99,76,65,38,84,11,
323	9	12	2.125	9,46,17,67,49,96,20,99,76,65,38,84,50,95,87,21,12,
323	9	13	2.147	9,46,34,99,76,65,38,84,50,95,87,21,57,83,69,29,13,
323	9	14	2.622	9,46,34,20,99,76,65,38,84,95,50,22,85,79,40,73,43,47,61,14,
323	9	15	2.516	9,46,34,20,99,76,65,38,84,50,95,22,85,79,40,43,47,81,56,42,15,
323	10	11	2.382	10,38,65,76,99,20,96,49,23,62,52,72,22,50,95,87,11,
323	10	12	2.417	10,84,38,65,99,20,96,23,62,52,72,22,95,87,21,12,
323	10	13	2.253	10,38,65,84,50,95,22,85,79,40,43,73,69,83,57,29,13,
323	10	14	2.662	10,84,38,65,99,20,96,23,62,52,72,85,79,40,43,47,61,14,
323	10	15	2.504	10,84,38,65,76,99,20,96,22,85,79,40,43,47,61,81,44,56,42,15,
323	11	12	2.531	11,84,38,65,99,20,96,23,62,52,72,22,95,87,21,12,
323	11	13	2.398	11,84,38,65,50,95,22,85,79,40,43,73,69,83,57,29,13,
323	11	14	2.446	11,84,38,65,76,99,22,85,79,40,73,43,47,61,55,14,
323	11	15	2.544	11,84,38,65,76,99,34,20,96,22,85,79,40,43,47,81,56,42,15,
323	12	13	2.487	12,21,87,95,50,84,38,65,76,99,22,85,27,83,69,29,13,
323	12	14	2.506	12,57,83,69,73,43,82,66,45,75,48,31,93,42,56,81,14,
323	12	15	2.275	12,21,87,95,50,22,85,79,40,73,43,47,81,44,56,42,15,
323	13	14	2.303	13,29,57,69,83,73,43,82,66,45,75,48,31,93,42,56,14,
323	13	15	2.042	13,29,57,69,83,27,79,40,73,43,47,61,81,44,56,42,15,
323	14	15	2.11	14,55,29,57,69,83,27,79,40,73,43,47,81,44,56,42,15,
