349	0	1	1.637	0,38,18,99,87,97,26,70,66,44,85,69,21,64,1,
349	0	2	1.78	0,38,18,99,69,21,64,80,57,88,48,39,83,22,19,2,
349	0	3	2.127	0,38,18,99,87,97,26,44,66,36,77,79,88,57,39,83,22,37,3,
349	0	4	2.364	0,38,18,99,69,21,64,80,57,88,48,28,61,72,62,78,25,76,4,
349	0	5	2.346	0,38,18,99,69,21,64,80,35,83,39,52,62,78,49,23,45,59,5,
349	0	6	2.394	0,38,18,99,69,67,88,57,48,28,61,96,55,41,73,75,31,43,47,40,6,
349	0	7	2.529	0,38,18,99,69,67,88,57,48,28,61,96,55,41,73,75,31,43,47,53,7,
349	0	8	2.546	0,38,18,99,85,44,66,81,84,93,29,65,95,90,20,71,42,58,8,
349	0	9	2.525	0,38,18,99,85,44,66,81,84,98,93,29,65,95,90,20,71,89,86,9,
349	0	10	2.361	0,38,18,99,87,97,26,44,66,81,84,94,74,98,93,92,16,17,10,
349	0	11	2.268	0,38,18,99,87,97,26,44,66,81,84,94,74,98,93,92,16,17,11,
349	0	12	2.049	0,38,18,99,87,97,26,44,66,56,81,84,94,74,98,93,63,91,12,
349	0	13	1.888	0,38,18,99,85,87,97,26,44,66,81,84,94,74,98,93,63,13,
349	0	14	1.532	0,38,18,99,87,97,26,44,66,56,81,84,94,74,14,
349	0	15	1.588	0,38,18,99,85,44,66,81,84,94,56,70,26,97,15,
349	1	2	2.031	1,64,21,38,18,99,69,67,88,48,57,39,83,22,19,2,
349	1	3	2.071	1,64,21,38,18,99,69,67,88,48,57,39,83,22,37,3,
349	1	4	2.21	1,80,57,88,48,28,61,96,55,41,73,75,62,78,25,4,
349	1	5	2.118	1,35,80,57,88,48,28,61,72,62,78,49,23,45,59,5,
349	1	6	2.376	1,35,80,57,48,28,61,96,55,41,73,75,31,43,47,23,59,45,6,
349	1	7	2.518	1,80,35,83,39,57,88,48,28,61,96,55,41,73,75,31,43,47,53,7,
349	1	8	2.579	1,80,35,60,83,39,57,88,48,28,61,96,55,41,20,71,42,58,8,
349	1	9	2.708	1,80,35,60,83,39,57,88,48,28,61,96,55,41,71,20,82,50,89,86,9,
349	1	10	2.629	1,64,21,69,18,99,87,97,26,44,66,81,84,98,93,92,16,17,10,
349	1	11	2.371	1,64,21,69,18,99,87,97,26,44,66,81,84,94,98,63,91,32,11,
349	1	12	2.175	1,64,21,69,38,18,99,87,97,26,44,66,81,84,94,98,63,91,12,
349	1	13	1.992	1,64,21,69,38,18,99,87,97,26,44,66,81,84,98,94,74,13,
349	1	14	1.875	1,64,21,69,38,18,99,87,97,26,44,66,81,84,94,74,14,
349	1	15	1.646	1,35,80,64,21,69,18,99,85,44,66,70,26,97,15,
349	2	3	2.253	2,35,80,64,21,38,18,99,69,67,88,57,39,83,22,37,3,
349	2	4	2.196	2,60,83,39,48,28,61,96,55,41,73,75,62,78,25,4,
349	2	5	2.064	2,60,83,39,57,88,48,28,61,72,62,78,49,23,59,5,
349	2	6	2.283	2,60,83,39,57,48,28,61,96,55,41,73,75,24,43,31,47,40,6,
349	2	7	2.51	2,19,22,83,39,57,48,28,61,96,55,41,73,75,31,43,47,51,27,7,
349	2	8	2.513	2,19,22,83,39,57,88,48,28,61,96,55,41,20,71,68,42,58,8,
349	2	9	2.535	2,19,22,83,39,57,48,28,61,96,55,41,71,20,82,50,89,86,9,
349	2	10	2.844	2,35,80,64,21,69,18,99,85,44,66,81,84,94,98,63,91,32,17,10,
349	2	11	2.648	2,35,80,64,21,69,18,99,85,44,66,81,84,94,74,98,63,91,32,11,
349	2	12	2.36	2,35,80,64,21,69,38,18,99,85,44,66,81,84,94,98,63,91,12,
349	2	13	2.119	2,35,80,64,21,69,38,18,99,87,97,26,44,66,81,84,94,74,13,
349	2	14	2.191	2,35,80,64,21,69,38,18,99,87,97,26,44,66,81,84,94,74,14,
349	2	15	2.064	2,19,22,60,35,80,64,21,69,38,18,99,85,44,66,70,26,97,15,
349	3	4	2.237	3,37,19,22,83,39,57,88,48,28,61,72,62,78,25,76,4,
349	3	5	2.164	3,37,22,83,39,57,48,28,61,72,62,78,49,23,59,5,
349	3	6	2.173	3,37,22,83,39,57,88,48,28,61,72,75,31,43,47,40,6,
349	3	7	2.272	3,37,22,83,39,57,48,28,61,72,75,31,43,47,53,7,
349	3	8	2.542	3,37,19,22,83,39,57,88,48,28,61,96,55,41,71,68,42,58,8,
349	3	9	2.575	3,37,22,83,39,57,48,28,61,96,55,41,71,20,82,50,89,86,9,
349	3	10	2.599	3,37,19,22,83,39,57,88,48,28,61,96,55,41,71,20,82,50,30,10,
349	3	11	2.673	3,37,22,19,60,83,39,57,88,48,28,79,77,46,29,65,95,92,16,17,11,
349	3	12	2.624	3,37,22,60,35,80,64,21,69,38,18,99,85,44,66,81,84,94,98,63,12,
349	3	13	2.418	3,37,22,19,60,35,80,64,21,69,18,99,87,97,26,44,66,81,84,94,74,13,
349	3	14	2.326	3,37,22,19,60,35,80,64,21,69,38,18,99,85,87,97,26,44,66,70,14,
349	3	15	2.272	3,37,22,19,60,35,80,64,21,69,18,38,99,85,44,66,70,26,97,87,15,
349	4	5	2.208	4,76,25,78,62,72,75,24,43,47,31,49,34,23,45,59,5,
349	4	6	2.223	4,76,25,78,62,72,75,24,43,47,31,49,23,59,45,40,6,
349	4	7	2.367	4,76,25,78,62,72,55,41,73,75,24,43,31,47,51,27,7,
349	4	8	2.617	4,76,25,78,62,75,73,41,55,96,33,90,20,71,68,42,58,8,
349	4	9	2.823	4,76,25,78,62,72,55,41,73,75,24,43,31,47,51,68,42,58,54,86,9,
349	4	10	2.784	4,76,25,78,62,72,75,73,41,55,96,33,29,65,95,92,16,17,10,
349	4	11	2.827	4,34,49,31,43,24,75,73,41,55,96,33,29,65,95,92,16,17,11,
349	4	12	2.607	4,76,25,78,62,75,73,41,55,96,33,95,65,29,93,98,63,91,12,
349	4	13	2.585	4,76,25,78,62,75,73,41,55,96,33,65,29,93,63,98,84,94,74,13,
349	4	14	2.49	4,76,37,22,19,60,35,80,64,21,69,18,99,87,97,26,44,66,70,14,
349	4	15	2.414	4,76,3,37,19,22,83,60,35,80,64,21,69,18,38,99,85,87,26,97,15,
349	5	6	2.145	5,59,45,23,34,49,78,62,75,73,24,43,31,47,53,40,6,
349	5	7	2.197	5,59,45,23,34,49,31,47,43,24,51,68,42,58,27,7,
349	5	8	2.092	5,59,45,23,34,49,31,47,43,24,51,27,68,42,58,8,
349	5	9	2.58	5,45,59,23,34,49,78,62,75,24,43,31,47,51,68,42,58,54,86,9,
349	5	10	2.584	5,59,23,45,47,43,31,49,78,62,75,73,41,55,96,90,82,50,30,10,
349	5	11	2.599	5,59,23,45,47,43,31,75,73,41,55,96,33,29,65,95,92,16,17,11,
349	5	12	2.489	5,59,23,45,47,43,31,75,73,41,55,96,33,65,29,93,98,63,12,
349	5	13	2.453	5,59,23,45,47,43,31,75,73,41,55,96,33,65,29,93,98,84,94,74,13,
349	5	14	2.469	5,59,23,49,78,62,75,73,41,55,96,33,29,93,98,84,94,74,14,
349	5	15	2.418	5,59,23,47,43,31,75,73,41,55,96,33,46,36,66,44,26,97,15,
349	6	7	2.208	6,40,45,59,23,34,49,47,31,43,24,68,42,58,27,7,
349	6	8	2.098	6,40,45,59,23,34,49,31,47,43,24,68,42,27,58,8,
349	6	9	2.48	6,40,45,59,23,49,78,62,75,31,43,47,51,68,42,58,54,86,9,
349	6	10	2.489	6,40,45,59,23,49,31,43,47,51,68,42,71,20,90,82,50,30,10,
349	6	11	2.563	6,40,45,59,23,49,78,62,75,73,41,55,96,33,95,92,16,17,11,
349	6	12	2.591	6,45,59,23,47,43,31,75,73,41,55,96,33,65,29,93,98,63,91,12,
349	6	13	2.527	6,40,53,47,31,43,24,75,73,41,55,96,33,65,29,93,98,84,94,74,13,
349	6	14	2.52	6,45,59,23,47,43,31,75,73,41,55,96,33,29,93,98,84,94,74,14,
349	6	15	2.515	6,40,47,43,31,75,73,41,55,96,61,28,79,77,46,36,66,44,26,97,15,
349	7	8	2.108	7,53,40,45,59,23,34,49,31,47,43,24,68,42,58,8,
349	7	9	2.213	7,53,40,45,59,23,49,31,43,51,68,42,58,54,86,9,
349	7	10	2.448	7,53,40,45,59,23,49,31,43,47,51,68,42,89,50,30,10,
349	7	11	2.548	7,53,47,43,31,75,73,41,55,96,33,29,65,95,92,16,32,11,
349	7	12	2.618	7,27,51,47,43,31,75,73,41,55,96,33,65,29,93,98,63,91,12,
349	7	13	2.479	7,53,47,31,43,24,75,73,41,55,96,33,29,93,98,84,94,74,13,
349	7	14	2.599	7,53,47,31,43,24,75,73,41,55,96,33,65,29,93,98,84,94,74,14,
349	7	15	2.566	7,27,68,42,71,20,90,95,65,29,93,98,94,84,81,66,44,26,97,15,
349	8	9	2.431	8,58,42,68,51,47,43,31,75,73,55,41,71,89,86,9,
349	8	10	2.45	8,58,42,68,71,20,90,33,29,65,95,92,16,17,10,
349	8	11	2.588	8,58,42,68,24,73,41,55,96,33,29,65,95,92,16,17,11,
349	8	12	2.388	8,58,42,71,20,90,95,65,29,93,98,84,94,74,63,91,12,
349	8	13	2.551	8,58,42,68,24,75,73,41,55,96,33,29,65,93,98,84,94,74,13,
349	8	14	2.648	8,58,42,68,71,20,90,95,65,29,93,98,74,94,84,81,66,44,70,14,
349	8	15	2.48	8,58,42,68,71,20,90,95,65,29,93,98,94,84,81,66,44,26,97,15,
349	9	10	2.489	9,86,54,58,42,68,51,43,47,31,24,71,20,82,50,30,10,
349	9	11	2.474	9,86,89,50,82,20,71,41,55,96,33,95,92,16,32,11,
349	9	12	2.26	9,89,71,20,90,95,65,29,93,98,84,94,74,63,12,
349	9	13	2.061	9,86,89,50,82,20,90,95,65,29,93,98,84,94,74,13,
349	9	14	2.389	9,86,54,58,42,68,71,20,90,95,65,29,93,98,84,94,74,14,
349	9	15	2.432	9,89,71,20,90,95,65,29,93,98,74,94,84,81,66,44,26,97,15,
349	10	11	2.408	10,17,16,92,95,65,29,93,98,84,94,74,63,91,32,11,
349	10	12	2.365	10,30,50,71,20,90,95,65,29,93,98,94,74,63,91,12,
349	10	13	2.108	10,30,50,82,71,20,90,95,65,29,93,98,84,94,74,13,
349	10	14	2.446	10,17,16,92,65,29,93,63,98,74,94,84,81,66,44,70,14,
349	10	15	2.366	10,30,17,16,92,95,65,29,93,98,74,94,84,81,66,44,26,97,15,
349	11	12	2.323	11,17,16,92,95,65,29,93,98,84,94,74,63,91,32,12,
349	11	13	2.232	11,32,16,92,95,65,29,93,91,63,98,94,84,56,74,13,
349	11	14	2.224	11,32,16,92,95,65,29,93,98,74,94,84,81,66,44,70,14,
349	11	15	2.172	11,17,16,92,95,65,29,93,98,74,94,84,81,66,44,26,97,15,
349	12	13	2.198	12,91,63,93,98,94,84,81,66,44,26,70,56,74,13,
349	12	14	2.032	12,91,63,93,98,74,94,84,81,56,66,44,26,70,14,
349	12	15	2.009	12,63,74,94,84,81,56,66,44,85,99,18,38,87,97,26,15,
349	13	14	1.85	13,74,94,84,81,66,44,85,99,18,38,87,26,70,14,
349	13	15	1.534	13,74,94,84,81,66,44,85,99,18,38,87,26,97,15,
349	14	15	1.691	14,56,74,94,84,81,66,44,85,99,18,38,87,97,15,
