351	0	1	2.292	0,99,67,61,63,39,89,72,88,85,69,48,77,38,18,54,1,
351	0	2	2.156	0,99,89,39,63,61,67,38,18,54,70,35,20,92,56,37,2,
351	0	3	2.566	0,26,99,39,63,61,67,38,18,54,70,35,20,92,37,56,93,95,3,
351	0	4	2.735	0,99,39,63,61,67,38,18,54,70,35,20,92,37,56,93,95,51,29,4,
351	0	5	2.86	0,99,67,38,42,47,74,82,52,17,64,21,19,66,80,83,62,5,
351	0	6	2.722	0,99,67,38,42,47,74,82,52,17,64,21,19,71,66,80,57,83,6,
351	0	7	2.725	0,99,67,38,42,47,74,82,52,17,90,64,21,19,71,66,94,65,27,7,
351	0	8	2.614	0,99,67,38,42,47,74,82,52,17,90,64,21,19,71,66,94,65,98,8,
351	0	9	2.584	0,99,67,61,63,72,88,85,69,24,58,23,87,25,91,40,97,43,50,9,
351	0	10	2.603	0,99,67,61,63,39,72,88,85,69,24,58,23,33,76,86,44,73,40,97,43,10,
351	0	11	2.325	0,99,67,38,61,63,39,72,88,85,69,24,58,23,87,25,91,60,46,11,
351	0	12	2.318	0,99,67,61,63,39,72,88,85,69,24,58,23,87,25,91,60,46,12,
351	0	13	2.521	0,99,67,61,63,39,72,88,85,69,24,58,76,33,91,25,87,23,13,
351	0	14	2.172	0,99,26,54,18,67,38,77,61,63,39,89,72,88,69,85,14,
351	0	15	2.326	0,26,18,38,42,79,36,48,69,85,88,72,63,61,39,89,15,
351	1	2	2.356	1,26,99,39,63,61,67,38,18,54,70,35,20,92,56,37,2,
351	1	3	2.381	1,54,18,35,20,92,22,53,96,62,32,55,34,51,29,95,3,
351	1	4	2.327	1,54,18,35,70,20,92,22,53,96,62,32,55,34,51,29,4,
351	1	5	2.907	1,54,18,41,47,74,82,52,17,64,21,19,71,66,80,57,62,5,
351	1	6	2.747	1,54,18,38,42,47,74,82,52,17,64,21,19,66,80,57,83,6,
351	1	7	2.702	1,54,18,38,42,47,74,82,28,90,17,64,21,19,71,66,27,7,
351	1	8	2.61	1,54,18,38,42,47,74,82,52,17,64,21,19,71,66,94,65,98,8,
351	1	9	2.745	1,54,18,67,61,63,77,48,24,58,23,87,25,91,40,97,43,75,50,9,
351	1	10	2.696	1,54,18,67,61,63,39,72,88,85,69,24,58,23,87,25,60,91,40,97,43,10,
351	1	11	2.6	1,54,18,38,61,63,39,72,88,85,69,24,58,23,33,76,86,91,60,46,11,
351	1	12	2.538	1,54,18,67,61,63,39,72,88,85,69,24,58,23,87,25,91,60,46,12,
351	1	13	2.741	1,54,18,67,61,63,39,72,88,85,69,24,58,76,33,91,25,87,23,13,
351	1	14	2.299	1,54,18,26,99,67,38,61,39,63,77,48,72,69,88,85,14,
351	1	15	2.49	1,54,18,38,77,48,69,85,88,72,39,63,61,67,99,89,15,
351	2	3	2.357	2,37,56,95,93,92,20,22,53,96,32,62,55,34,51,29,3,
351	2	4	2.277	2,37,56,95,93,92,20,22,53,96,32,62,55,34,51,29,4,
351	2	5	2.983	2,37,56,95,29,51,34,55,32,62,83,57,80,71,66,27,30,6,5,
351	2	6	2.722	2,37,56,95,51,34,55,32,62,83,57,80,71,66,94,65,27,30,6,
351	2	7	2.481	2,37,56,95,29,51,34,55,32,62,83,57,80,71,19,16,94,65,27,7,
351	2	8	2.437	2,37,56,95,29,51,34,55,32,62,83,57,80,66,71,19,16,94,65,98,8,
351	2	9	2.691	2,37,56,93,95,29,51,34,55,32,62,83,57,80,66,71,19,21,64,9,
351	2	10	2.681	2,37,70,35,41,47,74,49,52,82,28,59,44,86,73,40,97,43,10,
351	2	11	2.712	2,37,56,92,20,41,47,74,49,52,82,28,59,68,44,86,91,25,60,46,11,
351	2	12	2.642	2,37,56,93,22,53,31,49,52,82,28,59,44,86,91,25,60,46,12,
351	2	13	2.861	2,37,56,95,93,92,20,35,70,54,18,38,67,61,63,39,72,88,85,69,45,13,
351	2	14	2.569	2,37,56,92,20,70,35,18,54,26,99,67,38,61,63,39,72,88,85,14,
351	2	15	2.177	2,37,56,92,20,35,18,54,26,99,67,38,61,63,39,89,15,
351	3	4	2.268	3,95,93,56,37,20,92,22,53,96,62,32,55,34,51,29,4,
351	3	5	2.572	3,29,51,95,93,56,37,70,35,20,92,22,53,96,32,55,5,
351	3	6	2.316	3,29,51,34,55,32,62,83,57,80,66,94,65,27,30,6,
351	3	7	2.375	3,95,29,51,34,55,32,62,83,57,80,66,71,19,21,16,94,65,27,7,
351	3	8	2.382	3,95,29,51,34,55,32,62,83,57,80,66,71,19,21,64,16,94,65,98,8,
351	3	9	2.704	3,95,29,51,34,55,32,62,83,57,80,66,71,19,21,64,16,94,65,98,9,
351	3	10	2.588	3,29,51,34,32,62,83,57,80,66,19,21,64,90,81,75,97,43,10,
351	3	11	2.715	3,29,51,34,55,32,62,83,57,80,66,19,21,64,17,90,81,75,97,43,84,11,
351	3	12	2.671	3,95,93,22,53,31,49,74,82,28,59,68,44,86,91,25,60,46,12,
351	3	13	2.771	3,95,93,92,20,35,70,54,18,38,67,61,39,63,77,48,72,88,85,45,13,
351	3	14	2.644	3,95,93,56,37,92,20,35,70,54,18,38,61,63,77,48,72,88,85,14,
351	3	15	2.533	3,95,93,92,20,35,70,54,18,38,61,63,77,48,69,85,88,72,15,
351	4	5	2.492	4,29,51,95,93,56,37,70,35,20,92,22,53,96,32,55,5,
351	4	6	2.21	4,34,55,32,62,83,57,80,66,71,19,94,65,27,30,6,
351	4	7	1.947	4,34,55,32,62,83,57,80,71,19,21,16,94,65,27,7,
351	4	8	2.215	4,29,51,34,55,32,62,83,57,80,66,71,19,21,64,16,94,65,98,8,
351	4	9	2.537	4,29,51,34,55,32,62,83,57,80,66,71,19,21,64,16,94,65,98,9,
351	4	10	2.358	4,34,32,62,83,57,80,66,19,21,64,17,90,81,75,97,43,10,
351	4	11	2.441	4,34,55,32,62,83,57,80,66,19,21,64,17,90,81,75,97,43,84,11,
351	4	12	2.673	4,34,32,62,83,57,80,66,19,21,64,17,90,28,59,68,76,33,87,12,
351	4	13	2.694	4,29,51,95,93,92,20,35,70,54,18,38,61,63,39,72,88,85,45,13,
351	4	14	2.689	4,29,51,95,93,92,20,35,70,54,18,38,67,61,63,39,89,72,88,85,14,
351	4	15	2.781	4,51,34,55,32,62,96,53,22,92,20,35,70,54,18,38,61,63,39,89,15,
351	5	6	2.056	5,55,32,62,83,57,80,66,71,19,16,94,65,27,30,6,
351	5	7	1.816	5,55,32,62,83,57,80,66,71,19,21,16,94,65,27,7,
351	5	8	1.823	5,55,32,62,83,57,80,66,71,19,21,64,16,94,65,98,8,
351	5	9	2.378	5,55,32,62,83,57,80,66,71,19,21,64,17,90,81,75,50,9,
351	5	10	2.243	5,55,32,62,83,57,80,66,71,21,64,90,81,73,40,97,43,10,
351	5	11	2.295	5,55,32,62,83,57,80,66,19,21,64,17,90,81,73,40,97,43,84,11,
351	5	12	2.513	5,55,32,62,83,57,80,66,71,19,21,64,17,28,59,68,76,33,87,12,
351	5	13	2.556	5,55,32,62,83,57,80,71,19,21,64,17,28,59,68,76,33,23,13,
351	5	14	2.721	5,55,32,62,83,57,78,31,49,82,28,59,68,76,33,23,58,24,69,88,85,14,
351	5	15	2.783	5,55,32,62,83,57,80,66,71,78,31,49,74,47,42,77,61,63,39,89,15,
351	6	7	2.008	6,83,57,80,66,71,19,21,64,16,94,98,65,27,30,7,
351	6	8	2.213	6,5,55,32,62,83,57,80,66,71,19,21,64,16,94,65,98,8,
351	6	9	2.288	6,83,57,80,66,19,21,64,17,90,81,73,40,97,43,50,9,
351	6	10	2.149	6,83,57,80,66,71,19,21,64,17,90,81,73,75,40,97,43,10,
351	6	11	2.259	6,83,57,80,66,71,19,21,64,17,28,59,44,86,91,60,46,11,
351	6	12	2.499	6,80,66,71,19,21,64,17,90,81,75,43,97,40,91,25,60,46,12,
351	6	13	2.592	6,83,57,80,66,71,19,21,64,17,90,28,59,68,76,33,23,58,24,13,
351	6	14	2.65	6,83,57,80,66,19,21,64,17,28,59,68,76,33,23,58,24,69,88,85,14,
351	6	15	2.744	6,83,57,80,71,19,21,64,17,52,82,74,79,36,48,77,63,61,39,89,15,
351	7	8	1.953	7,27,30,80,83,57,71,66,19,21,64,16,94,65,98,8,
351	7	9	1.996	7,27,66,19,21,64,17,90,81,73,40,97,43,50,9,
351	7	10	1.765	7,27,65,94,19,21,64,17,90,81,73,40,97,43,10,
351	7	11	1.747	7,27,66,19,21,64,17,90,81,73,40,97,43,84,11,
351	7	12	2.324	7,27,65,94,19,21,64,17,90,81,75,43,97,40,91,25,60,46,12,
351	7	13	2.532	7,27,65,94,19,21,64,17,90,81,73,75,43,97,40,91,25,87,23,13,
351	7	14	2.603	7,27,65,94,16,19,21,64,17,28,59,44,86,76,33,23,58,24,69,88,85,14,
351	7	15	2.674	7,27,66,19,21,64,17,90,28,59,68,76,33,23,58,24,69,85,88,72,15,
351	8	9	1.943	8,65,94,19,21,64,17,90,81,73,40,97,43,50,9,
351	8	10	1.698	8,98,65,94,16,19,21,64,17,90,81,73,40,97,43,10,
351	8	11	1.696	8,98,65,94,16,19,21,64,17,90,81,75,97,43,84,11,
351	8	12	2.048	8,98,65,94,19,21,64,17,90,81,73,86,91,25,60,46,12,
351	8	13	2.363	8,98,65,94,16,19,21,64,17,90,28,59,44,86,76,33,23,58,24,13,
351	8	14	2.425	8,98,65,94,16,19,21,64,17,90,28,59,68,76,33,23,58,24,69,88,85,14,
351	8	15	2.539	8,98,65,94,66,71,19,21,64,17,52,82,74,47,42,77,63,61,39,89,15,
351	9	10	2.053	9,16,94,66,71,21,64,17,90,81,73,40,97,43,10,
351	9	11	1.756	9,50,43,97,40,73,86,76,33,91,25,60,46,11,
351	9	12	2.181	9,50,75,43,97,40,60,25,91,86,44,59,68,76,33,87,12,
351	9	13	2.368	9,50,43,97,40,60,25,91,86,44,59,68,76,33,23,58,24,13,
351	9	14	2.37	9,50,75,43,97,40,60,25,91,86,76,33,23,58,24,69,88,85,14,
351	9	15	2.552	9,50,75,43,97,40,91,25,87,23,58,24,69,85,88,72,63,61,39,89,15,
351	10	11	1.651	10,43,97,40,73,86,44,59,68,76,33,25,60,46,11,
351	10	12	1.895	10,43,97,40,73,86,44,59,68,76,33,91,25,60,46,12,
351	10	13	2.003	10,43,97,40,75,73,86,76,33,91,25,87,23,58,24,13,
351	10	14	2.254	10,43,97,40,60,25,91,86,44,76,33,23,58,24,69,72,88,85,14,
351	10	15	2.437	10,43,97,40,60,25,91,86,44,76,33,23,58,24,69,85,88,72,89,15,
351	11	12	1.761	11,46,60,25,91,40,97,43,75,73,86,76,33,87,12,
351	11	13	1.844	11,84,43,97,40,60,25,91,86,76,33,23,58,24,13,
351	11	14	1.766	11,46,60,25,91,86,44,76,33,23,58,24,69,88,85,14,
351	11	15	2.18	11,46,60,25,91,86,44,59,68,76,33,23,58,24,69,85,88,72,15,
351	12	13	2.02	12,46,60,25,91,86,44,59,68,76,33,23,58,24,45,13,
351	12	14	1.927	12,46,60,25,91,86,33,23,58,24,69,72,88,85,14,
351	12	15	2.023	12,46,60,25,91,86,33,23,58,24,69,85,88,72,15,
351	13	14	2.188	13,24,58,23,33,76,86,44,59,68,79,36,48,69,88,85,14,
351	13	15	2.212	13,23,33,76,86,44,59,68,79,36,48,77,61,63,39,89,15,
351	14	15	2.264	14,85,88,69,48,77,63,39,61,67,38,18,54,26,99,89,15,
