105	0	1	1.705	0,95,40,39,55,50,92,67,30,22,70,78,27,93,24,1,
105	0	4	2.026	0,95,40,39,55,50,92,67,66,30,22,70,78,59,79,89,64,4,
105	0	5	2.216	0,95,40,39,21,50,55,92,67,66,30,22,73,87,62,45,47,5,
105	0	6	2.351	0,95,40,39,55,50,92,67,66,30,22,73,87,62,45,43,69,35,91,6,
105	0	9	2.294	0,95,40,39,55,50,92,67,30,66,76,18,81,53,37,98,88,65,97,28,9,
105	0	3	1.841	0,95,40,39,55,50,92,67,30,22,70,78,27,96,23,41,58,3,
105	0	2	1.767	0,95,39,55,50,92,67,30,22,70,78,27,96,26,2,
105	0	8	2.483	0,95,40,39,60,55,50,92,67,22,30,66,76,18,81,77,19,42,49,83,8,
105	0	11	2.328	0,95,40,39,21,50,55,92,67,22,30,66,76,18,36,74,75,44,52,11,
105	0	7	2.322	0,95,40,39,55,50,92,67,30,22,70,73,87,62,43,69,35,91,54,7,
105	0	10	2.329	0,95,40,39,60,55,50,92,67,22,30,66,76,18,81,53,37,98,88,65,97,10,
105	1	3	1.93	1,24,33,60,92,67,30,22,70,78,27,96,23,41,58,3,
105	0	15	1.773	0,95,40,39,55,50,92,67,22,30,66,80,51,84,15,
105	0	13	1.83	0,95,40,39,21,50,55,60,92,80,17,25,57,68,13,
105	0	14	1.659	0,95,40,39,21,50,55,60,92,80,17,25,57,68,14,
105	1	5	2.304	1,24,93,33,60,55,50,92,67,22,30,66,76,87,62,45,47,5,
105	1	2	1.905	1,24,33,60,55,50,92,67,30,22,70,78,27,96,26,2,
105	1	4	2.149	1,24,33,60,55,50,92,67,66,30,22,70,78,59,79,89,64,4,
105	1	6	2.474	1,24,33,60,55,50,92,67,66,30,22,73,87,62,45,43,69,35,91,6,
105	1	7	2.427	1,24,93,27,78,70,22,30,66,76,73,87,62,45,43,69,35,91,54,7,
105	0	12	2.26	0,95,40,39,21,50,55,60,92,67,22,30,66,36,74,32,71,16,12,
105	1	8	2.619	1,24,93,33,60,55,50,92,67,22,30,66,36,18,81,77,19,42,49,83,8,
105	1	15	1.739	1,24,93,27,78,70,22,30,67,92,50,21,51,84,15,
105	1	14	1.823	1,24,93,27,78,70,22,30,67,92,55,50,21,51,85,57,14,
105	2	3	2.135	2,26,93,33,60,55,50,92,67,22,70,78,27,96,23,41,3,
105	2	5	2.166	2,63,23,96,27,78,59,79,73,87,62,45,56,47,90,5,
105	2	4	2.152	2,63,23,96,27,78,59,79,73,87,62,29,89,61,99,4,
105	2	6	2.213	2,63,23,96,27,78,59,79,73,87,62,45,43,69,35,91,6,
105	1	10	2.513	1,24,93,33,60,55,50,92,67,22,30,66,76,18,81,53,37,98,88,65,97,28,10,
105	1	13	2.069	1,24,93,27,78,70,22,30,67,92,55,50,21,51,85,57,68,13,
105	1	11	2.367	1,24,93,27,78,70,22,30,67,92,55,50,80,32,71,16,44,52,11,
105	1	12	2.322	1,24,93,27,78,70,22,30,66,67,92,60,55,50,21,80,32,71,16,12,
105	1	9	2.425	1,24,93,27,78,70,22,30,66,74,36,18,81,53,37,98,88,65,97,28,9,
105	2	14	1.92	2,26,96,27,78,70,22,30,67,92,50,21,51,85,25,57,14,
105	2	15	1.93	2,63,23,96,27,78,70,22,30,66,67,92,50,55,21,51,84,15,
105	3	5	2.151	3,58,41,23,96,27,78,59,79,73,87,62,45,47,90,5,
105	3	4	2.151	3,58,48,23,96,27,59,79,73,87,62,29,89,61,99,4,
105	2	10	2.495	2,63,23,96,27,78,70,22,30,66,36,18,81,53,37,98,88,65,97,28,10,
105	2	7	2.418	2,63,23,96,27,78,70,22,30,66,76,18,81,77,19,42,82,38,54,7,
105	2	13	2.141	2,63,23,96,27,78,70,22,30,67,92,50,21,51,85,57,68,13,
105	2	11	2.436	2,63,23,96,27,78,70,22,30,66,67,92,80,32,71,16,44,52,11,
105	2	8	2.563	2,63,23,96,27,78,70,22,30,66,76,18,81,53,37,98,88,65,83,8,
105	2	9	2.428	2,63,23,96,27,78,70,22,30,66,76,18,81,53,37,98,88,65,97,28,9,
105	2	12	2.354	2,63,23,96,27,78,70,22,30,66,67,92,60,55,50,80,32,71,16,12,
105	3	15	1.955	3,58,48,23,96,27,78,70,22,30,66,67,92,50,21,51,84,15,
105	3	14	1.979	3,58,41,23,96,27,78,70,22,30,67,92,50,21,51,85,25,57,14,
105	4	5	2.26	4,99,61,48,23,96,27,78,59,79,73,87,62,56,47,5,
105	3	6	2.19	3,58,41,23,96,27,59,79,73,87,62,45,43,69,35,91,6,
105	3	10	2.453	3,58,48,23,96,27,78,70,22,30,66,36,18,81,53,37,98,88,65,97,10,
105	3	7	2.272	3,58,48,23,96,27,78,59,79,73,87,62,45,43,69,35,91,54,7,
105	3	11	2.415	3,58,41,23,96,27,78,70,22,30,67,92,80,32,71,16,44,52,11,
105	3	13	2.196	3,58,41,23,96,27,78,70,22,30,66,67,92,55,50,21,51,17,31,13,
105	3	8	2.511	3,41,23,96,27,78,70,22,30,66,76,18,81,77,19,42,49,83,8,
105	3	9	2.41	3,58,41,23,96,27,78,70,22,30,66,36,53,37,98,88,65,97,28,9,
105	3	12	2.352	3,58,48,23,96,27,78,70,22,30,66,67,92,55,50,80,32,71,16,12,
105	4	10	2.472	4,99,61,89,29,56,45,62,87,76,18,81,53,37,98,88,65,97,10,
105	4	15	2.14	4,64,61,48,23,96,27,78,70,22,30,67,92,55,50,21,51,84,15,
105	4	14	2.168	4,99,61,48,23,96,27,78,70,22,30,66,67,92,50,21,51,85,14,
105	4	6	2.34	4,99,61,48,23,96,79,73,87,62,45,43,69,35,91,6,
105	5	6	2.551	5,90,47,45,62,87,76,18,81,77,19,42,43,69,35,91,6,
105	4	7	2.245	4,99,61,89,29,56,45,62,87,77,19,42,82,38,54,7,
105	4	11	2.417	4,99,61,48,23,96,27,78,70,22,30,66,36,74,75,44,52,11,
105	4	9	2.357	4,99,61,89,29,56,45,43,42,19,34,37,98,88,65,97,28,9,
105	4	8	2.609	4,64,61,48,23,96,27,78,59,79,73,87,77,19,42,49,83,8,
105	4	13	2.376	4,64,61,48,23,96,27,78,70,22,30,67,92,55,50,21,51,17,31,13,
105	4	12	2.457	4,64,89,79,59,78,70,22,30,66,67,92,55,50,80,32,71,16,12,
105	5	15	2.313	5,47,56,62,87,73,79,59,78,70,22,30,67,92,50,21,51,84,15,
105	5	14	2.316	5,47,45,62,87,73,22,30,66,67,92,50,55,21,51,85,25,57,14,
105	5	10	2.531	5,90,47,56,45,62,87,73,76,18,81,53,37,98,88,65,97,28,10,
105	6	7	2.357	6,91,35,69,43,45,56,62,87,77,19,42,49,82,38,54,7,
105	5	7	2.399	5,47,56,45,62,87,73,76,18,81,77,19,42,82,38,54,7,
105	6	8	2.586	6,91,35,69,43,45,56,62,87,77,34,19,42,49,82,38,8,
105	5	11	2.601	5,47,45,62,87,73,59,78,70,22,30,66,36,74,75,44,52,11,
105	5	8	2.761	5,90,47,56,45,62,87,81,18,36,74,53,34,19,42,49,83,8,
105	5	9	2.465	5,90,47,45,62,87,73,76,18,81,53,37,98,88,65,97,28,9,
105	5	13	2.5	5,47,45,62,87,73,22,30,67,92,55,50,21,51,85,57,25,68,13,
105	5	12	2.55	5,47,56,62,87,73,22,30,66,67,92,55,50,80,32,71,16,12,
105	7	10	2.148	7,54,91,35,69,43,42,19,77,34,37,98,88,65,97,28,10,
105	6	10	2.477	6,91,35,69,43,45,62,87,73,76,18,81,53,37,98,88,65,97,10,
105	6	15	2.419	6,91,35,69,43,45,62,87,73,22,30,66,67,92,50,55,21,51,84,15,
105	6	14	2.465	6,91,35,69,43,45,62,87,73,22,30,67,92,50,55,21,51,85,25,57,14,
105	7	9	2.099	7,54,38,91,35,69,43,42,19,34,37,98,88,65,97,28,9,
105	7	8	2.401	7,54,91,35,69,43,42,19,34,37,98,88,65,97,28,83,8,
105	6	9	2.315	6,54,38,91,35,69,43,42,19,34,37,98,88,65,97,28,9,
105	7	11	2.423	7,54,91,35,69,43,45,62,87,81,18,36,74,75,44,52,46,11,
105	6	13	2.572	6,91,35,69,43,45,62,87,73,22,30,66,67,92,50,80,17,31,13,
105	6	11	2.667	6,91,35,69,43,45,56,62,87,73,76,81,18,36,74,75,44,52,46,11,
105	6	12	2.642	6,91,35,69,43,62,87,73,22,30,67,92,50,80,32,71,16,12,
105	8	10	2.329	8,38,54,91,35,69,43,42,19,34,37,98,88,65,97,28,10,
105	8	14	2.499	8,83,49,42,19,77,81,18,76,66,30,67,92,50,21,51,85,25,57,14,
105	8	11	2.428	8,83,65,88,98,37,94,53,81,18,36,74,75,44,52,46,11,
105	7	15	2.381	7,54,91,35,69,43,45,62,87,73,22,30,66,67,92,50,55,39,40,15,
105	8	15	2.541	8,83,49,42,19,77,81,18,36,66,30,22,67,92,50,55,21,51,84,15,
105	7	14	2.376	7,54,91,35,69,43,62,87,73,22,30,67,92,50,21,51,85,25,57,14,
105	8	9	2.315	8,38,54,91,35,69,43,42,19,34,37,98,88,65,97,28,9,
105	8	13	2.654	8,83,49,42,19,77,81,18,76,66,30,67,92,80,17,25,57,68,13,
105	7	13	2.508	7,54,91,35,69,43,62,87,73,22,30,67,92,50,21,51,17,31,13,
105	8	12	2.704	8,83,49,42,19,77,81,18,76,66,30,67,92,80,32,71,16,12,
105	7	12	2.58	7,54,38,91,35,69,43,42,19,34,53,81,18,36,74,32,71,16,12,
105	9	10	2.277	9,28,97,65,88,98,37,53,18,36,74,75,44,52,46,10,
105	9	14	2.283	9,28,97,65,88,98,37,94,75,16,71,32,17,31,25,57,85,86,14,
105	9	11	2.103	9,28,97,65,88,98,37,53,81,18,36,74,75,44,52,11,
105	10	13	2.039	10,97,65,88,98,37,94,75,71,32,17,25,57,68,13,
105	10	11	2.117	10,28,97,65,88,98,37,53,81,18,36,74,75,44,52,11,
105	10	14	2.258	10,28,97,65,88,98,37,94,75,71,32,17,31,25,68,57,85,86,14,
105	9	15	2.362	9,28,97,65,88,98,37,53,81,18,76,66,30,67,92,50,55,21,51,84,15,
105	10	12	2.181	10,28,97,65,88,98,37,53,81,18,36,74,32,71,16,12,
105	10	15	2.376	10,28,97,65,88,98,37,53,81,18,76,66,30,67,92,50,55,21,51,84,15,
105	9	12	2.167	9,28,97,65,88,98,37,53,81,18,36,74,32,71,16,12,
105	9	13	2.35	9,28,97,65,88,98,37,94,75,71,32,17,31,25,85,57,68,13,
105	11	14	1.827	11,46,52,44,16,71,32,17,25,31,68,57,85,86,14,
105	13	15	1.935	13,31,68,57,25,85,51,80,21,50,55,39,40,15,
105	12	14	2.037	12,16,71,32,80,21,51,85,57,25,17,31,68,14,
105	13	14	1.905	13,31,17,80,67,92,55,50,21,51,85,25,57,68,14,
105	11	15	1.87	11,46,52,44,16,71,32,17,31,25,57,85,86,84,15,
105	12	15	2.098	12,16,71,32,74,36,66,30,67,92,50,55,39,40,15,
105	14	15	1.776	14,68,57,25,85,51,80,21,50,55,39,95,40,15,
105	12	13	2.287	12,16,71,32,74,36,66,30,22,67,92,80,17,31,13,
105	11	13	2.066	11,46,52,44,16,71,32,17,25,57,85,86,14,68,31,13,
105	11	12	2.3	11,52,44,20,88,98,37,53,81,18,36,74,32,71,16,12,
