308	0	4	2.287	0,32,42,44,17,47,49,20,86,29,77,18,50,36,63,31,26,37,4,
308	0	1	2.151	0,32,42,72,25,95,56,92,61,53,58,47,17,98,1,
308	0	5	2.321	0,32,42,44,17,47,49,20,48,86,29,77,18,50,36,63,31,26,37,5,
308	0	7	2.53	0,32,42,72,25,95,56,92,21,22,52,43,45,89,27,62,24,93,79,7,
308	0	8	2.561	0,32,42,72,25,95,56,92,61,53,22,94,52,43,35,46,74,65,8,
308	0	6	2.49	0,32,42,72,25,95,56,92,61,53,22,94,52,43,45,89,27,62,24,6,
308	0	2	2.095	0,32,42,72,25,95,56,92,61,53,58,47,17,98,2,
308	0	11	2.497	0,32,42,72,25,95,56,92,21,94,90,41,60,33,38,28,87,70,11,
308	0	10	2.534	0,32,42,72,25,95,56,92,21,22,94,90,41,60,33,38,28,87,70,10,
308	0	3	2.406	0,32,42,72,25,95,56,92,61,53,34,76,58,29,77,18,91,3,
308	0	9	2.787	0,32,42,72,25,95,56,92,61,53,22,94,52,43,60,33,59,46,74,65,9,
308	1	4	1.902	1,44,17,47,49,86,29,77,18,50,36,63,31,26,37,4,
308	0	15	2.086	0,32,42,72,25,95,56,92,64,84,85,39,67,69,99,15,
308	1	3	2.252	1,44,17,49,86,29,77,83,36,63,31,26,37,50,18,91,3,
308	0	14	2.119	0,32,42,72,25,95,56,92,64,84,69,67,85,39,68,14,
308	1	2	2.194	1,32,42,72,25,95,56,92,61,53,58,47,17,98,2,
308	0	13	2.194	0,99,67,39,85,84,69,25,95,56,92,64,51,23,13,
308	0	12	2.517	0,32,42,72,25,95,56,92,61,53,22,94,90,41,55,66,30,82,71,12,
308	1	7	2.379	1,44,17,47,49,86,29,77,18,50,26,31,63,54,62,24,27,93,79,7,
308	1	5	2.195	1,44,17,47,49,20,48,86,29,18,50,77,83,16,36,63,31,26,37,5,
308	1	6	2.309	1,44,17,47,49,20,86,29,77,18,50,26,31,63,54,62,27,24,6,
308	1	8	2.718	1,32,42,72,25,95,56,92,21,22,94,90,41,60,33,59,46,74,65,8,
308	1	15	2.12	1,98,17,47,72,25,95,56,92,64,84,85,67,99,15,
308	1	13	2.515	1,44,17,47,58,76,34,53,61,22,94,90,41,57,80,51,23,13,
308	2	4	1.96	2,98,17,44,47,49,20,86,29,77,18,50,36,26,37,4,
308	2	5	1.772	2,98,17,47,49,20,86,29,77,18,50,36,63,31,26,5,
308	1	11	2.558	1,44,17,47,58,76,34,53,61,22,94,90,41,33,38,28,87,11,
308	1	12	2.61	1,44,17,47,58,76,34,53,61,22,94,90,41,57,55,66,30,82,71,12,
308	2	3	2.227	2,98,17,44,47,49,20,86,58,76,34,83,77,18,91,3,
308	1	14	2.316	1,98,17,47,58,76,34,53,61,92,56,95,84,85,39,68,14,
308	2	6	2.267	2,98,17,47,49,20,86,29,77,18,50,36,63,31,54,62,27,24,6,
308	1	10	2.633	1,32,42,72,25,95,56,92,21,22,94,90,41,60,33,38,28,87,70,10,
308	1	9	2.784	1,44,17,49,47,72,25,95,56,92,61,53,22,94,90,41,60,33,59,78,9,
308	2	15	2.017	2,20,49,47,17,44,72,25,95,69,84,85,39,67,99,15,
308	3	5	1.917	3,91,18,77,50,37,26,31,63,36,16,88,81,40,54,5,
308	3	4	2.051	3,48,86,29,77,18,50,83,36,63,40,54,31,26,37,4,
308	2	13	2.575	2,98,17,44,47,58,76,34,53,61,22,94,90,41,57,80,51,23,13,
308	2	11	2.532	2,98,17,47,72,25,95,56,92,21,90,41,60,33,38,28,87,11,
308	2	12	2.664	2,98,17,44,47,49,58,76,34,53,61,22,94,90,41,55,66,30,82,71,12,
308	2	7	2.304	2,48,86,29,77,18,50,37,26,31,63,54,40,81,62,24,27,93,79,7,
308	2	14	2.353	2,98,17,47,58,76,34,53,61,92,56,95,25,69,67,39,68,14,
308	2	10	2.634	2,98,17,44,47,58,76,34,53,61,22,94,90,41,33,38,28,87,70,10,
308	2	9	2.629	2,48,86,29,77,18,50,36,63,31,54,62,24,27,93,35,46,74,65,9,
308	2	8	2.565	2,48,86,29,77,18,50,36,63,31,54,62,27,93,35,46,74,65,8,
308	3	15	2.44	3,91,29,77,18,50,83,76,34,53,61,92,56,95,25,69,67,99,15,
308	4	5	1.954	4,18,29,77,50,37,26,31,63,36,16,88,81,40,54,5,
308	3	11	2.594	3,91,18,77,83,76,34,53,22,94,52,43,60,33,38,28,87,11,
308	3	12	2.681	3,91,18,50,77,83,76,34,53,61,22,94,90,41,57,55,66,30,82,71,12,
308	3	7	2.234	3,91,18,50,77,83,16,36,26,31,63,54,40,81,62,27,24,93,79,7,
308	3	13	2.747	3,91,18,77,83,76,34,53,61,92,56,95,25,69,67,85,19,96,23,13,
308	3	6	2.22	3,91,18,77,83,50,37,26,31,63,36,16,40,54,62,27,93,24,6,
308	3	14	2.483	3,91,18,50,77,83,76,34,53,61,92,56,95,25,69,67,85,39,68,14,
308	3	8	2.317	3,91,18,77,50,36,63,31,54,62,24,27,93,79,35,46,74,65,8,
308	3	9	2.447	3,91,29,77,18,50,36,63,31,54,62,24,27,93,79,35,46,74,65,9,
308	3	10	2.641	3,91,18,77,50,36,63,31,54,62,24,27,93,79,35,46,74,65,78,75,10,
308	4	15	2.305	4,18,77,83,34,76,53,61,92,56,95,25,69,84,85,67,99,15,
308	5	6	1.639	5,37,26,31,63,36,50,18,77,83,16,81,62,27,24,6,
308	4	6	1.796	4,18,77,50,37,26,31,63,36,16,40,81,62,27,24,6,
308	4	11	2.55	4,18,77,83,76,34,53,61,22,94,90,41,60,33,38,28,87,70,11,
308	4	12	2.702	4,37,26,31,63,36,50,18,77,83,76,34,53,22,94,90,57,66,71,12,
308	4	7	2.156	4,18,77,50,37,26,31,63,36,16,88,81,40,54,62,27,93,79,7,
308	4	13	2.638	4,37,26,31,63,36,50,18,77,83,76,34,53,61,56,92,64,51,23,13,
308	4	10	2.477	4,18,77,83,76,34,53,61,22,94,90,41,60,33,38,28,87,70,10,
308	4	9	2.261	4,37,26,31,63,36,16,40,54,62,24,27,93,79,35,46,74,65,9,
308	4	14	2.346	4,18,77,83,76,34,53,61,92,56,95,25,69,67,84,85,39,68,14,
308	4	8	2.227	4,37,26,31,63,36,16,40,54,62,24,27,93,79,35,46,74,65,8,
308	6	7	1.991	6,54,40,63,31,26,37,50,18,77,83,16,81,62,24,7,
308	5	15	2.255	5,31,63,36,50,18,77,83,76,34,53,61,92,56,95,25,69,99,15,
308	5	7	1.698	5,37,26,31,63,36,50,18,77,83,16,81,27,62,24,7,
308	6	8	1.945	6,54,31,63,40,81,62,24,27,93,79,35,46,74,65,8,
308	5	8	1.72	5,37,26,31,63,54,62,27,93,79,35,46,74,65,8,
308	5	12	2.568	5,37,26,31,63,36,50,18,77,83,76,34,53,22,94,90,41,55,66,71,12,
308	5	11	2.555	5,37,26,31,63,54,62,24,27,93,35,46,74,59,33,38,28,87,70,11,
308	5	13	2.479	5,37,26,31,63,36,50,18,77,83,76,34,53,61,56,92,64,51,23,13,
308	5	9	2.183	5,37,26,31,63,36,16,40,81,62,24,27,93,79,35,46,74,65,78,9,
308	5	10	2.35	5,37,26,31,63,36,16,40,81,62,24,27,93,79,35,46,74,65,78,75,10,
308	5	14	2.355	5,26,31,63,36,50,18,77,83,76,34,53,61,92,56,84,85,39,68,14,
308	7	11	2.218	7,79,93,24,62,27,89,45,43,60,33,38,28,87,70,11,
308	7	10	2.145	7,79,93,24,62,27,89,45,43,60,33,38,28,87,70,10,
308	7	9	2.177	7,79,93,27,24,62,54,40,81,89,45,35,46,74,65,9,
308	6	9	1.979	6,54,31,63,40,81,62,24,27,93,79,35,46,74,65,9,
308	6	15	2.475	6,24,62,27,89,45,43,52,22,53,61,92,56,95,25,69,67,99,15,
308	6	11	2.527	6,24,62,27,89,45,43,52,94,90,41,60,33,59,38,28,87,70,11,
308	7	8	2.143	7,79,93,27,24,62,54,40,81,89,45,35,46,74,65,8,
308	6	12	2.747	6,24,62,27,89,45,43,52,22,94,90,41,60,33,38,28,30,82,71,12,
308	6	10	2.41	6,54,31,26,63,40,81,62,24,27,93,79,35,46,74,65,78,75,10,
308	6	13	2.716	6,54,31,63,36,50,18,77,83,76,34,53,61,56,92,64,80,51,23,13,
308	6	14	2.509	6,24,62,27,89,45,43,52,94,22,21,92,56,95,25,69,67,39,68,14,
308	8	10	2.241	8,65,74,46,35,89,45,43,60,33,38,28,87,70,10,
308	8	9	2.417	8,65,74,46,35,89,45,43,52,90,41,60,33,59,78,9,
308	8	11	2.375	8,65,74,46,59,60,33,38,55,66,30,82,28,87,70,11,
308	7	15	2.456	7,79,93,24,62,27,89,45,43,52,22,61,92,56,95,25,69,99,15,
308	8	15	2.588	8,65,74,46,35,43,52,94,22,53,61,92,56,95,25,69,67,99,15,
308	7	12	2.55	7,79,93,24,62,27,89,45,43,52,22,94,90,41,55,66,30,82,71,12,
308	7	13	2.651	7,79,93,24,62,27,89,45,43,52,94,22,21,92,56,64,51,23,13,
308	8	12	2.77	8,65,74,46,59,33,60,43,52,22,94,90,41,57,55,30,66,82,71,12,
308	8	13	2.797	8,65,74,46,59,33,60,41,90,94,22,53,61,92,56,64,51,23,13,
308	7	14	2.427	7,79,93,24,62,27,89,45,43,52,94,21,92,56,84,85,39,68,14,
308	8	14	2.53	8,65,74,46,35,43,52,94,21,92,56,95,25,69,67,85,39,68,14,
308	9	12	2.339	9,75,78,65,74,46,59,60,33,38,28,30,66,82,71,12,
308	9	10	2.341	9,78,65,74,46,59,60,33,38,28,30,66,82,87,70,10,
308	9	11	2.414	9,78,65,74,46,59,60,33,38,28,30,66,82,87,70,11,
308	10	11	2.256	10,70,87,28,38,33,60,43,52,90,41,57,66,30,82,11,
308	10	12	2.309	10,70,87,28,38,33,60,43,52,90,41,55,30,82,71,12,
308	9	15	2.558	9,78,59,33,60,43,52,94,22,53,61,92,56,95,25,69,67,99,15,
308	10	13	2.491	10,70,87,28,38,33,59,60,43,52,94,90,41,57,80,51,23,13,
308	9	13	2.725	9,78,59,33,60,41,90,21,92,56,95,25,69,67,85,19,96,23,13,
308	10	15	2.459	10,70,87,28,38,33,60,41,90,21,92,56,95,25,72,69,67,99,15,
308	10	14	2.304	10,70,87,28,38,33,60,41,90,21,92,56,84,85,39,68,14,
308	9	14	2.477	9,78,59,33,60,41,90,21,92,56,95,25,69,67,84,85,39,68,14,
308	14	15	2.182	14,68,19,64,92,56,95,25,72,69,84,85,39,67,99,15,
308	13	15	2.02	13,23,51,64,92,56,95,25,69,84,85,39,67,99,15,
308	11	13	2.378	11,87,28,38,33,60,43,52,94,90,41,57,80,51,23,13,
308	12	13	2.463	12,71,82,66,30,28,38,33,60,41,57,80,51,23,97,13,
308	11	12	2.382	11,70,87,28,38,33,60,43,52,90,41,55,30,82,71,12,
308	11	15	2.385	11,70,87,28,38,33,60,41,90,21,92,56,95,25,69,67,15,
308	12	15	2.435	12,71,82,30,66,55,41,90,94,22,53,61,92,56,95,25,69,99,15,
308	13	14	2.007	13,23,51,64,92,56,95,25,72,69,67,85,39,68,14,
308	12	14	2.147	12,97,23,51,80,64,92,56,95,25,69,67,39,68,14,
308	11	14	2.153	11,70,87,28,30,66,80,51,96,19,85,84,67,39,68,14,
