319	0	1	2.018	0,86,16,93,46,95,22,31,92,50,96,74,37,28,34,70,1,
319	0	6	2.433	0,86,70,34,28,37,50,74,96,23,25,26,24,71,89,51,33,65,38,27,6,
319	0	4	2.473	0,86,70,34,28,37,97,31,92,50,74,96,30,23,25,26,24,71,75,4,
319	0	5	2.435	0,86,16,93,46,95,22,98,41,72,66,47,91,29,51,89,71,24,26,75,54,5,
319	0	2	2.192	0,86,16,93,46,95,22,31,92,50,96,74,37,34,28,63,2,
319	0	11	2.223	0,86,16,93,46,95,22,98,41,19,44,58,76,77,52,73,83,78,79,11,
319	0	9	2.41	0,86,16,93,46,95,22,98,41,43,36,82,19,44,58,76,77,61,56,9,
319	0	3	2.145	0,86,70,34,28,37,97,46,95,22,31,92,50,96,45,3,
319	0	8	2.686	0,86,16,93,46,95,22,98,41,43,36,82,44,58,76,40,42,94,68,62,87,8,
319	0	7	2.634	0,86,16,93,46,95,22,98,41,43,82,19,44,58,42,68,94,90,55,32,7,
319	0	10	2.361	0,86,16,93,46,95,22,98,41,43,82,44,58,42,40,76,77,61,81,10,
319	1	2	2.227	1,70,34,28,37,97,31,92,50,74,96,23,25,30,45,2,
319	0	14	1.98	0,86,70,34,28,37,97,46,95,22,64,39,59,80,67,14,
319	0	15	2.236	0,70,34,28,37,50,74,96,92,31,22,95,46,93,16,53,15,
319	1	3	2.097	1,70,34,28,37,97,31,92,50,74,96,45,30,23,25,3,
319	0	13	2.187	0,86,16,93,46,95,22,98,41,64,39,59,80,67,18,88,13,
319	1	4	1.961	1,70,34,28,37,50,74,96,30,23,25,26,24,71,75,4,
319	1	5	2.067	1,70,34,28,37,50,74,96,30,23,25,26,24,89,51,71,54,5,
319	0	12	2.357	0,86,16,93,46,95,22,98,41,19,44,58,76,77,52,73,83,84,12,
319	1	8	2.625	1,70,34,37,97,46,95,22,98,41,19,44,58,76,40,42,68,62,87,8,
319	1	7	2.494	1,70,34,37,50,74,96,30,25,26,24,71,89,51,29,91,48,85,32,7,
319	1	6	2.212	1,70,34,37,50,74,96,30,23,25,26,24,89,51,33,65,38,27,6,
319	1	14	1.916	1,70,34,37,97,46,95,22,98,41,64,39,59,80,67,14,
319	2	3	2.278	2,63,70,34,28,37,97,92,50,74,96,45,30,23,25,3,
319	2	4	2.123	2,63,28,37,97,50,74,96,30,23,25,26,89,24,75,4,
319	1	12	2.393	1,70,34,37,97,46,95,22,98,41,43,36,82,52,73,83,84,12,
319	2	5	2.089	2,45,30,23,25,26,24,89,51,29,91,48,85,38,65,33,54,5,
319	1	11	2.312	1,70,34,28,37,97,46,95,22,98,41,43,36,82,52,83,78,79,11,
319	1	9	2.502	1,70,34,28,37,97,46,95,22,98,41,19,44,58,42,40,76,77,61,56,9,
319	2	6	2.133	2,45,30,23,25,26,24,71,89,51,47,29,91,48,85,38,65,27,6,
319	1	15	2.113	1,70,34,28,37,97,46,95,22,64,39,59,80,67,20,15,
319	1	10	2.349	1,70,34,28,37,97,46,95,22,98,41,19,44,58,76,77,61,81,10,
319	1	13	2.425	1,70,34,28,37,97,46,95,22,98,41,64,39,59,80,67,18,88,13,
319	2	14	2.476	2,45,30,96,74,50,97,46,95,22,98,41,43,36,57,88,18,67,14,
319	3	5	1.813	3,25,26,24,89,51,47,29,91,48,85,38,65,33,54,5,
319	3	4	2.056	3,25,26,24,71,89,51,29,91,48,85,38,65,33,54,75,4,
319	2	12	2.549	2,63,28,37,97,46,95,22,98,41,43,36,82,52,73,83,78,84,12,
319	2	9	2.596	2,63,28,37,97,46,95,22,98,41,19,44,58,42,94,68,62,61,56,9,
319	2	8	2.649	2,45,30,23,25,26,24,89,51,47,91,29,33,65,38,85,48,32,55,8,
319	2	11	2.566	2,63,28,37,97,46,95,22,98,41,19,44,58,76,40,77,52,73,83,78,79,11,
319	2	7	2.476	2,45,30,23,25,75,26,24,71,89,51,29,91,48,85,38,65,27,32,7,
319	2	15	2.428	2,63,70,34,28,37,97,46,95,22,98,41,64,39,59,80,20,15,
319	2	13	2.585	2,63,70,34,28,37,97,46,95,22,98,41,43,82,36,57,88,18,13,
319	2	10	2.646	2,63,28,37,97,46,95,22,98,41,19,44,58,42,40,76,77,61,56,81,10,
319	4	5	1.602	4,75,26,24,71,89,51,47,29,91,48,85,38,65,33,54,5,
319	3	14	2.557	3,30,96,74,50,92,31,97,46,95,22,98,41,43,36,57,88,18,67,14,
319	3	9	2.436	3,25,26,24,71,89,51,29,91,47,66,99,21,94,68,62,61,56,9,
319	3	6	2.01	3,30,23,25,26,24,89,51,29,47,91,48,85,38,27,60,6,
319	3	8	2.609	3,25,26,24,71,89,51,47,29,91,48,85,38,65,33,60,27,32,55,8,
319	3	12	2.668	3,25,26,24,89,51,47,66,99,21,42,40,76,77,52,73,83,78,84,12,
319	3	11	2.516	3,25,26,24,71,89,51,47,66,99,21,42,40,76,77,52,73,83,78,79,11,
319	3	7	2.414	3,25,23,26,24,71,89,51,47,29,91,48,85,38,65,27,32,55,7,
319	3	15	2.549	3,30,45,96,74,50,97,46,95,22,98,41,64,39,59,80,67,20,15,
319	3	13	2.65	3,45,30,96,74,50,92,31,97,46,95,22,98,41,43,82,36,57,88,13,
319	3	10	2.58	3,25,26,24,71,89,51,29,91,47,66,99,21,94,68,40,76,77,61,81,10,
319	5	6	1.397	5,54,71,24,26,89,51,47,29,91,48,85,38,65,27,6,
319	4	6	1.59	4,75,26,24,71,89,51,47,29,91,48,85,38,65,27,60,6,
319	4	14	2.535	4,75,26,24,89,51,29,91,47,66,72,98,22,95,46,93,39,59,80,67,14,
319	4	8	2.385	4,25,23,26,24,71,89,51,47,29,91,48,85,38,65,27,32,55,8,
319	4	7	2.136	4,25,23,26,24,71,89,51,47,29,91,48,85,38,65,27,32,7,
319	4	12	2.456	4,75,24,89,51,29,91,47,66,99,21,42,40,76,77,52,73,83,78,84,12,
319	4	9	2.333	4,75,26,24,71,89,51,29,91,47,66,99,21,94,68,40,76,77,61,56,9,
319	4	11	2.34	4,75,26,24,71,89,51,29,91,47,66,99,21,42,40,76,77,52,73,83,78,79,11,
319	4	15	2.44	4,75,26,24,71,89,51,29,91,47,66,72,41,98,22,95,46,93,16,53,15,
319	4	13	2.521	4,75,26,24,89,51,29,91,47,66,99,21,42,58,44,82,36,57,88,13,
319	4	10	2.416	4,75,26,24,71,89,51,29,91,47,66,99,21,94,68,42,40,76,77,61,81,10,
319	6	8	1.963	6,27,38,65,33,71,24,26,89,51,29,91,48,85,32,55,8,
319	6	7	1.77	6,27,38,65,33,71,24,89,51,47,29,91,48,85,32,7,
319	5	7	1.649	5,54,71,24,26,89,51,47,29,91,48,85,38,65,27,7,
319	5	9	2.032	5,54,71,24,89,51,29,91,47,66,99,21,94,68,62,61,56,9,
319	5	8	2.001	5,54,71,24,26,89,51,47,29,91,48,85,38,65,27,32,55,8,
319	5	14	2.496	5,54,71,24,89,51,29,91,47,66,72,41,98,22,95,46,93,39,59,80,67,14,
319	5	12	2.373	5,54,71,24,89,51,29,91,47,66,99,21,42,76,77,52,73,83,78,84,12,
319	5	11	2.195	5,54,71,24,89,51,29,91,47,66,99,21,42,40,76,77,52,73,83,78,79,11,
319	5	10	2.259	5,54,71,24,26,89,51,29,91,47,66,99,21,42,44,58,76,77,61,81,10,
319	5	15	2.518	5,54,75,26,24,71,89,51,29,91,47,66,72,41,98,22,46,95,93,16,53,15,
319	5	13	2.541	5,54,71,24,89,51,29,91,47,66,99,21,42,58,44,19,82,36,57,88,13,
319	6	9	1.876	6,27,38,85,48,17,90,94,68,62,40,76,77,61,56,9,
319	7	9	2.079	7,32,55,17,90,94,68,40,42,44,58,76,77,61,56,9,
319	7	8	2.215	7,27,38,65,33,71,24,26,89,51,29,91,48,85,32,55,8,
319	7	11	2.248	7,27,38,85,48,17,90,94,68,42,40,76,77,52,73,83,78,79,11,
319	6	14	2.471	6,27,38,85,48,17,90,94,68,40,76,58,44,82,43,36,57,88,18,67,14,
319	7	10	2.268	7,27,38,85,48,17,90,94,68,42,40,76,77,61,56,81,10,
319	6	10	2.016	6,27,38,85,48,17,90,94,68,42,40,76,77,61,56,81,10,
319	6	11	2.233	6,27,38,65,33,29,91,47,66,99,21,42,40,76,77,52,73,83,78,79,11,
319	6	12	2.454	6,27,65,38,85,48,17,90,94,68,42,44,58,76,77,52,73,83,79,78,84,12,
319	6	15	2.484	6,27,38,85,48,17,90,94,42,58,44,19,41,98,22,95,46,93,16,53,15,
319	6	13	2.51	6,27,65,38,85,48,17,90,94,68,42,40,76,58,44,82,43,36,57,88,13,
319	8	9	2.314	8,55,32,17,90,94,68,62,40,42,58,76,77,61,56,9,
319	7	14	2.506	7,32,55,90,94,68,42,40,76,58,44,19,82,36,57,88,18,67,14,
319	8	14	2.541	8,87,62,68,94,42,40,76,58,44,82,43,36,57,88,18,80,67,14,
319	8	11	2.254	8,87,56,61,62,68,42,44,58,76,40,77,52,73,83,78,79,11,
319	8	10	2.171	8,87,62,68,94,42,19,44,58,76,77,61,56,81,10,
319	8	12	2.451	8,87,61,62,68,94,42,44,58,76,40,77,52,73,83,79,78,84,12,
319	7	12	2.433	7,32,55,17,90,94,68,42,44,58,76,40,77,52,73,83,79,78,84,12,
319	8	13	2.592	8,87,56,61,77,76,40,42,58,44,19,82,43,36,57,88,18,13,
319	8	15	2.577	8,87,62,40,76,58,44,19,82,36,43,41,98,22,95,46,93,16,53,15,
319	7	15	2.538	7,32,55,90,94,42,58,44,82,36,43,41,98,22,95,46,93,16,53,15,
319	7	13	2.624	7,32,55,17,90,94,68,62,40,76,42,58,44,19,82,43,36,57,88,13,
319	10	11	1.794	10,81,61,62,68,94,42,40,76,77,52,73,83,78,79,11,
319	10	12	1.994	10,81,61,62,68,94,42,40,76,77,52,73,83,78,84,12,
319	9	12	2.006	9,56,61,62,68,94,42,40,76,77,52,73,83,78,84,12,
319	9	11	1.806	9,56,61,62,68,94,42,40,76,77,52,73,83,78,79,11,
319	9	10	2.055	9,56,61,62,68,42,40,76,77,52,73,83,78,79,69,10,
319	9	14	2.376	9,56,61,62,68,94,42,40,76,58,44,82,43,36,57,88,18,67,14,
319	10	14	2.326	10,81,61,62,68,94,42,58,44,19,82,43,36,57,88,18,67,14,
319	10	13	2.365	10,81,56,61,77,76,40,68,42,58,44,19,82,36,57,88,13,
319	9	13	2.368	9,56,61,62,68,94,42,40,76,58,44,19,82,43,36,57,88,13,
319	9	15	2.433	9,56,61,62,40,76,58,44,82,36,43,41,98,22,95,46,93,16,53,15,
319	10	15	2.475	10,81,61,77,76,40,42,58,44,82,36,43,41,98,22,95,46,93,16,53,15,
319	12	14	2.183	12,84,83,73,52,77,76,58,44,82,36,57,88,18,67,14,
319	13	14	2.289	13,18,57,36,82,43,41,98,22,95,64,39,59,80,67,14,
319	11	12	2.091	11,79,78,83,73,52,77,76,58,44,82,43,36,35,49,12,
319	11	14	2.11	11,79,78,83,73,52,77,76,58,44,82,43,36,57,88,18,67,14,
319	11	13	1.985	11,79,78,83,73,52,77,76,58,44,82,43,36,57,88,13,
319	12	13	2.185	12,84,78,83,73,52,77,76,58,44,82,43,36,57,88,13,
319	14	15	2.138	14,67,18,88,57,36,82,43,41,98,22,95,46,93,16,53,15,
319	13	15	2.27	13,88,18,67,80,59,39,64,41,98,22,46,95,93,16,53,15,
319	12	15	2.227	12,84,78,83,82,36,43,41,98,22,95,46,93,16,53,15,
319	11	15	2.344	11,79,78,83,52,77,40,76,58,44,19,41,98,22,95,46,93,16,53,15,
