30	0	3	2.395	0,22,44,26,56,28,60,63,16,91,34,38,49,67,90,3,
30	0	4	2.454	0,22,44,26,56,28,60,63,74,38,34,20,72,49,67,96,76,4,
30	0	1	2.539	0,22,68,46,23,52,75,73,78,41,44,26,56,27,21,89,1,
30	0	10	2.43	0,46,68,73,75,31,79,58,17,88,51,93,85,99,65,47,86,66,55,24,10,
30	0	5	2.759	0,22,41,78,73,75,31,79,58,17,36,60,63,74,33,67,96,76,5,
30	0	9	2.666	0,22,41,78,73,52,75,31,79,58,17,88,51,93,85,99,65,70,45,77,35,9,
30	0	8	2.562	0,46,68,73,75,31,79,58,17,88,51,93,85,99,65,83,37,30,81,8,
30	0	6	2.746	0,46,68,52,75,31,79,58,17,36,28,60,63,74,38,34,20,92,82,6,
30	0	2	2.622	0,22,44,26,56,28,60,63,16,91,34,38,74,33,27,2,
30	0	11	2.38	0,68,73,75,31,79,58,17,88,51,93,85,99,65,47,86,66,43,61,11,
30	0	7	2.666	0,68,73,75,31,79,58,17,88,51,93,85,99,65,37,30,81,57,53,48,7,
30	1	4	2.255	1,89,21,26,56,28,60,63,16,34,38,74,33,67,96,4,
30	1	5	2.346	1,89,21,56,28,60,63,16,34,38,74,49,67,96,76,5,
30	0	13	2.105	0,22,44,41,78,73,75,31,79,17,58,54,64,95,98,50,13,
30	1	3	2.337	1,89,21,26,56,28,60,63,16,34,38,74,33,67,90,3,
30	0	14	2.32	0,22,44,41,78,73,75,31,79,17,58,54,87,98,64,42,14,
30	1	6	2.834	1,44,41,73,75,31,79,58,17,36,60,63,74,38,34,20,92,82,6,
30	1	7	2.659	1,89,21,26,56,28,60,63,16,38,34,91,19,37,30,81,57,53,48,7,
30	0	12	2.461	0,46,68,52,75,31,79,58,17,88,69,39,25,40,94,87,95,98,84,12,
30	1	2	2.594	1,89,21,26,56,28,60,63,16,91,34,38,74,33,27,2,
30	0	15	2.527	0,22,41,26,56,63,60,28,36,17,58,79,31,75,52,23,15,
30	1	8	2.716	1,44,41,73,75,31,79,58,17,88,51,93,85,99,83,37,30,81,57,53,8,
30	1	15	2.564	1,89,21,26,56,63,60,28,36,88,58,79,31,75,52,23,15,
30	1	14	2.419	1,89,21,26,44,41,78,73,52,75,31,64,95,98,50,42,14,
30	1	13	2.29	1,89,21,26,44,41,78,73,75,31,79,17,58,54,87,95,98,50,13,
30	2	6	2.42	2,27,33,74,63,28,60,16,91,34,38,20,92,82,6,
30	2	3	2.478	2,27,33,74,63,28,60,16,34,38,49,67,96,90,3,
30	2	4	2.348	2,27,33,74,63,16,38,34,20,72,49,67,96,76,4,
30	2	5	2.419	2,27,33,74,63,16,38,34,20,72,49,67,96,76,5,
30	1	12	2.529	1,89,21,26,44,41,78,73,75,31,79,58,17,88,51,39,69,25,40,12,
30	1	10	2.543	1,44,41,73,75,31,79,58,17,88,51,93,85,99,65,47,86,66,55,24,10,
30	1	9	2.575	1,89,21,26,78,73,75,31,79,58,17,88,51,93,85,99,65,45,77,35,9,
30	1	11	2.497	1,44,41,78,73,75,31,79,58,17,88,51,93,85,99,65,47,86,66,43,11,
30	3	5	2.333	3,90,67,49,33,74,63,60,16,38,34,20,72,76,5,
30	2	13	2.558	2,89,21,26,44,41,78,73,52,75,31,79,17,58,54,64,98,50,13,
30	3	4	2.262	3,90,67,49,33,74,63,60,16,38,34,20,72,76,4,
30	2	14	2.626	2,21,26,44,41,78,73,75,31,79,17,58,54,87,95,98,64,42,14,
30	2	12	2.599	2,21,26,78,73,75,31,79,58,17,88,93,85,51,69,25,40,12,
30	2	7	2.713	2,27,33,49,72,20,38,34,91,19,37,30,81,97,57,53,48,7,
30	2	10	2.695	2,21,26,44,41,73,75,31,79,58,17,88,51,93,85,99,65,47,71,10,
30	2	15	2.727	2,27,33,74,38,34,16,63,60,36,17,79,31,75,52,23,15,
30	2	9	2.779	2,21,26,78,73,75,31,79,58,17,88,51,93,85,99,65,70,45,77,35,9,
30	2	8	2.876	2,89,21,26,78,73,75,31,79,58,17,88,51,93,85,99,83,37,30,81,8,
30	2	11	2.667	2,21,26,78,73,75,31,79,58,17,88,51,93,85,99,65,47,86,66,43,11,
30	3	6	2.194	3,90,67,49,33,74,63,60,16,38,34,20,92,82,6,
30	3	13	2.413	3,90,67,33,74,63,60,28,36,17,58,79,54,87,98,95,64,50,13,
30	4	5	2.222	4,76,96,67,49,74,63,60,16,38,34,20,92,82,5,
30	3	15	2.566	3,90,67,49,38,34,16,63,60,28,36,17,79,31,75,52,23,15,
30	3	7	2.27	3,90,67,49,38,34,20,59,37,30,81,97,57,53,48,7,
30	3	14	2.562	3,90,67,33,74,63,60,28,36,17,58,79,54,87,98,64,42,14,
30	3	9	2.504	3,90,67,49,33,74,38,34,16,91,19,37,30,97,81,77,45,35,9,
30	3	12	2.626	3,90,67,49,38,34,91,19,83,99,65,47,86,66,43,61,39,25,40,12,
30	3	8	2.556	3,90,67,49,72,20,34,38,74,63,60,16,91,19,37,30,81,8,
30	3	10	2.675	3,90,67,49,33,74,63,60,36,93,85,99,65,47,86,66,55,24,71,10,
30	3	11	2.63	3,90,67,33,74,38,34,16,63,60,36,93,85,99,65,47,86,66,43,11,
30	4	6	2.073	4,76,96,67,49,74,63,60,16,38,34,20,92,82,6,
30	5	6	2.144	5,76,96,67,49,74,63,60,16,38,34,20,92,82,6,
30	4	15	2.473	4,76,96,67,49,38,34,16,63,60,36,17,58,79,31,75,52,23,15,
30	4	7	2.15	4,76,96,67,49,38,34,20,59,97,30,81,57,53,48,7,
30	4	14	2.598	4,76,96,67,49,33,74,63,60,36,17,58,79,54,87,98,64,42,14,
30	4	8	2.207	4,76,96,67,49,33,74,38,34,91,19,37,30,81,57,53,8,
30	4	9	2.33	4,76,96,67,33,74,38,34,91,19,29,37,30,97,81,77,45,35,9,
30	4	13	2.604	4,76,96,67,33,74,38,34,16,63,60,36,17,58,79,54,87,98,95,64,50,13,
30	4	10	2.511	4,76,96,67,33,74,63,60,36,93,85,99,65,47,86,66,55,24,71,10,
30	4	12	2.522	4,76,96,67,49,38,34,91,19,83,65,99,85,93,51,69,39,25,40,12,
30	4	11	2.507	4,76,96,67,49,38,34,16,63,60,36,93,85,99,65,47,86,66,43,11,
30	6	7	2.103	6,82,92,20,34,38,74,16,91,19,29,59,62,48,7,
30	6	8	2.163	6,82,92,20,34,38,74,63,16,91,19,37,30,81,8,
30	5	7	2.21	5,76,96,67,49,33,74,38,34,91,19,29,59,62,48,7,
30	5	15	2.665	5,76,96,67,33,74,16,63,60,28,36,17,58,79,31,75,73,52,23,15,
30	5	9	2.356	5,76,96,67,33,74,38,34,20,59,37,30,97,81,77,45,35,9,
30	5	10	2.459	5,76,96,67,49,38,34,91,19,83,99,65,47,86,66,43,55,24,10,
30	5	8	2.202	5,76,96,67,33,74,38,34,20,59,97,30,81,57,53,8,
30	5	13	2.583	5,76,96,67,33,74,38,34,16,63,60,36,17,58,54,64,95,98,50,13,
30	5	14	2.62	5,76,96,67,33,74,63,28,60,36,79,17,58,54,87,98,95,64,42,14,
30	5	12	2.593	5,76,96,67,49,38,34,91,19,83,65,99,85,93,51,69,39,25,40,12,
30	5	11	2.448	5,76,96,67,33,74,63,60,28,36,93,85,99,65,47,86,66,43,11,
30	7	9	1.977	7,48,53,57,97,81,30,37,83,85,99,65,45,77,35,9,
30	6	9	2.165	6,32,48,53,57,97,81,30,37,83,99,65,45,77,35,9,
30	7	10	1.889	7,48,53,57,97,30,81,77,45,35,70,80,71,55,24,10,
30	7	8	2.126	7,48,62,59,20,34,38,16,91,29,19,37,30,81,8,
30	6	15	2.661	6,32,62,59,29,19,83,99,85,93,51,88,58,17,79,31,75,73,52,23,15,
30	6	14	2.567	6,32,62,59,29,19,83,85,93,51,69,39,25,94,87,95,98,64,42,14,
30	6	13	2.456	6,32,62,59,29,19,83,85,93,51,69,39,25,40,94,87,95,98,64,50,13,
30	6	10	2.462	6,32,62,59,29,19,83,85,93,51,69,39,61,86,66,55,24,71,10,
30	6	12	2.617	6,32,48,53,57,97,81,30,37,83,99,65,47,86,66,43,61,39,69,25,40,12,
30	7	11	2.237	7,48,53,57,97,81,30,37,83,65,99,85,93,51,69,39,61,43,11,
30	6	11	2.41	6,32,62,59,29,19,83,65,99,85,93,51,69,39,61,86,66,43,11,
30	8	9	2.057	8,53,57,81,30,37,83,99,85,93,51,65,45,77,35,9,
30	8	10	1.911	8,53,57,81,30,37,83,99,65,47,86,66,43,55,24,71,10,
30	8	12	2.084	8,57,97,81,30,37,83,99,65,47,86,66,43,61,39,25,40,12,
30	8	13	2.174	8,53,57,81,30,37,83,85,93,51,69,39,25,40,94,87,95,98,50,13,
30	7	15	2.442	7,48,53,57,81,30,37,65,99,85,93,51,88,17,58,79,31,75,52,23,15,
30	8	15	2.399	8,53,57,81,30,37,83,65,99,85,93,51,88,58,17,79,31,75,52,23,15,
30	7	14	2.421	7,48,53,57,81,30,37,83,85,93,51,39,25,94,87,95,98,64,42,14,
30	8	11	2.064	8,53,57,97,81,30,37,83,65,99,85,93,51,69,39,61,11,
30	7	13	2.285	7,48,53,57,81,30,37,83,85,93,51,69,39,25,40,94,87,95,98,50,13,
30	8	14	2.405	8,53,57,81,30,37,83,85,93,51,69,39,25,40,94,87,98,95,64,42,14,
30	7	12	2.275	7,48,53,57,97,81,30,37,83,65,47,86,66,43,61,39,69,25,40,12,
30	10	13	1.469	10,24,55,43,61,39,69,25,40,94,87,98,95,64,50,13,
30	9	10	1.878	9,35,77,45,65,99,85,93,51,69,39,61,43,55,24,10,
30	10	12	1.665	10,71,24,55,43,61,39,69,25,40,94,87,95,98,84,12,
30	10	11	1.781	10,24,55,66,86,47,65,99,85,93,51,69,39,61,43,11,
30	9	12	1.853	9,35,77,45,70,80,71,24,55,66,86,43,61,39,69,25,40,12,
30	9	11	2.003	9,35,77,45,70,80,71,24,55,66,86,43,61,39,69,25,40,11,
30	9	13	1.965	9,80,71,24,55,66,86,43,61,39,69,25,40,94,87,95,98,64,50,13,
30	9	14	2.25	9,35,45,70,71,24,55,66,43,61,39,69,25,40,94,87,98,95,64,42,14,
30	9	15	2.454	9,35,45,77,81,30,37,83,65,99,85,93,51,88,58,17,79,31,75,52,23,15,
30	10	15	2.27	10,24,55,66,86,47,65,99,85,93,51,88,17,58,79,31,75,73,52,23,15,
30	10	14	2.249	10,71,24,55,66,86,43,61,39,69,25,40,94,54,87,84,98,95,64,42,14,
30	12	13	1.808	12,40,25,39,69,51,88,17,58,54,87,98,95,64,50,13,
30	11	13	1.422	11,43,66,86,61,39,69,25,40,94,87,98,95,64,50,13,
30	12	15	1.928	12,40,25,39,69,51,88,17,58,79,31,75,73,52,23,15,
30	14	15	2.077	14,42,64,95,98,87,54,58,17,79,31,75,52,23,68,46,15,
30	13	15	1.778	13,50,64,95,98,87,54,58,17,79,31,75,73,52,23,15,
30	12	14	1.996	12,40,25,39,69,51,88,17,58,79,54,87,98,95,64,42,14,
30	13	14	1.972	13,50,64,95,98,87,54,58,17,79,31,75,73,52,23,14,
30	11	12	1.726	11,43,66,86,61,39,69,25,40,94,87,98,64,50,84,12,
30	11	15	2.098	11,43,66,86,47,65,99,85,93,88,17,58,79,31,75,73,52,23,15,
30	11	14	2.007	11,24,55,66,86,43,61,39,69,25,40,94,84,87,98,95,64,42,14,
