57	0	4	2.095	0,40,76,81,37,33,56,41,18,17,59,68,42,23,70,30,93,4,
57	0	1	1.525	0,40,76,82,39,63,54,32,81,37,33,56,19,95,78,1,
57	0	2	1.696	0,40,76,82,39,63,32,81,37,33,56,19,95,88,85,2,
57	0	3	2.067	0,40,76,82,39,63,32,81,37,33,56,19,78,95,88,85,73,3,
57	0	5	2.339	0,40,76,82,39,63,81,37,33,56,41,98,48,99,93,30,70,94,5,
57	0	6	2.309	0,40,76,81,37,33,49,17,18,68,59,24,43,26,53,38,57,20,51,6,
57	0	7	2.491	0,40,76,81,37,33,49,17,18,68,59,24,27,62,26,53,38,57,91,65,7,
57	0	9	2.602	0,40,76,33,37,81,32,54,77,90,60,72,89,74,66,34,75,87,79,9,
57	0	8	2.51	0,40,76,82,39,63,32,54,77,90,60,72,89,66,25,52,47,97,71,28,8,
57	0	10	2.641	0,40,76,82,39,63,32,54,77,90,60,72,89,74,66,34,75,87,61,10,
57	0	11	2.653	0,40,76,19,56,33,37,81,32,54,77,90,60,72,31,45,22,21,36,11,
57	1	2	1.841	1,78,95,19,56,33,37,49,17,18,68,42,98,73,85,2,
57	0	15	2.068	0,40,76,19,56,33,37,81,32,77,54,63,82,39,50,15,
57	1	3	1.893	1,78,95,19,56,33,37,49,18,17,59,68,42,23,99,3,
57	0	14	1.777	0,40,76,33,37,81,32,54,63,82,39,50,86,16,69,14,
57	0	13	2.198	0,40,76,81,37,33,49,77,54,32,63,82,39,50,86,16,69,67,13,
57	1	8	2.465	1,78,95,19,56,33,37,81,32,54,77,60,74,66,25,47,97,71,28,8,
57	1	4	1.989	1,78,95,19,56,33,37,49,18,17,59,68,42,23,70,30,93,4,
57	1	6	2.199	1,95,19,56,33,37,49,17,18,68,59,24,43,26,53,57,20,51,6,
57	1	5	2.234	1,78,95,19,56,33,37,49,18,17,59,68,42,23,93,30,70,94,5,
57	0	12	2.438	0,40,76,19,56,33,37,81,32,63,82,39,50,86,16,67,92,83,84,12,
57	1	7	2.407	1,78,95,19,56,33,37,49,17,18,68,59,24,27,62,26,53,57,91,65,7,
57	1	14	1.641	1,78,95,19,56,33,37,81,32,63,82,39,50,86,16,69,14,
57	2	3	1.988	2,85,73,98,18,17,59,68,42,23,70,30,93,99,3,
57	2	4	1.855	2,85,73,48,98,18,17,59,68,42,23,70,30,93,4,
57	2	5	1.908	2,85,73,98,18,17,59,68,42,23,93,30,70,94,5,
57	1	12	2.233	1,78,95,19,56,33,37,81,32,63,82,39,50,86,16,67,92,83,84,12,
57	1	13	2.188	1,78,95,19,56,33,37,81,32,54,63,82,39,50,86,16,67,92,83,13,
57	1	15	1.743	1,78,95,88,41,56,33,37,81,32,54,63,82,39,15,
57	2	6	2.201	2,85,73,98,18,17,59,68,24,27,62,43,26,53,38,57,20,51,6,
57	1	10	2.625	1,78,95,19,56,33,37,81,32,54,77,90,60,74,66,34,75,87,79,10,
57	1	9	2.591	1,78,95,19,56,33,37,81,32,54,77,60,72,89,74,66,34,75,87,79,9,
57	1	11	2.531	1,78,95,19,56,33,37,81,32,63,82,39,50,86,16,67,92,83,84,29,11,
57	3	4	2.061	3,48,23,42,68,59,24,27,62,43,44,70,30,93,4,
57	2	14	2.161	2,85,73,98,41,56,33,37,81,32,63,82,39,50,86,16,67,69,14,
57	3	5	2.059	3,48,98,18,17,59,68,42,23,99,93,30,70,94,5,
57	2	12	2.535	2,85,73,98,41,56,33,37,81,32,63,82,39,50,86,16,67,83,84,12,
57	2	8	2.449	2,85,73,98,42,68,18,17,59,24,27,62,26,53,38,57,91,71,28,8,
57	2	15	1.733	2,85,73,98,41,56,33,37,81,32,54,63,82,39,15,
57	2	13	2.382	2,85,88,95,19,56,33,37,81,32,54,63,82,39,50,86,16,69,67,13,
57	2	10	2.805	2,85,73,98,42,68,18,17,59,24,27,62,52,97,47,25,34,75,87,61,10,
57	2	9	2.658	2,85,73,98,42,68,18,17,59,24,43,26,53,38,57,91,71,28,58,96,9,
57	2	7	2.432	2,85,73,98,42,68,18,17,59,24,27,62,43,26,53,38,57,51,20,65,7,
57	2	11	2.691	2,85,73,98,41,56,33,37,81,32,54,77,60,72,31,45,21,36,11,
57	4	5	2.055	4,93,30,70,23,42,68,59,24,27,62,43,26,44,94,5,
57	3	14	2.486	3,99,23,42,68,59,17,18,41,56,33,37,81,32,54,86,16,69,14,
57	3	6	1.952	3,99,23,42,68,59,24,27,62,38,53,57,20,51,6,
57	3	8	2.415	3,99,23,42,68,18,17,59,24,43,26,53,38,57,91,71,28,58,8,
57	3	12	2.701	3,48,98,41,56,33,37,81,32,54,63,82,39,50,86,16,92,83,84,12,
57	3	7	2.123	3,99,23,42,68,59,24,27,62,43,26,53,38,57,91,65,7,
57	3	10	2.731	3,99,93,30,70,44,26,53,38,52,97,47,25,66,34,75,87,79,10,
57	3	9	2.56	3,99,23,42,68,18,17,59,24,27,62,25,47,97,71,28,58,96,9,
57	3	13	2.652	3,48,73,85,88,95,19,56,33,37,81,32,63,82,39,50,86,16,92,83,13,
57	3	15	2.353	3,99,23,42,68,59,17,18,98,41,56,33,37,81,32,63,82,39,15,
57	3	11	2.767	3,48,98,41,56,33,37,81,32,54,77,90,60,72,31,45,21,36,11,
57	5	6	1.821	5,94,44,43,62,27,25,47,97,52,38,53,57,20,51,6,
57	4	6	1.845	4,93,30,70,44,43,62,27,25,52,38,53,57,20,51,6,
57	4	14	2.448	4,93,23,42,68,59,18,17,60,77,54,32,63,82,39,50,86,16,69,14,
57	4	12	2.681	4,93,99,48,98,41,56,33,37,81,63,82,39,50,86,92,83,84,12,
57	4	9	2.357	4,93,30,70,44,26,53,38,62,27,25,52,47,97,71,28,58,96,9,
57	4	8	2.29	4,93,30,70,44,43,26,53,57,38,62,27,25,52,47,97,64,58,96,8,
57	4	7	1.998	4,93,30,70,44,43,62,27,25,47,97,38,53,57,91,65,7,
57	4	10	2.576	4,93,30,70,44,43,26,53,57,38,52,97,47,25,66,34,75,87,79,10,
57	4	13	2.544	4,93,99,48,98,41,56,33,37,81,32,63,82,39,50,86,16,69,67,13,
57	4	15	2.294	4,93,30,70,23,42,68,59,17,18,41,56,33,37,81,32,63,82,39,15,
57	4	11	2.566	4,93,30,70,44,43,26,53,38,52,47,25,66,34,75,87,61,21,36,11,
57	5	8	1.912	5,94,44,43,26,53,38,62,27,25,52,47,97,71,28,8,
57	6	8	1.777	6,51,20,57,53,26,43,62,27,25,52,47,97,71,28,8,
57	5	9	2.237	5,94,44,26,53,57,38,62,27,25,47,97,71,28,58,96,9,
57	6	7	1.757	6,51,20,57,38,53,26,62,27,25,52,47,97,91,65,7,
57	5	7	1.875	5,94,44,43,62,27,25,47,97,52,38,53,57,91,65,7,
57	5	14	2.588	5,94,70,30,93,99,48,98,41,56,33,37,81,63,82,39,50,16,69,14,
57	5	12	2.863	5,94,44,43,26,53,57,38,62,27,25,52,47,97,75,87,61,45,22,29,12,
57	5	10	2.634	5,94,44,26,53,57,38,62,27,25,52,47,97,64,58,96,80,79,10,
57	5	15	2.423	5,94,70,30,23,42,68,59,17,18,41,56,33,37,81,32,63,82,39,15,
57	5	13	2.729	5,94,30,93,99,48,98,41,56,33,37,81,63,82,39,50,86,16,67,13,
57	5	11	2.709	5,94,44,43,26,53,38,52,97,47,25,62,27,66,34,75,87,61,21,36,11,
57	7	8	1.851	7,65,91,57,38,53,26,43,62,27,25,47,97,71,28,8,
57	7	9	2.129	7,65,91,57,53,38,62,27,25,52,47,97,71,28,58,96,9,
57	6	9	2.076	6,51,20,57,38,53,26,43,62,27,25,52,47,97,64,58,96,9,
57	7	10	2.336	7,65,91,57,38,53,26,43,62,27,25,52,47,97,75,87,79,10,
57	6	14	2.641	6,51,57,53,38,62,27,74,60,90,77,54,32,63,82,39,50,86,16,69,14,
57	6	10	2.372	6,51,20,57,38,53,26,43,62,27,25,52,97,47,34,75,87,61,10,
57	6	12	2.761	6,51,20,57,38,53,26,43,62,27,25,66,34,75,87,61,45,22,55,29,12,
57	7	11	2.504	7,65,91,57,38,53,26,43,62,27,25,52,47,97,75,87,61,21,36,11,
57	6	13	2.749	6,51,57,53,38,62,27,74,60,77,54,32,63,82,39,50,86,16,67,13,
57	6	11	2.45	6,51,20,57,38,53,26,43,62,27,25,52,47,97,75,87,61,21,36,11,
57	6	15	2.496	6,51,20,57,53,38,62,27,24,59,68,18,17,49,33,37,81,63,82,39,15,
57	8	9	2.118	8,28,71,91,57,53,26,38,52,25,47,97,64,58,96,9,
57	8	10	2.258	8,58,28,71,91,57,53,38,52,25,34,75,87,79,10,
57	7	14	2.59	7,65,91,57,53,38,62,27,74,60,90,77,54,32,63,82,39,50,14,
57	8	14	2.633	8,28,71,97,47,25,66,89,72,60,90,77,54,32,63,82,39,50,69,14,
57	7	12	2.69	7,65,91,57,38,53,26,43,62,27,25,52,47,75,87,61,45,22,29,12,
57	8	11	2.276	8,28,71,91,57,53,38,52,47,97,75,87,61,21,36,11,
57	8	12	2.734	8,58,28,71,91,57,38,53,26,43,62,27,74,89,72,46,35,84,12,
57	7	13	2.762	7,65,91,57,53,38,52,47,25,66,89,72,60,90,77,54,86,16,67,13,
57	8	13	2.79	8,28,71,97,47,25,66,74,60,77,54,32,63,82,39,50,86,16,67,13,
57	8	15	2.545	8,96,58,64,97,47,52,25,66,74,89,72,60,90,77,54,32,63,82,39,15,
57	7	15	2.561	7,65,91,57,38,53,26,43,24,59,68,18,17,60,90,77,54,32,63,82,39,15,
57	9	12	2.563	9,96,58,28,71,97,47,25,66,74,89,72,46,35,84,12,
57	10	12	2.801	10,61,87,75,34,47,97,52,25,66,74,89,72,46,35,84,12,
57	9	10	2.406	9,96,58,28,71,64,97,47,52,25,66,34,75,87,79,10,
57	9	14	2.605	9,79,87,75,34,89,72,60,90,77,54,32,63,82,39,50,86,16,69,14,
57	10	14	2.723	10,61,87,75,34,89,72,60,90,77,54,32,63,82,39,50,86,16,69,14,
57	10	11	2.696	10,79,80,96,58,64,97,47,52,25,34,75,87,61,21,36,11,
57	9	11	2.459	9,96,58,28,71,97,47,52,25,66,34,75,87,61,21,36,11,
57	10	13	2.794	10,61,75,34,89,72,60,77,54,32,63,82,39,50,86,16,67,13,
57	10	15	2.643	10,79,61,87,75,34,66,74,89,72,60,90,77,54,32,63,82,39,15,
57	9	13	2.757	9,79,87,75,34,89,72,60,90,77,54,32,63,82,39,50,86,16,67,13,
57	9	15	2.515	9,96,58,64,97,47,25,66,89,72,60,90,77,54,32,63,82,39,15,
57	12	14	2.41	12,84,35,46,72,60,77,54,32,63,82,39,50,86,16,69,14,
57	13	14	2.354	13,67,16,86,54,32,81,37,33,76,40,82,39,50,69,14,
57	11	12	2.771	11,29,55,46,90,77,54,32,63,82,39,50,86,92,83,84,12,
57	13	15	2.168	13,67,16,86,50,39,82,63,54,32,81,37,33,76,40,15,
57	11	13	2.54	11,36,21,45,31,46,90,77,54,32,63,82,39,50,16,67,13,
57	11	14	2.542	11,36,21,45,31,72,60,90,77,54,32,63,82,39,50,86,16,69,14,
57	14	15	2.016	14,69,16,86,50,39,82,63,54,32,81,37,33,76,40,15,
57	12	13	2.527	12,84,35,46,72,90,77,54,32,63,82,39,50,86,16,67,13,
57	12	15	2.544	12,84,83,67,16,86,50,39,82,63,54,32,81,37,33,76,40,15,
57	11	15	2.672	11,36,21,22,45,31,72,60,90,77,54,32,81,37,33,76,82,39,15,
