263	0	1	2.075	0,27,84,95,31,42,85,75,32,80,71,39,82,72,33,51,1,
263	0	2	2.003	0,84,95,31,42,85,75,32,80,71,82,39,67,87,72,2,
263	0	3	1.877	0,27,84,95,31,42,85,75,32,80,71,82,39,36,67,87,3,
263	0	4	2.411	0,84,95,31,42,85,75,32,80,71,82,39,45,34,58,65,86,93,74,4,
263	0	5	2.268	0,84,95,31,42,85,75,32,80,71,82,39,45,34,58,65,86,93,83,5,
263	0	6	2.38	0,84,95,31,42,85,75,32,80,71,82,39,45,34,58,65,86,52,41,73,57,6,
263	0	7	2.452	0,84,95,31,42,85,75,32,80,71,45,34,58,65,86,52,41,73,57,40,7,
263	0	8	2.577	0,27,84,95,31,42,85,75,32,94,97,47,99,78,17,90,70,88,24,48,8,
263	0	9	2.596	0,27,84,95,31,42,94,97,47,99,44,25,53,37,38,66,59,49,68,9,
263	0	10	2.428	0,84,95,31,42,85,75,32,94,97,47,99,44,25,53,37,38,66,10,
263	0	11	2.357	0,27,84,95,31,42,46,79,21,64,43,76,30,28,19,81,12,55,29,22,26,11,
263	0	12	2.116	0,27,85,42,31,95,84,46,79,21,64,43,76,30,28,19,98,81,12,
263	0	13	1.734	0,27,84,95,31,42,46,79,76,43,21,64,98,19,28,13,
263	0	14	1.739	0,27,75,32,85,42,31,95,84,46,79,21,64,43,76,30,14,
263	0	15	1.89	0,27,75,85,42,31,95,84,46,79,21,64,43,76,14,96,15,
263	1	2	2.284	1,33,51,27,84,95,31,42,85,75,32,80,71,39,82,72,2,
263	1	3	2.038	1,51,27,84,95,31,42,85,75,32,80,71,82,39,67,87,3,
263	1	4	2.431	1,33,51,27,84,95,31,42,85,75,32,80,71,82,39,87,67,69,4,
263	1	5	2.513	1,27,84,95,31,42,85,75,32,80,71,82,39,45,34,58,86,93,83,5,
263	1	6	2.513	1,51,33,80,71,82,39,36,45,34,58,86,65,63,54,61,57,73,52,41,6,
263	1	7	2.535	1,51,33,80,71,82,39,45,34,58,86,65,61,52,41,73,57,40,56,50,7,
263	1	8	2.49	1,33,80,71,45,34,58,65,86,52,41,73,57,40,56,50,91,48,8,
263	1	9	2.698	1,51,75,85,95,31,42,94,97,47,99,44,25,53,37,38,66,59,9,
263	1	10	2.617	1,51,75,85,95,31,42,94,97,47,99,78,44,25,53,37,38,66,10,
263	1	11	2.499	1,51,75,85,42,31,95,84,46,79,21,64,43,76,30,28,19,81,20,26,11,
263	1	12	2.238	1,51,32,75,85,42,31,95,84,46,79,21,64,43,76,30,28,19,81,12,
263	1	13	2.029	1,51,75,85,42,31,95,84,46,79,21,64,43,76,30,28,19,81,13,
263	1	14	1.864	1,51,32,75,85,95,42,31,84,46,96,79,21,43,76,14,
263	1	15	1.909	1,51,75,85,42,31,95,84,46,79,21,64,43,76,14,96,15,
263	2	3	2.289	2,72,82,39,36,45,34,58,65,86,93,74,69,67,87,3,
263	2	4	2.275	2,72,80,71,82,39,45,34,58,65,86,93,83,74,69,4,
263	2	5	2.302	2,72,82,39,36,45,34,58,86,65,61,56,40,57,73,52,83,5,
263	2	6	2.421	2,72,82,39,36,45,34,58,86,65,54,63,17,90,70,61,57,73,41,6,
263	2	7	2.694	2,72,80,71,82,39,45,34,58,86,65,54,63,17,90,70,61,73,57,40,7,
263	2	8	2.545	2,72,71,82,39,45,34,58,65,86,52,41,73,57,40,56,50,91,48,89,8,
263	2	9	2.63	2,72,82,39,36,45,34,58,65,86,52,41,73,57,40,56,50,91,48,89,9,
263	2	10	2.774	2,72,71,82,39,45,34,58,86,65,54,63,17,90,70,88,24,49,59,66,10,
263	2	11	2.787	2,72,82,71,80,60,47,78,99,44,25,53,18,37,77,62,20,22,55,29,26,11,
263	2	12	2.425	2,33,32,75,85,42,31,95,84,46,79,76,43,21,64,28,19,81,12,
263	2	13	2.322	2,33,51,75,85,42,31,95,84,46,79,21,64,43,76,30,28,19,81,13,
263	2	14	2.22	2,33,32,75,85,42,31,95,84,46,79,21,64,19,28,30,43,76,14,
263	2	15	2.088	2,72,82,71,80,32,75,85,42,31,95,84,46,79,96,15,
263	3	4	2.164	3,87,67,36,45,34,63,17,90,54,65,86,58,93,74,4,
263	3	5	2.203	3,87,67,36,45,34,58,86,65,61,40,57,73,41,52,93,83,5,
263	3	6	2.109	3,87,67,36,45,34,58,86,65,63,54,70,61,57,73,52,41,6,
263	3	7	2.074	3,87,67,36,45,34,58,65,86,93,52,41,73,57,40,56,7,
263	3	8	2.278	3,87,67,36,45,34,58,86,65,61,52,41,73,57,40,56,50,91,48,8,
263	3	9	2.414	3,87,67,36,45,34,58,65,86,52,41,73,57,40,56,50,91,48,89,9,
263	3	10	2.552	3,87,67,36,45,34,58,86,65,54,63,90,17,23,88,24,49,59,66,10,
263	3	11	2.748	3,87,67,36,45,34,58,86,65,54,90,17,78,99,44,25,53,35,62,20,26,11,
263	3	12	2.596	3,87,82,71,80,32,75,85,42,31,95,84,46,79,21,64,28,19,81,12,
263	3	13	2.384	3,87,82,71,80,32,75,85,42,31,95,84,46,79,76,43,21,64,28,13,
263	3	14	2.312	3,87,67,39,82,71,80,32,75,85,42,95,31,84,46,79,21,64,43,76,14,
263	3	15	2.476	3,87,67,36,34,45,39,82,71,80,32,75,85,42,31,95,84,46,96,15,
263	4	5	2.135	4,69,67,36,45,34,58,86,65,61,56,40,57,73,52,83,5,
263	4	6	1.998	4,74,93,58,86,65,54,63,17,90,70,61,57,73,52,41,6,
263	4	7	1.983	4,74,93,58,86,65,61,52,41,73,57,40,56,50,91,7,
263	4	8	2.454	4,69,36,45,34,58,65,86,93,52,41,73,57,40,56,50,91,48,89,8,
263	4	9	2.548	4,74,83,93,58,86,65,61,52,41,73,57,40,56,50,91,48,89,68,9,
263	4	10	2.561	4,74,93,58,86,52,41,73,57,40,56,50,91,48,89,68,49,59,66,10,
263	4	11	2.719	4,74,93,58,86,65,54,90,17,78,99,44,25,53,35,62,20,22,55,29,26,11,
263	4	12	2.624	4,74,93,86,65,54,90,17,78,99,44,25,53,35,62,20,22,29,55,12,
263	4	13	2.472	4,69,67,39,82,71,80,32,75,85,42,95,31,46,79,21,64,43,76,30,13,
263	4	14	2.309	4,69,67,39,82,71,80,32,75,85,42,95,31,46,79,21,64,43,76,14,
263	4	15	2.5	4,74,93,86,65,58,34,45,39,82,71,80,32,75,85,42,31,95,84,15,
263	5	6	1.855	5,83,93,58,86,65,54,63,17,90,70,61,57,73,52,41,6,
263	5	7	1.84	5,83,93,58,86,65,61,52,41,73,57,40,56,50,91,7,
263	5	8	1.765	5,83,93,58,65,86,52,41,73,57,40,56,50,91,48,8,
263	5	9	2.563	5,83,74,93,58,65,86,52,41,73,57,40,56,50,91,48,89,68,49,9,
263	5	10	2.428	5,83,93,58,65,86,52,41,73,57,40,56,50,91,48,68,49,59,66,10,
263	5	11	2.464	5,83,52,41,73,57,40,56,50,91,48,89,68,49,59,38,77,62,20,26,11,
263	5	12	2.625	5,83,52,41,73,57,40,56,50,91,48,68,49,59,38,77,62,20,22,29,55,12,
263	5	13	2.546	5,83,93,86,65,54,90,17,78,99,44,92,98,19,64,21,43,76,30,13,
263	5	14	2.443	5,83,93,86,65,54,90,17,78,99,44,92,98,19,28,64,21,43,76,14,
263	5	15	2.357	5,83,93,86,65,58,34,45,39,82,71,80,32,75,85,42,31,95,84,15,
263	6	7	1.921	6,41,52,73,57,40,56,70,90,17,23,88,24,91,50,7,
263	6	8	1.875	6,41,52,73,57,40,56,61,54,90,17,23,88,24,48,8,
263	6	9	1.842	6,41,73,57,40,56,50,91,48,89,68,49,59,66,9,
263	6	10	2.349	6,41,52,73,57,40,56,61,86,65,63,54,70,88,24,49,59,66,10,
263	6	11	2.225	6,41,52,73,57,40,56,50,91,48,89,68,49,59,38,77,62,20,26,11,
263	6	12	2.363	6,41,52,73,57,40,56,88,24,49,59,66,38,77,62,20,22,29,55,12,
263	6	13	2.504	6,41,52,73,57,40,56,61,54,63,17,78,99,44,92,98,19,28,13,
263	6	14	2.493	6,41,52,73,57,40,56,70,90,17,78,99,44,92,98,19,64,21,43,76,14,
263	6	15	2.44	6,41,52,86,65,58,34,45,36,39,82,71,80,32,75,85,42,31,95,84,15,
263	7	8	1.909	7,40,57,73,41,52,86,65,61,56,50,91,48,89,8,
263	7	9	1.999	7,40,57,73,41,52,86,65,61,56,50,91,48,89,9,
263	7	10	2.081	7,6,41,73,57,40,56,50,91,48,89,68,49,59,66,10,
263	7	11	2.153	7,50,91,48,89,68,49,59,66,38,18,37,77,62,20,22,29,26,11,
263	7	12	2.301	7,50,91,48,89,68,49,59,66,38,18,37,77,20,26,22,29,55,12,
263	7	13	2.512	7,40,57,73,41,52,86,65,54,90,17,78,99,44,92,98,19,28,13,
263	7	14	2.581	7,40,57,73,41,52,86,65,63,78,99,44,92,98,19,64,21,43,76,14,
263	7	15	2.54	7,40,57,73,41,52,86,65,58,34,45,71,80,32,75,85,42,95,84,15,
263	8	9	2.146	8,48,91,50,56,40,57,73,41,52,61,70,88,24,68,9,
263	8	10	1.933	8,48,89,68,49,59,66,38,77,62,20,22,55,29,26,10,
263	8	11	1.644	8,48,89,68,49,59,66,38,77,62,20,22,55,29,26,11,
263	8	12	2.165	8,48,89,68,49,59,66,38,18,37,53,35,77,62,20,26,22,29,55,12,
263	8	13	2.413	8,48,89,68,49,59,66,38,37,53,35,92,98,64,21,43,76,30,13,
263	8	14	2.348	8,48,89,68,49,59,66,38,18,37,53,35,81,19,28,64,21,43,76,14,
263	8	15	2.607	8,48,89,68,49,59,66,38,18,37,53,35,92,98,64,21,79,96,15,
263	9	10	2.035	9,49,59,66,38,18,37,53,35,77,62,20,22,55,29,26,10,
263	9	11	1.746	9,49,59,66,38,18,37,53,35,77,62,20,22,55,29,26,11,
263	9	12	2.397	9,8,48,89,68,49,59,66,38,18,37,53,35,77,62,20,22,55,12,
263	9	13	2.242	9,59,66,38,18,37,53,25,92,98,19,28,64,21,43,76,30,13,
263	9	14	2.23	9,49,59,66,38,18,37,53,35,92,98,19,28,64,21,43,76,30,14,
263	9	15	2.503	9,59,66,38,18,37,53,35,92,98,19,28,64,21,43,76,79,96,15,
263	10	11	1.776	10,66,38,18,37,53,25,35,77,62,20,22,55,29,26,11,
263	10	12	2.299	10,66,38,18,37,35,92,98,64,21,43,76,30,28,19,81,12,
263	10	13	2.025	10,66,38,18,37,53,35,92,98,19,28,64,21,43,76,30,13,
263	10	14	2.191	10,66,59,38,18,37,77,20,62,35,92,98,19,28,64,43,76,14,
263	10	15	2.321	10,66,38,18,37,53,35,92,98,19,28,64,21,43,76,79,96,15,
263	11	12	2.098	11,26,20,62,35,92,98,64,21,43,76,30,28,19,81,12,
263	11	13	1.862	11,26,20,62,77,35,92,98,19,28,64,21,43,76,30,13,
263	11	14	1.789	11,26,29,55,22,20,62,35,92,98,19,28,64,43,76,14,
263	11	15	2.047	11,26,20,35,92,98,19,28,64,21,43,76,79,96,15,
263	12	13	1.956	12,55,29,22,20,62,35,92,98,19,28,64,21,43,76,30,13,
263	12	14	1.833	12,55,29,22,20,62,77,35,92,98,19,64,21,43,76,14,
263	12	15	2.047	12,81,19,28,64,21,43,76,79,46,31,95,42,85,84,15,
263	13	14	2.025	13,28,19,64,21,43,76,79,16,42,31,95,84,46,96,14,
263	13	15	1.857	13,28,30,76,43,64,21,79,16,42,31,95,84,46,96,15,
263	14	15	2.012	14,30,28,19,64,21,43,76,79,16,42,95,31,46,96,15,
