68	0	1	1.731	0,49,63,52,98,21,95,43,54,76,26,46,99,39,79,1,
68	0	2	1.699	0,49,63,52,98,21,95,43,54,20,76,26,46,99,57,2,
68	0	3	1.853	0,49,63,52,98,21,95,48,43,54,76,20,85,24,30,69,3,
68	0	4	2.046	0,49,63,52,98,21,75,95,48,43,54,76,20,85,24,30,29,4,
68	0	5	2.303	0,49,63,52,98,21,95,48,43,54,76,85,24,30,23,27,56,87,5,
68	0	9	2.483	0,63,52,98,95,43,54,76,20,18,41,44,36,31,50,72,67,64,16,9,
68	0	8	2.408	0,63,52,98,21,95,62,18,44,41,36,58,45,55,96,42,33,60,97,8,
68	0	6	2.425	0,63,52,98,21,95,43,54,20,18,44,41,36,58,45,51,65,6,
68	0	7	2.393	0,63,52,98,95,43,54,76,20,18,44,41,36,58,45,42,96,33,59,7,
68	0	10	2.544	0,63,52,98,21,95,62,18,44,41,36,58,50,31,72,67,89,19,10,
68	0	11	2.5	0,63,52,98,21,95,48,43,54,76,20,18,88,28,90,80,78,35,84,11,
68	1	3	1.62	1,79,75,21,98,95,48,43,54,76,20,85,24,30,3,
68	1	2	1.647	1,79,75,21,98,95,48,43,54,20,76,26,46,99,57,2,
68	0	14	2.093	0,40,49,63,98,21,75,95,62,52,47,83,61,86,73,14,
68	0	15	1.954	0,49,63,52,98,21,95,43,54,76,20,62,47,83,15,
68	1	4	2.093	1,79,75,21,98,52,62,95,43,54,76,20,85,24,30,29,4,
68	1	6	2.34	1,79,75,21,95,43,54,76,20,18,44,41,36,58,45,51,65,6,
68	1	8	2.363	1,79,75,21,95,43,54,76,20,18,44,41,36,58,45,55,96,42,97,8,
68	1	7	2.319	1,79,75,21,95,43,54,76,20,18,44,41,36,58,45,42,96,33,59,7,
68	1	5	2.239	1,79,75,21,98,95,48,43,54,76,20,85,24,30,23,56,87,5,
68	0	13	2.366	0,49,63,52,98,21,75,95,62,94,38,71,77,25,66,32,53,13,
68	0	12	2.427	0,63,52,98,21,95,48,43,54,76,20,18,88,38,77,25,66,32,12,
68	1	15	1.803	1,79,39,99,46,26,76,54,43,95,21,98,52,47,83,15,
68	1	14	1.871	1,79,75,21,95,62,98,52,63,47,83,61,86,73,14,
68	2	4	1.895	2,57,46,99,48,43,54,76,20,85,24,30,29,93,4,
68	2	3	1.79	2,57,39,79,75,21,95,48,43,54,76,85,24,30,3,
68	2	5	2.178	2,57,46,99,48,43,54,76,20,85,24,30,23,27,56,87,5,
68	1	9	2.442	1,79,75,21,95,43,54,20,18,44,41,36,58,31,50,72,67,64,16,9,
68	1	13	2.346	1,79,75,21,98,52,63,47,83,61,86,71,38,77,25,66,32,53,13,
68	1	10	2.504	1,79,75,21,95,43,54,76,20,18,44,41,36,31,50,72,67,89,19,10,
68	1	11	2.555	1,79,75,21,98,52,47,83,61,86,73,71,38,77,28,90,80,78,35,84,11,
68	2	6	2.305	2,57,46,26,76,54,20,18,34,44,41,36,58,45,82,51,65,6,
68	1	12	2.384	1,79,75,21,98,52,63,47,83,61,86,73,71,38,77,25,66,32,53,12,
68	2	15	1.728	2,57,99,46,26,76,54,43,95,21,98,52,63,47,83,15,
68	3	4	2.093	3,69,57,99,46,26,85,24,30,23,27,56,87,93,4,
68	3	5	2.368	3,30,24,85,26,46,57,99,48,43,54,20,27,56,87,5,
68	2	14	2.151	2,57,99,46,26,76,54,43,48,95,75,21,98,52,63,47,83,61,14,
68	2	13	2.33	2,57,99,46,26,76,54,43,48,95,75,21,98,52,47,83,61,73,13,
68	2	7	2.199	2,57,46,26,76,54,20,18,44,41,36,58,45,55,96,42,33,59,7,
68	2	10	2.56	2,57,99,46,26,76,54,20,18,41,44,34,36,58,31,50,72,67,89,19,10,
68	2	9	2.438	2,57,46,99,48,43,54,76,20,18,44,41,36,58,50,31,72,67,64,16,9,
68	2	11	2.707	2,57,99,46,26,76,54,20,18,44,41,36,58,31,50,72,67,78,35,84,11,
68	2	8	2.381	2,57,46,26,76,54,20,18,34,44,41,36,58,45,42,96,33,60,97,92,8,
68	2	12	2.499	2,57,46,99,39,75,21,98,52,47,83,61,73,71,38,77,25,66,32,12,
68	4	5	2.242	4,93,56,17,51,82,55,96,42,60,33,91,59,68,37,65,5,
68	3	6	2.114	3,30,24,23,27,17,34,44,41,36,58,45,82,51,65,6,
68	3	7	2.088	3,30,24,23,27,17,34,44,41,36,58,45,55,96,42,33,59,7,
68	3	13	2.37	3,30,24,85,76,54,43,95,21,98,52,63,47,83,61,86,73,13,
68	3	15	2.049	3,30,24,85,20,76,54,43,48,95,75,21,98,52,47,63,49,40,15,
68	3	14	2.233	3,30,24,85,20,76,54,43,95,75,21,98,52,63,47,83,61,14,
68	3	10	2.555	3,30,24,85,76,54,20,18,34,44,41,36,58,50,31,72,67,89,19,10,
68	3	11	2.654	3,30,24,85,23,27,17,34,44,41,36,58,50,31,72,67,78,35,84,11,
68	3	8	2.318	3,30,24,23,27,17,34,44,41,36,58,45,51,82,55,33,96,42,97,8,
68	3	9	2.481	3,30,24,23,27,17,34,44,41,36,58,45,42,96,33,60,97,81,64,16,9,
68	3	12	2.567	3,30,24,85,76,54,43,48,95,21,98,52,47,94,38,77,25,66,32,12,
68	5	6	1.981	5,87,56,17,34,44,41,36,58,45,82,51,37,68,65,6,
68	4	6	1.978	4,93,56,17,51,82,55,96,42,60,33,91,59,68,37,65,6,
68	4	8	2.07	4,93,56,17,34,44,41,36,58,45,42,96,55,91,33,60,97,92,8,
68	4	7	1.955	4,93,56,17,34,44,41,36,58,45,55,96,42,60,33,91,59,7,
68	4	13	2.549	4,29,30,24,85,76,54,43,48,95,21,98,52,47,83,61,86,73,13,
68	4	10	2.534	4,93,56,17,34,44,41,36,58,45,50,31,72,67,81,64,16,89,19,10,
68	4	11	2.646	4,93,56,17,51,82,45,58,34,44,41,36,31,50,72,67,78,35,84,11,
68	4	15	2.36	4,29,23,30,24,85,20,76,54,43,48,95,75,21,98,52,63,47,83,15,
68	4	14	2.496	4,29,30,24,85,76,54,43,48,95,75,21,98,52,47,83,61,86,73,14,
68	4	9	2.362	4,93,56,17,34,44,41,36,58,45,82,55,96,42,33,60,97,81,64,16,9,
68	4	12	2.533	4,93,56,17,34,44,41,36,31,50,72,74,80,90,28,77,25,66,32,12,
68	6	8	1.698	6,68,37,51,82,45,58,36,31,50,42,96,33,60,97,8,
68	6	7	1.712	6,68,37,51,82,45,58,36,31,50,42,96,55,33,91,59,7,
68	5	7	1.866	5,87,56,17,34,44,41,36,58,45,55,96,42,33,91,59,7,
68	5	8	1.962	5,87,56,17,34,44,41,36,58,45,55,96,42,33,60,97,92,8,
68	5	9	2.187	5,87,56,17,34,44,41,36,58,45,55,96,42,97,81,64,16,9,
68	5	14	2.43	5,87,56,27,20,76,54,43,48,95,75,21,98,52,47,83,61,14,
68	5	13	2.57	5,87,56,17,34,44,41,36,58,31,50,72,74,80,90,28,77,25,13,
68	5	10	2.422	5,65,37,68,59,91,33,42,96,55,82,51,45,58,31,50,72,67,89,19,10,
68	5	15	2.361	5,87,56,23,30,24,85,76,54,43,48,95,21,98,52,63,49,40,15,
68	5	11	2.59	5,65,68,59,91,33,42,96,55,82,51,45,58,31,50,72,67,78,84,11,
68	5	12	2.511	5,87,56,17,34,44,41,36,31,50,72,74,80,90,28,77,25,66,32,12,
68	7	8	1.66	7,59,91,33,42,96,55,82,51,45,58,31,50,81,92,8,
68	7	10	1.678	7,59,91,33,42,96,55,45,58,31,50,72,67,89,19,10,
68	7	9	1.628	7,59,33,42,96,55,82,45,58,31,50,72,67,64,16,9,
68	6	9	1.898	6,68,37,59,91,33,42,96,55,45,58,36,31,50,72,67,64,16,9,
68	6	10	2.076	6,68,37,59,91,33,42,96,55,82,51,45,58,50,31,72,67,89,19,10,
68	6	15	2.466	6,68,37,51,82,45,58,36,41,44,34,18,62,98,52,47,83,15,
68	7	11	2.057	7,59,91,33,42,96,55,82,51,45,58,50,31,72,67,78,35,84,11,
68	6	11	2.277	6,68,37,59,91,33,42,96,55,82,51,45,58,50,31,72,67,78,84,11,
68	6	13	2.448	6,68,37,59,91,33,42,96,55,45,58,31,50,72,74,80,90,28,77,25,13,
68	6	14	2.579	6,68,59,33,42,96,55,82,51,45,58,36,34,44,41,88,94,86,73,14,
68	6	12	2.322	6,68,37,59,91,33,55,96,42,50,31,72,74,80,90,28,77,25,66,32,12,
68	8	11	1.912	8,97,60,33,42,96,55,45,50,31,72,67,78,35,84,11,
68	8	10	1.722	8,97,60,33,42,96,55,45,58,31,50,72,67,89,19,10,
68	8	9	1.667	8,92,97,60,33,42,96,55,45,58,50,31,72,67,64,16,9,
68	8	13	2.355	8,97,60,42,96,55,82,51,45,58,50,31,72,74,80,90,28,77,25,13,
68	8	14	2.417	8,97,60,33,42,96,55,82,51,45,58,34,44,41,88,94,86,73,14,
68	8	15	2.491	8,97,60,33,42,96,55,82,51,45,58,36,41,44,18,62,52,47,83,15,
68	7	13	2.381	7,59,33,42,96,55,82,51,45,58,36,31,50,72,74,80,90,28,77,25,13,
68	7	15	2.491	7,59,91,55,45,58,36,41,44,18,20,54,43,95,21,98,52,47,83,15,
68	8	12	2.114	8,97,60,33,55,96,42,50,31,72,74,80,90,28,77,25,66,32,12,
68	7	12	2.16	7,59,33,42,96,55,45,58,50,31,72,74,80,28,77,25,66,32,12,
68	7	14	2.477	7,59,91,33,60,42,96,55,82,51,45,58,36,34,44,41,88,94,86,73,14,
68	9	10	2.012	9,16,64,81,97,60,33,42,96,55,45,50,72,67,89,19,10,
68	9	11	2.098	9,16,64,67,72,31,50,58,34,44,41,74,78,35,84,11,
68	10	11	2.156	10,19,89,67,72,31,50,58,36,44,41,74,78,35,84,11,
68	9	13	2.331	9,16,64,67,72,31,50,58,36,44,41,74,80,90,28,77,25,13,
68	10	12	2.14	10,19,89,16,64,67,74,80,90,28,38,71,77,25,66,32,12,
68	10	13	2.531	10,19,89,67,72,31,50,58,36,44,41,74,80,90,28,77,38,71,13,
68	10	14	2.573	10,19,89,67,72,31,50,45,58,36,34,44,41,88,94,86,73,14,
68	10	15	2.614	10,19,89,67,72,31,50,58,36,41,44,18,62,98,52,63,49,40,15,
68	9	14	2.559	9,16,64,81,42,96,33,55,45,58,36,34,44,41,88,94,86,73,14,
68	9	15	2.576	9,16,64,67,72,31,50,58,36,41,44,18,62,95,21,98,52,47,83,15,
68	9	12	2.276	9,16,64,67,72,50,31,36,44,41,74,80,28,77,25,66,32,12,
68	13	15	2.258	13,25,77,38,94,62,95,75,21,98,52,63,47,83,15,
68	13	14	2.505	13,53,32,66,25,77,38,94,62,95,21,98,52,47,61,14,
68	12	13	2.213	12,22,84,35,78,74,80,90,28,77,38,71,25,66,32,53,13,
68	12	14	2.365	12,32,66,25,71,38,94,62,95,21,98,52,47,83,61,14,
68	12	15	2.079	12,32,66,25,77,38,71,86,61,83,47,52,63,49,40,15,
68	14	15	2.269	14,73,61,83,47,52,98,21,95,43,48,75,63,49,40,15,
68	11	13	2.619	11,84,35,78,67,72,31,50,58,36,34,44,41,88,38,71,13,
68	11	14	2.591	11,84,35,78,67,72,31,50,58,36,44,41,88,94,86,73,14,
68	11	12	2.117	11,22,84,35,78,74,80,90,28,77,38,71,25,66,32,53,12,
68	11	15	2.555	11,84,35,78,80,90,28,88,18,20,76,54,43,95,98,52,47,83,15,
