526	0	1	2.113	0,74,66,73,47,55,19,46,89,96,97,82,27,45,49,29,1,
526	0	2	2.187	0,74,66,73,47,55,19,99,46,89,96,97,27,45,49,2,
526	0	3	2.08	0,74,66,73,47,55,19,99,46,89,96,97,82,26,87,3,
526	0	4	2.03	0,42,29,49,45,27,97,17,86,67,92,32,68,91,48,25,65,4,
526	0	5	2.278	0,74,66,73,47,19,46,89,96,17,86,67,92,32,68,91,48,25,5,
526	0	6	2.431	0,74,66,73,47,55,46,19,99,50,57,22,78,56,79,62,93,44,21,6,
526	0	7	2.498	0,74,88,66,73,47,55,46,19,99,50,57,22,78,56,79,62,93,77,31,7,
526	0	8	2.457	0,74,66,73,47,55,46,19,99,81,52,69,33,90,54,70,24,85,84,8,
526	0	9	2.354	0,74,66,73,47,55,46,19,99,50,57,33,69,90,54,70,24,85,38,35,9,
526	0	10	2.32	0,74,66,73,47,55,46,19,99,50,57,81,52,33,69,61,41,75,60,10,
526	0	11	2.388	0,74,66,73,47,55,19,46,99,50,81,52,69,33,90,75,41,61,11,
526	0	12	2.125	0,74,66,73,47,55,46,19,99,50,57,81,33,69,52,30,94,43,12,
526	0	13	2.019	0,74,66,73,47,55,46,19,99,50,57,81,52,51,39,53,13,
526	0	14	1.897	0,74,66,73,47,55,46,19,99,50,81,34,64,28,72,14,
526	0	15	1.999	0,74,66,73,47,55,46,19,99,50,81,34,63,59,23,15,
526	1	2	2.171	1,40,42,88,66,73,47,55,19,46,89,96,97,82,26,2,
526	1	3	1.976	1,29,49,45,27,82,67,92,32,68,91,48,25,65,36,18,3,
526	1	4	1.783	1,29,49,45,27,82,86,67,92,32,68,91,48,25,65,4,
526	1	5	2.071	1,29,49,45,27,82,97,17,86,67,92,32,68,91,48,25,5,
526	1	6	2.416	1,40,42,88,58,55,46,19,99,50,57,22,56,79,62,93,44,21,6,
526	1	7	2.43	1,40,42,88,66,73,47,19,46,99,50,57,78,56,79,62,93,77,31,7,
526	1	8	2.463	1,40,42,58,55,46,19,99,81,52,33,69,90,54,70,24,85,84,8,
526	1	9	2.418	1,40,42,88,66,73,47,55,46,19,99,81,52,33,69,90,54,70,38,35,9,
526	1	10	2.391	1,40,42,88,66,73,47,55,46,19,99,81,52,33,69,61,41,75,60,10,
526	1	11	2.435	1,40,42,88,66,73,47,55,46,19,99,50,57,81,52,33,69,61,16,37,11,
526	1	12	2.237	1,40,42,88,66,73,47,55,46,19,99,81,52,33,69,95,30,94,43,12,
526	1	13	2.249	1,40,42,88,66,73,47,55,46,19,99,50,57,33,69,52,51,39,53,13,
526	1	14	1.92	1,40,42,58,55,46,19,99,81,34,63,59,28,72,14,
526	1	15	2.045	1,40,42,88,58,55,46,19,99,81,34,63,59,23,15,
526	2	3	2.025	2,26,82,97,17,86,67,92,32,68,48,25,65,36,18,3,
526	2	4	1.851	2,49,45,27,97,17,86,67,92,32,68,91,48,25,65,4,
526	2	5	2.216	2,49,45,27,82,97,17,86,67,92,32,68,48,25,76,80,5,
526	2	6	2.51	2,87,18,36,48,91,68,32,92,67,83,20,56,79,62,93,44,21,6,
526	2	7	2.394	2,87,18,36,65,25,48,91,68,32,92,67,83,79,62,93,77,31,7,
526	2	8	2.558	2,87,18,36,65,25,48,91,68,32,92,83,20,56,79,62,93,77,31,8,
526	2	9	2.537	2,26,82,97,96,89,46,19,99,81,33,69,90,54,70,85,84,38,35,9,
526	2	10	2.575	2,49,45,27,82,97,96,89,46,19,99,50,81,52,69,33,90,75,60,10,
526	2	11	2.61	2,49,45,27,82,97,96,89,46,19,99,50,57,81,33,69,52,30,95,37,11,
526	2	12	2.394	2,49,45,27,82,97,96,89,46,19,99,81,52,33,69,95,30,94,43,12,
526	2	13	2.387	2,49,45,27,82,97,96,46,19,99,50,57,33,69,52,51,39,53,13,
526	2	14	2.236	2,49,45,27,82,97,96,89,46,19,99,81,34,63,59,28,72,14,
526	2	15	2.315	2,49,45,27,97,96,89,46,19,99,50,57,81,34,63,59,23,15,
526	3	4	2.056	3,18,26,82,97,17,86,67,92,32,68,91,48,25,65,4,
526	3	5	2.016	3,18,36,65,25,48,91,68,32,67,86,20,83,92,76,5,
526	3	6	2.159	3,18,36,48,91,68,32,92,67,83,20,56,79,62,93,44,21,6,
526	3	7	2.043	3,18,36,65,25,48,91,68,32,92,67,83,79,62,93,77,31,7,
526	3	8	2.251	3,18,36,65,25,48,91,68,32,92,67,86,20,56,79,62,93,77,31,8,
526	3	9	2.261	3,18,36,65,25,48,91,68,32,92,67,83,79,62,71,24,84,85,38,35,9,
526	3	10	2.478	3,18,36,65,25,48,91,68,32,92,67,83,79,62,71,24,84,85,38,35,10,
526	3	11	2.507	3,18,36,48,68,32,92,67,86,17,96,89,46,19,99,50,57,33,69,16,11,
526	3	12	2.45	3,18,36,65,25,48,68,32,92,67,86,17,89,46,19,99,81,52,30,94,43,12,
526	3	13	2.37	3,18,36,48,91,68,32,92,67,86,17,96,89,46,19,99,34,64,53,13,
526	3	14	2.258	3,87,26,82,97,96,89,46,19,99,50,57,81,34,63,59,23,28,72,14,
526	3	15	2.319	3,87,26,27,82,97,96,89,46,19,99,50,57,81,34,63,59,23,15,
526	4	5	1.865	4,65,25,48,91,68,32,92,67,86,83,44,21,76,80,5,
526	4	6	1.815	4,65,25,48,91,68,32,92,67,83,79,62,93,44,21,6,
526	4	7	1.768	4,65,25,48,91,68,32,92,67,83,79,62,93,77,31,7,
526	4	8	1.976	4,65,25,48,91,68,32,92,67,86,20,56,79,62,93,77,31,8,
526	4	9	2.105	4,65,25,48,91,68,32,92,67,86,20,56,79,62,71,24,85,84,38,35,9,
526	4	10	2.268	4,65,25,48,91,68,32,92,67,86,20,56,79,62,98,54,90,75,60,10,
526	4	11	2.287	4,65,25,48,91,68,32,92,67,86,17,89,46,19,99,81,33,69,16,11,
526	4	12	2.215	4,65,25,48,91,68,32,92,67,86,17,89,46,19,99,81,52,30,94,43,12,
526	4	13	2.269	4,65,25,48,91,68,32,92,67,86,17,96,89,46,19,99,50,81,34,64,53,13,
526	4	14	2.073	4,65,25,48,68,32,92,67,86,17,89,46,19,99,34,64,28,72,14,
526	4	15	2.114	4,65,25,48,68,32,92,67,86,17,89,46,19,99,63,59,23,15,
526	5	6	2.061	5,25,48,91,68,32,92,83,20,56,79,62,93,44,21,6,
526	5	7	1.948	5,80,76,68,91,32,92,67,83,79,62,93,77,31,7,
526	5	8	2.151	5,25,48,91,68,32,92,67,86,20,56,79,62,93,77,31,8,
526	5	9	2.116	5,25,48,91,68,32,92,67,83,79,62,71,24,85,38,35,9,
526	5	10	2.333	5,80,76,68,91,32,92,67,83,79,62,98,54,90,75,60,10,
526	5	11	2.409	5,80,76,92,67,86,17,96,89,46,19,99,50,81,52,33,69,16,11,
526	5	12	2.382	5,76,92,67,86,17,96,89,46,19,99,50,57,33,69,52,30,94,43,12,
526	5	13	2.467	5,80,76,68,91,32,92,67,86,17,96,89,46,19,99,81,52,51,39,53,13,
526	5	14	2.327	5,25,48,91,68,32,92,67,86,17,96,89,46,19,99,63,59,28,72,14,
526	5	15	2.362	5,25,48,91,68,32,92,67,86,17,96,89,46,19,99,63,59,23,15,
526	6	7	2.134	6,80,76,68,91,32,92,67,83,79,62,93,77,31,7,
526	6	8	2.227	6,80,76,68,91,32,92,67,83,79,62,93,77,31,8,
526	6	9	2.079	6,21,44,93,79,62,98,54,90,70,71,24,85,38,35,9,
526	6	10	2.296	6,21,44,93,79,62,98,54,90,70,71,24,85,38,35,10,
526	6	11	2.485	6,21,44,93,62,79,56,78,46,19,99,50,81,52,33,69,61,11,
526	6	12	2.434	6,21,44,93,62,79,56,78,46,19,99,81,33,69,95,30,94,43,12,
526	6	13	2.491	6,21,44,93,62,79,56,78,46,19,99,50,57,33,69,52,51,39,53,13,
526	6	14	2.481	6,21,44,93,62,79,56,78,89,46,19,99,50,57,81,34,63,59,28,72,14,
526	6	15	2.516	6,21,44,93,62,79,56,78,89,46,19,99,50,57,81,34,63,59,23,15,
526	7	8	2.233	7,31,77,44,93,79,62,98,54,90,70,71,24,85,84,8,
526	7	9	1.978	7,31,77,93,79,62,98,54,90,70,24,84,85,38,35,9,
526	7	10	2.195	7,31,77,93,79,62,98,54,90,70,24,84,85,38,35,10,
526	7	11	2.389	7,31,77,93,62,79,56,78,46,19,99,81,52,33,69,61,11,
526	7	12	2.339	7,31,77,93,62,79,56,78,46,19,99,50,57,81,52,30,94,43,12,
526	7	13	2.444	7,31,77,93,62,79,56,78,46,19,99,50,57,33,69,52,51,39,53,13,
526	7	14	2.451	7,31,77,93,62,79,56,78,89,96,46,19,99,50,81,34,63,59,28,72,14,
526	7	15	2.594	7,31,77,93,62,79,56,78,46,19,99,50,57,33,69,52,34,63,59,23,15,
526	8	9	2.075	8,31,77,93,79,62,98,54,90,70,24,85,84,38,35,9,
526	8	10	2.371	8,24,71,70,54,98,90,61,41,75,60,38,85,84,35,10,
526	8	11	2.106	8,84,85,24,70,60,75,41,61,16,95,30,94,43,37,11,
526	8	12	2.268	8,84,85,24,71,98,54,90,70,60,75,41,61,16,95,30,94,43,12,
526	8	13	2.47	8,84,85,70,54,90,33,69,52,81,57,50,46,19,99,34,64,53,13,
526	8	14	2.452	8,31,77,93,62,79,56,78,46,19,99,81,34,63,59,23,28,72,14,
526	8	15	2.55	8,84,85,24,70,54,90,69,33,57,50,99,19,46,55,47,73,59,23,15,
526	9	10	2.204	9,35,38,85,84,24,71,70,90,54,98,33,69,61,41,10,
526	9	11	1.938	9,35,38,85,84,24,70,54,98,90,75,60,41,61,16,11,
526	9	12	1.745	9,35,38,84,85,70,60,75,41,61,16,95,30,94,43,12,
526	9	13	2.326	9,35,38,85,84,24,71,70,54,98,90,75,41,61,16,95,30,94,43,13,
526	9	14	2.348	9,35,38,85,70,54,90,33,69,52,81,50,46,19,99,63,59,28,72,14,
526	9	15	2.435	9,35,38,85,70,54,90,69,33,57,50,99,19,46,55,47,63,59,23,15,
526	10	11	2.155	10,35,38,85,84,24,70,54,98,90,75,60,41,61,16,11,
526	10	12	1.962	10,35,38,84,85,70,60,75,41,61,16,95,30,94,43,12,
526	10	13	2.142	10,35,38,85,84,24,70,60,75,41,61,16,95,30,94,13,
526	10	14	2.231	10,60,75,41,61,69,33,57,50,46,19,99,81,34,64,28,72,14,
526	10	15	2.399	10,60,75,41,61,69,33,52,81,50,99,19,46,55,47,73,59,23,15,
526	11	12	2.093	11,61,41,75,60,70,54,90,33,69,52,30,94,43,12,
526	11	13	2.139	11,61,69,33,57,50,99,19,46,55,47,63,64,53,13,
526	11	14	2.206	11,16,69,33,52,81,57,50,99,19,46,55,47,63,59,28,72,14,
526	11	15	2.391	11,16,69,33,52,81,50,99,19,46,55,47,63,34,64,59,23,15,
526	12	13	2.025	12,43,94,30,95,69,33,57,50,46,19,99,34,64,53,13,
526	12	14	1.914	12,43,94,30,52,81,50,46,19,99,63,59,28,72,14,
526	12	15	2.031	12,43,94,30,52,81,99,19,46,55,47,63,59,23,15,
526	13	14	1.968	13,53,64,34,81,99,19,46,55,47,63,59,28,72,14,
526	13	15	2.096	13,53,64,34,81,57,50,99,19,46,55,47,63,59,23,15,
526	14	15	2.02	14,72,28,64,34,81,50,99,19,46,55,47,73,59,23,15,
