527	0	1	2.275	0,24,21,68,61,65,22,59,49,52,95,99,86,70,43,1,
527	0	2	2.285	0,86,99,49,37,60,77,50,29,23,91,57,42,28,58,40,2,
527	0	3	2.217	0,24,21,86,99,95,48,88,82,57,28,42,84,51,89,3,
527	0	4	2.475	0,24,21,65,61,22,59,37,60,77,50,29,73,23,91,72,30,79,39,4,
527	0	5	2.686	0,24,21,65,61,22,59,37,77,50,29,23,91,72,84,51,79,30,80,5,
527	0	6	2.684	0,86,99,65,61,22,59,37,60,77,55,97,73,29,23,91,98,75,32,36,41,6,
527	0	7	2.838	0,24,21,65,61,22,59,37,60,77,50,29,23,91,73,55,97,53,83,7,
527	0	8	2.749	0,24,21,68,31,96,47,74,63,85,46,66,94,34,33,87,56,64,8,
527	0	9	2.664	0,24,21,68,31,96,47,74,63,85,46,66,94,34,67,93,44,25,9,
527	0	10	2.512	0,86,99,65,61,22,63,85,46,66,26,94,34,69,38,67,93,44,25,10,
527	0	11	2.543	0,86,99,65,61,68,31,96,47,90,74,63,85,46,66,92,18,11,
527	0	12	2.475	0,24,21,65,61,68,31,96,47,74,63,85,46,66,26,92,18,12,
527	0	13	1.995	0,70,99,86,24,21,65,61,68,31,96,47,90,16,13,
527	0	14	2.12	0,24,21,65,61,22,59,37,60,62,63,74,47,96,14,
527	0	15	2.167	0,24,21,61,22,59,63,74,90,47,96,31,68,81,15,
527	1	2	2.23	1,43,48,88,82,57,50,73,29,23,91,72,84,42,28,58,40,2,
527	1	3	2.19	1,43,48,88,82,50,29,73,23,91,57,28,42,84,51,89,3,
527	1	4	2.17	1,43,20,27,40,58,28,42,84,51,79,30,72,45,80,39,4,
527	1	5	2.662	1,43,48,88,82,28,42,57,50,73,29,23,91,72,84,51,79,30,39,80,5,
527	1	6	2.679	1,43,48,88,82,28,42,84,72,91,23,29,73,50,55,97,53,78,32,36,41,6,
527	1	7	2.809	1,43,48,88,82,28,42,84,72,91,23,29,50,55,97,19,53,78,83,7,
527	1	8	2.767	1,43,48,88,82,28,42,84,72,91,23,29,73,97,55,19,17,87,56,64,8,
527	1	9	2.711	1,43,48,88,82,57,91,23,29,50,55,19,17,33,69,38,67,93,44,25,9,
527	1	10	2.531	1,43,48,88,82,57,91,23,29,50,55,19,33,69,38,67,93,25,44,10,
527	1	11	2.642	1,43,70,99,86,24,21,65,61,68,31,96,47,90,16,18,11,
527	1	12	2.503	1,43,70,95,99,86,24,21,65,61,68,31,96,47,74,90,16,12,
527	1	13	2.224	1,43,70,95,99,86,24,21,65,61,68,31,96,47,90,16,13,
527	1	14	2.296	1,43,70,95,99,86,24,21,65,61,22,59,63,74,47,96,14,
527	1	15	2.222	1,20,27,43,70,95,99,86,24,21,65,61,22,68,81,15,
527	2	3	2.212	2,40,58,28,42,57,50,29,23,91,98,45,72,84,51,89,3,
527	2	4	2.034	2,40,58,28,42,57,29,50,73,23,91,72,84,51,79,30,39,4,
527	2	5	2.172	2,40,58,28,42,84,51,79,30,39,80,45,75,32,36,41,5,
527	2	6	2.532	2,40,58,28,42,84,72,91,23,29,50,73,97,55,19,53,78,32,36,41,6,
527	2	7	2.734	2,40,58,28,42,84,72,91,23,29,50,55,19,17,87,56,64,35,7,
527	2	8	2.675	2,40,58,28,42,84,72,91,23,29,73,50,55,97,53,83,54,35,64,56,8,
527	2	9	2.657	2,40,58,28,42,84,72,91,23,29,50,73,97,19,33,69,38,67,93,44,25,9,
527	2	10	2.741	2,40,58,28,42,84,72,91,23,29,73,55,97,53,19,17,33,69,38,67,93,44,10,
527	2	11	2.694	2,40,58,28,42,57,91,23,29,50,55,19,33,69,38,67,93,44,76,11,
527	2	12	2.618	2,27,43,70,95,99,86,24,21,65,61,68,31,96,47,90,16,12,
527	2	13	2.388	2,27,20,43,70,99,86,24,21,65,61,68,31,96,47,90,16,13,
527	2	14	2.412	2,40,58,28,42,57,91,23,29,50,77,60,62,63,74,90,47,96,14,
527	2	15	2.366	2,40,58,28,42,57,91,23,29,50,77,60,37,59,22,61,68,81,15,
527	3	4	2.001	3,89,40,58,28,57,50,29,23,91,72,84,51,79,30,39,4,
527	3	5	2.15	3,89,40,58,28,42,84,51,79,30,39,80,75,32,36,41,5,
527	3	6	1.948	3,89,40,58,28,42,84,51,79,30,39,80,75,32,36,41,6,
527	3	7	2.54	3,89,40,58,28,42,84,72,91,23,29,50,73,97,55,19,53,83,7,
527	3	8	2.588	3,89,40,58,28,42,84,72,91,23,29,50,55,97,19,17,87,56,64,8,
527	3	9	2.606	3,89,51,84,72,91,23,29,73,97,55,19,17,33,69,38,67,93,44,25,9,
527	3	10	2.677	3,89,40,58,28,42,57,91,23,29,50,73,97,55,19,17,33,69,38,67,93,44,10,
527	3	11	2.756	3,89,51,84,72,91,23,29,50,73,97,19,33,69,38,67,93,25,44,76,11,
527	3	12	2.719	3,89,40,58,28,42,84,72,91,23,29,73,50,77,60,62,85,46,66,92,18,12,
527	3	13	2.547	3,89,51,84,72,91,23,29,50,73,97,55,77,60,62,63,74,90,16,13,
527	3	14	2.471	3,89,51,84,72,91,23,29,73,50,77,60,62,63,74,90,47,96,31,14,
527	3	15	2.442	3,89,51,84,72,91,23,29,50,77,60,37,59,22,61,65,21,24,15,
527	4	5	2.097	4,39,30,79,51,84,42,28,57,50,29,23,91,72,45,80,5,
527	4	6	1.972	4,39,30,79,51,84,72,91,23,29,50,73,78,32,36,41,6,
527	4	7	2.229	4,39,30,79,51,84,72,91,23,29,50,55,97,53,78,83,7,
527	4	8	2.37	4,39,30,79,51,84,72,91,23,29,50,55,97,19,17,87,56,64,8,
527	4	9	2.393	4,39,79,30,72,91,23,29,73,97,55,19,33,69,38,67,93,44,25,9,
527	4	10	2.451	4,39,30,79,51,84,72,91,23,29,50,73,97,19,33,69,38,67,93,44,25,10,
527	4	11	2.656	4,39,30,79,51,84,72,91,23,29,50,77,60,62,85,46,66,26,92,18,11,
527	4	12	2.665	4,39,30,79,51,84,72,91,23,29,50,55,97,19,34,94,26,66,46,92,18,12,
527	4	13	2.672	4,39,30,79,51,84,72,91,23,29,73,50,55,77,60,62,63,74,47,90,16,13,
527	4	14	2.507	4,39,30,79,51,84,72,91,23,29,73,50,77,60,62,63,74,90,47,96,31,14,
527	4	15	2.478	4,39,30,79,51,84,72,91,23,29,50,77,60,37,59,22,61,65,21,24,15,
527	5	6	2.17	5,80,45,72,91,23,29,50,55,97,53,78,32,36,41,6,
527	5	7	2.397	5,80,30,79,51,84,72,91,23,29,73,50,55,97,53,83,7,
527	5	8	2.336	5,80,45,98,91,23,29,73,50,55,97,53,83,54,35,64,8,
527	5	9	2.432	5,80,45,98,91,23,29,50,55,19,33,69,38,67,93,44,25,9,
527	5	10	2.551	5,80,30,79,51,84,72,91,23,29,73,55,19,33,69,38,67,93,44,10,
527	5	11	2.721	5,80,45,98,91,23,29,50,73,97,55,19,33,69,38,67,93,44,76,11,
527	5	12	2.654	5,80,45,98,91,23,29,50,73,97,55,19,34,94,26,66,46,92,18,12,
527	5	13	2.779	5,80,39,30,79,51,84,72,91,23,29,50,55,77,60,62,63,74,90,16,13,
527	5	14	2.623	5,80,30,79,51,84,72,91,23,29,73,50,77,60,62,63,74,47,96,31,14,
527	5	15	2.595	5,80,30,79,51,84,72,91,23,29,50,77,60,37,59,22,61,65,21,15,
527	6	7	2.243	6,41,36,32,75,98,91,23,29,50,55,97,19,53,83,7,
527	6	8	2.2	6,41,36,32,75,98,91,23,29,50,73,97,53,83,54,35,8,
527	6	9	2.187	6,41,36,32,78,53,19,17,33,69,38,67,93,44,25,9,
527	6	10	2.084	6,41,36,32,78,53,19,17,33,69,38,67,25,93,44,10,
527	6	11	2.694	6,41,36,32,75,98,91,23,29,73,97,19,33,69,38,67,93,25,44,76,11,
527	6	12	2.573	6,41,36,32,75,98,91,23,29,50,55,97,19,34,94,66,46,92,18,12,
527	6	13	2.574	6,41,36,32,75,98,91,23,29,50,73,97,55,77,60,62,63,74,90,16,13,
527	6	14	2.557	6,41,36,32,75,45,98,91,23,29,50,77,60,62,63,74,90,47,96,31,14,
527	6	15	2.629	6,41,36,32,75,98,91,23,29,50,55,77,60,37,59,22,61,65,21,24,15,
527	7	8	2.509	7,41,36,32,75,98,91,23,29,50,73,97,53,83,54,35,8,
527	7	9	2.471	7,35,54,64,56,87,17,33,69,38,67,93,76,44,25,9,
527	7	10	2.355	7,35,64,56,87,17,33,34,94,66,26,67,93,44,10,
527	7	11	2.757	7,35,64,56,87,38,25,44,93,67,34,94,26,66,46,92,18,11,
527	7	12	2.632	7,35,64,56,87,38,25,44,93,67,34,94,26,66,46,92,18,12,
527	7	13	2.629	7,35,64,56,87,33,34,94,26,66,46,85,63,74,47,90,16,13,
527	7	14	2.595	7,35,64,56,87,33,69,34,94,26,66,46,85,63,74,47,96,31,14,
527	7	15	2.815	7,83,53,19,97,73,91,23,29,50,77,60,37,59,22,61,65,21,24,15,
527	8	9	2.433	8,35,54,17,33,69,67,93,44,76,10,25,38,87,64,56,9,
527	8	10	2.108	8,35,54,64,56,87,17,33,69,38,25,44,93,67,76,10,
527	8	11	2.443	8,64,56,87,38,25,44,93,67,34,94,26,66,46,92,18,11,
527	8	12	2.29	8,64,56,87,33,34,94,26,66,46,85,63,74,90,16,12,
527	8	13	2.513	8,64,56,87,17,33,69,34,94,26,66,46,85,63,74,47,90,16,13,
527	8	14	2.653	8,64,56,87,38,25,93,67,34,94,26,66,46,85,63,74,47,96,31,14,
527	8	15	2.678	8,64,56,87,33,34,94,26,66,46,85,63,74,90,47,96,31,68,81,15,
527	9	10	2.333	9,25,44,93,67,38,69,33,34,94,66,46,92,26,76,10,
527	9	11	2.354	9,25,44,93,67,38,87,33,69,34,94,26,66,46,92,18,11,
527	9	12	2.229	9,25,44,93,67,38,87,33,69,34,94,26,66,46,92,18,12,
527	9	13	2.161	9,25,44,93,67,38,69,34,94,26,66,46,85,63,74,90,13,
527	9	14	2.269	9,25,44,93,67,38,69,34,94,26,66,46,85,63,74,47,96,31,14,
527	9	15	2.534	9,25,44,93,67,38,69,34,94,26,66,46,85,63,74,47,96,31,81,15,
527	10	11	2.045	10,44,93,25,67,38,69,33,34,94,26,66,46,92,18,11,
527	10	12	1.929	10,25,44,93,67,38,69,33,34,94,26,66,46,92,18,12,
527	10	13	1.902	10,44,93,67,34,94,26,66,46,85,63,74,90,16,13,
527	10	14	2.041	10,44,93,67,34,94,26,66,46,85,63,74,90,47,96,31,14,
527	10	15	2.374	10,44,93,25,67,34,94,26,66,46,85,63,74,47,96,31,68,81,15,
527	11	12	2.159	11,76,93,44,25,67,38,69,34,94,26,66,46,92,18,12,
527	11	13	2.169	11,76,44,93,67,34,94,26,66,46,85,74,90,16,13,
527	11	14	2.408	11,76,93,44,25,67,38,69,33,34,94,66,46,85,74,47,96,14,
527	11	15	2.415	11,18,92,66,46,85,63,74,47,96,31,68,61,65,21,24,15,
527	12	13	2.066	12,18,92,26,34,94,66,46,85,63,74,47,90,16,13,
527	12	14	2.054	12,16,18,92,26,66,46,85,63,74,90,47,96,31,14,
527	12	15	1.959	12,16,90,47,96,31,68,61,65,99,86,24,21,15,
527	13	14	1.935	13,16,18,92,26,66,46,85,63,74,90,47,96,31,14,
527	13	15	1.84	13,16,90,47,96,31,68,61,65,99,86,24,21,15,
527	14	15	1.939	14,31,96,47,90,74,63,59,22,61,65,99,86,24,15,
