200	0	2	2.192	0,76,75,21,18,93,20,61,63,56,25,49,41,74,2,
200	0	3	2.131	0,76,75,21,18,93,99,20,67,61,63,56,46,72,95,3,
200	0	4	2.245	0,45,76,75,21,18,93,99,20,67,61,63,48,91,56,46,72,4,
200	0	5	2.269	0,76,75,21,18,93,99,20,67,61,63,48,91,83,85,58,52,26,5,
200	0	1	2.097	0,76,45,78,55,60,98,43,90,32,30,18,75,21,81,1,
200	0	11	2.281	0,76,45,78,55,60,43,90,73,33,88,19,80,40,36,87,62,84,50,11,
200	0	8	2.699	0,45,76,75,21,18,93,99,20,67,61,63,48,66,92,94,23,39,27,8,
200	0	10	2.492	0,76,75,21,18,93,99,42,73,35,44,33,88,19,80,40,36,71,10,
200	0	9	2.671	0,76,45,78,55,60,43,90,32,42,73,33,88,19,80,40,87,36,31,9,
200	0	6	2.217	0,76,75,21,18,93,20,67,61,63,48,91,83,85,58,52,26,54,77,6,
200	0	7	2.535	0,76,75,21,18,93,99,20,67,61,63,48,66,92,23,39,27,28,37,7,
200	1	3	2.085	1,81,17,93,99,20,67,61,63,56,25,49,41,74,70,89,3,
200	0	14	1.802	0,76,45,78,55,60,90,43,98,24,97,16,86,59,57,14,
200	1	5	2.097	1,81,17,93,99,20,67,61,63,48,91,83,85,58,52,26,5,
200	1	4	2.121	1,81,21,75,18,93,99,20,67,61,63,48,56,25,46,72,4,
200	0	15	1.882	0,76,45,78,55,60,90,43,98,24,97,59,86,16,47,15,
200	1	2	2.147	1,81,21,75,76,45,78,55,60,43,90,32,30,18,17,2,
200	1	6	2.223	1,21,75,18,93,99,20,67,61,63,48,91,83,85,58,52,26,54,77,6,
200	0	12	2.322	0,76,45,78,55,60,43,90,32,73,33,88,19,80,40,87,62,84,12,
200	0	13	2.334	0,76,45,78,55,60,90,43,98,33,88,19,80,40,34,82,29,38,13,
200	1	8	2.745	1,81,21,75,18,93,99,20,67,53,61,63,48,66,92,94,23,39,27,8,
200	1	7	2.558	1,21,75,18,93,99,20,67,61,63,48,66,92,23,39,27,64,28,37,7,
200	1	15	1.906	1,21,75,76,45,78,55,60,90,43,98,97,59,16,47,15,
200	2	3	2.135	2,17,93,20,67,61,63,48,56,25,49,41,74,70,89,3,
200	1	14	1.992	1,21,75,76,45,78,55,60,90,43,98,24,97,16,86,59,57,14,
200	2	5	2.051	2,74,41,49,20,67,61,53,92,66,48,63,56,46,83,85,5,
200	2	4	2.157	2,70,89,74,41,49,20,67,61,53,92,66,48,63,56,46,72,4,
200	2	6	2.136	2,70,89,74,41,49,25,56,63,61,48,91,83,85,58,52,26,77,6,
200	1	9	2.725	1,21,75,76,45,78,55,60,43,90,73,33,88,19,80,40,87,36,31,9,
200	1	12	2.376	1,21,75,76,45,78,55,60,43,33,88,19,80,40,36,87,62,84,12,
200	1	13	2.359	1,81,21,75,76,45,78,55,60,90,43,98,24,97,59,16,86,57,65,13,
200	1	11	2.352	1,21,75,76,45,78,55,60,43,98,33,88,19,80,40,36,87,62,50,11,
200	1	10	2.55	1,21,75,76,45,78,55,60,43,90,32,73,44,33,88,19,80,40,36,87,71,10,
200	2	15	2.37	2,81,21,75,76,45,78,55,60,90,43,98,24,97,59,86,16,47,15,
200	3	5	1.808	3,89,70,74,41,49,25,56,63,61,48,91,46,83,85,5,
200	3	4	1.916	3,89,70,74,41,49,25,56,63,20,67,61,48,91,46,72,4,
200	2	14	2.29	2,81,21,75,76,45,78,55,60,90,43,98,24,97,16,86,59,57,14,
200	2	9	2.603	2,74,41,49,25,56,48,63,61,67,53,66,92,94,23,39,27,68,31,9,
200	2	8	2.664	2,74,41,49,25,56,46,91,48,63,61,20,67,53,66,92,94,23,39,27,8,
200	2	12	2.54	2,74,41,49,25,56,63,61,53,92,94,35,44,33,88,19,80,40,34,12,
200	2	13	2.562	2,74,41,49,25,56,63,61,53,92,94,35,44,33,88,22,82,29,38,13,
200	2	10	2.612	2,74,41,49,25,56,63,61,67,53,92,94,35,44,33,88,19,80,40,36,71,10,
200	2	11	2.506	2,74,41,49,25,56,63,61,53,92,94,35,44,33,88,19,80,40,36,87,50,11,
200	2	7	2.395	2,74,41,49,25,56,48,63,61,20,67,53,66,92,23,39,27,28,37,7,
200	4	5	1.854	4,72,46,56,63,61,53,66,48,91,83,85,58,52,26,5,
200	3	15	2.358	3,89,70,74,41,17,18,30,32,90,43,98,24,97,59,86,16,47,15,
200	3	14	2.292	3,89,70,74,41,17,18,30,32,90,43,60,98,24,97,16,59,57,14,
200	3	6	1.868	3,89,70,74,41,49,25,56,63,48,91,83,85,58,52,26,54,77,6,
200	3	8	2.195	3,89,70,74,41,49,25,56,48,63,61,67,53,92,23,39,27,8,
200	3	9	2.38	3,89,70,74,41,49,25,56,63,61,53,66,92,23,39,27,68,31,9,
200	3	10	2.425	3,89,70,74,41,93,99,42,73,35,44,33,88,19,80,40,36,71,10,
200	3	7	2.063	3,89,70,74,41,49,25,56,63,61,53,66,92,23,64,28,37,7,
200	3	12	2.525	3,89,70,74,41,49,25,56,63,61,53,66,92,94,35,44,33,88,22,34,12,
200	3	13	2.544	3,89,70,74,41,49,25,63,61,53,92,94,35,44,33,88,22,82,29,38,13,
200	3	11	2.496	3,89,70,74,41,49,25,56,63,61,53,92,94,35,44,33,88,19,80,36,87,50,11,
200	5	6	1.921	5,85,83,46,56,63,61,20,67,53,92,66,48,69,54,77,6,
200	4	6	1.725	4,72,46,25,56,63,61,48,91,83,85,58,52,26,54,77,6,
200	4	15	2.304	4,72,46,56,63,61,67,53,66,92,94,96,42,32,90,43,60,55,47,15,
200	4	14	2.267	4,72,46,56,63,61,67,53,66,92,96,42,32,90,43,98,97,59,57,14,
200	4	8	2.295	4,72,46,25,56,48,63,61,20,67,53,66,92,23,39,27,28,8,
200	4	7	1.84	4,72,46,56,63,61,67,53,66,92,23,39,27,28,37,7,
200	4	9	2.429	4,72,46,25,56,91,48,63,61,53,66,92,94,23,39,27,68,31,9,
200	4	10	2.27	4,72,46,56,63,61,67,53,92,94,35,44,33,88,19,80,40,36,71,10,
200	4	13	2.353	4,72,46,56,63,61,53,92,94,35,44,33,88,19,80,40,34,82,29,38,13,
200	4	11	2.331	4,72,46,56,63,61,67,53,66,92,94,35,44,33,88,19,80,40,36,87,62,50,11,
200	4	12	2.411	4,72,46,56,63,61,67,53,92,94,35,44,33,88,19,80,40,36,87,62,84,12,
200	6	8	2.02	6,77,26,52,58,83,91,48,63,61,53,92,23,39,27,8,
200	5	8	2.125	5,26,52,58,85,83,91,48,63,61,53,66,92,23,39,27,8,
200	5	15	2.347	5,85,83,91,48,63,61,67,53,96,42,32,90,43,98,97,59,16,47,15,
200	6	7	1.907	6,77,26,52,58,85,83,91,48,66,92,23,64,28,37,7,
200	5	7	1.797	5,85,83,91,48,63,61,53,92,23,39,27,28,37,7,
200	5	14	2.421	5,85,83,91,48,63,61,67,53,66,92,96,42,32,90,43,98,97,16,59,57,14,
200	5	9	2.31	5,26,52,58,85,83,91,48,63,61,67,53,92,23,39,27,68,9,
200	5	10	2.261	5,85,83,91,48,61,53,92,94,35,44,33,88,19,80,40,36,71,10,
200	5	11	2.167	5,85,83,91,48,63,61,53,92,94,35,44,33,88,19,80,40,62,50,11,
200	5	12	2.292	5,85,83,91,48,63,61,67,53,92,94,35,44,33,88,19,80,40,34,12,
200	5	13	2.33	5,85,83,91,48,63,61,53,92,94,35,44,33,88,22,34,82,29,38,13,
200	7	8	2.391	7,6,77,54,26,52,58,69,48,63,61,53,92,23,39,27,8,
200	7	9	2.433	7,37,28,27,39,79,44,33,88,19,80,40,87,36,31,9,
200	7	10	2.16	7,37,28,64,23,94,35,44,33,88,19,80,40,36,71,10,
200	6	9	2.179	6,77,54,26,52,58,69,48,63,61,67,53,92,23,39,68,9,
200	6	15	2.367	6,77,26,52,58,85,83,91,48,63,61,53,96,42,32,90,60,55,47,15,
200	6	14	2.365	6,77,54,26,52,58,69,48,63,61,53,96,42,32,90,43,98,97,59,57,14,
200	7	11	2.094	7,37,28,64,23,94,35,44,33,88,19,80,40,36,87,50,11,
200	6	10	2.315	6,77,26,52,58,69,66,92,94,35,44,33,88,19,80,40,36,71,10,
200	6	11	2.196	6,77,26,52,58,69,66,92,94,35,44,33,88,19,80,40,87,50,11,
200	6	12	2.358	6,77,54,26,52,58,69,66,92,94,35,44,33,88,19,80,40,62,84,12,
200	6	13	2.426	6,77,54,26,52,58,69,48,63,61,53,96,42,32,90,43,98,24,65,13,
200	8	14	2.461	8,27,39,23,66,92,94,96,42,32,90,43,60,98,97,59,57,14,
200	8	9	2.55	8,27,39,23,94,35,44,33,88,19,80,40,87,36,31,9,
200	8	10	2.257	8,27,39,23,94,35,44,33,88,19,80,40,87,36,71,10,
200	7	14	2.422	7,37,28,27,39,23,94,96,42,32,90,43,60,98,24,97,59,57,14,
200	8	15	2.637	8,27,39,23,92,53,61,67,20,96,42,32,90,43,98,97,16,47,15,
200	8	11	2.214	8,27,39,23,94,35,44,33,88,19,80,40,36,87,62,50,11,
200	7	15	2.66	7,37,28,27,39,23,66,92,53,96,42,32,90,43,98,24,97,59,16,47,15,
200	8	12	2.499	8,27,39,23,66,92,94,35,44,33,88,19,80,40,36,87,62,84,12,
200	7	12	2.433	7,37,28,27,39,23,79,35,44,33,88,19,80,40,36,87,62,84,12,
200	8	13	2.694	8,27,39,23,92,53,96,35,44,33,88,19,80,40,34,82,29,38,65,13,
200	7	13	2.515	7,37,28,27,39,23,66,92,94,35,44,33,88,19,80,40,34,82,29,38,13,
200	9	11	2.368	9,31,68,79,35,42,73,44,33,88,19,80,40,87,50,11,
200	10	11	2.274	10,71,36,87,50,62,40,80,19,88,33,22,82,34,84,11,
200	10	13	1.789	10,71,36,87,62,40,80,19,88,22,34,82,29,38,65,13,
200	10	12	2.041	10,71,50,84,62,87,36,40,80,19,88,22,34,82,29,12,
200	9	12	2.273	9,31,71,50,84,62,87,36,40,80,19,88,22,34,82,12,
200	9	10	2.46	9,31,36,87,40,80,19,88,22,82,34,62,84,50,71,10,
200	9	14	2.448	9,31,36,87,40,80,19,88,33,44,73,90,43,98,97,59,57,14,
200	9	15	2.639	9,31,36,87,62,40,80,19,88,33,44,35,73,90,43,60,55,47,15,
200	10	14	2.269	10,71,36,87,40,80,19,88,33,44,73,32,90,43,98,24,97,59,57,14,
200	10	15	2.376	10,71,36,87,40,80,19,88,33,44,35,73,42,32,90,43,60,55,47,15,
200	9	13	2.621	9,31,68,79,35,44,33,88,19,80,40,36,87,62,34,82,29,38,65,13,
200	12	13	1.777	12,84,62,87,36,40,80,19,88,22,34,82,29,38,65,13,
200	11	13	1.62	11,50,84,62,87,36,40,80,19,88,22,34,82,29,38,13,
200	11	14	1.856	11,50,62,87,36,40,80,19,88,22,34,82,29,38,65,14,
200	12	14	1.993	12,84,62,87,36,40,80,19,88,22,34,82,29,38,65,14,
200	13	14	1.973	13,65,38,29,24,98,43,90,32,60,97,16,86,59,57,14,
200	14	15	1.975	14,57,59,86,16,97,24,98,43,90,60,55,78,45,51,15,
200	11	12	1.802	11,50,84,62,87,36,40,80,19,88,22,34,82,29,38,12,
200	11	15	2.061	11,50,62,87,36,40,80,19,88,22,24,98,97,59,16,47,15,
200	12	15	2.198	12,84,62,87,36,40,80,19,88,22,24,98,97,59,16,47,15,
200	13	15	2.191	13,38,29,82,34,40,80,19,88,33,73,32,90,43,60,55,47,15,
