60	0	1	2.231	0,75,30,66,79,83,67,29,38,54,39,43,40,17,1,
60	0	2	2.245	0,23,75,30,66,79,40,43,67,38,29,36,54,39,76,2,
60	0	3	2.024	0,75,30,66,79,83,67,38,29,46,56,35,36,54,39,3,
60	0	4	2.418	0,23,75,30,66,79,40,43,67,29,38,54,36,35,56,46,93,25,4,
60	0	5	2.539	0,23,75,30,66,79,40,43,76,39,54,38,29,46,56,93,65,85,5,
60	0	6	2.658	0,75,30,66,79,40,43,39,54,38,29,36,35,56,46,93,65,85,84,6,
60	0	7	2.761	0,23,75,30,66,79,83,26,89,71,50,92,63,70,44,69,22,98,96,68,7,
60	0	8	2.665	0,75,30,66,79,83,26,89,71,92,50,64,44,69,22,73,95,32,8,
60	0	9	2.648	0,75,30,66,79,83,26,89,71,50,92,63,70,44,69,22,73,95,32,9,
60	0	10	2.454	0,75,30,66,55,21,99,61,58,91,81,59,60,52,74,80,53,87,33,10,
60	0	11	2.369	0,75,30,66,55,21,99,61,58,91,72,81,59,60,52,80,74,24,31,51,11,
60	0	12	2.18	0,75,30,66,55,21,99,61,58,72,81,59,60,52,80,74,24,31,12,
60	0	13	2.199	0,75,30,66,55,21,99,61,58,91,59,60,52,37,88,78,13,
60	0	14	2.506	0,75,55,21,99,61,58,91,81,59,60,52,37,88,78,97,14,
60	0	15	2.702	0,75,30,66,55,21,99,61,58,91,59,60,52,37,27,94,15,
60	1	2	2.051	1,17,40,43,67,38,29,46,56,93,35,36,54,39,76,2,
60	1	3	2.112	1,17,40,43,38,29,46,56,93,25,35,36,54,39,76,3,
60	1	4	2.178	1,41,17,40,43,39,54,38,29,36,35,56,46,93,65,85,25,4,
60	1	5	2.414	1,41,17,40,43,76,39,54,38,29,36,35,56,46,57,16,65,85,5,
60	1	6	2.524	1,17,40,43,39,54,38,29,36,35,56,46,93,65,85,49,45,62,84,6,
60	1	7	2.596	1,41,17,40,43,67,29,38,54,36,46,56,35,93,65,85,49,45,62,18,7,
60	1	8	2.629	1,41,17,40,43,67,38,29,57,26,89,71,92,63,70,44,69,22,86,8,
60	1	9	2.662	1,41,17,40,43,38,29,57,26,89,71,92,63,70,44,69,22,86,32,9,
60	1	10	2.472	1,41,30,66,55,21,99,61,58,91,72,81,59,60,52,80,53,87,33,10,
60	1	11	2.372	1,41,30,66,55,21,99,61,58,91,72,81,59,60,52,80,74,24,31,51,11,
60	1	12	2.209	1,41,30,66,55,21,99,61,58,91,72,81,59,60,52,74,24,31,12,
60	1	13	2.317	1,41,30,66,55,21,99,61,58,91,81,59,60,52,74,24,88,78,13,
60	1	14	2.527	1,41,30,66,55,21,99,61,58,91,59,60,52,37,78,97,14,
60	1	15	2.462	1,17,40,43,39,54,38,29,67,83,79,66,55,48,15,
60	2	3	2.151	2,40,43,67,29,38,36,35,56,46,93,25,4,54,39,76,3,
60	2	4	2.043	2,40,43,76,39,54,38,29,36,35,56,46,93,65,85,25,4,
60	2	5	2.334	2,76,39,54,38,29,36,35,56,46,57,16,82,42,45,49,65,85,5,
60	2	6	2.376	2,76,39,54,38,29,36,35,56,46,93,65,85,49,45,42,19,62,84,6,
60	2	7	2.39	2,76,39,54,38,29,57,26,89,71,92,63,70,44,69,22,98,68,7,
60	2	8	2.403	2,76,39,54,38,29,57,26,89,71,50,92,63,70,44,69,22,86,8,
60	2	9	2.478	2,76,39,54,38,29,57,26,89,71,92,70,44,69,22,73,95,32,9,
60	2	10	2.548	2,76,39,54,38,29,57,26,89,71,92,63,70,44,69,73,34,33,10,
60	2	11	2.392	2,40,83,26,89,71,92,50,64,28,20,72,81,59,60,52,80,53,90,11,
60	2	12	2.285	2,40,83,89,71,50,64,28,72,81,59,60,52,80,74,24,31,12,
60	2	13	2.414	2,40,83,26,89,71,50,64,28,72,81,59,60,52,37,78,13,
60	2	14	2.555	2,76,39,54,38,29,57,26,89,71,92,50,47,61,27,97,14,
60	2	15	2.49	2,40,43,76,39,54,38,29,67,83,79,66,30,75,23,48,15,
60	3	4	1.777	3,54,39,76,43,67,38,29,46,56,93,65,85,25,4,
60	3	5	1.91	3,39,54,38,29,36,35,56,46,57,16,65,85,25,5,
60	3	6	2.098	3,39,54,38,29,57,26,89,71,92,63,70,19,42,45,62,84,6,
60	3	7	2.23	3,54,38,29,36,56,46,57,26,89,71,92,63,70,19,45,62,18,7,
60	3	8	2.296	3,39,54,38,29,36,56,46,57,26,89,71,92,70,44,69,22,86,8,
60	3	9	2.414	3,39,54,38,29,36,56,46,57,26,89,71,92,63,70,44,69,22,86,32,9,
60	3	10	2.437	3,54,38,29,57,26,89,71,92,50,64,28,72,81,59,52,60,87,33,10,
60	3	11	2.252	3,54,38,29,57,26,89,71,92,50,64,28,72,81,59,60,52,80,53,90,11,
60	3	12	2.16	3,54,38,29,57,26,89,50,64,28,72,81,59,60,52,74,31,12,
60	3	13	2.332	3,54,38,29,57,26,89,50,64,28,72,59,60,52,37,78,13,
60	3	14	2.463	3,54,38,29,57,26,89,71,50,64,28,72,81,91,27,97,14,
60	3	15	2.353	3,39,54,36,35,56,46,29,38,67,83,79,66,30,75,23,48,15,
60	4	5	1.985	4,25,35,56,46,36,54,39,38,29,57,16,65,85,5,
60	4	6	1.948	4,35,56,46,57,26,89,71,92,63,70,19,42,45,62,84,6,
60	4	7	1.965	4,35,56,46,57,26,89,71,92,63,70,19,42,45,62,18,7,
60	4	8	2.27	4,25,93,35,56,46,57,26,89,71,50,92,63,70,44,69,22,86,8,
60	4	9	2.361	4,35,56,46,57,16,26,89,71,50,92,63,70,44,69,22,73,95,32,9,
60	4	10	2.374	4,35,56,46,57,26,89,71,92,50,64,28,72,81,59,52,60,87,33,10,
60	4	11	2.225	4,35,56,46,57,26,89,71,92,64,28,20,72,81,59,60,52,80,53,90,11,
60	4	12	2.206	4,35,56,46,57,26,89,71,50,64,28,72,81,59,60,52,80,74,24,31,12,
60	4	13	2.314	4,35,56,46,57,26,89,71,50,64,28,72,81,59,60,52,37,88,78,13,
60	4	14	2.542	4,35,56,46,57,26,89,71,92,50,64,28,20,72,81,91,27,97,14,
60	4	15	2.566	4,25,93,56,46,36,29,38,54,39,43,40,79,66,30,75,23,48,15,
60	5	6	1.977	5,85,65,16,26,89,71,92,63,70,19,42,45,62,84,6,
60	5	7	1.994	5,85,65,16,26,89,71,92,63,70,19,42,45,62,18,7,
60	5	8	2.185	5,85,65,16,26,89,71,50,92,70,44,69,22,86,32,8,
60	5	9	2.16	5,85,65,16,26,89,71,50,92,70,44,69,22,86,32,9,
60	5	10	2.343	5,85,65,16,26,89,71,50,64,28,72,81,59,52,60,87,33,10,
60	5	11	2.218	5,85,65,16,26,89,71,92,50,64,28,72,81,59,60,52,80,53,90,11,
60	5	12	2.295	5,85,65,16,26,89,71,92,50,64,28,72,81,59,60,52,80,74,24,31,12,
60	5	13	2.357	5,85,65,16,26,89,71,92,64,28,72,81,59,60,52,37,88,78,13,
60	5	14	2.668	5,85,65,16,26,89,71,50,64,28,72,81,59,60,52,37,78,97,14,
60	5	15	2.644	5,85,65,93,56,46,29,38,54,39,43,40,79,66,30,75,23,48,15,
60	6	7	2.148	6,84,62,45,19,70,63,92,50,64,44,69,22,98,68,7,
60	6	8	2.075	6,84,62,45,42,19,70,63,92,50,64,44,69,22,86,8,
60	6	9	2.098	6,84,62,45,42,19,70,63,92,50,64,44,69,73,95,9,
60	6	10	2.297	6,84,62,45,42,19,70,64,28,72,81,59,52,60,80,87,33,10,
60	6	11	2.127	6,84,62,45,42,19,70,64,28,20,72,81,59,60,52,80,53,90,11,
60	6	12	2.204	6,84,62,45,42,19,70,64,28,20,72,81,59,60,52,80,74,24,31,12,
60	6	13	2.339	6,84,62,45,42,19,70,64,28,72,81,59,60,52,80,74,24,88,78,13,
60	6	14	2.614	6,84,62,19,70,64,28,72,81,59,60,52,80,74,24,88,78,97,14,
60	6	15	2.786	6,84,62,45,42,19,70,63,92,50,71,89,26,83,79,66,30,75,23,48,15,
60	7	8	2.092	7,18,62,45,42,19,70,63,92,50,64,44,69,22,86,8,
60	7	9	2.115	7,18,62,45,42,19,70,63,92,50,64,44,69,73,95,9,
60	7	10	2.14	7,68,98,22,69,44,28,72,81,59,60,52,80,53,87,33,10,
60	7	11	2.081	7,68,96,22,69,44,64,28,20,72,81,59,60,52,80,53,90,11,
60	7	12	2.085	7,68,96,98,22,69,44,28,20,72,81,59,60,52,80,74,24,31,12,
60	7	13	2.302	7,68,96,98,22,69,44,28,20,72,81,59,60,52,80,74,24,88,78,13,
60	7	14	2.48	7,68,98,22,69,44,28,72,81,59,60,52,80,74,24,88,78,97,14,
60	7	15	2.675	7,68,98,22,69,44,28,72,81,59,60,52,74,24,88,78,97,94,15,
60	8	9	2.108	8,32,95,73,34,20,72,81,59,52,60,87,33,77,9,
60	8	10	1.912	8,32,95,73,34,20,72,81,59,60,52,80,87,33,10,
60	8	11	1.67	8,32,95,73,34,20,72,81,59,60,52,80,53,90,11,
60	8	12	2.059	8,32,86,22,69,44,64,28,72,81,59,60,52,80,74,24,31,12,
60	8	13	2.159	8,32,95,73,34,20,72,81,91,59,60,52,80,74,24,37,88,78,13,
60	8	14	2.405	8,32,95,73,34,20,72,81,59,60,52,80,74,24,37,88,78,97,14,
60	8	15	2.545	8,32,95,73,34,20,72,81,59,60,52,80,74,24,88,78,97,94,15,
60	9	10	1.845	9,95,73,34,20,72,81,59,60,52,80,53,87,33,10,
60	9	11	1.639	9,95,73,34,20,72,81,59,60,52,74,80,53,90,11,
60	9	12	1.782	9,32,95,73,34,20,72,81,91,59,60,52,74,24,31,12,
60	9	13	2.134	9,32,95,73,34,20,72,81,91,59,60,52,80,74,24,37,88,78,13,
60	9	14	2.34	9,32,95,73,34,20,72,81,59,60,52,74,24,37,88,78,97,14,
60	9	15	2.48	9,32,95,73,34,20,72,81,59,60,52,74,24,88,78,97,94,15,
60	10	11	1.641	10,77,34,20,72,81,59,52,60,80,74,24,31,51,11,
60	10	12	1.792	10,33,34,20,72,81,91,59,60,52,80,74,24,31,51,12,
60	10	13	1.78	10,33,34,20,72,81,59,60,52,80,74,24,37,88,78,13,
60	10	14	2.031	10,33,34,20,72,81,59,60,52,80,74,24,88,78,97,14,
60	10	15	2.361	10,33,34,20,72,81,59,60,52,80,74,24,37,88,78,97,94,15,
60	11	12	1.594	11,90,53,87,60,59,81,72,91,52,80,74,24,31,12,
60	11	13	1.642	11,90,53,87,80,52,60,59,81,72,91,37,88,78,13,
60	11	14	1.898	11,90,51,31,24,74,80,52,60,59,81,72,91,27,97,14,
60	11	15	2.243	11,90,53,87,20,72,81,59,60,52,80,74,24,88,78,97,94,15,
60	12	13	1.688	12,31,24,74,80,52,60,59,20,72,81,91,37,78,13,
60	12	14	1.887	12,31,24,74,52,60,59,81,72,91,37,88,78,97,14,
60	12	15	2.063	12,31,24,74,80,60,52,59,81,91,37,88,78,97,94,15,
60	13	14	1.924	13,78,88,24,74,80,52,60,59,81,72,91,27,97,14,
60	13	15	2.119	13,78,88,24,74,52,60,59,81,72,91,27,97,94,15,
60	14	15	2.437	14,97,78,88,24,74,80,52,60,59,81,72,91,27,94,15,
