397	0	1	1.817	0,24,20,86,50,65,22,31,57,98,78,25,79,36,1,
397	0	2	1.706	0,24,20,86,50,65,22,46,57,98,78,47,70,71,2,
397	0	3	1.857	0,24,20,93,86,50,65,46,22,51,31,57,78,98,47,70,69,3,
397	0	4	2.102	0,24,20,86,50,65,46,22,51,31,57,78,98,47,70,69,89,40,4,
397	0	5	2.291	0,24,20,86,50,65,22,51,31,57,98,78,47,70,26,91,28,5,
397	0	6	2.337	0,24,20,86,50,65,46,22,31,51,94,21,87,99,52,88,44,61,6,
397	0	7	2.399	0,24,20,86,50,65,46,22,51,94,29,77,97,16,75,17,55,33,7,
397	0	8	2.503	0,24,20,93,86,50,65,46,22,31,51,94,29,77,97,16,59,34,53,8,
397	0	9	2.422	0,24,20,86,50,65,46,22,31,51,94,29,77,97,35,81,49,74,9,
397	0	10	2.421	0,24,20,86,50,65,46,22,31,51,94,29,77,97,35,72,63,84,10,
397	0	11	2.356	0,24,20,86,50,65,46,22,51,94,29,77,97,35,81,72,63,84,11,
397	0	12	2.369	0,24,20,86,50,65,46,22,31,51,94,29,77,97,60,32,12,
397	0	13	2.13	0,24,20,86,50,65,46,22,80,64,96,32,18,73,13,
397	0	14	2.139	0,24,20,30,93,86,50,65,46,22,31,51,80,43,90,14,
397	0	15	1.982	0,23,36,27,25,57,31,22,46,65,50,86,20,93,30,15,
397	1	2	1.89	1,23,42,24,86,65,46,22,31,57,78,98,47,71,2,
397	1	3	1.882	1,23,42,24,86,50,65,22,46,57,78,98,47,70,69,3,
397	1	4	1.964	1,36,79,25,57,78,98,47,70,26,91,82,89,40,62,4,
397	1	5	2.373	1,23,42,24,20,93,86,50,65,22,31,92,41,26,91,28,5,
397	1	6	2.411	1,36,25,78,98,57,31,51,94,29,77,21,87,99,52,88,44,68,6,
397	1	7	2.504	1,36,25,78,98,47,70,26,91,45,48,99,52,88,44,55,75,17,33,7,
397	1	8	2.561	1,36,25,78,98,47,70,26,91,45,48,99,52,88,44,55,75,17,67,85,8,
397	1	9	2.592	1,23,42,24,86,50,65,46,22,51,94,29,77,97,35,81,49,74,9,
397	1	10	2.635	1,23,42,24,20,86,50,65,46,22,51,94,29,77,97,35,72,63,84,10,
397	1	11	2.528	1,23,42,24,86,50,65,46,22,51,94,29,77,97,35,72,63,84,11,
397	1	12	2.617	1,36,25,78,98,57,31,51,94,29,77,97,35,81,72,63,38,54,19,12,
397	1	13	2.203	1,23,42,24,20,93,86,50,65,80,64,96,37,32,73,13,
397	1	14	2.105	1,23,42,24,20,30,93,86,50,65,46,22,80,43,90,14,
397	1	15	2.046	1,23,36,27,25,78,98,57,31,51,22,65,86,93,30,15,
397	2	3	1.884	2,71,69,70,47,98,78,57,92,41,26,91,82,89,40,3,
397	2	4	1.854	2,71,70,47,98,78,57,31,92,41,26,91,82,62,4,
397	2	5	2.024	2,71,69,70,47,98,78,57,31,92,41,26,91,28,5,
397	2	6	2.325	2,71,69,70,47,98,78,57,31,51,94,21,87,99,52,88,44,61,6,
397	2	7	2.441	2,71,69,70,47,78,98,41,26,91,45,52,88,44,55,75,17,33,7,
397	2	8	2.557	2,71,69,70,47,98,78,57,31,51,94,29,77,21,87,58,75,17,67,85,8,
397	2	9	2.495	2,71,69,70,47,98,78,57,31,51,94,29,77,97,35,81,72,49,74,9,
397	2	10	2.794	2,71,69,70,47,98,78,57,31,46,22,51,94,29,77,97,35,72,49,74,66,10,
397	2	11	2.668	2,71,69,70,47,98,78,57,31,51,94,29,77,97,35,81,72,63,38,54,19,39,11,
397	2	12	2.517	2,71,69,70,47,98,78,57,31,51,94,29,77,97,35,72,38,54,19,12,
397	2	13	2.471	2,71,69,70,47,98,78,57,31,22,46,65,50,80,64,96,37,32,73,13,
397	2	14	2.144	2,71,47,98,78,57,31,51,22,46,65,50,86,20,93,30,90,14,
397	2	15	1.665	2,71,47,98,78,57,31,22,65,50,86,20,93,30,15,
397	3	4	1.878	3,40,89,69,70,47,98,78,57,92,41,26,91,82,62,4,
397	3	5	2.058	3,40,89,69,70,47,78,98,41,26,91,82,62,28,95,5,
397	3	6	2.251	3,69,70,47,78,98,41,26,82,91,45,48,99,52,88,44,61,6,
397	3	7	2.237	3,40,89,82,91,45,48,99,52,88,44,55,17,75,59,34,67,33,7,
397	3	8	2.456	3,40,89,82,26,91,45,48,99,52,88,44,58,75,55,17,59,34,53,8,
397	3	9	2.447	3,69,70,47,98,78,57,31,51,94,29,77,97,35,81,72,49,74,66,9,
397	3	10	2.489	3,69,70,47,98,78,57,31,51,94,29,77,97,35,81,72,38,63,84,10,
397	3	11	2.477	3,69,70,47,98,78,57,31,51,94,29,77,97,35,81,72,38,54,19,39,11,
397	3	12	2.476	3,69,70,47,98,78,57,31,51,94,29,77,97,35,72,63,38,54,19,12,
397	3	13	2.571	3,69,70,47,98,78,57,31,51,22,46,65,50,80,64,96,37,32,18,73,13,
397	3	14	2.374	3,40,89,69,70,47,98,78,57,31,51,22,46,65,50,86,20,93,30,90,14,
397	3	15	1.78	3,69,70,47,98,78,57,31,51,22,46,65,50,86,20,93,30,15,
397	4	5	2.068	4,62,82,91,45,48,99,87,21,58,52,88,44,95,28,5,
397	4	6	2.011	4,62,82,26,91,45,48,99,87,21,58,52,88,44,61,6,
397	4	7	1.895	4,62,82,91,45,48,99,52,88,44,55,75,17,67,33,7,
397	4	8	2.267	4,62,82,26,91,45,48,99,52,88,44,55,17,75,59,34,85,53,8,
397	4	9	2.398	4,62,82,26,91,45,48,99,52,88,44,55,17,75,59,34,85,53,9,
397	4	10	2.519	4,62,82,26,91,45,48,99,52,88,44,55,17,75,59,34,76,74,49,10,
397	4	11	2.537	4,62,82,91,45,48,99,87,21,77,29,97,35,81,72,38,54,19,39,11,
397	4	12	2.655	4,62,82,26,91,45,48,99,87,21,77,29,97,35,81,72,38,54,19,12,
397	4	13	2.662	4,62,82,91,45,48,99,87,21,77,29,97,35,72,38,54,32,18,13,
397	4	14	2.407	4,62,82,26,70,47,98,78,57,31,22,46,65,50,86,20,93,30,90,14,
397	4	15	2.207	4,62,82,91,26,70,47,98,78,57,31,51,22,46,65,50,86,20,93,30,15,
397	5	6	2.173	5,28,62,82,91,45,48,99,87,21,58,52,88,44,61,6,
397	5	7	2.008	5,95,45,48,99,52,88,44,55,17,75,59,34,67,33,7,
397	5	8	2.223	5,28,95,45,48,99,52,88,44,55,17,75,59,34,67,85,53,8,
397	5	9	2.481	5,28,95,45,48,99,52,88,44,55,17,75,16,59,34,67,85,53,9,
397	5	10	2.653	5,28,95,45,48,99,87,21,77,29,97,35,83,81,72,38,63,84,10,
397	5	11	2.598	5,95,45,48,99,87,21,77,29,97,35,83,81,72,63,38,54,19,39,11,
397	5	12	2.707	5,28,95,45,48,99,87,21,77,29,97,35,83,81,72,63,38,54,19,12,
397	5	13	2.74	5,28,95,45,48,99,87,21,77,29,97,35,81,72,38,54,32,18,13,
397	5	14	2.542	5,28,91,26,70,47,98,78,57,31,22,46,65,50,86,20,93,90,14,
397	5	15	2.311	5,28,91,26,70,47,98,78,57,31,51,22,46,65,50,86,20,93,30,15,
397	6	7	2.063	6,68,44,88,52,99,87,21,16,59,75,55,17,67,33,7,
397	6	8	2.113	6,68,44,88,52,99,87,58,55,17,75,59,34,85,53,8,
397	6	9	2.47	6,68,44,88,52,99,87,21,77,29,97,35,81,72,49,74,66,9,
397	6	10	2.573	6,61,44,88,52,99,87,21,77,29,97,35,83,81,72,49,74,66,10,
397	6	11	2.575	6,68,44,88,52,99,87,21,77,29,97,35,81,72,63,38,54,19,39,11,
397	6	12	2.76	6,61,44,88,52,48,99,87,21,77,29,97,35,83,81,72,63,38,54,19,12,
397	6	13	2.715	6,68,44,88,52,99,87,21,77,29,97,35,72,38,56,60,32,18,13,
397	6	14	2.554	6,61,44,88,52,99,87,21,77,29,94,51,31,22,65,50,43,90,14,
397	6	15	2.346	6,68,44,88,52,99,87,21,94,51,31,22,46,65,50,86,20,93,30,15,
397	7	8	2.222	7,33,17,75,55,44,88,52,99,87,21,16,59,34,85,8,
397	7	9	2.247	7,33,67,17,55,75,59,16,83,81,72,63,84,49,74,66,9,
397	7	10	2.24	7,33,55,17,75,59,16,83,81,35,72,56,38,63,84,10,
397	7	11	2.129	7,33,67,17,55,75,59,16,83,81,72,63,38,54,19,39,11,
397	7	12	2.718	7,33,67,17,55,75,59,16,83,81,35,72,63,38,56,60,37,96,32,18,12,
397	7	13	2.581	7,33,67,17,55,75,59,16,83,81,35,72,38,56,60,37,96,32,18,13,
397	7	14	2.654	7,33,55,17,75,59,16,97,77,29,94,51,31,22,46,65,50,43,90,14,
397	7	15	2.378	7,33,17,75,59,16,97,77,29,94,51,22,65,50,86,20,93,30,15,
397	8	9	2.23	8,53,85,67,17,55,75,59,16,83,81,35,72,49,74,66,9,
397	8	10	2.244	8,53,85,67,17,55,75,59,16,83,81,35,72,49,74,66,10,
397	8	11	2.151	8,53,85,67,17,55,75,59,16,83,81,72,38,54,19,39,11,
397	8	12	2.451	8,53,85,67,17,55,75,59,16,83,81,35,72,63,38,56,54,19,12,
397	8	13	2.569	8,53,85,67,17,55,75,59,16,83,81,72,38,56,60,37,96,32,18,13,
397	8	14	2.645	8,85,67,17,55,75,59,16,97,77,29,94,51,22,46,65,50,43,90,14,
397	8	15	2.357	8,53,34,59,16,97,77,29,94,51,22,46,65,50,86,20,93,30,15,
397	9	10	2.375	9,53,85,67,17,55,75,59,16,83,81,35,72,49,74,66,10,
397	9	11	2.282	9,53,85,67,17,55,75,59,16,83,81,72,38,54,19,39,11,
397	9	12	2.582	9,53,85,67,17,55,75,59,16,83,81,35,72,63,38,56,54,19,12,
397	9	13	2.652	9,53,85,67,17,55,75,59,16,83,81,35,72,38,56,60,37,96,73,13,
397	9	14	2.611	9,66,74,49,81,35,97,77,29,94,51,31,22,46,65,50,43,90,14,
397	9	15	2.358	9,74,49,81,35,97,77,29,94,51,22,46,65,50,86,20,93,30,15,
397	10	11	2.314	10,66,74,49,81,35,72,38,56,60,37,96,32,54,19,39,11,
397	10	12	2.287	10,66,74,49,81,83,35,72,38,56,60,37,96,32,18,12,
397	10	13	2.225	10,66,74,49,81,83,35,72,38,56,60,37,96,32,18,13,
397	10	14	2.54	10,84,63,72,81,35,97,77,29,94,51,22,46,65,50,43,90,14,
397	10	15	2.329	10,84,63,72,35,97,77,29,94,51,22,65,50,86,20,93,30,15,
397	11	12	2.278	11,39,19,54,38,63,72,81,83,35,56,60,37,96,73,18,12,
397	11	13	2.209	11,39,19,54,38,63,72,81,83,35,56,60,32,18,73,13,
397	11	14	2.382	11,84,63,72,35,97,77,29,94,51,22,65,50,43,90,14,
397	11	15	2.257	11,84,63,72,35,97,77,29,94,51,22,46,65,86,20,93,30,15,
397	12	13	2.261	12,19,54,38,72,81,83,35,56,60,37,96,32,18,73,13,
397	12	14	2.423	12,18,32,37,96,64,80,22,46,65,50,86,20,93,90,14,
397	12	15	2.367	12,18,32,37,96,64,80,22,46,65,50,86,24,20,93,30,15,
397	13	14	2.361	13,18,32,37,96,64,80,22,46,65,50,86,20,93,90,14,
397	13	15	2.041	13,18,32,37,96,64,80,22,46,65,50,86,20,93,30,15,
397	14	15	2.273	14,73,32,37,96,64,80,22,46,65,50,86,20,93,30,15,
