141	0	3	1.75	0,87,80,74,97,55,54,34,95,71,36,90,89,64,98,3,
141	0	2	1.774	0,27,63,77,42,20,93,87,80,40,61,74,97,55,54,2,
141	0	5	2.21	0,87,80,74,97,55,54,34,95,71,36,90,89,64,31,91,43,69,5,
141	0	1	1.907	0,27,63,42,20,93,59,68,73,83,62,61,40,80,87,1,
141	0	4	2.05	0,87,80,40,61,74,97,55,54,34,95,71,36,90,89,64,98,60,4,
141	0	6	2.366	0,87,80,74,97,55,54,34,71,36,90,89,64,31,91,43,69,35,6,
141	0	9	2.519	0,87,80,40,61,62,83,73,38,78,24,51,49,47,32,41,96,92,9,
141	0	8	2.629	0,87,80,40,61,62,83,73,38,78,24,51,49,47,32,41,44,46,85,66,8,
141	0	10	2.518	0,87,80,40,61,62,83,73,38,78,24,51,49,82,79,86,22,23,10,
141	0	7	2.534	0,87,80,40,61,62,83,73,88,75,16,30,57,70,72,76,81,58,21,7,
141	0	11	2.643	0,27,63,42,93,20,52,28,78,38,24,51,49,82,79,86,22,23,37,11,
141	0	15	1.76	0,87,80,40,61,62,83,73,38,78,28,52,20,93,63,15,
141	1	3	1.667	1,74,97,55,54,34,71,36,64,89,90,43,91,31,98,3,
141	1	2	2.15	1,74,97,55,54,34,71,36,90,89,91,31,64,98,60,3,2,
141	0	14	1.992	0,87,80,40,61,62,83,73,38,78,56,53,84,39,45,19,14,
141	1	8	2.475	1,97,55,54,34,71,36,90,89,64,31,91,43,50,76,81,44,46,85,66,8,
141	1	5	2.231	1,74,97,55,54,34,95,71,36,90,89,64,98,31,91,43,50,35,69,5,
141	0	12	2.346	0,87,80,40,61,62,83,73,68,38,78,24,56,53,84,39,48,99,12,
141	1	6	2.338	1,97,55,54,34,71,36,90,89,64,31,91,43,50,76,72,81,58,21,6,
141	1	4	2.255	1,74,97,55,54,34,95,71,36,90,89,64,98,31,91,43,50,35,69,4,
141	0	13	2.315	0,27,63,42,20,93,87,80,40,61,62,83,73,38,78,56,53,39,13,
141	1	7	2.283	1,97,55,54,34,71,36,90,89,64,31,91,43,69,35,76,72,81,58,33,7,
141	1	14	2.085	1,74,80,40,61,62,83,73,38,78,56,53,84,39,45,19,14,
141	2	4	1.839	2,54,55,34,95,71,36,90,89,64,98,31,91,43,69,4,
141	2	5	1.815	2,54,55,34,95,71,36,90,89,64,98,31,91,43,69,5,
141	2	3	1.918	2,54,55,34,95,71,36,64,89,90,18,43,91,31,98,3,
141	1	9	2.56	1,97,55,54,34,71,36,89,64,31,91,43,50,76,81,44,46,85,92,9,
141	2	6	2.248	2,54,55,34,71,36,90,89,64,31,91,43,50,76,72,81,58,21,6,
141	1	11	2.693	1,74,97,55,54,34,71,36,64,89,90,18,16,30,57,47,82,25,29,11,
141	1	15	1.702	1,54,55,97,74,61,40,80,87,27,63,93,20,42,77,15,
141	1	12	2.377	1,54,55,97,74,80,40,61,62,83,73,38,78,56,53,84,48,99,12,
141	1	13	2.315	1,54,55,97,74,80,40,61,62,83,73,38,78,24,56,53,39,13,
141	1	10	2.614	1,97,55,54,34,71,36,64,89,90,18,16,30,57,47,32,86,22,23,10,
141	3	4	2.185	3,98,64,89,31,91,43,18,75,30,57,16,50,35,69,4,
141	3	5	2.205	3,2,54,55,34,95,71,36,90,89,64,98,31,91,43,69,5,
141	2	8	2.347	2,54,34,71,36,90,89,64,31,91,43,50,76,72,81,44,46,85,66,8,
141	2	14	2.24	2,54,55,97,74,61,40,80,87,27,63,93,20,42,77,52,67,45,19,14,
141	2	9	2.487	2,54,34,71,36,90,89,64,31,91,43,50,76,72,81,44,46,85,92,9,
141	2	11	2.675	2,54,55,97,74,80,40,61,62,83,73,38,78,24,56,53,84,99,94,11,
141	2	7	2.164	2,54,55,34,71,36,90,89,64,31,91,43,50,76,72,81,58,21,7,
141	2	15	2.036	2,54,55,97,74,87,80,40,61,62,83,73,68,59,93,20,42,63,15,
141	2	13	2.422	2,54,55,97,74,80,40,61,62,83,68,73,38,78,24,56,53,84,48,13,
141	2	10	2.596	2,54,55,34,71,36,64,89,90,18,16,30,57,47,32,86,79,22,23,10,
141	2	12	2.538	2,54,55,97,74,87,80,40,61,62,83,73,38,78,24,56,53,84,48,99,12,
141	3	6	2.068	3,98,36,90,89,64,31,91,43,50,76,72,81,58,21,6,
141	4	5	2.29	4,60,98,64,31,91,43,89,90,18,75,30,16,50,35,5,
141	3	14	2.313	3,98,64,89,90,36,71,34,54,55,97,74,80,87,93,20,42,52,14,
141	3	8	2.543	3,98,31,91,43,89,90,18,16,30,57,49,47,32,41,44,46,85,66,8,
141	3	9	2.63	3,98,64,31,91,43,89,90,18,75,16,57,30,49,47,32,41,96,92,9,
141	3	7	2.313	3,98,64,31,91,43,89,90,18,16,30,57,70,72,76,81,58,33,7,
141	3	15	2.069	3,98,64,89,90,36,71,95,34,54,55,97,74,80,87,93,20,42,77,15,
141	3	13	2.546	3,98,64,89,90,18,75,16,30,57,49,51,24,38,78,56,53,84,39,13,
141	3	11	2.721	3,98,64,31,91,43,89,90,18,16,30,57,49,47,32,86,79,26,29,11,
141	3	12	2.637	3,98,64,89,90,18,75,16,30,57,49,51,24,38,78,56,53,84,48,99,12,
141	3	10	2.695	3,98,64,31,91,43,89,90,18,75,16,30,57,49,47,82,79,86,22,23,10,
141	4	8	2.013	4,60,98,64,31,91,43,50,76,72,81,44,46,85,66,8,
141	4	6	2.048	4,60,98,64,89,31,91,43,69,50,76,72,81,58,21,6,
141	5	6	2.345	5,69,43,91,31,64,89,90,18,16,30,57,70,72,76,6,
141	4	9	2.479	4,60,98,64,89,31,91,43,69,35,50,76,72,81,58,44,46,85,92,9,
141	4	7	1.95	4,60,98,64,89,31,91,43,69,35,76,72,81,58,21,33,7,
141	4	14	2.421	4,60,98,64,89,90,36,71,34,54,55,97,74,80,87,93,20,42,52,14,
141	4	11	2.497	4,60,98,64,89,90,18,16,30,57,47,32,86,79,26,25,29,11,
141	4	12	2.475	4,60,98,64,89,90,18,75,88,83,73,38,78,56,53,84,48,99,12,
141	4	15	2.177	4,60,98,64,89,90,36,71,95,34,54,55,97,74,80,87,93,20,42,77,15,
141	4	10	2.499	4,60,98,64,89,90,18,75,16,30,57,49,47,32,86,79,22,23,10,
141	4	13	2.554	4,60,98,64,89,90,18,16,30,57,49,51,24,38,78,56,53,84,48,13,
141	5	8	2.333	5,35,50,16,30,57,70,72,76,81,58,44,46,85,66,8,
141	6	8	2.249	6,21,58,81,76,72,70,65,32,41,44,46,96,85,66,8,
141	5	9	2.523	5,69,43,91,31,89,90,18,16,30,57,47,32,41,96,92,9,
141	6	7	2.386	6,21,58,81,76,72,70,65,32,41,44,46,85,17,33,7,
141	5	7	2.339	5,4,60,98,64,89,31,91,43,69,35,76,72,81,58,21,33,7,
141	5	11	2.754	5,69,43,91,31,64,89,90,18,16,30,57,47,32,86,79,26,29,11,
141	5	14	2.668	5,69,43,91,31,64,89,90,36,71,95,62,83,73,38,78,28,67,45,19,14,
141	5	12	2.695	5,69,43,91,31,64,89,90,18,75,88,73,38,78,56,53,84,99,12,
141	5	15	2.353	5,69,43,91,31,64,89,90,36,71,95,61,40,80,87,93,20,42,77,15,
141	5	10	2.647	5,69,43,91,31,64,89,90,18,16,30,57,47,32,86,79,22,23,10,
141	5	13	2.651	5,69,43,91,31,64,89,90,18,16,30,57,49,51,24,56,53,39,13,
141	7	8	2.061	7,33,21,58,81,76,72,70,65,44,46,96,92,85,66,8,
141	6	9	2.358	6,21,58,81,76,72,70,65,41,32,86,79,22,96,92,9,
141	7	9	2.242	7,33,21,58,81,76,72,70,65,32,41,44,46,85,66,92,9,
141	7	10	2.227	7,21,58,81,76,72,70,65,41,32,86,79,22,23,37,10,
141	7	11	2.54	7,33,21,58,81,76,72,70,65,41,32,47,82,79,86,22,23,37,11,
141	6	14	2.743	6,21,58,81,76,72,70,65,41,32,47,49,51,24,38,78,28,67,45,19,14,
141	6	11	2.814	6,21,58,81,76,72,70,65,41,32,47,49,82,86,79,26,25,29,11,
141	6	10	2.667	6,21,58,81,76,72,70,57,30,49,47,32,41,86,79,22,23,10,
141	6	12	2.76	6,21,58,81,76,72,70,65,47,49,51,24,38,78,56,53,84,48,99,12,
141	6	13	2.74	6,21,58,81,76,72,70,65,32,47,49,51,24,38,78,56,53,84,48,13,
141	6	15	2.656	6,35,69,43,91,31,64,89,90,36,71,95,34,61,40,80,87,93,20,42,77,15,
141	8	11	2.24	8,66,85,46,44,41,32,86,79,22,23,26,25,29,11,
141	8	9	2.193	8,66,85,46,44,58,81,76,72,70,65,32,41,96,92,9,
141	8	10	2.183	8,66,85,46,44,81,76,72,70,65,32,86,79,22,23,10,
141	8	14	2.735	8,66,85,46,44,81,76,72,70,65,47,49,51,24,78,38,28,67,45,19,14,
141	7	12	2.632	7,21,58,81,76,72,70,57,30,49,51,24,38,78,56,53,84,99,12,
141	7	14	2.719	7,21,58,81,76,72,70,65,41,32,47,49,51,24,56,53,84,39,45,19,14,
141	8	12	2.604	8,66,85,46,41,32,47,49,51,24,38,78,56,53,84,39,48,99,12,
141	8	15	2.569	8,66,85,46,44,41,32,47,49,51,24,78,38,73,83,68,59,93,20,42,77,15,
141	7	13	2.713	7,33,21,58,81,76,72,70,65,32,47,49,51,24,38,78,56,53,84,48,13,
141	8	13	2.738	8,66,85,92,96,46,44,41,32,47,49,51,24,38,78,56,53,84,39,13,
141	7	15	2.64	7,33,21,58,81,76,72,70,57,30,16,75,62,83,73,68,59,93,20,42,63,77,15,
141	9	11	2.369	9,92,66,85,46,44,41,86,79,22,23,26,25,29,11,
141	10	11	2.537	10,23,22,79,86,41,32,47,49,82,25,29,26,37,11,
141	9	12	2.277	9,92,85,46,44,41,32,86,79,26,25,29,94,99,12,
141	10	12	2.306	10,23,22,86,79,82,51,24,38,78,56,53,84,48,99,12,
141	9	10	2.32	9,92,66,85,46,41,32,47,49,82,79,86,22,23,10,
141	10	13	2.245	10,23,22,79,86,32,47,49,51,24,56,53,84,39,13,
141	9	14	2.6	9,92,85,46,44,41,32,47,49,51,24,38,78,56,53,39,45,19,14,
141	10	14	2.533	10,23,22,86,79,82,47,49,51,24,38,78,56,53,84,39,45,19,14,
141	9	13	2.637	9,92,66,85,46,44,41,32,47,49,51,24,38,78,56,53,84,48,13,
141	10	15	2.462	10,23,22,79,86,41,32,47,49,51,24,38,78,28,52,20,93,42,77,15,
141	9	15	2.554	9,92,66,85,46,44,41,32,47,49,51,24,38,78,28,52,20,93,42,77,15,
141	13	14	2.167	13,39,84,53,56,24,73,83,68,38,78,28,67,45,19,14,
141	12	14	2.082	12,99,48,39,84,53,56,24,38,78,28,52,67,45,19,14,
141	11	12	2.384	11,37,23,22,86,79,26,25,29,94,84,39,48,99,12,
141	14	15	1.82	14,19,45,39,84,53,56,24,38,78,28,52,20,93,42,77,15,
141	13	15	1.916	13,39,84,53,56,78,38,73,83,68,59,93,20,42,63,77,15,
141	12	13	2.27	12,99,48,39,84,53,56,24,38,78,28,52,67,45,19,13,
141	11	14	2.513	11,37,23,22,86,79,82,47,49,51,24,78,38,28,67,45,19,14,
141	12	15	1.895	12,99,48,84,53,56,24,38,78,28,52,20,93,42,63,77,15,
141	11	13	2.28	11,37,23,22,86,79,26,25,29,94,99,48,84,39,13,
141	11	15	2.429	11,29,26,79,86,32,47,49,51,24,38,78,28,52,20,93,42,77,15,
