139	0	2	2.028	0,41,99,42,69,44,92,57,56,49,52,29,37,97,96,2,
139	0	3	2.291	0,41,99,42,69,96,97,37,29,98,57,92,56,49,52,39,20,3,
139	0	4	2.399	0,41,99,44,69,96,97,37,98,57,56,49,86,23,77,45,63,18,4,
139	0	6	2.562	0,41,99,42,69,96,97,37,29,98,57,49,86,23,77,45,63,81,6,
139	0	1	2.24	0,41,93,80,61,32,56,57,98,37,97,96,69,42,99,1,
139	0	7	2.592	0,41,99,42,69,96,97,37,29,52,86,23,77,22,70,62,88,83,7,
139	0	5	2.502	0,41,99,44,69,96,97,37,29,98,57,56,49,86,23,77,45,63,18,5,
139	0	11	2.548	0,41,68,48,65,64,35,27,78,51,59,66,60,28,31,50,79,84,11,
139	0	10	2.505	0,68,48,65,64,35,27,78,51,66,60,28,31,50,79,84,19,54,10,
139	0	9	2.738	0,68,48,64,35,27,78,51,66,28,31,50,79,84,19,54,94,17,9,
139	0	8	2.679	0,68,48,65,64,35,27,78,51,16,30,34,95,46,43,87,25,26,76,24,91,8,
139	0	15	2.352	0,41,99,42,69,44,92,56,32,61,80,55,75,35,64,48,15,
139	0	14	2.205	0,41,32,61,80,55,67,75,27,78,35,48,64,65,74,14,
139	1	3	1.886	1,99,44,69,96,97,98,57,92,56,49,86,52,29,37,3,
139	1	2	1.845	1,99,42,69,44,92,57,56,49,86,52,29,37,97,96,2,
139	1	6	2.385	1,99,44,69,96,97,37,29,98,57,92,56,49,86,23,77,45,63,81,6,
139	0	12	2.558	0,41,99,44,57,56,32,61,80,55,75,27,51,66,28,50,31,12,
139	0	13	2.415	0,41,99,42,69,44,57,56,32,61,80,55,75,27,78,53,82,13,
139	1	7	2.48	1,99,44,69,96,97,37,29,52,86,23,77,22,36,73,70,62,88,83,7,
139	1	4	2.158	1,99,42,69,96,97,37,29,98,57,49,86,23,77,45,63,18,4,
139	1	8	2.623	1,99,44,69,96,97,37,29,52,86,23,77,22,36,85,43,87,25,26,76,91,8,
139	1	5	2.287	1,99,44,69,96,97,37,29,98,57,92,56,49,86,23,77,45,63,18,5,
139	1	15	2.119	1,99,42,69,44,57,92,32,61,80,55,75,35,48,64,65,15,
139	1	14	2.238	1,99,44,69,96,97,37,98,57,56,32,61,80,93,48,64,65,74,14,
139	1	12	2.377	1,99,44,92,57,56,32,80,61,55,75,27,51,66,60,28,50,31,12,
139	1	13	2.25	1,99,44,69,96,97,98,57,56,32,61,80,55,75,27,78,53,82,13,
139	2	6	2.202	2,42,69,96,97,37,29,98,57,92,56,49,86,23,77,45,63,81,6,
139	2	3	1.829	2,42,69,96,97,37,98,57,92,56,49,86,52,39,20,3,
139	1	11	2.532	1,99,44,57,56,32,61,80,55,75,27,78,51,66,28,31,50,79,11,
139	2	4	1.84	2,42,69,96,97,37,29,98,57,92,56,49,86,52,39,4,
139	2	5	1.876	2,42,69,96,97,98,57,56,49,86,23,77,45,63,18,5,
139	1	9	2.55	1,99,42,69,96,97,37,29,52,86,23,77,22,36,85,21,26,25,9,
139	1	10	2.624	1,99,44,92,57,56,49,86,23,77,22,36,85,43,87,17,94,38,54,10,
139	2	15	2.018	2,42,69,96,97,98,57,56,32,61,80,55,75,35,64,48,15,
139	2	14	2.138	2,42,69,96,97,37,29,98,57,56,32,61,80,93,48,64,65,74,14,
139	2	7	2.265	2,42,69,96,97,37,29,98,57,49,86,23,77,45,70,62,88,83,7,
139	2	12	2.353	2,42,69,44,57,56,32,61,80,55,75,27,78,51,66,60,28,50,31,12,
139	3	4	2.007	3,37,97,96,69,44,57,56,49,86,23,77,45,63,18,4,
139	3	5	2.027	3,37,97,96,69,44,57,56,49,86,23,77,45,63,18,5,
139	2	11	2.491	2,42,69,44,57,56,32,61,80,55,75,27,78,51,66,28,31,50,79,11,
139	2	13	2.366	2,42,69,96,97,37,29,98,57,92,56,32,61,80,55,75,27,78,53,58,82,13,
139	2	8	2.44	2,42,69,44,57,56,49,86,23,77,22,36,85,43,87,25,26,76,24,91,8,
139	2	9	2.523	2,42,69,96,97,98,57,56,49,86,23,77,22,36,85,43,87,25,26,76,9,
139	2	10	2.549	2,42,69,44,57,49,86,23,77,22,36,85,43,87,25,17,94,38,54,10,
139	3	15	2.287	3,37,97,98,57,92,56,32,61,80,55,75,27,78,35,48,64,65,15,
139	3	6	2.345	3,20,29,37,97,96,98,57,92,56,49,86,23,77,45,63,81,90,6,
139	3	7	2.335	3,37,97,96,57,56,49,86,23,77,22,36,73,70,62,88,83,7,
139	3	8	2.362	3,37,29,52,86,23,77,22,36,85,43,46,87,25,26,76,24,91,8,
139	4	5	2.062	4,39,29,37,97,98,57,56,49,86,23,77,45,63,18,5,
139	3	12	2.514	3,37,97,98,57,56,32,61,80,55,67,75,27,78,51,66,60,28,50,31,12,
139	3	9	2.511	3,37,97,98,57,92,56,49,86,23,77,22,36,85,43,87,25,26,76,9,
139	3	11	2.592	3,37,97,98,57,56,32,61,80,55,75,27,78,51,66,60,28,31,50,79,11,
139	3	14	2.408	3,37,97,96,98,57,92,56,32,61,80,55,75,27,78,35,64,48,65,74,14,
139	3	13	2.606	3,20,29,37,97,96,98,57,49,56,32,61,80,55,67,75,27,78,40,58,82,13,
139	3	10	2.696	3,37,97,98,57,56,49,86,23,77,22,36,85,21,26,25,17,94,38,54,10,
139	4	6	2.16	4,39,29,37,97,98,57,56,49,86,23,77,45,63,81,6,
139	5	6	2.38	5,18,39,20,29,37,97,98,52,86,23,77,45,63,81,6,
139	4	7	2.345	4,39,20,29,52,86,23,77,22,36,85,73,70,62,88,83,7,
139	4	12	2.539	4,39,29,37,98,57,56,32,61,80,55,75,27,51,66,60,28,50,31,12,
139	4	15	2.417	4,39,20,29,37,97,98,57,56,32,61,80,55,67,75,35,48,64,65,15,
139	4	8	2.445	4,39,20,29,52,86,23,77,22,36,85,43,87,25,26,76,24,91,8,
139	4	11	2.638	4,39,52,49,56,32,61,80,55,75,27,78,51,66,28,31,50,79,11,
139	4	9	2.598	4,39,29,37,97,98,57,56,49,86,23,77,22,36,85,43,87,25,9,
139	4	14	2.448	4,39,20,29,37,97,98,57,56,32,61,80,55,67,75,27,78,40,74,14,
139	4	13	2.601	4,39,20,29,37,97,96,98,57,56,32,61,80,55,67,75,27,78,40,58,82,13,
139	4	10	2.644	4,39,52,86,23,77,22,36,85,21,26,25,87,43,46,17,94,38,54,10,
139	5	7	2.289	5,81,70,62,88,73,21,43,87,25,26,76,24,91,47,7,
139	6	7	2.113	6,90,62,70,73,85,43,46,87,25,26,76,24,91,47,83,7,
139	5	8	2.503	5,81,70,62,88,73,22,36,72,89,95,46,87,26,76,91,8,
139	6	8	2.316	6,90,62,70,73,21,26,25,87,43,46,17,94,38,9,24,91,8,
139	5	12	2.534	5,81,70,73,21,26,25,87,17,94,38,54,19,84,79,50,31,12,
139	5	9	2.435	5,81,70,62,88,73,21,76,26,25,87,43,46,95,17,94,38,9,
139	5	11	2.533	5,81,90,62,88,73,21,76,26,25,87,43,46,17,94,38,54,19,84,11,
139	5	13	2.542	5,18,63,45,77,23,86,49,56,32,61,80,55,75,27,78,40,58,82,13,
139	5	15	2.547	5,18,63,45,77,23,86,49,56,32,61,80,55,67,75,35,48,64,65,15,
139	5	14	2.631	5,18,63,45,77,23,86,52,49,56,32,61,80,55,75,27,78,40,74,14,
139	5	10	2.447	5,81,90,62,88,70,73,21,76,26,25,87,43,46,95,17,94,38,54,10,
139	7	8	2.139	7,83,88,62,90,70,73,22,36,85,21,26,25,76,91,8,
139	7	9	1.959	7,83,88,62,70,73,21,76,26,25,87,43,46,17,94,38,9,
139	6	9	2.1	6,90,62,70,73,21,91,24,76,26,25,87,43,46,17,94,38,9,
139	6	12	2.304	6,90,62,70,73,21,26,25,17,94,38,54,19,84,79,50,31,12,
139	7	11	2.088	7,83,88,62,70,73,21,76,26,25,87,17,94,38,54,19,84,11,
139	6	13	2.616	6,81,63,45,77,23,86,49,56,32,61,80,55,75,27,78,53,58,82,13,
139	6	11	2.295	6,90,62,88,70,73,21,26,25,87,43,46,17,94,38,54,19,84,11,
139	6	15	2.738	6,81,63,45,77,23,86,49,56,32,61,80,55,75,27,78,35,64,48,15,
139	6	14	2.676	6,81,63,45,77,23,86,49,56,32,61,80,55,67,75,27,78,40,74,14,
139	7	10	2.024	7,83,88,62,70,73,21,91,24,76,26,25,87,43,46,17,94,54,10,
139	6	10	2.251	6,90,62,88,70,73,85,21,76,26,25,87,43,46,95,17,94,38,54,10,
139	8	9	2.023	8,91,24,76,26,25,87,43,46,95,17,94,54,19,10,38,9,
139	8	11	1.969	8,91,24,76,26,25,87,43,46,95,17,94,54,19,84,79,11,
139	7	12	2.124	7,47,91,24,76,26,25,87,46,17,94,38,54,19,84,79,50,31,12,
139	8	10	1.653	8,91,24,76,26,25,87,43,46,95,17,94,38,54,19,10,
139	8	12	1.835	8,91,24,76,26,25,87,43,46,17,94,38,54,19,84,79,50,31,12,
139	7	13	2.469	7,47,91,24,76,26,25,87,17,94,38,54,19,84,79,50,31,28,82,13,
139	8	13	2.252	8,91,24,76,26,25,87,43,46,17,94,54,19,84,79,50,31,28,82,13,
139	7	15	2.723	7,47,91,24,76,26,25,87,43,46,95,34,30,16,51,78,27,35,48,64,65,15,
139	8	15	2.503	8,24,76,26,25,87,43,46,95,89,34,30,16,51,78,27,35,48,64,65,15,
139	8	14	2.414	8,91,24,76,26,25,87,43,46,95,34,30,16,51,78,27,35,48,64,65,74,14,
139	7	14	2.747	7,47,91,24,76,26,25,87,43,46,95,34,30,16,51,78,27,35,48,65,74,14,
139	10	11	1.949	10,54,38,94,17,87,25,76,26,43,46,95,34,71,84,11,
139	10	12	1.923	10,54,38,94,17,25,26,43,46,95,19,84,79,50,31,12,
139	9	11	2.138	9,24,76,26,25,87,43,46,95,17,94,38,54,19,84,79,11,
139	9	10	2.023	9,24,8,91,76,26,25,87,43,46,95,17,94,38,54,19,10,
139	10	13	2.055	10,54,19,84,79,50,31,28,60,66,51,27,78,53,58,82,13,
139	9	12	1.928	9,76,26,25,87,43,46,17,94,38,54,19,84,79,50,28,31,12,
139	9	13	2.182	9,76,26,25,87,46,17,94,38,54,19,84,79,50,31,28,82,13,
139	10	14	2.168	10,54,19,84,79,50,31,28,60,66,51,27,35,48,64,65,74,14,
139	9	14	2.343	9,17,94,38,54,19,84,79,50,31,28,66,51,27,78,40,74,14,
139	10	15	2.352	10,38,94,54,19,84,79,50,31,28,66,51,78,27,35,64,48,15,
139	9	15	2.47	9,17,94,38,54,19,84,79,50,31,28,66,51,27,35,48,64,65,15,
139	11	12	2.044	11,19,54,94,17,25,87,43,46,95,71,79,50,31,12,
139	13	15	2.127	13,82,28,31,50,79,60,66,51,27,78,35,48,64,65,15,
139	14	15	2.177	14,74,40,78,27,75,67,55,61,80,93,35,48,64,65,15,
139	11	13	1.897	11,19,84,79,50,31,28,60,66,51,27,78,53,82,13,
139	12	13	1.947	12,31,50,28,60,66,59,34,30,16,51,27,78,53,82,13,
139	12	14	1.847	12,31,28,50,79,60,66,51,78,27,35,64,48,65,74,14,
139	11	14	1.834	11,79,50,31,28,60,66,51,78,27,35,48,64,65,74,14,
139	13	14	2.052	13,82,28,31,50,60,66,51,78,27,35,48,64,65,74,14,
139	12	15	2.128	12,31,50,28,60,66,59,34,30,16,51,78,27,35,64,48,15,
139	11	15	2.277	11,19,84,79,50,31,28,60,66,59,51,78,27,35,48,64,65,15,
