439	0	1	1.999	0,65,28,34,33,98,46,93,41,81,99,71,44,84,1,
439	0	2	1.831	0,65,28,34,33,98,46,93,71,99,27,36,96,51,91,2,
439	0	3	1.94	0,65,28,34,33,46,93,71,99,27,53,56,74,30,62,3,
439	0	4	2.418	0,65,28,34,33,98,46,93,41,81,71,99,27,53,56,74,30,62,4,
439	0	5	2.582	0,65,28,34,33,46,93,71,99,27,53,56,74,68,70,69,80,54,5,
439	0	6	2.683	0,65,28,34,33,98,59,22,73,95,29,87,77,32,19,42,82,79,20,6,
439	0	7	2.491	0,65,28,34,98,59,22,73,95,29,43,78,87,77,32,19,42,66,35,7,
439	0	8	2.347	0,65,34,33,98,59,22,73,95,29,87,39,77,32,97,17,63,45,92,8,
439	0	9	2.332	0,65,28,34,98,59,22,73,95,29,43,78,87,77,32,97,63,45,92,18,9,
439	0	10	2.309	0,65,28,34,33,98,59,22,73,95,29,43,78,87,77,32,25,50,16,10,
439	0	11	2.44	0,65,28,34,33,98,23,52,31,75,59,22,73,95,29,40,60,64,90,11,
439	0	12	1.912	0,65,28,34,33,98,59,22,73,95,29,40,60,64,90,12,
439	0	13	1.939	0,65,28,34,33,98,23,52,88,48,21,49,76,57,13,
439	0	14	2.06	0,65,28,34,33,98,59,22,95,73,31,75,52,88,49,14,
439	0	15	2.053	0,65,34,33,98,59,22,95,73,31,75,52,23,88,48,15,
439	1	2	2.008	1,84,44,71,99,27,36,96,51,56,53,68,74,91,47,2,
439	1	3	1.926	1,84,44,71,99,27,53,56,36,96,51,91,74,30,62,3,
439	1	4	2.562	1,84,44,36,96,51,56,53,27,99,71,93,41,81,68,30,62,4,
439	1	5	2.385	1,84,44,71,99,27,36,96,51,56,53,68,70,83,69,80,54,5,
439	1	6	2.568	1,84,44,71,99,27,36,96,51,91,74,56,53,68,70,69,80,26,20,6,
439	1	7	2.517	1,84,44,71,99,27,53,56,74,68,70,69,80,26,20,79,61,35,7,
439	1	8	2.436	1,84,44,36,27,99,81,41,85,86,89,94,38,19,97,17,63,45,92,8,
439	1	9	2.471	1,84,44,71,93,46,59,22,73,95,29,87,77,32,97,17,63,45,92,18,9,
439	1	10	2.501	1,84,58,28,34,33,98,23,59,22,73,95,29,40,43,78,87,39,50,16,10,
439	1	11	2.551	1,84,44,36,27,99,71,93,46,59,22,73,95,29,40,60,72,64,90,11,
439	1	12	2.322	1,84,44,36,27,99,71,93,46,59,22,73,95,29,40,60,72,64,90,12,
439	1	13	2.373	1,84,58,65,28,34,33,98,23,52,75,22,73,95,29,40,60,57,13,
439	1	14	2.196	1,84,44,36,56,53,27,99,71,93,46,98,88,49,48,21,14,
439	1	15	1.84	1,84,58,65,28,34,33,98,23,52,88,49,21,48,15,
439	2	3	1.9	2,47,91,51,96,36,44,71,99,27,53,56,74,68,30,3,
439	2	4	2.08	2,47,91,51,96,36,44,71,99,27,53,56,74,68,30,4,
439	2	5	1.969	2,47,91,51,96,36,99,27,53,68,70,83,69,80,54,5,
439	2	6	2.349	2,47,91,51,96,36,71,99,27,53,56,74,68,70,69,80,26,79,20,6,
439	2	7	2.429	2,47,91,51,96,36,99,27,53,68,70,83,69,80,26,20,79,61,35,7,
439	2	8	2.352	2,47,91,51,96,36,27,99,71,93,41,81,85,86,89,94,38,42,37,24,8,
439	2	9	2.432	2,47,91,51,96,36,27,99,71,41,81,85,86,89,94,38,19,97,63,45,92,18,9,
439	2	10	2.445	2,47,91,51,96,36,27,99,71,93,46,59,22,73,95,29,43,78,87,39,50,16,10,
439	2	11	2.518	2,47,51,56,53,27,99,71,93,46,59,22,73,95,29,40,60,72,64,90,11,
439	2	12	2.298	2,47,91,51,96,36,27,99,71,93,46,59,22,73,95,29,40,60,72,64,90,12,
439	2	13	2.423	2,47,91,51,96,36,99,27,81,41,85,86,22,73,95,29,40,60,76,57,13,
439	2	14	2.085	2,47,91,51,96,36,56,53,27,99,71,93,46,98,88,49,21,14,
439	2	15	1.814	2,47,91,51,96,36,27,99,71,33,34,88,49,21,48,15,
439	3	4	2.415	3,62,30,74,56,53,27,99,71,93,41,81,68,70,83,4,
439	3	5	2.223	3,91,51,96,36,99,27,53,56,74,68,70,69,80,54,5,
439	3	6	2.178	3,62,30,74,56,53,68,70,83,69,54,80,26,79,20,6,
439	3	7	2.541	3,30,74,56,53,27,99,71,93,41,81,85,86,89,94,38,42,66,7,
439	3	8	2.47	3,30,74,56,53,27,99,71,93,41,81,85,86,89,94,38,42,37,24,8,
439	3	9	2.55	3,30,74,56,53,27,99,71,41,81,85,86,89,94,38,19,97,63,45,92,18,9,
439	3	10	2.542	3,30,74,56,53,27,99,71,93,46,59,22,73,95,40,43,78,87,39,16,10,
439	3	11	2.543	3,30,74,56,53,27,99,71,93,46,59,22,73,95,29,40,60,64,90,11,
439	3	12	2.382	3,62,30,74,56,53,27,99,71,93,46,59,22,73,95,29,40,60,64,90,12,
439	3	13	2.661	3,62,30,74,56,53,27,99,71,93,46,59,22,73,95,29,40,31,75,52,76,57,13,
439	3	14	2.381	3,62,30,74,56,53,27,99,71,93,46,98,33,34,88,49,48,21,14,
439	3	15	2.205	3,30,74,56,53,27,99,71,93,33,98,23,52,88,49,21,48,15,
439	4	5	2.39	4,62,30,74,56,36,99,27,53,68,70,83,69,80,54,5,
439	4	6	2.377	4,62,30,74,56,36,99,27,53,68,70,69,80,26,20,6,
439	4	7	2.368	4,62,30,74,56,53,68,70,69,80,26,20,79,61,35,7,
439	4	8	2.572	4,83,69,80,26,20,79,61,35,66,24,37,17,42,19,97,63,45,92,8,
439	4	9	2.638	4,83,69,80,54,20,79,61,35,66,24,37,92,45,63,17,97,25,50,9,
439	4	10	2.469	4,83,69,80,26,79,61,35,66,24,37,92,45,63,17,97,25,50,16,10,
439	4	11	2.657	4,62,30,74,56,53,27,99,71,93,46,59,22,73,95,29,40,43,11,
439	4	12	2.485	4,62,30,74,56,53,27,99,71,93,46,59,22,73,95,40,60,64,90,12,
439	4	13	2.816	4,62,30,74,56,53,27,99,71,93,46,59,22,73,95,29,40,31,75,52,76,57,13,
439	4	14	2.679	4,62,30,74,56,53,27,99,71,81,41,93,46,98,23,52,88,49,48,21,14,
439	4	15	2.375	4,62,30,74,56,53,27,99,71,93,46,98,23,52,88,49,21,48,15,
439	5	6	2.318	5,54,80,26,20,79,82,42,97,63,17,37,66,35,61,6,
439	5	7	2.131	5,54,80,20,79,61,35,66,24,37,17,97,63,45,92,8,7,
439	5	8	1.741	5,54,80,20,79,61,35,66,24,37,17,97,63,45,92,8,
439	5	9	2.453	5,54,69,80,26,20,79,61,35,66,24,37,17,92,45,63,97,25,50,18,9,
439	5	10	2.325	5,54,69,80,26,20,79,61,35,66,24,37,92,45,63,17,97,25,50,16,10,
439	5	11	2.456	5,54,80,20,79,61,35,66,24,37,92,45,63,17,97,25,50,16,11,
439	5	12	2.613	5,54,20,79,61,35,66,24,37,17,45,63,97,32,77,87,78,43,90,12,
439	5	13	2.738	5,54,20,79,82,42,19,32,77,87,78,43,40,29,95,73,31,76,57,13,
439	5	14	2.706	5,54,80,26,69,70,68,53,27,99,71,93,46,98,88,49,48,21,14,
439	5	15	2.58	5,54,80,69,70,68,53,27,99,71,93,33,34,88,49,21,48,15,
439	6	7	2.047	6,20,26,55,82,42,97,17,63,45,92,37,24,66,35,7,
439	6	8	1.768	6,20,80,69,26,79,61,35,66,24,37,17,63,45,92,8,
439	6	9	2.295	6,20,79,61,35,66,24,37,92,45,63,17,97,42,19,32,25,18,9,
439	6	10	2.321	6,20,79,61,35,66,24,37,92,45,63,17,97,42,19,32,25,50,16,10,
439	6	11	2.335	6,20,79,61,35,66,24,37,92,45,63,17,97,32,77,87,78,43,11,
439	6	12	2.445	6,20,79,61,35,66,24,37,17,45,63,97,32,77,39,87,78,43,90,12,
439	6	13	2.57	6,20,79,82,42,19,32,77,39,87,78,43,40,29,95,73,31,76,57,13,
439	6	14	2.691	6,20,79,82,42,19,32,77,87,78,43,40,29,95,73,22,59,23,88,49,14,
439	6	15	2.658	6,20,79,82,42,19,32,77,87,78,43,29,95,73,31,75,52,49,21,48,15,
439	7	8	1.938	7,35,61,82,38,19,42,66,24,37,17,97,63,45,92,8,
439	7	9	1.941	7,35,66,24,37,92,45,63,17,97,42,19,32,25,50,9,
439	7	10	1.802	7,35,66,24,37,92,45,63,17,97,19,32,25,50,16,10,
439	7	11	2.418	7,35,66,24,37,17,92,45,63,97,19,42,38,32,77,87,39,78,43,11,
439	7	12	2.262	7,35,66,24,37,92,45,63,17,97,32,77,39,87,78,43,90,64,72,12,
439	7	13	2.447	7,35,66,24,37,17,45,63,97,32,77,87,78,43,29,95,73,31,76,57,13,
439	7	14	2.467	7,35,66,42,19,32,77,87,78,43,40,29,95,73,22,59,23,88,49,14,
439	7	15	2.434	7,35,66,42,19,32,77,87,78,43,29,95,73,31,75,52,49,21,48,15,
439	8	9	1.858	8,24,37,92,45,63,17,97,32,77,87,43,78,39,25,18,9,
439	8	10	1.711	8,24,37,92,45,63,17,97,32,77,87,78,39,50,16,10,
439	8	11	2.036	8,24,37,17,92,18,45,63,97,25,32,77,87,39,78,43,11,
439	8	12	2.1	8,92,45,63,17,97,32,77,87,78,43,29,95,73,40,60,64,90,12,
439	8	13	2.245	8,24,37,17,92,45,63,97,32,77,87,78,43,40,95,73,31,76,57,13,
439	8	14	2.256	8,92,45,63,17,97,32,77,87,78,43,29,95,73,22,59,23,88,49,14,
439	8	15	2.377	8,92,45,63,17,97,32,77,87,78,43,40,95,73,22,59,23,88,49,21,48,15,
439	9	10	1.761	9,18,92,45,63,17,97,42,19,32,77,87,39,50,16,10,
439	9	11	1.996	9,18,92,45,63,17,97,42,38,19,32,77,87,39,78,43,11,
439	9	12	1.853	9,18,92,45,63,17,97,32,77,39,87,78,43,90,64,72,12,
439	9	13	2.076	9,18,92,45,63,17,97,32,77,39,87,29,95,73,31,76,57,13,
439	9	14	2.178	9,18,92,45,63,97,32,77,87,78,43,29,95,73,31,75,52,49,14,
439	9	15	2.24	9,18,92,45,63,17,97,32,77,87,29,95,73,31,75,52,49,21,48,15,
439	10	11	2.131	10,16,50,25,18,92,45,63,17,97,32,77,39,87,78,43,11,
439	10	12	1.953	10,16,50,25,32,77,87,78,43,29,95,40,60,64,90,12,
439	10	13	2.096	10,16,50,25,32,77,39,87,78,43,29,95,73,40,60,57,13,
439	10	14	2.146	10,16,50,39,87,78,43,40,29,95,73,22,59,23,52,88,49,14,
439	10	15	2.23	10,16,50,25,32,77,87,29,95,73,22,59,23,52,88,49,21,48,15,
439	11	12	2.189	11,43,78,39,87,29,40,95,73,22,59,75,31,60,64,90,12,
439	11	13	2.275	11,90,64,60,40,29,95,73,31,75,52,23,88,49,76,57,13,
439	11	14	2.264	11,90,64,72,60,40,29,95,73,22,59,23,88,49,48,21,14,
439	11	15	2.214	11,90,64,60,40,29,95,73,22,59,75,52,23,88,49,21,48,15,
439	12	13	1.992	12,90,64,60,40,29,95,73,22,59,23,88,49,76,57,13,
439	12	14	1.888	12,90,64,60,40,29,95,73,22,59,75,52,23,88,49,14,
439	12	15	1.856	12,90,64,60,40,29,95,73,22,59,23,88,49,21,48,15,
439	13	14	2.005	13,57,76,31,40,29,95,73,22,75,52,23,88,49,21,14,
439	13	15	1.95	13,57,60,40,29,95,73,31,75,52,23,88,49,21,48,15,
439	14	15	2.124	14,21,49,52,75,31,40,29,95,73,22,59,98,88,48,15,
