148	0	1	1.713	0,47,39,91,78,54,51,19,99,40,76,68,52,71,1,
148	0	5	2.348	0,77,68,76,99,40,64,20,42,34,81,38,48,37,32,60,41,5,
148	0	2	2.143	0,47,39,91,78,54,51,19,99,40,76,77,68,52,71,2,
148	0	6	2.512	0,77,68,76,19,99,40,64,20,42,34,81,38,48,37,32,95,60,70,6,
148	0	7	2.447	0,77,68,76,99,40,64,42,34,81,38,48,37,43,61,56,18,63,62,7,
148	0	3	1.968	0,47,39,77,68,76,99,40,64,20,49,94,75,90,25,3,
148	0	11	2.388	0,47,39,91,54,51,19,30,86,55,65,36,35,89,23,28,59,46,11,
148	0	8	2.477	0,77,76,99,40,64,42,34,81,38,48,37,73,74,56,18,63,62,88,8,
148	0	4	2.195	0,47,39,91,51,19,99,40,64,20,49,94,84,75,25,90,53,4,
148	0	9	2.649	0,77,76,99,40,64,42,34,81,38,48,37,43,73,74,56,18,67,9,
148	0	10	2.524	0,47,39,51,91,54,78,72,55,86,93,31,87,66,50,16,44,10,
148	1	3	1.88	1,71,52,20,42,34,81,27,24,94,84,75,90,25,3,
148	0	15	1.59	0,47,39,77,76,40,99,19,30,51,91,54,72,78,15,
148	1	2	2.199	1,71,52,68,76,19,99,40,64,42,34,27,94,84,45,2,
148	0	14	1.606	0,47,39,77,68,76,19,51,91,54,30,86,55,65,36,14,
148	1	4	1.959	1,71,52,20,42,34,81,27,94,84,75,25,90,26,53,4,
148	1	7	2.359	1,71,52,20,42,34,81,38,48,37,43,61,73,74,56,18,63,62,97,7,
148	1	6	2.521	1,71,52,20,42,34,81,38,48,37,43,61,73,74,56,18,63,62,97,6,
148	1	8	2.466	1,71,52,20,42,34,27,81,38,48,37,43,61,73,74,56,18,63,62,88,8,
148	1	5	2.218	1,71,52,20,42,34,27,81,38,48,37,32,95,60,70,41,5,
148	0	13	2.022	0,47,39,77,68,76,40,99,19,51,91,78,72,55,86,65,89,35,13,
148	0	12	2.242	0,77,68,76,40,99,19,51,91,54,30,86,55,65,36,89,23,59,28,12,
148	1	15	1.598	1,71,52,64,40,99,19,76,68,77,39,91,54,78,15,
148	2	3	2.19	2,45,84,94,27,34,81,38,48,37,57,79,26,90,25,3,
148	2	4	2.258	2,45,84,75,94,27,34,81,82,38,48,37,57,79,26,53,4,
148	1	14	1.927	1,71,52,68,76,40,99,19,51,91,54,78,72,55,86,65,36,14,
148	2	6	2.493	2,45,84,94,27,34,81,38,48,37,43,61,74,56,18,63,62,97,6,
148	1	13	2.203	1,71,52,68,77,76,40,99,19,51,39,91,54,78,72,36,65,89,35,13,
148	2	5	2.371	2,45,84,94,75,25,90,24,27,81,38,48,37,32,95,60,41,5,
148	1	9	2.57	1,71,52,20,42,34,81,38,48,37,43,61,73,74,63,18,67,9,
148	1	10	2.735	1,71,52,20,42,34,81,38,48,37,43,73,74,56,18,67,17,16,44,10,
148	1	11	2.628	1,71,52,68,76,40,99,19,51,91,54,72,36,65,33,31,87,85,46,11,
148	1	12	2.311	1,71,52,68,76,77,39,51,91,54,78,72,36,65,89,23,59,28,12,
148	2	15	2.145	2,45,84,94,27,34,42,20,64,40,99,19,51,39,91,78,15,
148	3	4	1.963	3,25,90,75,94,27,34,82,48,38,81,24,79,26,53,4,
148	2	7	2.269	2,45,84,94,27,34,81,38,48,37,43,61,73,74,56,18,63,62,7,
148	2	14	2.325	2,45,84,94,27,34,42,20,64,40,99,19,51,91,54,78,72,14,
148	2	8	2.591	2,45,84,75,94,27,34,81,38,48,37,43,73,74,61,18,56,63,62,88,8,
148	3	5	2.033	3,25,90,75,84,94,27,34,81,38,48,37,32,95,60,41,5,
148	2	13	2.499	2,71,52,68,77,76,40,99,19,51,91,54,30,86,55,65,36,89,35,13,
148	2	9	2.809	2,45,84,75,94,27,81,38,48,37,43,61,73,74,56,18,63,62,88,67,9,
148	2	11	2.855	2,45,84,94,27,34,81,38,48,96,58,21,69,87,31,59,28,46,11,
148	2	10	2.814	2,45,84,94,27,34,81,38,48,37,43,61,73,74,56,18,67,17,16,44,10,
148	2	12	2.561	2,71,52,68,76,40,99,19,51,91,54,72,36,35,89,23,59,28,12,
148	3	7	2.043	3,25,90,75,94,27,81,38,48,37,43,73,74,56,18,63,62,7,
148	4	5	1.994	4,53,26,79,24,27,34,81,38,48,37,32,95,60,41,5,
148	3	6	2.257	3,25,90,75,84,94,27,34,81,38,48,37,32,95,60,41,70,6,
148	3	8	2.185	3,25,90,75,84,94,27,81,38,48,37,43,73,74,56,18,63,62,88,8,
148	3	15	2.153	3,25,90,75,94,27,34,42,20,64,40,99,19,51,91,54,72,78,15,
148	3	14	2.214	3,25,90,75,84,94,49,20,64,40,99,19,51,91,54,78,72,36,14,
148	3	13	2.346	3,25,90,75,84,94,27,34,42,64,40,99,19,30,86,55,65,89,35,13,
148	3	9	2.435	3,25,90,75,94,27,34,81,38,48,37,43,61,73,74,56,18,67,9,
148	3	11	2.645	3,25,90,75,84,94,27,34,81,82,38,48,96,58,21,69,87,85,46,11,
148	3	12	2.476	3,25,90,75,94,27,34,81,38,48,96,58,21,69,87,31,59,28,12,
148	3	10	2.706	3,25,90,75,84,94,27,81,38,48,37,43,61,73,74,56,18,67,17,16,44,10,
148	4	7	1.938	4,53,26,24,81,38,48,37,43,61,74,56,18,63,62,7,
148	4	6	2.032	4,53,90,25,75,84,94,27,81,38,48,37,32,95,70,6,
148	5	6	2.124	5,41,60,32,73,43,61,74,56,18,63,62,97,98,95,70,6,
148	4	8	2.261	4,53,26,24,27,34,81,38,48,37,43,61,73,74,56,18,63,62,88,8,
148	4	13	2.416	4,53,90,25,75,84,94,49,20,64,40,99,19,30,86,55,65,89,35,13,
148	4	15	2.361	4,53,90,25,75,84,94,27,34,42,20,64,40,99,19,51,91,54,72,78,15,
148	4	14	2.429	4,53,26,90,25,75,84,94,49,20,64,40,99,19,51,91,54,78,72,36,14,
148	4	9	2.525	4,53,90,25,75,84,94,27,81,38,48,37,43,61,73,74,56,18,67,9,
148	4	10	2.667	4,53,26,79,24,27,81,38,48,37,43,61,73,74,56,18,67,17,16,44,10,
148	4	11	2.617	4,53,26,90,25,75,84,94,27,81,38,48,96,58,21,69,87,85,46,11,
148	4	12	2.684	4,53,90,25,75,84,94,27,34,81,38,48,96,58,21,69,87,31,59,28,12,
148	6	8	2.013	6,70,60,95,32,98,97,62,63,56,74,73,43,61,18,88,8,
148	6	7	2.097	6,70,41,60,32,37,43,92,61,73,74,56,18,63,62,7,
148	5	7	2.327	5,4,53,26,24,81,38,48,37,43,61,74,56,18,63,62,7,
148	5	8	2.422	5,41,60,32,57,38,48,37,43,73,74,61,56,18,63,97,62,88,8,
148	5	14	2.457	5,41,60,95,32,37,48,38,81,34,42,64,40,99,19,51,54,72,14,
148	5	13	2.6	5,41,60,57,48,38,81,34,42,64,40,99,19,30,86,55,65,89,35,13,
148	5	9	2.356	5,41,70,60,95,32,98,97,62,63,18,56,74,73,61,43,92,17,67,9,
148	5	15	2.467	5,41,70,60,95,32,37,48,38,81,34,42,64,40,99,19,51,91,54,78,15,
148	5	10	2.415	5,41,60,95,32,98,97,62,63,18,56,74,73,61,43,92,50,16,44,10,
148	5	11	2.605	5,41,60,95,98,97,62,63,18,56,74,73,61,92,21,69,87,85,46,11,
148	5	12	2.584	5,41,60,95,98,97,62,63,18,56,61,43,92,21,69,87,31,59,28,12,
148	7	8	2.308	7,6,70,41,60,95,32,73,43,61,74,56,18,63,62,88,8,
148	6	9	2.104	6,70,60,95,32,98,97,62,63,18,56,74,73,61,17,67,9,
148	7	9	2.105	7,62,63,18,56,74,73,61,43,92,50,66,16,17,67,9,
148	7	10	2.29	7,62,63,18,56,74,73,61,43,92,21,69,50,66,80,16,44,10,
148	6	14	2.467	6,70,95,32,37,48,38,81,34,42,64,40,99,19,51,91,54,72,14,
148	7	11	2.295	7,97,62,63,18,56,74,73,61,43,92,58,21,69,87,85,46,11,
148	6	10	2.379	6,70,95,98,97,62,63,18,56,74,73,61,43,92,50,66,16,44,10,
148	6	13	2.635	6,95,32,37,48,38,81,34,42,64,40,99,19,30,86,55,65,89,35,13,
148	6	15	2.517	6,70,60,95,32,37,48,38,81,34,42,20,64,40,99,19,51,91,54,78,15,
148	6	11	2.564	6,98,97,62,63,18,56,74,73,61,43,92,58,21,69,87,85,46,11,
148	6	12	2.559	6,97,62,63,18,56,74,73,61,43,92,21,69,87,85,46,59,28,12,
148	8	10	1.906	8,88,62,63,18,56,74,73,61,43,92,50,66,16,44,10,
148	8	9	2.147	8,88,63,18,56,74,73,61,43,92,50,66,16,17,67,9,
148	8	11	2.152	8,88,62,63,18,56,74,73,61,43,92,21,69,87,85,46,11,
148	8	13	2.37	8,88,62,63,18,56,74,73,61,43,92,21,69,87,31,59,28,23,13,
148	8	15	2.444	8,88,63,18,56,61,43,37,48,38,81,34,42,64,40,99,19,51,91,15,
148	8	14	2.593	8,88,63,18,56,61,43,37,48,38,82,42,64,40,99,19,51,54,72,14,
148	7	15	2.421	7,62,63,18,56,74,73,37,48,38,81,34,42,64,40,99,19,51,54,91,15,
148	7	14	2.562	7,62,63,18,56,74,73,37,48,38,82,42,64,40,99,19,51,91,54,72,14,
148	8	12	2.157	8,88,62,63,18,56,74,73,61,43,92,21,69,87,31,59,28,12,
148	7	13	2.628	7,97,62,63,18,56,74,73,61,43,92,96,58,21,69,87,31,59,28,23,13,
148	7	12	2.2	7,62,63,18,56,74,73,61,43,92,58,21,69,87,31,59,28,12,
148	9	10	2.247	9,67,18,63,56,74,73,61,43,92,50,66,80,16,44,10,
148	10	13	2.152	10,44,16,50,66,46,85,87,31,59,28,23,89,35,13,
148	10	11	2.498	10,44,16,17,67,18,56,74,73,61,43,92,50,66,46,11,
148	9	11	2.326	9,67,17,16,44,80,66,50,69,87,31,59,28,46,11,
148	10	12	2.263	10,44,16,50,66,46,85,87,31,33,89,23,59,28,12,
148	9	12	2.252	9,67,17,16,50,66,46,85,87,31,33,23,59,28,12,
148	9	13	2.724	9,67,18,63,74,73,61,43,92,58,21,69,87,31,59,28,23,13,
148	9	15	2.607	9,67,18,56,61,43,37,48,38,81,34,42,64,40,99,19,51,91,15,
148	10	14	2.594	10,44,16,50,66,87,31,33,65,55,86,30,51,91,54,78,72,36,14,
148	9	14	2.771	9,67,61,43,37,48,38,81,34,42,64,40,99,19,51,91,54,72,14,
148	10	15	2.529	10,44,16,50,66,46,28,59,23,89,65,55,86,30,51,91,54,78,15,
148	13	14	1.766	13,35,89,36,65,55,86,30,19,51,39,91,54,78,72,14,
148	11	13	2.337	11,46,28,59,33,65,55,86,30,51,91,54,72,36,35,13,
148	12	14	1.872	12,28,59,23,89,35,36,65,55,86,30,51,91,54,72,14,
148	12	13	2.068	12,28,59,23,89,65,55,86,30,51,91,54,72,36,35,13,
148	14	15	1.505	14,36,65,55,86,30,51,19,76,68,77,39,91,54,78,15,
148	13	15	1.576	13,35,89,65,55,86,30,19,76,68,77,39,91,54,78,15,
148	11	12	2.575	11,46,85,87,31,93,22,99,19,30,55,65,33,59,28,12,
148	11	14	2.323	11,46,28,59,23,89,35,36,65,55,86,30,51,91,54,78,72,14,
148	12	15	1.966	12,28,59,23,89,35,36,65,55,86,30,51,39,91,54,72,78,15,
148	11	15	2.283	11,46,28,59,23,89,35,36,65,55,86,30,19,51,91,54,72,78,15,
