86	0	1	1.926	0,73,33,29,89,32,86,51,74,56,96,88,21,26,58,1,
86	0	2	1.793	0,73,33,29,89,32,86,51,56,88,96,60,40,82,2,
86	0	3	2.108	0,73,64,26,21,88,96,56,89,32,51,74,20,43,91,97,3,
86	0	4	2.173	0,64,26,21,96,56,88,29,89,32,86,51,74,20,43,52,91,53,4,
86	0	5	2.386	0,73,64,26,21,96,56,88,29,89,32,51,74,75,57,17,65,95,5,
86	0	6	2.473	0,64,26,21,96,56,88,29,89,32,86,66,34,41,90,92,70,30,93,6,
86	0	7	2.453	0,73,33,29,89,32,86,66,34,41,90,92,81,50,48,23,35,46,68,7,
86	0	8	2.513	0,73,64,26,21,29,89,32,86,66,34,41,90,92,81,50,48,23,35,85,8,
86	0	9	2.286	0,73,33,29,89,32,86,66,34,41,90,92,81,50,48,23,85,28,9,
86	0	10	2.3	0,73,33,29,89,32,86,66,34,41,90,38,98,99,71,47,59,10,
86	0	11	2.472	0,73,33,29,89,32,86,66,34,41,90,38,98,99,71,59,47,72,11,
86	0	12	2.405	0,73,33,29,89,86,66,34,41,90,38,98,80,63,31,39,12,
86	0	13	2.337	0,73,33,21,96,56,88,29,89,76,24,19,67,44,61,83,13,
86	0	14	2.027	0,73,64,26,21,96,56,88,29,89,76,24,19,67,44,61,14,
86	0	15	2.021	0,73,33,29,89,32,86,76,24,19,44,61,67,22,16,15,
86	1	2	1.779	1,58,26,21,29,89,32,51,56,88,96,60,40,82,2,
86	1	3	2.02	1,58,26,21,96,56,88,29,89,32,86,51,74,20,43,91,97,3,
86	1	4	1.912	1,58,26,21,96,56,88,29,89,32,51,74,20,43,91,53,4,
86	1	5	2.206	1,58,26,21,96,56,88,29,89,32,86,51,74,75,57,17,65,62,5,
86	1	6	2.312	1,58,26,21,96,56,88,29,89,32,51,74,75,57,17,65,95,77,93,6,
86	1	7	2.409	1,58,26,21,29,89,32,86,66,34,41,90,92,81,50,48,23,35,27,7,
86	1	8	2.317	1,58,26,21,29,89,32,86,66,34,41,90,92,81,50,48,23,35,85,8,
86	1	9	2.442	1,58,26,21,88,96,56,89,32,86,66,34,41,90,92,81,50,48,23,85,28,9,
86	1	10	2.442	1,58,26,21,96,56,88,29,89,32,86,66,34,41,90,38,99,71,47,59,10,
86	1	11	2.443	1,58,26,21,88,96,56,89,32,86,66,34,41,90,38,98,80,36,11,
86	1	12	2.427	1,58,26,21,60,96,56,88,29,89,32,86,66,54,42,79,31,39,12,
86	1	13	2.326	1,58,26,21,60,96,56,88,29,89,76,24,19,67,44,61,83,13,
86	1	14	2.144	1,58,26,21,60,96,56,88,29,89,32,86,76,24,19,44,67,61,14,
86	1	15	1.931	1,58,26,21,96,56,88,29,89,76,24,19,44,61,67,22,15,
86	2	3	1.844	2,82,40,60,96,56,88,29,89,32,51,74,20,94,3,
86	2	4	1.807	2,82,40,21,29,89,32,86,51,74,20,43,91,53,4,
86	2	5	2.109	2,82,40,60,96,56,88,29,89,32,86,51,75,57,17,65,62,5,
86	2	6	2.202	2,82,40,60,96,56,88,29,89,32,51,74,75,57,70,30,93,6,
86	2	7	2.306	2,82,40,60,96,56,88,29,89,32,86,66,34,41,90,92,18,68,7,
86	2	8	2.274	2,82,40,21,29,89,32,86,66,34,41,90,92,81,48,23,35,85,8,
86	2	9	2.315	2,82,40,21,29,89,32,86,66,34,41,90,92,81,50,48,23,85,28,9,
86	2	10	2.393	2,82,40,60,96,56,88,29,89,32,86,66,34,41,90,38,99,71,59,10,
86	2	11	2.426	2,82,40,60,96,56,88,29,89,32,86,66,41,90,38,98,80,36,11,
86	2	12	2.446	2,82,40,21,29,89,32,86,66,34,41,90,38,98,80,63,31,39,12,
86	2	13	2.468	2,82,40,60,96,56,88,29,89,32,51,86,76,24,19,44,61,83,13,
86	2	14	2.122	2,82,40,21,60,96,56,88,29,89,32,86,76,24,19,44,67,61,14,
86	2	15	1.845	2,82,40,60,96,56,88,29,89,76,24,19,44,67,22,15,
86	3	4	1.95	3,94,60,96,56,88,29,89,32,51,74,20,43,91,53,4,
86	3	5	2.131	3,94,60,96,56,88,29,89,32,51,74,20,43,52,62,5,
86	3	6	2.163	3,97,91,43,52,17,65,57,55,41,90,92,70,30,77,93,6,
86	3	7	2.397	3,97,91,43,52,17,65,57,55,41,90,92,81,50,48,23,35,46,27,7,
86	3	8	2.277	3,97,91,43,52,17,65,57,55,41,90,38,81,50,48,23,35,85,8,
86	3	9	2.365	3,97,91,43,52,17,65,57,75,55,41,90,92,81,50,48,23,35,85,28,9,
86	3	10	2.48	3,94,60,96,56,88,29,89,32,86,66,34,41,90,38,99,71,47,59,10,
86	3	11	2.562	3,97,94,60,96,56,88,29,89,32,86,66,34,41,90,38,98,80,36,11,
86	3	12	2.625	3,94,60,96,56,88,89,32,86,66,34,41,90,38,98,80,63,31,39,12,
86	3	13	2.669	3,97,91,43,20,60,96,56,88,29,89,32,86,76,24,19,44,67,61,83,13,
86	3	14	2.449	3,97,94,91,43,52,20,60,96,56,88,29,89,32,86,76,24,19,44,67,61,14,
86	3	15	2.242	3,97,91,43,20,60,96,56,88,29,89,76,24,19,44,61,67,16,15,
86	4	5	2.148	4,53,91,43,52,17,65,57,55,41,90,92,70,30,95,5,
86	4	6	2.12	4,53,91,43,52,17,65,57,55,41,90,92,70,30,77,93,6,
86	4	7	2.235	4,53,91,43,52,17,57,55,41,90,92,81,50,48,23,46,68,7,
86	4	8	2.173	4,53,91,43,52,17,65,57,55,41,90,92,81,50,48,23,35,85,8,
86	4	9	2.31	4,53,91,43,52,17,57,55,41,90,92,81,50,48,23,46,35,85,28,9,
86	4	10	2.352	4,53,91,43,52,17,65,57,75,55,41,90,92,81,50,99,71,47,59,10,
86	4	11	2.616	4,53,91,43,52,17,57,55,41,34,90,92,81,48,50,99,71,59,47,72,11,
86	4	12	2.663	4,53,91,43,52,17,65,57,55,41,90,92,81,48,50,99,71,80,63,31,39,12,
86	4	13	2.656	4,53,91,43,52,20,60,96,88,56,32,89,29,76,24,19,44,67,61,83,13,
86	4	14	2.433	4,53,91,43,52,20,74,60,96,56,88,29,89,32,86,76,24,19,44,61,14,
86	4	15	2.238	4,53,49,52,43,20,60,96,56,88,29,89,76,24,19,44,61,67,22,15,
86	5	6	2.283	5,95,30,70,55,41,90,92,81,50,48,37,18,93,6,
86	5	7	2.141	5,62,65,17,57,55,41,90,92,81,50,48,23,35,27,7,
86	5	8	2.122	5,62,65,17,57,75,55,41,90,92,81,50,48,23,35,85,8,
86	5	9	2.368	5,95,65,17,57,55,41,90,92,81,50,48,23,37,46,35,85,28,9,
86	5	10	2.403	5,95,30,18,37,46,35,23,48,50,81,38,98,99,71,47,59,10,
86	5	11	2.575	5,95,30,18,37,46,35,23,48,50,81,38,98,99,71,59,47,72,11,
86	5	12	2.651	5,95,30,18,37,46,35,23,48,50,81,99,71,59,47,80,63,31,39,12,
86	5	13	2.841	5,95,30,18,37,46,35,23,48,81,92,90,41,34,54,42,69,83,13,
86	5	14	2.625	5,62,49,52,43,20,60,96,56,88,29,89,32,51,86,76,24,19,67,44,61,14,
86	5	15	2.444	5,62,49,52,43,20,60,96,56,88,29,89,76,24,19,44,61,67,16,15,
86	6	7	2.117	6,93,77,30,70,55,41,90,92,81,48,23,46,68,7,
86	6	8	2.077	6,93,77,30,70,55,41,90,38,81,50,48,23,35,85,8,
86	6	9	2.042	6,93,30,70,55,41,90,92,81,50,48,23,35,85,28,9,
86	6	10	2.256	6,93,77,30,70,55,41,90,38,81,48,50,99,71,47,59,10,
86	6	11	2.57	6,93,77,30,18,37,46,35,23,48,81,50,99,71,59,47,80,63,36,11,
86	6	12	2.636	6,93,30,18,37,46,35,23,48,50,81,38,98,99,71,80,63,31,39,12,
86	6	13	2.784	6,93,30,18,37,46,35,23,48,50,81,92,90,41,34,54,42,69,83,13,
86	6	14	2.519	6,93,77,30,70,92,90,41,34,66,86,32,89,76,24,19,67,44,61,14,
86	6	15	2.498	6,93,77,95,65,17,20,60,96,56,88,29,89,76,24,19,67,44,61,22,15,
86	7	8	2.184	7,27,35,46,37,92,90,41,34,38,81,48,23,85,8,
86	7	9	1.985	7,27,35,23,48,50,81,38,98,99,71,47,59,25,45,9,
86	7	10	2.129	7,68,18,37,46,35,23,48,50,81,38,98,99,71,47,59,10,
86	7	11	2.26	7,68,46,35,23,48,50,81,38,98,99,71,59,47,80,36,11,
86	7	12	2.461	7,68,46,35,23,48,50,81,38,98,99,71,59,47,80,36,31,39,12,
86	7	13	2.611	7,68,46,23,48,50,81,99,98,38,90,41,34,54,42,69,83,13,
86	7	14	2.535	7,68,46,35,23,48,50,81,38,90,41,34,54,76,24,19,44,61,14,
86	7	15	2.492	7,27,35,23,48,50,81,92,90,41,34,66,76,24,19,67,44,61,22,15,
86	8	9	1.893	8,85,35,23,48,50,81,38,98,99,71,47,59,25,45,9,
86	8	10	2.068	8,85,23,48,50,81,92,90,41,34,38,99,71,47,59,10,
86	8	11	2.122	8,85,35,46,23,48,50,81,38,98,99,71,80,63,36,11,
86	8	12	2.369	8,85,35,23,48,50,81,92,90,41,34,38,98,80,36,31,39,12,
86	8	13	2.538	8,85,35,23,48,50,81,38,92,90,41,34,66,54,42,69,83,13,
86	8	14	2.287	8,85,35,23,48,50,81,92,90,41,34,54,76,24,19,44,61,14,
86	8	15	2.4	8,85,35,23,48,50,81,92,90,41,34,66,76,24,19,67,44,61,22,15,
86	9	10	1.958	9,28,85,35,46,37,23,48,50,81,38,99,71,47,59,10,
86	9	11	1.993	9,28,85,35,23,48,50,81,38,98,99,71,59,47,72,11,
86	9	12	2.03	9,28,85,35,23,48,81,50,99,71,47,80,63,31,39,12,
86	9	13	2.491	9,28,85,35,46,37,48,50,81,38,90,41,34,54,42,69,83,13,
86	9	14	2.327	9,28,85,23,48,50,81,92,90,41,34,54,76,24,19,67,44,61,14,
86	9	15	2.42	9,28,85,23,48,50,81,92,90,41,34,66,76,24,19,67,44,61,22,15,
86	10	11	2.253	10,59,71,99,50,81,92,90,41,34,38,98,80,36,11,
86	10	12	2.187	10,59,47,71,99,50,48,81,38,98,80,63,36,31,39,12,
86	10	13	2.383	10,59,47,71,99,50,48,81,92,90,41,34,54,42,69,83,13,
86	10	14	2.369	10,59,47,71,99,98,38,90,41,34,54,76,24,19,44,67,61,14,
86	10	15	2.455	10,59,47,71,99,98,38,90,41,34,66,76,24,19,44,61,67,22,15,
86	11	12	2.213	11,72,47,59,71,99,50,48,81,38,98,80,63,31,39,12,
86	11	13	2.494	11,36,63,80,71,99,98,38,90,41,34,54,42,69,83,13,
86	11	14	2.328	11,36,80,98,38,90,41,34,54,76,24,19,67,44,61,14,
86	11	15	2.535	11,36,80,98,38,90,41,34,54,76,24,19,67,44,61,22,16,15,
86	12	13	2.355	12,39,31,63,80,98,38,90,41,34,54,42,69,83,13,
86	12	14	2.389	12,39,31,63,80,98,38,34,54,42,69,78,44,67,61,14,
86	12	15	2.374	12,39,31,79,42,54,66,86,32,89,29,33,73,16,15,
86	13	14	2.346	13,83,69,42,54,66,86,32,89,76,24,19,67,44,61,14,
86	13	15	2.405	13,83,69,42,54,66,86,32,89,76,24,19,44,61,22,15,
86	14	15	2.149	14,61,44,67,19,24,76,89,29,21,26,64,73,16,15,
