42	0	1	1.662	0,89,49,60,41,71,94,53,48,22,16,91,72,54,1,
42	0	2	1.67	0,89,49,41,92,71,53,22,47,29,23,84,65,64,2,
42	0	3	1.61	0,89,49,60,41,92,71,94,53,48,22,47,23,84,3,
42	0	4	2.086	0,89,54,72,91,94,71,92,41,60,76,53,48,22,47,23,84,34,4,
42	0	5	2.003	0,89,49,41,92,71,94,53,48,69,77,78,96,82,80,51,86,5,
42	0	6	2.219	0,89,49,41,92,71,94,53,48,69,78,95,73,39,99,87,46,66,67,6,
42	0	7	2.371	0,89,49,41,92,71,94,53,48,69,77,75,70,33,35,95,73,25,74,27,7,
42	0	8	2.393	0,89,49,41,92,71,94,53,48,69,77,75,70,33,35,52,24,17,28,8,
42	0	9	2.35	0,89,49,41,92,71,94,53,48,69,77,75,70,33,18,85,68,38,9,
42	0	10	2.33	0,89,49,41,92,71,94,53,20,61,36,44,88,50,30,26,45,98,42,10,
42	0	11	2.159	0,89,49,41,92,71,76,20,61,36,44,88,40,50,30,26,45,11,
42	0	12	2.009	0,89,49,41,92,71,94,53,20,56,21,97,62,63,79,31,81,12,
42	0	13	1.776	0,89,49,41,92,71,76,20,56,21,97,62,63,90,37,13,
42	0	14	1.66	0,89,49,41,92,71,76,20,56,21,97,62,63,90,37,14,
42	0	15	1.671	0,54,72,91,94,92,41,71,53,76,60,49,89,59,32,15,
42	1	2	1.703	1,72,92,41,71,53,48,22,47,29,23,84,65,64,2,
42	1	3	1.654	1,72,91,94,71,92,41,60,76,53,22,47,29,23,84,3,
42	1	4	1.749	1,91,72,92,41,71,94,53,48,22,47,29,23,84,34,4,
42	1	5	1.91	1,72,92,41,71,94,53,48,69,78,82,80,51,86,5,
42	1	6	2.203	1,55,91,72,92,41,71,94,53,48,69,77,78,96,82,51,86,6,
42	1	7	2.356	1,72,92,41,71,94,53,48,69,77,75,70,33,35,95,73,25,74,27,7,
42	1	8	2.364	1,91,72,92,41,71,94,53,48,69,77,75,70,33,35,24,17,28,8,
42	1	9	2.46	1,91,72,92,41,71,94,53,48,69,77,75,70,33,35,18,85,68,38,9,
42	1	10	2.446	1,55,91,72,94,71,92,41,60,76,20,61,36,44,88,50,30,26,45,98,42,10,
42	1	11	2.454	1,91,72,92,41,71,94,53,48,69,77,75,70,33,18,50,30,26,45,11,
42	1	12	2.171	1,72,91,94,71,92,41,60,76,20,61,56,21,97,62,63,90,79,31,81,12,
42	1	13	2.009	1,72,91,94,71,92,41,60,76,20,61,56,21,97,62,63,90,37,13,
42	1	14	1.826	1,72,91,94,71,92,41,60,76,20,56,21,97,62,63,90,37,57,14,
42	1	15	1.718	1,54,72,91,94,92,41,71,53,76,60,49,89,59,32,15,
42	2	3	1.768	2,93,55,91,72,92,41,71,94,53,48,22,47,23,84,3,
42	2	4	1.89	2,55,91,72,92,41,71,94,53,22,47,29,23,84,34,4,
42	2	5	2.035	2,64,84,23,29,47,69,77,78,96,82,80,51,86,5,
42	2	6	2.289	2,55,91,72,92,41,71,94,53,48,69,78,96,82,80,51,86,6,
42	2	7	2.248	2,64,65,84,23,29,34,58,82,86,51,80,67,66,46,99,87,27,7,
42	2	8	2.461	2,64,65,84,23,29,96,78,43,70,33,35,18,85,68,17,28,8,
42	2	9	2.503	2,64,65,84,23,29,47,69,77,75,70,33,35,18,85,68,38,9,
42	2	10	2.513	2,93,55,91,72,94,71,92,41,76,20,61,36,44,88,50,30,26,45,98,42,10,
42	2	11	2.448	2,93,55,91,72,94,71,92,41,60,76,20,61,36,44,88,50,30,26,45,11,
42	2	12	2.342	2,93,55,91,72,94,71,92,41,76,20,61,56,21,97,62,63,90,79,31,81,12,
42	2	13	2.236	2,55,91,72,94,71,92,41,60,76,53,20,56,21,97,62,63,90,37,13,
42	2	14	1.997	2,93,55,91,72,94,71,92,41,76,20,56,21,97,62,63,90,37,57,14,
42	2	15	1.963	2,64,65,84,23,29,47,22,48,53,94,71,92,41,49,59,32,15,
42	3	4	2.105	3,65,64,84,23,29,47,22,69,77,78,96,82,58,4,
42	3	5	2.004	3,65,84,23,29,47,69,77,78,96,82,80,51,86,5,
42	3	6	2.11	3,65,84,23,29,47,69,77,78,96,82,80,51,86,6,
42	3	7	2.036	3,19,84,23,29,34,58,86,51,80,67,66,46,99,87,27,7,
42	3	8	2.467	3,65,64,84,23,29,47,69,77,78,43,70,33,35,24,17,28,8,
42	3	9	2.517	3,65,64,84,23,29,47,69,77,78,43,70,33,35,52,24,17,9,
42	3	10	2.614	3,65,64,84,23,29,47,69,77,78,43,70,33,35,18,85,68,38,98,42,10,
42	3	11	2.614	3,65,64,84,23,47,69,77,78,43,70,33,35,18,50,30,26,45,11,
42	3	12	2.471	3,84,23,29,47,22,48,53,94,71,92,41,60,21,97,62,63,90,79,31,81,12,
42	3	13	2.357	3,84,23,29,47,22,48,53,94,71,92,41,60,56,21,97,62,63,90,37,13,
42	3	14	2.229	3,84,23,29,47,22,16,94,71,92,41,60,56,21,97,62,63,90,37,57,14,
42	3	15	2.015	3,65,64,84,23,29,47,22,48,53,94,71,92,41,49,89,59,32,15,
42	4	5	2.175	4,19,34,84,23,29,47,69,77,78,96,82,51,86,5,
42	4	6	2.177	4,58,82,95,43,70,33,35,24,52,25,74,87,46,66,6,
42	4	7	2.144	4,19,84,23,29,34,58,86,51,80,67,66,46,99,87,27,7,
42	4	8	2.169	4,58,86,51,80,67,66,46,87,99,74,25,52,24,17,28,8,
42	4	9	2.453	4,58,82,86,51,80,67,66,46,87,99,74,25,39,73,52,24,17,9,
42	4	10	2.633	4,5,86,51,67,66,46,87,99,74,25,73,95,35,33,18,85,68,38,98,42,10,
42	4	11	2.682	4,5,86,51,80,67,66,46,87,99,74,25,52,35,70,33,18,50,30,26,45,11,
42	4	12	2.548	4,34,84,23,29,47,22,53,71,92,41,60,21,97,62,63,79,31,81,12,
42	4	13	2.421	4,34,84,23,47,22,53,94,71,92,41,60,21,97,62,63,90,37,13,
42	4	14	2.282	4,34,84,23,29,47,22,48,53,20,56,21,97,62,63,90,37,57,14,
42	4	15	2.141	4,19,84,23,29,47,22,48,53,94,71,92,41,60,49,89,59,32,15,
42	5	6	2.006	5,86,51,80,39,73,95,35,24,52,25,74,87,46,66,6,
42	5	7	1.89	5,86,51,80,67,66,46,87,99,39,73,95,52,25,74,27,7,
42	5	8	1.811	5,86,51,80,67,66,46,99,74,25,73,52,24,17,28,8,
42	5	9	2.2	5,86,51,80,67,66,46,87,99,39,73,95,43,70,33,18,85,68,38,9,
42	5	10	2.268	5,86,51,80,67,66,46,87,99,39,73,95,43,70,33,35,85,68,38,98,42,10,
42	5	11	2.301	5,86,51,67,66,46,87,99,74,25,73,95,43,70,33,18,50,30,26,45,11,
42	5	12	2.539	5,86,51,67,66,46,87,99,74,25,73,95,35,33,18,50,30,26,45,81,12,
42	5	13	2.501	5,86,51,80,82,96,78,77,75,61,20,56,21,97,62,63,90,37,13,
42	5	14	2.365	5,86,51,82,78,77,75,61,20,56,21,97,62,63,90,37,57,14,
42	5	15	2.226	5,86,51,82,96,78,69,48,53,94,71,41,92,49,89,59,32,15,
42	6	7	1.807	6,67,66,46,99,39,95,43,70,33,35,52,25,74,27,7,
42	6	8	1.83	6,67,66,46,87,99,74,25,73,95,35,52,24,17,28,8,
42	6	9	1.873	6,67,66,46,87,99,39,73,95,43,70,33,18,85,68,38,9,
42	6	10	1.912	6,67,66,46,87,99,74,25,52,24,85,18,50,30,26,98,42,10,
42	6	11	2.254	6,67,66,46,87,99,74,25,39,73,95,43,70,33,35,18,40,50,30,26,45,11,
42	6	12	2.434	6,67,66,46,99,74,25,39,73,95,43,70,33,35,18,50,30,26,45,81,12,
42	6	13	2.411	6,67,66,46,87,99,74,25,73,95,35,33,70,40,88,44,62,63,90,37,13,
42	6	14	2.387	6,67,66,46,87,99,74,25,73,95,43,35,33,70,88,44,62,63,90,37,57,14,
42	6	15	2.44	6,67,66,46,87,99,74,25,73,95,35,33,70,88,44,62,63,90,37,83,32,15,
42	7	8	1.821	7,27,74,25,73,95,43,70,33,35,52,24,17,28,8,
42	7	9	1.896	7,27,87,99,74,25,73,95,43,70,33,35,85,68,38,9,
42	7	10	1.846	7,27,74,25,73,95,43,70,33,35,85,68,38,98,42,10,
42	7	11	1.887	7,27,74,25,73,95,43,35,33,18,50,30,26,45,11,
42	7	12	2.261	7,27,87,99,74,25,73,95,43,35,33,18,50,30,26,45,81,12,
42	7	13	2.471	7,27,87,99,74,25,39,73,95,43,35,33,70,88,44,62,63,90,37,13,
42	7	14	2.441	7,27,87,99,74,25,73,95,43,70,33,35,18,40,88,44,62,63,90,37,57,14,
42	7	15	2.495	7,27,74,25,73,95,43,78,77,69,48,53,94,71,92,41,49,89,59,32,15,
42	8	9	2.096	8,28,17,24,52,73,95,43,35,70,33,18,85,68,38,9,
42	8	10	2.008	8,28,17,24,52,35,70,33,18,50,30,26,45,98,42,10,
42	8	11	2.025	8,28,17,24,52,95,43,70,33,18,50,30,26,45,11,
42	8	12	2.377	8,28,17,24,52,95,43,70,33,35,18,50,30,26,45,81,12,
42	8	13	2.454	8,28,17,24,52,73,95,35,33,70,88,44,62,63,90,37,13,
42	8	14	2.496	8,28,17,24,52,73,95,43,35,33,70,40,88,44,62,63,90,37,57,14,
42	8	15	2.528	8,28,17,24,35,33,70,43,78,69,48,53,94,71,92,41,49,59,15,
42	9	10	2.07	9,17,24,52,73,95,43,70,33,35,85,68,38,98,42,10,
42	9	11	2.094	9,17,24,52,95,43,70,33,35,18,50,30,26,45,11,
42	9	12	2.325	9,28,17,24,52,35,70,33,18,40,50,30,26,45,81,12,
42	9	13	2.476	9,28,17,24,52,35,33,70,40,88,44,62,63,90,79,31,13,
42	9	14	2.515	9,28,17,24,52,95,43,35,33,70,40,88,44,62,63,90,37,57,14,
42	9	15	2.539	9,17,24,52,35,33,70,75,77,69,48,53,94,71,92,41,49,59,15,
42	10	11	2.063	10,42,98,38,68,85,35,43,70,33,18,50,30,26,45,11,
42	10	12	2.134	10,42,98,45,26,30,50,88,44,62,63,90,79,31,81,12,
42	10	13	2.276	10,42,98,45,26,30,50,40,88,44,62,63,90,37,79,31,13,
42	10	14	2.083	10,42,98,45,26,30,50,40,88,44,62,97,63,90,37,57,14,
42	10	15	2.47	10,42,45,26,30,50,88,44,36,61,20,76,71,92,41,49,89,59,32,15,
42	11	12	2.194	11,45,26,30,50,40,88,44,62,63,90,37,79,31,81,12,
42	11	13	2.368	11,45,26,30,50,40,88,44,36,21,97,62,63,90,79,31,13,
42	11	14	2.184	11,45,26,30,50,40,88,44,36,21,97,62,63,90,37,57,14,
42	11	15	2.376	11,45,26,30,50,40,88,44,36,61,20,76,71,92,41,49,59,32,15,
42	12	13	2.635	12,11,45,26,30,50,40,88,44,36,21,97,62,63,90,37,13,
42	12	14	2.249	12,81,45,26,30,50,40,88,44,62,63,90,97,37,57,14,
42	12	15	2.165	12,81,31,79,90,63,62,97,21,56,20,76,71,92,41,49,89,59,15,
42	13	14	2.209	13,37,90,63,62,97,21,60,41,71,92,49,59,32,57,14,
42	13	15	1.979	13,37,90,63,62,97,21,56,60,41,71,92,49,89,59,15,
42	14	15	1.859	14,57,37,90,63,62,97,21,60,41,71,92,49,59,32,15,
