505	0	1	2.193	0,16,96,65,98,25,64,91,54,84,93,90,57,31,1,
505	0	2	2.093	0,16,96,65,98,25,41,64,91,54,84,93,90,33,17,2,
505	0	3	2.445	0,19,31,17,33,90,93,84,54,89,56,32,21,74,26,66,3,
505	0	4	2.383	0,19,31,57,90,93,84,54,89,74,21,56,32,83,72,73,59,4,
505	0	5	2.277	0,19,31,17,33,90,93,84,54,89,56,21,32,83,72,73,59,46,5,
505	0	6	2.636	0,19,31,17,33,90,93,84,54,89,74,21,56,32,83,72,73,59,46,24,6,
505	0	7	2.562	0,19,57,33,90,93,84,54,89,74,21,56,32,83,60,29,82,51,7,
505	0	8	2.677	0,19,57,90,93,84,54,91,64,49,61,67,71,87,27,75,76,86,8,
505	0	9	2.684	0,19,57,93,84,54,91,64,49,61,67,71,87,27,63,43,78,22,9,
505	0	10	2.703	0,19,57,47,91,64,49,61,67,71,87,27,75,76,22,78,69,94,35,10,
505	0	11	2.756	0,19,57,47,91,64,49,61,67,71,87,27,63,36,92,42,34,11,
505	0	12	2.638	0,19,57,93,84,54,91,64,41,98,96,65,52,30,62,38,12,
505	0	13	2.382	0,19,57,93,84,54,91,64,41,98,65,96,37,23,13,
505	0	14	2.386	0,19,57,33,90,93,84,54,91,64,41,98,65,96,14,
505	0	15	2.325	0,19,57,90,93,84,54,91,64,41,98,65,96,16,15,
505	1	2	2.217	1,31,19,25,41,64,91,54,84,93,90,57,33,17,2,
505	1	3	2.07	1,31,19,57,93,84,54,89,56,32,21,74,26,66,3,
505	1	4	1.99	1,31,33,90,93,84,54,89,74,21,56,32,83,72,73,59,4,
505	1	5	2.007	1,31,17,33,90,93,84,54,89,74,21,56,32,83,72,73,59,46,5,
505	1	6	2.261	1,31,19,57,93,84,54,89,74,21,56,32,83,72,73,59,46,24,6,
505	1	7	2.457	1,31,57,93,84,54,89,74,21,56,32,83,72,73,24,60,29,82,51,7,
505	1	8	2.606	1,31,57,93,84,54,91,64,49,61,67,71,87,27,63,43,78,22,44,86,8,
505	1	9	2.649	1,31,19,57,93,84,54,91,64,49,61,67,71,87,27,63,43,78,22,9,
505	1	10	2.514	1,31,57,47,91,64,49,61,67,71,87,27,63,43,22,78,69,94,35,10,
505	1	11	2.562	1,31,57,47,91,64,49,61,67,71,87,27,68,36,92,42,34,11,
505	1	12	2.418	1,31,19,57,47,25,98,65,96,37,40,52,99,55,95,30,62,38,12,
505	1	13	2.401	1,31,57,93,84,54,91,64,41,98,96,65,52,40,37,23,18,13,
505	1	14	2.159	1,31,19,57,47,91,64,41,98,65,96,40,37,23,18,14,
505	1	15	2.175	1,31,19,57,90,93,84,54,91,64,41,98,65,96,15,
505	2	3	1.815	2,17,33,90,93,84,54,89,56,32,21,74,26,66,3,
505	2	4	1.777	2,17,33,90,93,84,54,89,74,21,56,32,83,73,72,4,
505	2	5	1.538	2,17,33,90,93,84,54,89,56,21,32,83,72,73,59,5,
505	2	6	1.855	2,17,33,90,93,84,54,89,56,21,32,83,72,73,59,46,6,
505	2	7	2.342	2,17,33,90,93,84,54,89,74,21,56,32,83,72,73,24,60,29,82,51,7,
505	2	8	2.428	2,17,33,90,93,84,54,91,64,49,61,67,71,87,27,63,43,78,22,44,8,
505	2	9	2.528	2,17,33,90,93,84,54,91,64,20,49,61,67,71,87,27,63,43,78,22,9,
505	2	10	2.565	2,17,33,90,93,84,54,91,64,49,61,67,71,87,27,68,36,81,94,35,10,
505	2	11	2.594	2,17,33,90,93,84,54,91,64,49,61,67,71,87,68,36,92,42,34,11,
505	2	12	2.43	2,17,33,90,93,84,54,91,64,41,98,65,96,40,37,30,95,62,38,12,
505	2	13	2.483	2,17,33,90,93,84,54,91,64,25,98,65,96,40,52,99,55,95,30,13,
505	2	14	2.295	2,17,33,90,93,84,54,91,64,41,98,96,65,52,40,37,23,18,14,
505	2	15	2.166	2,17,33,57,90,93,84,54,91,64,41,98,65,96,15,
505	3	4	2.017	3,66,26,84,54,89,74,21,56,32,83,72,73,46,59,4,
505	3	5	1.689	3,66,26,84,54,89,74,21,56,32,83,72,73,59,46,5,
505	3	6	1.985	3,66,26,84,54,89,74,21,56,32,83,72,73,59,46,24,6,
505	3	7	2.37	3,66,26,84,54,89,56,21,32,83,72,73,59,46,24,60,29,82,51,7,
505	3	8	2.421	3,66,26,74,21,56,32,50,70,77,71,67,87,27,63,43,78,22,44,8,
505	3	9	2.462	3,66,26,84,54,91,64,49,61,67,71,87,27,75,76,22,78,69,9,
505	3	10	2.603	3,66,26,74,21,56,32,83,50,70,77,71,87,27,75,76,22,78,69,94,35,10,
505	3	11	2.634	3,66,26,74,21,56,32,50,70,77,71,87,27,63,68,36,92,42,34,11,
505	3	12	2.647	3,66,26,84,54,91,64,41,98,65,96,37,40,52,99,55,95,30,62,38,12,
505	3	13	2.689	3,66,26,84,54,91,64,25,98,96,65,52,99,55,95,30,37,23,18,13,
505	3	14	2.581	3,66,26,84,54,91,64,41,98,96,65,52,99,55,95,30,23,18,14,
505	3	15	2.565	3,66,26,74,21,32,56,89,54,84,91,64,41,98,65,96,16,15,
505	4	5	2.073	4,66,26,93,84,54,89,74,21,56,32,83,24,46,5,
505	4	6	2.116	4,66,26,84,54,89,74,21,56,32,83,72,73,59,46,24,6,
505	4	7	2.082	4,66,26,74,21,32,83,72,73,59,46,24,60,29,82,51,7,
505	4	8	2.259	4,74,21,56,32,50,97,61,67,71,87,27,63,43,78,22,44,86,8,
505	4	9	2.415	4,59,73,72,83,32,21,74,56,50,70,77,71,87,27,75,76,22,78,69,9,
505	4	10	2.521	4,74,21,56,32,83,50,97,61,67,71,87,27,75,76,22,78,69,94,35,10,
505	4	11	2.693	4,74,21,56,32,83,50,70,77,71,87,27,75,76,22,78,69,94,35,45,11,
505	4	12	2.643	4,74,21,56,32,83,50,70,77,71,87,27,63,68,36,92,88,48,85,38,12,
505	4	13	2.752	4,72,73,83,32,56,21,74,89,54,84,91,64,41,98,65,96,40,37,23,18,13,
505	4	14	2.679	4,74,21,32,56,89,54,84,91,64,41,98,96,65,52,40,37,23,18,14,
505	4	15	2.591	4,59,73,72,83,32,56,21,74,89,54,84,91,64,41,98,65,96,16,15,
505	5	6	1.972	5,59,73,72,83,32,21,74,56,50,70,77,53,39,82,51,6,
505	5	7	1.799	5,59,73,72,83,32,21,74,56,50,70,77,53,39,82,51,7,
505	5	8	1.864	5,59,73,72,83,32,56,50,70,77,71,87,27,75,76,86,8,
505	5	9	2.195	5,46,59,73,72,83,32,21,74,56,50,70,77,71,87,27,63,43,78,22,9,
505	5	10	2.376	5,59,73,72,83,32,21,74,56,50,70,77,71,87,27,75,76,22,78,69,94,35,10,
505	5	11	2.45	5,46,59,73,72,83,32,21,56,50,70,77,71,87,27,63,36,92,42,34,11,
505	5	12	2.487	5,46,59,73,72,83,32,21,56,50,70,77,71,87,68,36,92,88,48,85,38,12,
505	5	13	2.513	5,59,73,72,83,32,21,56,89,54,84,91,64,41,98,65,96,40,37,23,18,13,
505	5	14	2.493	5,59,73,72,32,21,56,89,54,84,91,64,41,98,65,96,40,37,23,18,14,
505	5	15	2.345	5,46,59,73,72,83,32,56,21,74,89,54,84,91,64,41,98,65,96,15,
505	6	7	2.018	6,24,46,59,73,72,83,32,21,74,56,50,60,29,82,51,7,
505	6	8	1.931	6,51,82,39,53,77,71,87,27,63,43,78,22,44,86,8,
505	6	9	2.141	6,51,82,39,53,77,70,61,67,71,87,27,63,43,78,9,
505	6	10	2.437	6,24,83,32,21,56,50,70,77,71,87,27,75,76,22,78,69,94,35,10,
505	6	11	2.406	6,51,82,39,79,75,76,22,78,43,63,27,87,68,36,92,42,34,11,
505	6	12	2.519	6,82,51,79,75,76,22,78,43,63,27,87,68,36,92,88,48,85,38,12,
505	6	13	2.659	6,51,82,39,53,77,71,87,68,36,92,80,55,99,52,40,37,23,18,13,
505	6	14	2.701	6,24,46,59,73,72,83,32,56,21,74,89,54,84,91,64,41,98,65,96,14,
505	6	15	2.529	6,24,73,72,83,32,56,21,74,89,54,84,91,64,41,98,65,96,15,
505	7	8	1.812	7,51,82,39,53,77,70,71,87,27,63,43,78,22,44,8,
505	7	9	1.996	7,51,82,39,53,77,70,71,87,27,75,76,22,78,43,69,9,
505	7	10	1.937	7,51,82,39,53,77,71,87,27,63,43,22,78,69,94,35,10,
505	7	11	2.233	7,51,82,39,79,75,76,22,78,43,63,27,87,68,36,92,42,34,11,
505	7	12	2.403	7,51,82,39,79,75,76,22,78,43,63,27,68,36,92,42,88,48,85,38,12,
505	7	13	2.465	7,51,82,39,79,76,75,27,68,36,92,80,55,99,52,40,37,23,18,13,
505	7	14	2.638	7,51,82,39,53,77,71,87,27,63,36,92,80,55,99,52,40,37,23,18,14,
505	7	15	2.738	7,51,82,29,60,83,32,56,21,74,89,54,84,91,64,25,98,65,96,15,
505	8	9	1.856	8,86,76,75,27,87,71,67,58,68,36,63,43,22,78,69,9,
505	8	10	1.8	8,44,22,78,43,63,27,87,68,36,92,81,94,35,45,10,
505	8	11	2.259	8,86,44,22,78,43,63,27,87,71,67,58,68,36,81,94,35,45,11,
505	8	12	2.262	8,86,44,22,78,43,63,27,87,71,67,58,68,36,92,88,48,85,38,12,
505	8	13	2.293	8,44,22,78,43,63,27,87,68,36,92,80,55,99,52,40,37,23,18,13,
505	8	14	2.515	8,86,44,22,78,43,63,27,87,71,67,61,49,20,28,99,52,40,37,23,18,14,
505	8	15	2.833	8,86,44,22,78,43,63,36,68,27,87,71,67,61,49,20,28,65,98,96,15,
505	9	10	1.852	9,78,22,76,75,27,87,71,67,58,68,36,81,94,35,10,
505	9	11	1.985	9,22,78,43,63,27,87,71,67,58,68,36,92,42,34,11,
505	9	12	1.959	9,69,78,22,76,75,27,63,68,36,92,42,88,48,85,38,12,
505	9	13	2.279	9,78,22,76,75,27,87,68,36,92,80,55,99,52,40,37,23,18,13,
505	9	14	2.418	9,22,78,43,63,27,87,71,67,61,49,20,28,99,52,40,37,23,18,14,
505	9	15	2.695	9,35,94,69,78,22,76,75,27,87,71,67,61,49,20,41,98,65,96,15,
505	10	11	1.982	10,35,94,69,78,22,76,75,27,63,68,36,92,88,42,34,11,
505	10	12	1.998	10,35,94,69,78,22,76,75,27,68,36,92,88,48,85,38,12,
505	10	13	2.03	10,45,34,42,88,48,62,30,95,55,99,52,40,37,23,18,13,
505	10	14	2.438	10,35,94,69,78,22,43,63,27,68,36,92,80,55,99,52,40,37,23,18,14,
505	10	15	2.737	10,35,94,69,78,22,43,63,27,87,71,67,61,49,20,41,98,65,96,16,15,
505	11	12	2.11	11,34,42,88,80,28,99,52,40,37,23,30,95,62,38,12,
505	11	13	2.39	11,34,42,88,92,36,68,87,71,67,58,80,55,95,30,13,
505	11	14	2.39	11,34,42,88,48,62,95,30,99,55,28,52,40,37,23,18,14,
505	11	15	2.474	11,85,38,62,95,30,23,37,40,52,99,55,28,65,96,15,
505	12	13	2.206	12,38,62,30,95,55,99,52,28,65,96,40,37,23,18,13,
505	12	14	2.215	12,38,62,30,95,55,99,52,28,65,96,40,37,23,18,14,
505	12	15	2.212	12,38,85,62,95,30,37,40,52,99,55,28,65,98,96,15,
505	13	14	2.536	13,18,23,30,95,62,38,85,48,88,80,55,99,52,40,37,14,
505	13	15	2.561	13,18,23,37,40,52,99,30,95,48,88,80,28,65,96,15,
505	14	15	2.459	14,18,23,37,40,52,99,30,95,55,80,28,65,98,96,15,
