324	0	2	1.874	0,73,92,88,57,63,31,46,96,17,62,80,84,29,2,
324	0	3	1.955	0,73,92,57,63,46,17,62,53,83,30,85,94,55,3,
324	0	1	1.723	0,92,57,63,46,96,17,62,80,84,29,91,54,48,1,
324	0	7	2.491	0,73,92,88,57,63,46,17,96,16,95,75,24,97,38,44,82,93,7,
324	0	4	1.925	0,73,92,88,91,29,84,80,53,83,30,85,94,55,40,4,
324	0	10	2.491	0,73,92,57,63,46,31,98,64,99,58,45,39,61,32,60,41,89,47,69,10,
324	0	9	2.567	0,73,92,57,63,46,96,16,95,20,36,22,44,38,97,72,43,51,77,9,
324	0	6	2.466	0,73,92,57,63,46,17,96,16,95,20,23,42,49,76,34,33,79,6,
324	0	8	2.563	0,73,92,57,63,46,17,96,16,95,20,36,22,44,38,97,43,72,56,8,
324	0	11	2.24	0,73,92,57,63,46,31,98,99,58,45,39,61,32,60,65,21,47,69,11,
324	0	5	2.37	0,73,92,57,63,46,96,16,95,20,23,42,76,34,33,79,26,5,
324	0	15	1.767	0,37,73,57,92,88,63,17,96,46,31,98,99,64,15,
324	1	4	1.916	1,48,54,91,29,84,80,53,30,83,49,85,94,55,40,4,
324	0	14	1.477	0,73,57,92,88,63,17,96,46,31,98,64,99,58,14,
324	1	3	2.033	1,48,54,91,29,84,80,53,30,83,49,85,94,55,74,3,
324	1	2	1.973	1,48,54,88,92,57,63,46,96,17,62,80,84,29,2,
324	0	13	1.72	0,73,92,88,57,63,46,31,98,64,99,58,45,39,61,32,27,13,
324	1	5	2.318	1,48,54,91,29,84,80,53,83,30,85,94,49,76,34,33,79,26,5,
324	0	12	1.884	0,92,88,57,63,46,31,98,64,99,58,45,39,61,32,60,65,12,
324	1	7	2.461	1,48,54,91,29,84,80,53,83,49,42,59,22,44,38,97,43,72,56,93,7,
324	1	8	2.532	1,48,54,91,29,84,80,53,83,30,85,49,42,59,22,44,38,97,72,43,8,
324	1	6	2.525	1,48,54,91,29,84,80,53,83,30,85,94,55,40,70,76,34,33,79,6,
324	1	15	1.743	1,48,54,88,92,57,63,17,96,46,31,98,99,64,15,
324	2	4	2.092	2,29,91,80,84,53,23,42,49,83,30,85,94,55,40,4,
324	2	5	2.049	2,74,55,94,85,30,83,49,76,34,33,79,26,81,5,
324	1	14	1.932	1,48,54,29,84,80,91,88,92,57,63,46,31,98,64,99,58,14,
324	2	3	2.209	2,29,91,80,84,53,23,42,49,83,30,85,94,55,74,3,
324	1	12	2.105	1,48,54,88,92,57,63,46,31,98,64,99,58,45,39,61,32,60,65,12,
324	2	6	2.496	2,74,55,94,85,30,83,49,42,23,20,36,59,76,34,33,79,6,
324	1	9	2.52	1,48,54,91,29,84,80,53,83,49,42,59,22,44,38,97,72,43,51,77,9,
324	1	10	2.569	1,48,54,88,92,57,63,46,17,96,25,28,87,52,67,47,69,10,
324	1	13	1.982	1,48,54,88,92,57,63,17,46,31,98,64,99,58,45,39,61,27,13,
324	1	11	2.308	1,48,54,88,57,63,46,31,98,99,58,45,39,61,32,60,65,21,11,
324	2	15	1.91	2,29,91,80,62,17,96,46,63,57,88,92,73,37,15,
324	3	4	2.068	3,74,55,94,85,30,83,49,42,59,34,76,70,40,4,
324	3	5	1.943	3,74,55,94,85,30,83,49,76,34,33,79,26,81,5,
324	2	14	2.128	2,29,84,80,91,88,92,57,63,17,96,46,31,98,64,99,58,14,
324	2	12	2.34	2,29,91,88,92,57,63,46,31,98,99,58,45,39,61,32,60,12,
324	2	9	2.586	2,74,55,94,85,30,83,49,42,59,22,35,44,38,97,72,43,51,77,9,
324	2	7	2.493	2,74,55,94,85,30,83,49,42,59,22,44,38,97,43,72,56,93,71,7,
324	2	8	2.696	2,74,55,94,85,30,83,49,42,23,20,36,59,22,44,38,97,43,72,56,8,
324	2	10	2.789	2,74,55,94,85,30,83,49,42,23,20,36,95,75,18,87,52,67,10,
324	2	13	2.19	2,29,91,88,92,57,63,17,96,46,31,98,64,99,58,45,39,13,
324	2	11	2.589	2,74,55,94,85,30,83,49,42,23,20,95,75,18,87,67,47,69,11,
324	4	5	1.915	4,50,40,55,94,85,30,83,49,42,76,34,33,79,26,5,
324	3	6	2.245	3,55,94,85,30,83,49,42,23,20,36,59,76,34,33,79,6,
324	3	12	2.506	3,55,94,85,30,83,49,42,59,23,20,95,75,18,28,25,19,60,65,12,
324	3	14	2.367	3,55,94,85,30,53,84,29,91,88,92,57,63,46,31,98,64,99,58,14,
324	3	7	2.249	3,74,55,94,85,30,83,49,42,59,22,44,38,97,43,72,56,93,7,
324	3	15	2.32	3,55,94,85,30,83,23,20,95,16,96,17,46,63,57,92,73,37,15,
324	3	9	2.51	3,74,55,94,85,30,83,49,42,59,22,35,82,44,38,97,72,43,51,77,9,
324	3	8	2.445	3,55,94,85,30,83,49,42,23,20,36,59,22,44,38,97,43,72,56,8,
324	3	10	2.728	3,55,94,85,30,83,49,42,23,20,36,95,75,18,87,52,67,47,69,10,
324	3	13	2.424	3,74,84,80,91,88,92,57,63,46,31,98,64,99,58,45,39,27,13,
324	3	11	2.545	3,55,94,85,30,83,49,42,59,23,20,95,75,18,87,52,67,47,69,11,
324	5	6	2.015	5,26,79,33,68,35,82,44,38,97,43,72,56,93,71,90,6,
324	4	7	2.045	4,40,55,94,85,30,83,49,42,59,22,44,38,97,82,93,7,
324	4	6	2.015	4,40,55,94,85,30,83,49,42,59,76,34,33,79,26,6,
324	4	8	2.097	4,40,55,85,30,83,49,42,59,22,44,38,97,43,72,56,8,
324	4	12	2.586	4,40,55,94,85,30,83,49,42,23,20,36,95,75,18,28,25,19,60,41,65,12,
324	4	9	2.393	4,40,55,94,85,30,83,49,42,59,22,35,82,44,38,97,72,43,51,77,9,
324	4	15	2.342	4,40,55,94,85,30,83,53,62,17,96,46,31,63,57,88,92,73,37,15,
324	4	10	2.447	4,40,55,94,85,30,83,49,42,59,22,44,38,97,72,43,51,77,10,
324	4	14	2.395	4,40,55,94,85,30,53,84,29,91,88,92,57,63,46,31,98,64,99,58,14,
324	4	11	2.428	4,40,55,94,85,83,49,42,23,20,95,75,18,87,52,67,47,69,11,
324	4	13	2.485	4,40,55,94,85,30,83,53,84,80,62,17,46,31,98,64,99,58,45,39,13,
324	5	7	2.112	5,26,79,33,68,35,82,44,38,97,24,43,72,56,93,71,7,
324	5	8	2.013	5,81,70,76,34,33,79,68,35,82,44,38,97,72,43,8,
324	6	7	2.174	6,26,79,33,68,35,82,44,38,97,24,43,72,56,93,71,7,
324	6	8	2.21	6,26,79,33,34,76,49,42,59,22,44,38,97,72,43,8,
324	5	9	2.506	5,81,50,40,55,94,85,30,83,49,42,59,22,44,38,97,72,43,51,77,9,
324	5	12	2.784	5,81,50,40,55,94,85,30,83,49,42,23,20,36,95,75,18,28,25,19,41,65,12,
324	5	15	2.526	5,26,79,33,34,76,49,42,23,20,95,16,96,46,63,57,92,73,37,15,
324	5	14	2.582	5,26,79,33,34,76,49,42,23,20,95,16,96,17,46,31,98,64,99,58,14,
324	5	10	2.762	5,81,50,40,55,94,85,30,83,49,42,59,22,44,38,97,72,43,51,77,10,
324	5	11	2.597	5,81,70,76,34,33,79,68,35,82,44,38,97,24,78,66,52,67,47,69,11,
324	5	13	2.638	5,81,50,40,55,94,85,30,83,49,42,23,20,95,75,18,28,25,19,32,27,13,
324	6	9	2.346	6,26,33,34,76,49,42,59,22,44,38,97,43,51,77,9,
324	7	9	2.361	7,71,93,56,72,43,97,38,44,82,35,22,24,66,78,77,9,
324	7	8	2.381	7,93,71,90,35,82,38,44,97,24,66,78,51,43,72,56,8,
324	6	10	2.31	6,79,33,68,35,82,44,38,97,24,78,66,52,67,47,69,10,
324	7	10	2.296	7,93,56,43,72,82,44,38,97,24,78,66,52,67,47,69,10,
324	6	14	2.433	6,79,33,34,76,49,42,23,20,95,16,96,46,31,98,99,58,14,
324	6	12	2.705	6,79,33,34,76,94,85,49,42,23,20,95,75,18,28,25,19,41,65,12,
324	7	11	2.071	7,93,56,43,72,82,44,38,97,24,78,66,52,67,47,69,11,
324	6	11	2.467	6,26,79,33,68,35,82,44,38,97,72,43,51,78,66,52,67,47,69,11,
324	6	13	2.594	6,79,33,34,76,49,83,53,62,17,46,31,98,64,99,58,45,39,13,
324	6	15	2.619	6,79,33,34,76,59,36,20,95,16,96,17,46,63,57,88,92,73,37,15,
324	8	9	2.526	8,56,93,71,90,79,33,34,68,35,82,72,43,51,77,9,
324	8	12	2.399	8,43,72,82,35,44,38,97,24,78,66,52,87,89,41,60,65,12,
324	8	10	2.477	8,43,72,82,35,44,38,97,24,78,66,52,87,67,47,69,10,
324	8	14	2.497	8,43,72,97,38,44,22,59,36,20,95,16,96,46,31,98,99,58,14,
324	7	14	2.476	7,93,82,44,38,97,24,75,95,16,96,17,46,31,98,64,99,58,14,
324	8	11	2.253	8,56,43,72,82,44,38,97,24,78,66,52,87,67,47,69,11,
324	8	15	2.475	8,43,72,97,38,44,22,36,20,95,16,96,46,63,57,92,73,37,15,
324	7	12	2.777	7,93,56,72,43,97,38,44,22,59,23,20,36,95,75,18,28,25,19,41,65,12,
324	7	15	2.496	7,93,82,44,38,97,24,75,95,16,96,17,46,63,57,92,73,37,15,
324	7	13	2.599	7,93,56,43,72,82,35,44,38,97,24,78,66,52,87,89,41,60,32,27,13,
324	8	13	2.717	8,43,72,97,38,44,22,59,23,20,36,95,75,18,28,25,19,61,32,27,13,
324	10	12	2.417	10,69,47,67,52,87,18,28,25,19,61,32,27,60,41,65,12,
324	9	12	2.3	9,77,51,43,72,82,44,38,97,24,78,66,52,87,89,65,12,
324	9	10	2.325	9,77,51,43,72,82,44,38,97,24,78,66,52,67,69,10,
324	9	11	2.1	9,77,51,43,72,82,44,38,97,24,78,66,52,67,69,11,
324	10	11	2.356	10,77,51,43,72,82,44,38,97,24,78,66,52,67,69,11,
324	10	15	2.441	10,69,47,67,87,28,25,96,46,17,63,57,88,92,73,37,15,
324	9	14	2.552	9,77,51,43,72,97,38,44,22,36,95,16,96,46,31,98,99,58,14,
324	10	14	2.669	10,67,52,87,18,28,25,96,17,63,88,92,57,31,98,64,99,58,14,
324	9	15	2.536	9,77,51,24,75,95,16,96,17,46,31,63,57,88,92,73,37,15,
324	10	13	2.567	10,67,52,87,28,25,96,17,46,31,98,64,99,58,45,39,27,13,
324	9	13	2.484	9,77,51,43,72,82,44,38,97,24,78,66,52,87,89,41,60,27,13,
324	13	14	1.92	13,27,32,61,39,45,58,86,96,17,46,31,98,64,99,14,
324	14	15	1.496	14,58,99,98,31,46,96,17,63,57,88,92,73,37,15,
324	13	15	1.595	13,39,45,58,99,64,98,31,46,63,57,88,92,73,37,15,
324	11	12	2.192	11,69,47,67,52,87,18,28,25,19,61,32,27,60,41,65,12,
324	12	14	2.217	12,21,65,41,19,25,96,17,46,63,57,31,98,64,99,58,14,
324	12	15	1.864	12,60,32,61,39,45,58,99,98,31,46,63,57,92,73,37,15,
324	12	13	2.18	12,21,65,60,32,61,86,96,17,46,31,98,99,58,45,13,
324	11	13	2.024	11,69,47,67,52,87,89,21,65,41,60,32,61,39,45,13,
324	11	14	2.456	11,69,47,67,52,87,28,25,96,17,46,63,88,92,57,98,64,14,
324	11	15	2.202	11,21,65,60,32,61,39,45,58,99,64,98,31,46,63,57,92,73,37,15,
