252	0	4	1.892	0,67,70,24,94,57,71,49,81,77,82,61,79,55,97,4,
252	0	1	2.147	0,67,70,24,94,57,71,49,81,77,82,79,53,42,64,1,
252	0	11	2.247	0,67,70,24,94,75,28,96,32,74,52,65,27,50,59,62,41,76,11,
252	0	2	2.004	0,67,70,24,94,57,71,49,81,77,82,61,79,53,95,2,
252	0	10	2.419	0,67,70,24,94,57,71,49,81,89,98,31,60,58,73,66,99,20,80,10,
252	0	3	1.865	0,67,70,24,94,57,71,49,81,77,82,61,79,53,95,3,
252	0	6	2.297	0,67,70,24,94,57,71,49,81,89,98,25,91,83,87,51,26,17,90,6,
252	0	5	2.296	0,67,70,24,94,57,71,49,81,89,25,91,85,72,19,33,46,45,54,5,
252	0	7	2.366	0,67,70,24,94,57,71,49,81,89,98,25,91,85,19,83,87,51,26,17,88,7,
252	0	9	2.458	0,67,70,24,94,57,71,49,81,89,98,60,58,73,66,20,80,16,37,9,
252	0	8	2.577	0,67,70,24,94,57,71,49,81,89,25,91,85,19,83,87,51,26,84,8,
252	0	13	1.717	0,67,70,24,94,75,96,32,74,52,65,27,63,93,13,
252	0	14	1.975	0,67,70,24,94,28,96,32,74,52,65,29,38,92,14,
252	1	4	2.026	1,70,24,94,75,57,71,49,81,77,82,61,55,97,4,
252	1	3	2.041	1,70,24,94,57,71,49,81,30,77,82,61,79,53,95,3,
252	0	12	2.088	0,67,70,24,94,75,28,96,32,74,52,65,27,50,59,62,41,12,
252	0	15	1.956	0,67,70,24,94,75,28,96,68,29,38,92,78,35,40,15,
252	1	2	2.18	1,70,24,94,57,71,49,81,30,77,82,61,79,53,95,2,
252	1	5	2.286	1,70,24,94,75,57,71,49,81,77,82,61,55,97,45,54,5,
252	1	7	2.413	1,64,57,71,49,81,89,98,25,91,85,19,33,83,87,51,26,17,90,88,7,
252	1	6	2.306	1,64,57,71,49,81,89,25,91,85,72,19,83,87,51,26,17,90,6,
252	1	8	2.724	1,43,64,57,71,49,81,89,98,25,91,85,19,83,87,51,26,17,88,84,8,
252	2	3	2.218	2,64,57,71,49,81,30,77,82,61,48,55,79,53,95,97,3,
252	1	15	2.158	1,70,24,94,75,28,96,32,74,29,38,92,78,35,15,
252	1	14	2.286	1,70,24,94,75,28,96,32,86,74,52,65,29,38,92,14,
252	2	4	2.138	2,64,42,57,71,49,81,30,77,82,53,79,61,48,55,97,4,
252	1	13	2.095	1,43,70,24,94,75,28,96,32,74,52,65,27,50,63,93,13,
252	1	10	2.554	1,70,24,94,75,28,96,32,74,52,65,27,50,59,62,21,34,39,10,
252	2	6	2.148	2,95,53,79,61,82,77,30,25,91,19,83,87,51,26,17,90,6,
252	2	5	2.238	2,95,53,79,55,61,82,77,30,25,91,85,72,19,33,46,45,54,5,
252	1	12	2.375	1,70,24,94,75,28,96,32,74,52,65,27,50,59,21,62,41,76,12,
252	1	9	2.569	1,43,64,42,57,71,49,81,89,98,31,60,58,73,66,99,20,80,16,37,9,
252	1	11	2.595	1,70,24,94,75,28,96,68,32,74,52,65,27,50,59,62,21,34,39,11,
252	3	4	1.971	3,95,53,79,61,82,77,30,25,91,85,19,33,46,54,45,4,
252	2	15	2.135	2,95,53,79,61,82,77,81,49,71,57,94,24,70,40,15,
252	3	5	1.929	3,95,53,79,61,82,77,30,25,91,85,19,33,46,45,54,5,
252	2	14	2.349	2,95,53,79,61,82,77,81,49,71,57,75,28,68,29,38,92,14,
252	2	10	2.518	2,64,42,57,71,49,81,89,98,31,60,58,73,66,99,20,23,80,10,
252	2	13	2.339	2,95,53,79,82,77,30,89,98,60,31,56,32,74,52,65,27,63,93,13,
252	2	7	2.298	2,95,53,79,61,82,77,30,25,91,85,72,19,33,83,87,51,26,17,88,7,
252	2	8	2.631	2,95,53,79,61,82,77,30,25,91,85,19,33,83,87,51,26,17,88,84,8,
252	2	12	2.532	2,64,57,71,49,89,98,73,66,58,60,31,56,32,74,52,65,27,50,12,
252	2	11	2.484	2,95,53,79,61,82,77,30,89,98,31,60,58,73,66,99,20,23,39,11,
252	2	9	2.512	2,64,42,57,71,49,81,89,98,31,60,58,73,66,99,20,80,16,37,9,
252	4	5	1.961	4,97,55,53,79,82,77,61,48,72,19,83,33,46,45,54,5,
252	3	7	1.973	3,95,53,79,82,61,55,48,72,19,83,87,51,26,17,90,88,7,
252	3	14	2.303	3,95,53,79,55,61,82,77,81,49,71,57,75,28,68,29,38,92,14,
252	3	15	2.171	3,95,53,79,61,82,77,30,81,49,71,57,75,94,24,70,40,15,
252	3	13	2.317	3,95,53,79,82,81,49,71,57,75,28,96,32,74,52,65,27,63,93,13,
252	3	10	2.484	3,95,53,79,61,82,77,30,85,91,25,89,98,60,31,58,73,66,99,80,10,
252	3	8	2.341	3,95,53,79,82,61,48,72,19,33,83,87,51,26,17,90,88,84,8,
252	3	6	1.989	3,95,53,79,82,61,55,48,72,19,83,87,51,26,17,44,90,6,
252	3	12	2.447	3,95,53,79,61,82,77,30,89,98,73,66,58,60,31,56,86,59,62,41,76,12,
252	3	9	2.387	3,95,53,79,61,82,77,30,89,98,31,60,58,73,66,99,20,80,16,37,9,
252	3	11	2.525	3,95,53,79,61,82,77,30,85,91,25,89,98,60,58,73,66,99,20,34,39,11,
252	4	7	1.852	4,97,55,61,82,77,72,19,83,87,51,26,17,90,88,7,
252	4	6	1.823	4,97,55,79,82,61,48,72,19,83,87,51,26,17,90,6,
252	5	6	1.875	5,54,45,46,33,19,85,25,91,83,87,51,26,17,90,6,
252	4	10	2.325	4,97,55,48,61,82,77,30,89,98,60,31,58,66,73,99,20,80,10,
252	4	14	2.393	4,97,55,48,61,79,53,82,77,81,49,71,57,94,24,78,92,38,14,
252	4	13	2.361	4,97,55,61,82,77,81,49,71,57,75,28,96,32,74,52,65,27,63,93,13,
252	4	8	2.355	4,97,55,53,79,82,61,48,72,19,33,83,87,51,26,17,88,84,8,
252	4	15	2.217	4,97,55,53,79,61,82,77,81,49,71,57,75,94,24,70,40,15,
252	4	9	2.308	4,97,55,61,82,77,30,89,98,60,58,73,66,99,20,80,16,37,9,
252	4	12	2.449	4,97,55,61,77,30,89,98,73,66,58,60,31,56,32,74,52,65,27,50,12,
252	4	11	2.525	4,97,55,61,82,77,30,85,91,25,89,98,60,58,73,66,99,20,23,39,11,
252	6	7	1.976	6,90,17,26,51,87,83,33,19,72,85,25,91,47,84,7,
252	5	7	1.87	5,54,45,46,33,19,85,25,91,47,87,51,26,17,88,7,
252	6	8	2.196	6,90,17,26,51,87,83,33,19,72,85,25,91,47,84,8,
252	5	10	2.335	5,54,45,46,33,19,85,91,25,89,98,60,58,73,66,99,20,80,10,
252	5	8	2.357	5,54,45,46,33,19,72,85,25,91,47,87,51,26,17,88,84,8,
252	5	13	2.318	5,46,33,19,91,25,22,73,66,58,60,31,56,32,74,52,65,27,63,93,13,
252	5	14	2.494	5,54,45,46,33,19,91,22,73,66,58,60,31,56,32,74,29,38,92,14,
252	5	9	2.311	5,54,45,46,33,19,85,25,91,22,73,66,99,20,80,16,37,9,
252	5	15	2.447	5,54,45,46,33,19,85,91,25,89,81,49,71,57,75,94,24,70,40,15,
252	5	12	2.423	5,54,45,46,33,19,85,91,22,73,66,58,60,31,56,86,59,62,41,76,12,
252	5	11	2.492	5,54,45,46,33,19,72,85,91,25,89,98,60,58,73,66,99,20,23,39,11,
252	7	8	2.182	7,88,17,26,51,87,83,19,72,85,25,91,22,47,84,8,
252	7	10	2.193	7,88,17,26,51,87,47,36,73,58,66,99,20,23,80,10,
252	6	10	2.304	6,90,17,26,51,87,83,33,19,85,91,22,73,66,99,20,80,10,
252	7	9	2.022	7,88,17,26,51,47,36,73,66,99,20,80,16,37,9,
252	6	13	2.223	6,90,17,26,51,47,36,73,66,58,60,31,56,32,74,52,65,27,63,93,13,
252	6	14	2.426	6,44,17,26,51,87,47,36,73,66,58,60,31,56,32,74,29,38,92,14,
252	7	11	2.09	7,88,90,17,26,51,47,36,73,66,99,20,23,39,11,
252	6	9	2.217	6,90,17,26,51,87,47,36,73,58,66,99,20,80,16,37,9,
252	6	12	2.283	6,44,17,26,51,47,36,73,66,58,60,31,56,32,74,52,65,27,50,12,
252	6	11	2.349	6,90,17,26,51,47,91,25,89,98,60,58,73,66,99,20,34,39,11,
252	6	15	2.478	6,90,17,26,51,87,83,19,85,91,25,89,81,49,71,57,94,24,70,40,15,
252	8	10	2.505	8,84,26,51,87,83,19,91,25,22,73,66,99,20,80,10,
252	8	13	2.357	8,18,37,16,80,23,39,34,21,62,59,86,74,52,65,27,63,93,13,
252	8	9	2.368	8,84,26,51,87,47,36,73,66,99,20,80,16,37,9,
252	7	13	2.193	7,88,17,26,51,47,36,73,66,58,60,31,56,32,74,52,65,27,63,93,13,
252	7	14	2.366	7,88,17,26,51,87,47,36,73,66,58,60,31,56,96,68,29,38,92,14,
252	8	14	2.544	8,18,37,16,80,23,39,34,21,62,59,50,27,52,65,29,38,92,14,
252	8	11	2.263	8,18,16,80,23,34,21,62,59,52,65,27,50,41,76,11,
252	8	12	2.358	8,18,16,80,23,39,34,21,62,59,86,32,74,52,65,27,50,12,
252	7	12	2.202	7,88,17,26,51,47,36,73,66,58,60,31,56,86,59,62,41,76,12,
252	7	15	2.356	7,88,17,26,51,87,83,19,85,91,25,89,81,49,71,57,94,24,40,15,
252	8	15	2.661	8,18,16,80,23,39,34,21,62,59,86,74,52,65,29,38,92,78,35,15,
252	10	13	1.854	10,23,39,34,21,62,59,86,74,52,65,27,50,63,93,13,
252	9	10	2.283	9,37,16,80,99,66,73,58,60,31,56,20,34,39,23,10,
252	10	14	2.173	10,23,39,34,21,62,59,50,27,65,52,74,32,29,38,92,14,
252	9	13	2.157	9,37,16,80,20,99,66,73,60,31,56,32,74,52,65,27,63,93,13,
252	10	12	1.987	10,80,23,39,34,21,62,59,86,32,74,52,27,50,12,
252	10	11	2.139	10,23,34,21,62,59,86,32,74,52,65,27,50,41,76,11,
252	9	12	1.932	9,37,16,80,23,34,21,62,59,52,65,27,50,41,76,12,
252	9	14	2.338	9,37,16,80,23,39,34,21,59,62,50,27,65,52,74,29,38,92,14,
252	9	11	2.049	9,37,16,80,23,34,21,62,59,52,65,27,50,41,76,11,
252	10	15	2.325	10,80,23,39,34,21,62,59,86,74,52,65,29,38,92,78,35,15,
252	9	15	2.447	9,37,16,80,23,39,34,21,62,59,86,74,52,65,29,38,92,78,35,15,
252	11	13	1.966	11,39,34,21,62,59,86,74,32,29,65,52,27,63,93,13,
252	12	13	1.904	12,76,41,62,59,21,86,74,32,96,68,29,65,27,63,13,
252	13	14	1.764	13,93,63,27,50,59,62,21,86,74,32,29,38,92,14,
252	11	14	1.881	11,76,41,62,59,21,86,32,74,52,65,29,38,92,14,
252	12	14	1.764	12,76,41,62,59,21,86,32,74,52,65,29,38,92,14,
252	12	15	1.825	12,41,62,59,21,86,74,52,65,29,38,92,78,35,15,
252	13	15	1.744	13,93,63,27,65,52,74,86,32,29,38,92,78,35,15,
252	14	15	2.051	14,92,38,29,65,52,74,32,96,28,75,94,24,40,15,
252	11	12	1.968	11,76,41,62,59,21,86,32,74,52,65,27,50,63,93,12,
252	11	15	2.286	11,76,41,62,59,21,86,32,74,52,50,27,65,29,38,92,78,35,15,
