358	0	1	2.29	0,88,82,68,61,98,52,51,23,72,56,59,22,91,65,1,
358	0	2	2.124	0,88,82,68,61,98,41,31,80,51,23,87,72,56,96,2,
358	0	3	2.204	0,88,82,63,68,61,84,41,98,52,51,23,87,72,56,59,96,3,
358	0	4	2.195	0,19,65,91,22,51,23,87,80,31,85,69,58,64,17,39,67,4,
358	0	5	2.239	0,19,65,91,22,59,96,56,72,51,80,31,85,69,58,64,17,5,
358	0	6	2.487	0,19,65,91,22,59,96,56,72,51,23,80,31,85,69,58,64,17,92,6,
358	0	7	2.576	0,19,65,59,96,56,72,51,23,80,31,85,69,58,44,89,26,76,7,
358	0	8	2.669	0,19,65,91,22,51,23,87,80,31,85,69,58,44,89,26,71,49,8,
358	0	9	2.616	0,78,60,36,86,54,46,62,66,95,83,97,55,75,47,30,25,43,42,9,
358	0	10	2.585	0,88,82,63,60,36,86,54,46,62,66,95,83,97,55,75,37,47,30,25,43,10,
358	0	11	2.393	0,78,82,63,60,36,86,54,46,62,66,95,83,97,55,18,34,27,90,93,11,
358	0	12	2.572	0,19,68,82,63,60,36,86,54,46,40,62,66,95,83,97,55,18,34,12,
358	0	13	2.36	0,88,82,63,68,24,70,57,77,48,55,97,83,95,66,62,46,54,13,
358	0	14	2.28	0,88,82,63,24,70,57,77,48,55,97,83,95,66,62,46,54,86,14,
358	0	15	2.445	0,88,82,63,68,24,70,57,77,35,40,46,54,86,36,60,15,
358	1	2	2.058	1,65,22,51,52,98,41,31,80,87,23,72,56,96,2,
358	1	3	1.932	1,65,91,22,59,96,56,72,51,23,87,80,31,33,38,3,
358	1	4	1.914	1,65,59,96,56,72,51,80,31,85,69,58,64,17,39,67,4,
358	1	5	1.951	1,65,91,22,59,96,56,72,51,23,87,80,31,85,69,64,17,5,
358	1	6	2.208	1,65,91,22,59,96,56,72,51,23,87,80,31,85,69,58,64,17,92,6,
358	1	7	2.338	1,65,91,22,59,56,72,51,23,87,80,31,85,69,58,44,89,26,76,7,
358	1	8	2.478	1,65,91,22,59,56,72,51,23,80,31,85,69,58,44,89,26,71,49,8,
358	1	9	2.671	1,65,91,22,59,56,72,51,80,31,85,69,58,44,20,50,99,94,42,9,
358	1	10	2.757	1,65,91,22,51,23,80,31,85,69,64,58,44,20,50,99,94,21,32,43,10,
358	1	11	2.58	1,19,88,78,60,36,86,54,46,62,66,95,83,97,55,18,34,27,90,93,11,
358	1	12	2.559	1,19,88,68,82,63,60,36,86,54,46,62,66,95,83,97,55,18,34,12,
358	1	13	2.604	1,19,88,82,68,24,70,57,77,48,97,55,18,34,83,95,66,62,13,
358	1	14	2.562	1,19,88,82,63,24,70,57,77,48,55,97,83,95,66,62,46,54,14,
358	1	15	2.319	1,65,59,96,56,72,23,51,52,98,61,68,82,78,15,
358	2	3	1.749	2,59,22,52,98,41,85,31,80,23,51,72,56,96,3,
358	2	4	1.574	2,96,56,72,51,23,87,80,31,85,69,64,17,39,67,4,
358	2	5	1.822	2,65,91,22,59,96,56,72,51,23,80,31,85,69,64,17,5,
358	2	6	2.079	2,65,91,22,59,96,56,72,51,23,80,31,85,69,58,64,17,92,6,
358	2	7	2.341	2,65,91,22,59,96,56,72,51,23,87,80,31,69,85,58,44,89,26,76,7,
358	2	8	2.418	2,59,96,56,72,51,23,80,31,85,69,64,58,44,50,20,89,26,76,71,8,
358	2	9	2.471	2,59,96,56,72,51,23,87,80,31,85,69,64,58,44,20,50,99,94,42,9,
358	2	10	2.453	2,96,56,72,51,23,80,31,85,69,58,44,20,50,99,94,21,32,43,10,
358	2	11	2.409	2,96,56,72,51,52,98,41,84,79,45,73,47,30,27,90,93,11,
358	2	12	2.489	2,96,56,72,51,23,80,31,41,84,81,57,77,48,55,97,83,95,12,
358	2	13	2.542	2,96,56,72,51,23,87,80,31,69,85,41,84,81,24,70,40,46,13,
358	2	14	2.452	2,59,96,56,72,51,23,87,80,31,41,84,61,68,82,63,60,36,14,
358	2	15	2.147	2,59,96,56,72,51,23,87,80,52,98,61,68,82,78,15,
358	3	4	1.492	3,96,56,72,51,23,87,80,31,85,69,64,17,39,67,4,
358	3	5	1.637	3,96,56,59,72,51,23,87,80,31,85,69,58,64,17,39,5,
358	3	6	1.734	3,96,59,56,72,51,23,87,80,31,85,69,58,64,17,92,6,
358	3	7	1.8	3,96,56,72,51,23,80,31,85,69,58,44,89,26,76,7,
358	3	8	2.143	3,96,56,72,51,23,80,31,85,69,64,58,44,89,26,76,71,49,8,
358	3	9	2.386	3,96,56,72,51,23,87,80,31,85,69,64,58,44,20,50,99,94,21,42,9,
358	3	10	2.413	3,96,56,72,51,23,87,80,31,85,69,58,44,20,50,99,94,21,32,43,10,
358	3	11	2.465	3,96,59,56,72,51,23,87,80,31,41,84,79,45,73,47,30,27,90,93,11,
358	3	12	2.535	3,96,56,72,51,23,80,52,98,41,84,81,57,77,48,55,97,83,95,12,
358	3	13	2.538	3,96,56,72,23,51,52,98,41,84,79,16,48,55,97,83,95,66,62,13,
358	3	14	2.467	3,96,56,72,51,23,80,31,69,85,41,98,61,68,82,63,60,36,14,
358	3	15	2.318	3,96,56,72,51,23,80,31,69,58,85,41,84,61,68,82,78,15,
358	4	5	1.569	4,67,33,87,23,51,80,31,85,69,58,64,17,92,5,
358	4	6	1.642	4,67,33,87,23,51,80,31,85,69,58,64,17,92,6,
358	4	7	1.796	4,67,33,87,23,51,80,31,69,58,44,89,26,76,7,
358	4	8	2.141	4,38,33,87,23,51,80,31,85,69,64,58,44,89,26,76,71,49,8,
358	4	9	2.369	4,67,33,87,23,51,80,31,85,69,64,58,44,20,50,99,94,21,42,9,
358	4	10	2.391	4,38,33,87,23,51,80,31,85,69,64,58,44,20,99,94,21,32,43,10,
358	4	11	2.461	4,67,33,87,23,51,52,98,41,84,79,45,73,37,47,30,27,90,93,11,
358	4	12	2.532	4,38,33,87,23,51,52,98,41,84,79,16,57,77,48,55,97,83,95,12,
358	4	13	2.534	4,38,33,87,23,51,52,98,41,84,79,16,48,55,97,83,95,66,62,13,
358	4	14	2.61	4,38,33,87,23,51,80,31,69,64,58,85,41,84,61,68,82,63,60,36,14,
358	4	15	2.437	4,67,39,17,64,58,69,85,31,80,87,23,51,52,98,61,68,82,78,15,
358	5	6	1.821	5,67,33,87,23,51,80,31,85,69,58,64,17,92,6,
358	5	7	2.067	5,17,39,33,87,23,51,80,31,85,58,44,89,26,76,7,
358	5	8	2.17	5,17,39,64,69,85,58,44,50,20,89,26,76,71,49,8,
358	5	9	2.384	5,17,64,69,85,58,44,20,50,99,94,21,32,43,42,9,
358	5	10	2.591	5,17,64,58,69,85,31,41,84,79,45,73,37,47,30,25,43,10,
358	5	11	2.5	5,17,64,58,69,85,31,80,41,84,79,45,73,47,30,27,90,93,11,
358	5	12	2.673	5,17,64,58,69,85,31,80,52,98,41,84,79,16,48,55,97,83,95,12,
358	5	13	2.627	5,17,64,58,69,31,41,84,81,57,77,48,55,97,83,95,66,62,13,
358	5	14	2.625	5,39,17,64,58,69,85,31,80,87,23,51,52,98,61,68,63,60,36,14,
358	5	15	2.506	5,17,64,58,69,85,31,80,23,51,52,98,41,84,61,68,82,78,15,
358	6	7	2.211	6,29,74,28,53,17,64,69,85,58,44,50,20,26,76,7,
358	6	8	2.242	6,92,17,64,69,85,58,44,50,20,89,26,76,71,49,8,
358	6	9	2.382	6,29,76,71,94,21,45,73,47,30,25,43,32,42,9,
358	6	10	2.631	6,92,17,64,58,69,85,31,41,84,79,45,73,47,30,25,10,
358	6	11	2.545	6,92,17,64,58,69,85,41,84,79,45,73,47,30,27,90,93,11,
358	6	12	2.654	6,29,76,49,71,94,21,32,43,25,30,47,37,75,55,97,83,18,34,12,
358	6	13	2.59	6,29,76,71,94,21,32,43,25,30,47,75,55,97,83,95,66,62,13,
358	6	14	2.678	6,92,17,64,69,85,31,80,23,51,52,98,61,68,82,63,60,36,14,
358	6	15	2.66	6,92,17,64,58,69,85,31,80,23,51,52,98,61,68,82,63,60,36,15,
358	7	8	2.413	7,29,74,28,53,17,64,69,85,58,44,89,26,76,71,8,
358	7	9	2.382	7,49,71,94,21,45,73,47,30,27,90,25,43,42,9,
358	7	10	2.247	7,76,71,94,21,45,73,37,75,47,30,27,25,43,10,
358	7	11	2.191	7,76,49,71,99,94,21,45,73,37,75,47,30,25,27,90,93,11,
358	7	12	2.606	7,49,71,94,21,32,43,25,30,47,27,90,93,11,34,18,55,97,83,95,12,
358	7	13	2.491	7,76,49,71,94,21,32,43,25,30,47,37,75,55,97,83,95,66,62,13,
358	7	14	2.627	7,49,71,94,21,32,43,25,30,47,75,55,97,83,95,66,62,46,54,86,14,
358	7	15	2.729	7,76,26,89,44,58,69,85,31,80,87,23,51,52,98,61,68,82,78,15,
358	8	9	2.301	8,49,71,99,94,21,45,73,37,75,47,30,25,43,42,9,
358	8	10	2.261	8,49,71,94,21,45,73,37,75,47,30,25,27,90,93,10,
358	8	11	2.248	8,42,32,43,25,30,47,75,48,55,97,83,18,34,27,90,93,11,
358	8	12	2.543	8,49,71,94,21,45,73,47,30,25,27,90,34,18,97,83,95,12,
358	8	13	2.496	8,42,32,43,25,30,47,27,90,34,18,55,97,83,95,66,62,46,13,
358	8	14	2.508	8,42,32,43,25,30,47,37,75,48,55,97,83,95,66,62,46,54,86,14,
358	8	15	2.657	8,42,32,43,25,30,47,75,55,97,83,95,66,62,46,54,86,36,60,15,
358	9	10	2.019	9,42,32,43,25,30,47,75,55,97,83,18,34,90,93,10,
358	9	11	1.721	9,42,32,43,25,30,47,75,55,97,83,18,34,90,93,11,
358	9	12	2.239	9,42,32,43,25,30,47,27,90,34,18,55,48,97,83,95,66,12,
358	9	13	2.203	9,42,32,43,25,30,47,27,90,34,18,55,97,83,95,66,62,46,13,
358	9	14	2.215	9,42,32,43,25,30,47,37,75,48,55,97,83,95,66,62,46,54,86,14,
358	9	15	2.364	9,42,32,43,25,30,47,75,55,97,83,95,66,62,46,54,86,36,60,15,
358	10	11	1.675	10,43,25,30,47,37,75,48,55,97,83,18,34,90,93,11,
358	10	12	1.705	10,43,25,30,47,27,90,34,18,55,97,83,95,66,12,
358	10	13	2.022	10,43,25,30,47,27,90,34,18,55,97,83,95,66,62,46,54,13,
358	10	14	2.227	10,43,25,30,47,37,75,48,55,97,18,34,83,95,66,62,46,54,86,14,
358	10	15	2.346	10,43,25,30,47,37,75,55,97,18,83,95,66,62,46,54,86,36,60,15,
358	11	12	1.58	11,93,90,27,25,30,47,37,75,55,97,18,83,95,66,12,
358	11	13	1.73	11,93,90,27,25,30,47,37,75,55,97,83,95,66,62,46,54,13,
358	11	14	1.901	11,93,90,27,30,47,75,55,97,18,34,83,95,66,62,46,54,86,14,
358	11	15	2.18	11,93,90,27,25,30,47,37,75,55,97,83,95,66,62,46,54,86,36,60,15,
358	12	13	1.768	12,34,18,27,25,30,47,37,75,55,97,83,95,66,62,13,
358	12	14	1.86	12,34,27,30,47,75,55,97,83,95,66,62,46,54,86,14,
358	12	15	2.295	12,34,18,27,30,47,75,55,97,83,95,66,62,46,54,86,36,60,15,
358	13	14	1.954	13,62,66,95,83,97,55,48,77,57,24,70,40,46,54,86,14,
358	13	15	1.99	13,62,66,95,83,18,97,55,48,77,57,24,70,36,60,15,
358	14	15	2.071	14,54,46,62,66,95,83,97,55,48,77,57,70,36,60,15,
