48	0	3	2.299	0,95,57,49,48,65,47,94,26,77,63,70,36,87,53,3,
48	0	1	2.195	0,95,57,49,48,65,47,94,77,63,30,39,31,42,1,
48	0	4	2.47	0,95,49,48,65,47,94,77,30,63,70,36,87,45,86,60,35,4,
48	0	5	2.475	0,95,49,48,65,47,94,77,39,30,63,70,36,87,45,35,60,86,5,
48	0	6	2.532	0,49,48,65,47,94,26,40,33,52,56,69,41,96,37,90,54,46,71,22,6,
48	0	10	2.445	0,95,57,61,55,75,93,32,91,25,17,99,72,58,43,50,66,67,92,10,
48	0	9	2.605	0,95,57,61,55,75,93,32,91,25,72,99,43,50,66,18,67,92,81,9,
48	0	8	2.552	0,95,49,48,65,47,94,26,40,33,52,56,96,41,90,54,46,74,51,88,8,
48	0	2	2.167	0,95,57,49,48,65,47,94,26,77,70,63,30,39,44,2,
48	0	7	2.481	0,95,57,49,48,65,47,94,26,40,33,52,56,69,41,96,37,90,54,46,29,7,
48	0	11	2.247	0,95,57,61,55,75,93,32,91,25,17,99,72,58,43,50,66,19,11,
48	0	13	2.307	0,49,48,65,57,61,55,20,16,34,75,93,32,91,83,13,
48	1	3	2.223	1,42,31,49,48,65,47,94,26,77,70,63,30,39,44,3,
48	1	4	2.12	1,42,31,80,39,30,63,70,36,53,87,45,86,60,35,4,
48	0	15	2.493	0,95,49,48,65,80,39,30,63,77,94,47,61,55,15,
48	1	2	2.142	1,42,31,49,48,65,47,94,26,77,70,63,30,39,44,2,
48	0	14	2.313	0,49,48,65,57,61,55,75,93,32,91,83,34,16,14,
48	1	5	2.431	1,42,31,80,47,94,26,77,39,30,63,70,36,87,45,35,60,86,5,
48	0	12	2.282	0,95,49,48,65,57,61,55,75,93,32,91,25,17,99,72,58,82,12,
48	1	6	2.432	1,42,31,80,47,94,26,40,33,52,56,41,96,37,90,54,46,71,22,6,
48	1	8	2.499	1,42,31,80,47,94,26,40,33,52,56,69,41,96,37,90,54,46,74,51,88,8,
48	1	7	2.456	1,42,31,49,48,65,47,94,26,40,33,52,56,69,41,96,37,90,54,46,29,7,
48	1	15	2.304	1,42,31,39,30,63,77,94,47,65,48,49,57,95,15,
48	2	5	2.168	2,39,30,77,47,94,26,70,36,87,45,35,60,86,5,
48	2	3	2.407	2,44,30,39,80,47,94,26,77,63,70,36,45,87,53,3,
48	1	13	2.624	1,42,31,49,48,65,47,94,85,97,62,68,73,98,32,93,34,83,13,
48	2	4	2.232	2,44,30,39,80,47,94,77,70,63,53,87,45,35,4,
48	1	12	2.387	1,42,31,49,48,65,57,61,55,75,93,32,91,25,17,72,99,58,82,12,
48	1	10	2.583	1,42,31,49,48,65,61,55,75,93,32,91,25,72,99,50,66,18,67,10,
48	1	9	2.631	1,42,31,80,47,94,26,40,33,52,56,69,41,96,37,90,54,74,51,23,9,
48	2	6	2.17	2,44,30,63,70,40,33,52,56,96,37,90,54,46,71,22,6,
48	1	11	2.419	1,42,31,49,48,65,61,55,75,93,32,91,25,72,99,43,50,66,19,11,
48	1	14	2.281	1,42,31,48,65,49,95,57,61,55,75,93,34,83,16,14,
48	2	15	2.274	2,44,39,30,63,70,77,94,47,65,48,49,57,61,55,15,
48	3	5	2.159	3,30,39,80,47,94,77,70,36,87,45,35,60,86,5,
48	3	4	2.255	3,30,39,80,47,94,77,70,36,87,45,86,60,35,4,
48	2	13	2.586	2,44,30,63,70,77,47,94,85,97,62,68,73,98,32,93,34,83,13,
48	2	12	2.545	2,44,39,30,77,47,94,85,97,62,68,73,98,17,99,72,58,82,12,
48	2	10	2.804	2,44,30,77,47,94,85,97,62,68,28,17,99,72,58,43,50,66,67,10,
48	2	9	2.572	2,44,30,77,26,40,33,52,56,69,41,96,37,90,54,46,74,51,23,9,
48	2	11	2.59	2,44,30,77,47,94,85,97,62,68,73,98,32,91,25,72,99,43,11,
48	2	8	2.446	2,39,30,77,47,94,26,40,33,52,56,69,41,96,37,90,54,51,74,8,
48	2	7	2.286	2,44,30,77,47,94,26,40,33,52,56,69,41,96,37,90,54,46,29,7,
48	2	14	2.614	2,44,39,30,63,70,77,26,94,47,65,48,49,95,57,61,55,20,14,
48	3	15	2.346	3,30,63,70,77,26,94,47,65,48,49,95,57,61,55,15,
48	4	5	2.196	4,35,45,79,56,96,37,90,54,46,29,71,84,64,86,5,
48	3	13	2.659	3,30,77,47,94,85,97,62,68,73,98,91,32,93,75,34,83,13,
48	3	12	2.591	3,30,77,47,94,85,97,62,68,73,98,32,91,25,17,99,72,82,12,
48	3	10	2.711	3,53,87,45,64,79,84,56,69,41,90,54,46,74,51,76,78,27,92,10,
48	3	9	2.482	3,53,87,45,35,60,86,64,79,84,96,37,90,54,46,74,51,23,9,
48	3	6	2.086	3,53,87,45,64,79,84,56,96,37,90,54,46,71,22,6,
48	3	11	2.607	3,30,39,77,47,94,85,97,62,73,98,32,91,25,72,99,43,11,
48	3	7	2.163	3,53,87,45,35,60,86,64,79,56,69,41,96,37,90,54,46,29,7,
48	3	8	2.316	3,53,87,45,35,60,86,64,79,84,56,41,96,37,90,54,51,74,8,
48	3	14	2.728	3,30,39,77,47,94,26,85,97,62,68,73,98,32,93,34,16,14,
48	4	15	2.599	4,53,87,36,63,30,39,77,94,47,65,48,49,95,57,61,55,15,
48	5	6	1.745	5,86,64,79,84,56,69,41,96,37,90,54,46,29,22,6,
48	4	9	2.176	4,35,60,86,64,79,84,56,69,41,96,37,90,54,46,74,51,23,9,
48	4	6	1.846	4,35,60,86,64,79,84,56,96,37,90,54,46,71,22,6,
48	4	7	1.673	4,35,60,86,64,79,84,56,69,41,96,37,90,54,46,7,
48	4	12	2.587	4,53,87,36,40,33,52,24,97,62,73,98,32,91,25,72,99,58,82,12,
48	4	10	2.439	4,35,60,86,64,79,84,56,96,37,90,54,46,74,51,76,78,27,92,10,
48	4	13	2.734	4,87,36,70,63,77,47,94,85,97,62,68,73,98,32,91,93,34,83,13,
48	4	8	1.993	4,35,60,86,64,79,84,56,69,41,96,37,90,54,46,74,51,88,8,
48	4	11	2.609	4,53,87,36,40,33,52,24,97,62,68,73,98,32,91,25,72,99,43,11,
48	4	14	2.675	4,53,87,36,70,63,30,77,94,47,65,48,49,95,57,61,55,20,14,
48	6	8	1.687	6,22,84,56,69,41,96,37,90,54,46,74,51,23,88,8,
48	5	8	1.711	5,86,64,79,84,56,41,96,37,90,54,46,74,51,88,8,
48	5	15	2.595	5,86,60,35,45,87,36,70,63,30,39,80,65,48,49,95,57,61,55,15,
48	5	7	1.673	5,35,60,86,64,79,84,56,69,41,96,37,90,54,46,7,
48	6	7	1.798	6,22,64,79,84,56,41,96,37,90,54,51,74,46,29,7,
48	5	9	2.176	5,35,60,86,64,79,84,56,69,41,96,37,90,54,46,74,51,23,9,
48	5	12	2.504	5,86,64,79,33,40,52,24,97,62,73,98,32,91,25,72,99,58,82,12,
48	5	10	2.321	5,86,64,79,84,56,69,41,96,37,90,54,46,74,51,76,78,27,92,10,
48	5	13	2.68	5,86,64,79,84,56,96,41,69,59,89,97,62,68,73,98,32,93,34,83,13,
48	5	11	2.494	5,86,64,79,84,56,69,41,90,54,46,74,51,76,78,38,18,66,50,11,
48	5	14	2.705	5,86,60,35,45,87,36,70,63,77,94,47,65,48,49,57,61,55,20,14,
48	7	10	1.907	7,29,46,54,90,37,96,56,41,69,76,78,38,27,81,92,10,
48	7	9	1.891	7,29,71,37,96,56,69,41,90,54,46,74,51,76,78,23,9,
48	7	8	1.815	7,29,71,37,96,56,69,41,90,54,74,51,76,78,23,88,8,
48	6	9	2.317	6,22,84,56,69,41,96,37,90,54,46,74,51,76,78,38,27,81,9,
48	6	15	2.657	6,22,71,29,46,54,90,37,96,56,52,33,40,26,94,47,65,48,49,95,15,
48	6	10	2.367	6,22,84,56,69,41,96,37,90,54,46,74,51,23,76,78,27,81,92,10,
48	6	12	2.48	6,22,71,37,96,41,69,24,97,62,68,73,98,32,91,25,17,99,72,82,12,
48	7	11	2.265	7,29,71,37,96,56,69,41,90,54,46,74,51,23,78,38,18,66,50,11,
48	6	13	2.651	6,22,71,29,46,54,90,37,96,41,69,59,89,97,62,68,73,98,32,93,34,83,13,
48	6	11	2.43	6,22,84,56,69,41,96,37,90,54,46,74,51,76,78,38,18,66,50,19,11,
48	6	14	2.675	6,22,71,46,54,90,37,96,41,69,24,97,62,73,98,91,32,93,34,16,14,
48	8	10	1.931	8,88,51,74,46,54,90,37,96,41,69,76,78,38,27,92,10,
48	8	9	2.024	8,88,51,74,46,29,71,54,90,37,96,41,69,76,78,23,9,
48	8	11	2.088	8,74,51,54,90,37,96,56,41,69,76,78,38,18,66,50,11,
48	8	15	2.614	8,88,51,74,46,54,90,37,96,41,69,56,52,33,40,26,94,47,61,55,15,
48	7	12	2.286	7,29,46,54,90,37,96,56,41,69,24,97,62,68,28,17,99,72,58,82,12,
48	7	15	2.59	7,29,46,54,90,37,96,41,69,56,52,33,40,26,94,47,65,48,49,57,95,15,
48	8	12	2.268	8,88,23,78,76,59,89,97,62,68,73,98,32,91,25,17,99,72,82,12,
48	8	13	2.371	8,88,23,76,78,38,18,66,50,43,58,72,99,17,25,91,32,93,34,83,13,
48	7	13	2.543	7,29,46,54,90,37,96,56,41,69,24,97,62,73,98,91,32,93,75,34,83,13,
48	8	14	2.482	8,88,23,76,78,38,18,66,50,43,58,72,99,17,25,91,32,93,34,16,14,
48	7	14	2.554	7,29,46,54,90,37,96,56,41,69,59,89,97,62,68,73,98,32,93,34,16,14,
48	9	10	2.114	9,23,51,74,46,54,90,37,96,41,69,76,78,38,27,92,10,
48	10	11	1.936	10,19,50,66,18,28,73,98,32,91,25,72,99,58,43,11,
48	10	12	1.867	10,81,92,27,38,18,66,50,43,58,72,99,17,91,25,82,12,
48	9	11	2.162	9,78,76,59,89,97,62,68,73,98,32,91,17,99,43,11,
48	10	13	1.591	10,92,67,18,66,50,43,99,72,25,91,32,93,34,83,13,
48	10	15	2.26	10,92,67,18,66,50,43,58,99,72,25,91,32,93,75,34,16,20,15,
48	9	15	2.443	9,81,92,67,18,66,50,43,58,72,99,17,25,91,32,93,34,16,20,15,
48	9	12	2.293	9,23,78,76,59,89,97,62,68,73,98,32,91,25,17,99,72,82,12,
48	9	13	2.108	9,81,92,67,18,66,50,43,58,72,99,17,25,91,32,93,75,34,83,13,
48	10	14	2.099	10,92,67,18,66,50,43,58,82,72,99,17,25,91,32,93,75,34,16,14,
48	9	14	2.339	9,81,92,67,18,66,50,43,58,82,72,99,17,25,91,32,93,75,34,16,14,
48	14	15	2.407	14,16,34,75,93,32,91,25,72,17,98,73,61,55,15,
48	11	12	1.856	11,19,66,50,43,58,99,72,25,91,32,93,75,34,83,12,
48	12	13	1.673	12,82,58,43,50,99,72,17,25,91,32,75,93,34,83,13,
48	11	13	1.53	11,19,66,50,43,58,99,72,25,91,32,93,75,34,83,13,
48	13	15	2.403	13,83,34,93,32,91,25,72,99,17,28,73,98,75,16,20,15,
48	12	15	2.235	12,82,58,99,72,25,91,32,93,75,55,61,65,48,49,95,15,
48	13	14	2.046	13,83,12,82,58,43,99,72,17,25,91,32,93,75,34,16,14,
48	12	14	1.979	12,82,58,43,50,99,72,17,25,91,32,75,93,83,34,16,14,
48	11	15	2.386	11,19,66,50,43,58,82,72,99,17,25,91,32,93,75,34,83,16,20,15,
48	11	14	2.185	11,19,67,18,66,50,43,58,82,72,99,17,25,91,32,93,75,34,16,14,
