443	0	1	2.329	0,41,31,94,95,86,19,39,89,49,92,40,35,74,43,62,1,
443	0	2	2.249	0,41,31,94,40,92,49,89,39,75,51,37,88,35,74,43,2,
443	0	3	2.142	0,41,31,94,74,35,40,92,49,89,39,75,55,51,66,33,85,3,
443	0	4	2.339	0,41,31,94,62,43,74,35,40,92,49,89,19,39,75,55,51,67,4,
443	0	5	2.465	0,41,31,94,62,43,74,35,40,92,49,89,19,39,75,55,51,25,72,5,
443	0	6	2.544	0,41,31,94,43,74,35,40,92,49,89,57,19,39,75,87,16,82,91,80,6,
443	0	7	2.678	0,41,31,94,74,35,40,92,49,89,57,86,19,39,87,16,82,91,80,7,
443	0	8	2.57	0,53,99,58,60,54,79,20,97,26,63,45,59,98,76,17,23,50,90,8,
443	0	9	2.707	0,53,99,58,54,79,20,97,26,63,45,59,98,76,17,64,22,24,9,
443	0	10	2.556	0,53,99,58,60,54,79,20,97,26,44,93,69,47,21,30,27,48,71,10,
443	0	11	2.54	0,53,99,58,54,60,46,28,29,65,36,69,47,21,30,27,48,71,11,
443	0	12	2.689	0,41,31,94,35,40,92,49,89,19,83,45,63,44,93,69,36,78,12,
443	0	13	2.504	0,41,31,94,43,74,35,40,92,95,61,58,54,60,46,73,13,
443	0	14	2.423	0,41,31,94,35,40,92,49,89,57,86,95,61,58,99,42,14,
443	0	15	2.471	0,41,31,94,35,40,92,49,89,39,19,57,86,95,53,15,
443	1	2	1.961	1,38,41,95,86,57,19,39,89,49,92,40,35,74,43,2,
443	1	3	1.816	1,62,43,74,35,40,92,49,89,75,55,51,66,33,85,3,
443	1	4	1.851	1,62,43,74,35,40,88,92,49,89,39,75,55,51,67,4,
443	1	5	2.23	1,62,43,74,35,40,92,49,89,57,86,83,19,39,75,55,51,25,72,5,
443	1	6	2.343	1,62,43,74,35,40,88,92,49,89,57,86,19,39,75,87,16,82,91,80,6,
443	1	7	2.502	1,62,43,74,35,40,92,49,89,57,86,19,39,75,87,16,82,91,80,7,
443	1	8	2.439	1,62,43,74,35,40,92,49,89,39,75,87,16,82,91,52,23,50,90,8,
443	1	9	2.589	1,62,43,74,35,40,92,49,89,57,86,83,45,63,26,93,44,18,32,68,9,
443	1	10	2.468	1,62,43,74,35,40,92,49,89,19,83,45,63,44,93,47,21,30,27,10,
443	1	11	2.494	1,62,43,74,35,40,92,49,89,19,83,45,63,44,93,47,21,48,11,
443	1	12	2.54	1,62,43,74,35,40,92,49,89,19,83,45,63,26,97,20,65,29,78,12,
443	1	13	2.424	1,62,43,74,35,40,92,49,89,19,83,45,63,26,97,20,65,29,13,
443	1	14	2.388	1,62,43,74,35,40,92,49,89,57,86,83,97,20,79,54,60,42,14,
443	1	15	2.268	1,62,43,74,35,40,92,49,89,39,19,57,86,95,53,15,
443	2	3	1.641	2,43,74,35,40,92,49,89,39,75,55,51,66,33,85,3,
443	2	4	1.648	2,43,74,35,40,92,49,89,19,39,75,55,51,67,4,
443	2	5	1.74	2,43,74,35,40,88,92,49,89,39,75,55,51,25,72,5,
443	2	6	1.834	2,43,74,35,40,88,92,49,89,39,75,87,16,82,91,80,6,
443	2	7	2.468	2,43,74,35,40,88,92,49,89,57,86,83,19,39,75,87,16,82,91,80,7,
443	2	8	2.442	2,43,74,35,40,88,92,49,89,57,86,19,59,98,76,17,64,22,23,50,90,8,
443	2	9	2.583	2,43,74,35,40,88,92,49,89,39,75,87,16,82,91,52,17,64,22,24,9,
443	2	10	2.501	2,43,74,35,40,92,49,89,19,83,45,63,26,44,93,69,47,21,30,27,48,71,10,
443	2	11	2.535	2,43,74,35,40,92,49,89,57,86,83,45,63,26,93,69,47,21,30,27,48,71,11,
443	2	12	2.328	2,43,74,35,40,92,49,89,57,86,83,45,63,26,97,20,65,29,78,12,
443	2	13	2.259	2,43,74,35,40,92,49,89,57,86,83,45,63,26,97,20,79,46,73,13,
443	2	14	2.203	2,43,74,35,40,92,57,86,83,45,63,26,97,20,79,54,60,42,14,
443	2	15	2.171	2,43,74,35,40,92,49,89,57,86,19,83,61,58,99,42,15,
443	3	4	1.873	3,85,33,66,37,49,89,57,86,19,39,75,55,51,67,4,
443	3	5	1.879	3,85,33,66,51,55,75,39,87,16,82,96,56,25,72,5,
443	3	6	2.005	3,85,33,66,37,49,89,57,86,19,39,87,16,82,91,80,6,
443	3	7	2.285	3,85,33,66,51,55,75,39,19,59,98,76,17,64,22,23,7,
443	3	8	2.35	3,85,33,66,51,55,75,39,19,59,98,76,17,64,22,23,50,90,8,
443	3	9	2.473	3,85,33,66,51,55,75,39,19,83,45,63,26,93,44,18,32,68,9,
443	3	10	2.404	3,85,33,66,51,75,39,19,83,45,63,44,93,69,47,21,30,27,10,
443	3	11	2.479	3,85,33,66,51,55,75,39,19,83,45,63,26,93,69,47,21,48,11,
443	3	12	2.461	3,85,33,66,51,55,75,39,19,83,45,63,26,44,93,69,36,78,12,
443	3	13	2.374	3,85,33,66,51,75,39,19,83,45,63,26,97,20,79,46,28,73,13,
443	3	14	2.364	3,85,33,66,51,55,75,39,19,83,97,20,79,54,58,99,42,14,
443	3	15	2.365	3,85,33,66,51,55,75,39,19,83,86,95,61,58,99,42,15,
443	4	5	1.912	4,67,85,33,66,51,55,75,39,87,16,82,91,84,5,
443	4	6	1.932	4,67,51,55,75,49,89,19,39,87,16,82,91,80,6,
443	4	7	2.215	4,67,85,33,66,51,55,75,39,87,16,82,96,91,80,7,
443	4	8	2.294	4,67,51,55,75,39,89,57,86,19,59,98,76,17,64,22,90,8,
443	4	9	2.549	4,67,51,55,75,39,89,57,86,19,83,59,98,76,17,64,22,24,9,
443	4	10	2.369	4,67,51,55,75,39,19,83,45,63,26,44,93,69,47,21,30,27,10,
443	4	11	2.506	4,67,51,55,75,39,19,83,45,63,44,93,69,47,21,30,27,48,71,11,
443	4	12	2.633	4,67,51,55,75,39,89,57,86,19,83,45,63,26,44,93,69,36,81,12,
443	4	13	2.508	4,67,51,55,75,39,19,86,83,45,63,26,97,20,79,54,60,46,28,73,13,
443	4	14	2.493	4,67,51,55,75,39,19,86,83,45,63,26,97,20,79,54,60,58,99,42,14,
443	4	15	2.4	4,67,51,75,39,19,83,45,63,26,97,20,79,54,58,99,42,15,
443	5	6	1.965	5,72,25,51,55,75,89,39,87,16,82,96,91,80,6,
443	5	7	2.182	5,72,25,56,96,91,82,16,87,77,52,17,64,22,23,7,
443	5	8	1.967	5,72,25,56,96,16,82,91,52,17,64,22,23,50,90,8,
443	5	9	2.554	5,84,96,82,16,87,75,39,19,83,59,98,76,17,64,22,24,9,
443	5	10	2.493	5,72,25,55,75,39,19,83,45,63,44,93,69,47,21,30,27,48,71,10,
443	5	11	2.549	5,72,25,51,55,75,39,19,83,45,63,26,93,69,21,30,27,48,11,
443	5	12	2.676	5,84,96,82,16,87,75,39,19,83,45,63,26,44,93,47,69,36,78,12,
443	5	13	2.631	5,72,25,51,55,75,39,89,49,57,86,83,45,63,26,97,20,79,46,28,73,13,
443	5	14	2.613	5,84,91,82,16,87,39,19,83,45,63,26,97,20,79,60,54,58,99,42,14,
443	5	15	2.5	5,72,25,55,75,39,19,83,45,63,26,97,20,79,54,60,58,99,42,15,
443	6	7	2.103	6,80,91,82,16,87,39,19,59,98,76,17,23,7,
443	6	8	1.887	6,80,91,96,82,16,77,76,17,64,22,23,50,90,8,
443	6	9	2.151	6,80,91,96,82,16,87,59,98,76,17,64,22,24,9,
443	6	10	2.266	6,80,91,82,16,87,59,45,63,44,93,69,47,21,30,27,10,
443	6	11	2.416	6,80,91,82,16,87,59,45,63,26,93,69,47,21,30,27,48,11,
443	6	12	2.531	6,80,91,82,16,87,39,19,83,45,63,26,44,93,47,69,36,78,12,
443	6	13	2.534	6,80,91,82,16,87,39,19,83,45,63,26,97,20,79,54,60,46,28,73,13,
443	6	14	2.594	6,80,91,82,16,87,75,39,19,83,45,63,26,97,20,79,54,58,99,42,14,
443	6	15	2.582	6,80,91,82,16,87,39,19,83,45,63,26,97,20,79,54,60,58,99,42,15,
443	7	8	2.201	7,23,17,76,98,59,45,63,34,70,64,22,50,90,8,
443	7	9	2.265	7,23,17,76,98,59,45,63,26,93,44,18,32,68,9,
443	7	10	2.355	7,23,17,76,98,59,45,63,26,93,69,47,21,30,27,71,10,
443	7	11	2.502	7,23,17,76,98,59,45,63,26,44,93,69,47,21,30,27,48,71,11,
443	7	12	2.608	7,23,22,64,17,76,98,59,45,63,26,93,44,18,47,69,36,78,12,
443	7	13	2.508	7,23,22,64,17,76,98,59,45,63,26,97,20,79,54,60,46,28,73,13,
443	7	14	2.658	7,50,23,22,64,17,76,98,59,45,63,26,97,20,79,54,60,58,99,42,14,
443	7	15	2.543	7,23,22,64,17,76,98,59,45,63,26,97,20,79,54,58,99,42,15,
443	8	9	2.2	8,90,22,64,17,76,98,59,45,63,44,18,32,68,9,
443	8	10	2.008	8,90,22,64,70,18,44,93,69,47,21,30,27,48,71,10,
443	8	11	2.312	8,90,22,64,17,76,34,18,44,93,69,47,21,30,27,48,71,11,
443	8	12	2.359	8,90,50,22,64,17,76,98,59,45,63,26,97,20,65,29,78,12,
443	8	13	2.321	8,90,50,22,64,17,76,98,59,45,63,26,97,20,79,46,28,73,13,
443	8	14	2.355	8,90,22,64,17,76,98,59,45,63,26,97,20,79,54,58,99,42,14,
443	8	15	2.498	8,90,50,22,64,17,76,98,59,45,63,26,97,20,79,54,60,58,99,42,15,
443	9	10	2.172	9,24,22,64,70,18,44,93,69,47,21,30,27,48,71,10,
443	9	11	2.235	9,24,22,64,70,18,44,93,69,47,21,30,27,48,71,11,
443	9	12	2.544	9,24,22,64,17,76,98,59,45,63,26,44,93,47,69,36,78,12,
443	9	13	2.418	9,24,22,64,17,76,98,59,45,63,26,97,20,79,46,28,73,13,
443	9	14	2.519	9,24,22,64,17,76,98,59,45,63,26,97,20,79,54,58,99,42,14,
443	9	15	2.595	9,24,22,64,17,76,98,59,45,63,26,97,20,79,54,60,58,99,42,15,
443	10	11	2.51	10,71,48,27,30,21,47,69,36,65,29,46,28,73,13,78,81,11,
443	10	12	2.25	10,27,30,21,47,69,93,44,63,26,97,20,65,29,78,12,
443	10	13	2.212	10,27,30,21,47,69,93,44,63,26,97,20,79,46,28,73,13,
443	10	14	2.289	10,71,48,27,30,21,47,69,36,65,29,28,46,60,54,58,99,42,14,
443	10	15	2.431	10,71,48,27,30,21,47,69,93,44,26,97,20,79,54,60,58,99,42,15,
443	11	12	2.355	11,71,48,27,30,21,47,69,93,44,26,97,20,65,29,78,12,
443	11	13	2.31	11,71,48,27,30,21,47,18,44,93,69,36,65,29,46,73,13,
443	11	14	2.255	11,48,27,30,21,47,69,36,65,29,46,60,54,58,99,42,14,
443	11	15	2.415	11,71,48,27,30,21,47,69,36,65,29,28,46,60,54,58,99,42,15,
443	12	13	2.391	12,78,36,69,47,18,44,93,26,63,45,97,20,65,29,13,
443	12	14	2.272	12,78,36,69,47,93,44,26,97,20,79,60,54,58,99,42,14,
443	12	15	2.601	12,78,81,36,69,47,93,44,63,45,26,97,20,79,54,60,99,42,15,
443	13	14	2.307	13,73,28,46,29,65,36,69,93,20,79,54,58,99,42,14,
443	13	15	2.366	13,73,46,29,65,36,69,93,20,79,60,54,58,99,42,15,
443	14	15	2.493	14,42,99,58,54,79,20,97,26,63,45,83,86,95,53,15,
