179	0	4	2.147	0,18,44,66,34,37,25,59,23,81,21,20,43,65,29,84,57,60,4,
179	0	1	1.749	0,18,61,64,56,86,26,95,72,78,44,66,34,37,1,
179	0	5	2.344	0,18,44,66,34,37,25,59,23,81,21,20,43,65,85,63,29,57,5,
179	0	3	2.161	0,18,15,26,86,56,64,61,44,66,34,37,25,59,23,81,21,3,
179	0	9	2.482	0,18,61,64,56,86,26,27,89,76,42,99,58,24,39,32,30,28,9,
179	0	8	2.51	0,18,44,66,34,78,67,93,31,54,88,96,70,52,38,92,17,87,45,8,
179	0	7	2.474	0,18,44,66,34,37,25,59,23,41,43,65,85,96,70,52,38,92,19,22,7,
179	0	2	1.777	0,18,61,64,56,86,26,95,72,78,25,59,23,48,2,
179	0	6	2.41	0,18,44,66,34,37,25,59,23,41,43,65,85,63,96,70,82,94,83,6,
179	0	11	2.328	0,18,61,64,56,86,26,27,89,76,42,69,80,16,50,77,24,39,32,11,
179	0	10	2.339	0,18,61,64,56,86,26,27,89,76,42,69,80,16,50,77,24,39,32,30,10,
179	0	14	1.625	0,18,44,66,34,78,72,61,64,56,86,26,27,89,14,
179	0	15	1.653	0,18,44,66,34,37,25,78,72,61,64,56,86,26,15,
179	1	4	2.154	1,35,37,25,59,23,81,21,20,43,65,85,63,29,84,57,60,4,
179	1	2	1.956	1,37,34,66,44,18,61,64,72,78,25,59,23,48,2,
179	0	13	2.078	0,44,18,61,64,56,86,26,27,89,76,42,69,80,16,50,99,36,75,13,
179	1	3	2.313	1,35,37,34,66,44,18,61,64,72,78,25,59,23,81,21,3,
179	0	12	2.244	0,66,44,18,61,64,56,86,26,27,89,76,42,69,80,16,50,99,58,12,
179	1	6	2.504	1,35,37,25,59,23,41,20,43,65,84,29,85,63,96,70,82,94,83,6,
179	1	5	2.414	1,37,34,66,44,72,78,67,93,31,54,88,85,63,29,84,57,5,
179	1	8	2.551	1,37,25,59,23,41,43,65,85,63,96,70,52,90,38,92,19,17,87,45,8,
179	1	7	2.595	1,35,37,25,59,23,41,43,65,84,29,85,63,96,70,82,52,90,92,19,22,7,
179	1	13	1.995	1,35,23,59,25,37,34,66,44,18,61,64,56,86,26,27,89,75,13,
179	2	4	2.03	2,48,81,21,20,43,65,85,96,70,82,63,29,84,57,60,4,
179	1	15	1.42	1,35,23,59,25,37,34,66,44,18,61,64,56,86,15,
179	2	5	2.107	2,48,81,21,20,43,88,96,70,82,63,85,29,84,57,5,
179	2	3	2.189	2,48,23,59,25,78,67,93,31,54,88,43,20,21,3,
179	2	6	2.298	2,48,81,21,20,43,65,85,63,96,70,82,52,38,92,19,22,83,94,6,
179	1	14	2.087	1,35,23,59,25,37,34,66,78,72,44,18,61,64,56,86,26,27,14,
179	1	9	2.7	1,34,66,44,18,61,64,86,56,95,80,16,71,55,33,74,62,49,9,
179	1	12	2.254	1,35,37,34,66,44,18,61,64,56,86,26,27,89,76,42,99,58,12,
179	1	11	2.342	1,34,66,44,18,61,64,56,86,26,27,89,76,42,36,99,58,46,11,
179	1	10	2.558	1,34,66,44,61,64,56,86,26,27,89,76,42,99,58,24,39,32,30,10,
179	2	13	2.226	2,48,23,59,25,37,34,66,44,18,61,64,56,86,26,27,89,76,75,13,
179	3	4	2.302	3,21,20,43,54,88,65,85,96,70,82,63,29,84,57,60,4,
179	3	5	2.26	3,21,20,43,88,96,70,82,63,85,65,29,84,57,79,5,
179	2	15	1.953	2,48,23,59,25,37,34,66,78,72,44,18,61,64,56,86,26,15,
179	2	14	2.093	2,48,23,59,25,37,34,66,78,72,44,18,61,64,56,86,26,27,14,
179	2	7	2.456	2,48,81,21,20,43,88,85,65,84,29,63,96,70,52,90,38,92,19,22,7,
179	2	12	2.391	2,48,23,59,25,37,34,66,44,18,61,64,56,86,26,27,89,75,13,12,
179	2	9	2.603	2,48,81,21,20,43,65,85,63,96,70,82,52,38,92,19,22,87,45,53,9,
179	2	11	2.585	2,48,23,59,25,37,34,66,44,61,64,56,95,76,42,99,58,46,11,
179	2	10	2.702	2,48,81,21,20,43,65,85,63,96,70,52,90,97,51,98,33,74,62,40,28,10,
179	2	8	2.482	2,48,81,21,20,43,65,84,29,85,63,96,70,52,90,38,92,19,17,87,45,8,
179	3	13	2.241	3,21,81,23,59,25,37,34,66,44,61,64,56,86,26,27,89,75,13,
179	3	6	2.208	3,21,20,43,65,85,63,96,70,82,52,90,38,92,19,22,94,83,6,
179	4	5	2.124	4,60,57,84,29,63,96,70,52,38,92,19,22,83,94,79,5,
179	3	14	2.061	3,21,81,23,59,25,37,34,66,44,18,61,64,56,86,26,27,89,14,
179	3	7	2.381	3,21,20,43,88,85,65,84,29,63,96,70,82,52,90,38,92,19,22,7,
179	3	8	2.331	3,21,20,43,65,29,85,63,96,70,82,52,90,38,92,19,17,87,45,8,
179	3	15	2.229	3,21,81,23,59,25,37,34,66,78,72,44,18,61,64,56,86,26,15,
179	3	12	2.631	3,21,81,23,59,25,37,34,66,44,61,64,56,86,26,27,89,75,13,12,
179	3	9	2.644	3,21,20,43,65,29,85,63,96,70,82,52,90,51,98,33,74,40,62,49,9,
179	3	11	2.692	3,21,20,43,65,85,63,96,70,82,52,90,51,98,33,74,68,30,32,11,
179	3	10	2.746	3,21,20,43,65,29,85,63,96,70,52,90,97,51,98,33,74,40,62,49,28,10,
179	4	7	1.877	4,60,57,84,29,65,85,63,96,70,82,52,90,92,38,19,22,7,
179	4	6	1.914	4,60,57,84,29,65,85,63,96,70,52,38,92,19,22,83,94,6,
179	5	6	1.953	5,57,84,29,85,63,96,70,82,52,38,92,19,22,83,94,6,
179	4	13	2.566	4,47,20,41,23,59,25,37,34,66,44,18,61,64,56,86,26,27,89,75,13,
179	4	8	2.093	4,60,57,84,29,65,85,63,96,70,82,52,90,38,92,19,17,87,45,8,
179	4	14	2.211	4,47,20,41,23,59,25,37,34,66,44,18,61,64,56,86,26,27,14,
179	4	15	2.29	4,60,57,84,29,65,43,41,23,59,25,37,34,66,44,18,61,64,56,86,15,
179	4	12	2.72	4,60,57,84,29,65,85,63,96,70,82,52,90,97,51,98,33,74,39,24,46,12,
179	4	9	2.464	4,60,57,84,29,65,85,63,96,70,82,52,90,97,51,98,33,74,40,62,49,9,
179	4	10	2.593	4,60,57,84,29,65,85,63,96,70,82,52,90,97,51,98,33,74,40,62,49,28,10,
179	4	11	2.707	4,60,57,84,29,65,85,63,96,70,52,90,97,51,98,33,74,68,30,32,39,24,11,
179	6	8	2.041	6,83,94,79,82,70,52,90,92,38,19,17,87,53,45,8,
179	5	8	1.888	5,57,84,29,65,85,63,96,70,52,38,92,19,22,87,45,8,
179	5	7	2.088	5,57,84,29,85,63,96,70,82,52,38,92,19,22,94,83,7,
179	6	7	2.176	6,79,57,84,29,65,85,63,96,70,82,52,90,38,92,19,22,7,
179	5	13	2.653	5,57,84,29,65,85,88,54,31,93,67,72,64,56,86,26,27,89,75,13,
179	5	9	2.373	5,57,84,29,65,85,63,96,70,82,52,38,92,19,17,87,45,53,9,
179	5	14	2.468	5,57,29,65,43,41,23,59,25,37,34,66,44,61,64,56,86,26,27,14,
179	5	15	2.364	5,57,29,65,43,41,23,59,25,37,34,66,44,18,61,64,56,86,26,15,
179	5	12	2.731	5,57,84,29,65,85,63,96,70,82,52,90,97,51,98,33,74,39,24,46,12,
179	5	10	2.519	5,57,84,29,65,85,63,96,70,52,90,97,51,98,33,74,40,62,49,28,10,
179	5	11	2.688	5,57,84,29,65,85,63,96,70,82,52,38,92,90,97,51,98,33,74,39,24,11,
179	7	8	2.113	7,22,19,92,38,90,97,51,98,33,74,40,62,49,53,45,8,
179	6	9	1.995	6,83,94,22,19,92,38,90,97,51,98,33,74,40,62,49,9,
179	7	9	2.115	7,22,19,92,38,90,17,51,97,98,33,74,68,40,62,49,9,
179	6	13	2.605	6,83,94,22,19,92,90,97,51,98,33,74,55,71,16,80,69,42,76,75,13,
179	6	14	2.502	6,83,94,82,70,96,88,54,31,93,67,78,72,64,56,86,26,27,14,
179	7	10	2.414	7,22,19,92,38,90,17,51,97,98,33,74,62,40,68,39,32,30,10,
179	6	15	2.49	6,79,63,85,65,43,41,23,59,25,37,34,66,44,18,61,64,56,86,15,
179	7	11	2.406	7,22,19,92,38,90,97,51,98,33,74,62,40,68,30,32,39,24,46,11,
179	6	10	2.447	6,83,94,22,19,92,38,90,17,51,97,98,33,74,62,40,68,32,30,10,
179	6	11	2.483	6,83,94,22,19,92,90,97,51,98,33,74,40,68,30,32,39,24,46,11,
179	6	12	2.633	6,83,94,22,19,92,90,97,51,98,33,74,62,40,68,30,32,39,24,46,12,
179	8	9	1.95	8,45,87,17,19,92,90,97,51,98,33,74,40,62,49,9,
179	8	13	2.524	8,45,87,17,51,97,98,33,74,55,71,16,80,69,76,42,99,36,75,13,
179	7	13	2.713	7,22,19,92,38,90,51,97,98,33,74,55,71,16,80,69,76,42,99,36,75,13,
179	8	10	1.985	8,45,87,22,19,92,38,90,97,51,98,33,74,62,40,28,10,
179	8	11	2.03	8,45,87,17,51,97,98,33,74,62,40,68,32,39,24,11,
179	7	15	2.399	7,22,19,92,38,52,70,96,88,54,31,93,67,78,72,64,56,86,15,
179	7	14	2.618	7,22,19,92,38,90,52,70,96,88,54,31,93,67,72,64,56,86,26,27,14,
179	8	15	2.434	8,45,87,17,51,97,55,71,16,80,69,42,76,89,27,26,86,56,64,15,
179	8	14	2.58	8,45,87,17,51,98,55,71,16,80,69,42,76,95,56,64,86,26,27,14,
179	8	12	2.569	8,45,87,22,19,17,51,97,98,33,74,62,40,68,30,32,39,24,46,12,
179	7	12	2.713	7,22,19,92,38,90,97,51,98,33,74,40,62,49,28,30,32,39,24,46,12,
179	10	13	2.405	10,28,49,62,40,68,30,32,39,24,77,50,99,36,42,76,75,13,
179	9	13	2.449	9,49,40,68,30,32,39,24,77,50,16,80,69,76,42,99,36,75,13,
179	10	12	2.238	10,28,30,32,39,24,77,50,16,80,69,76,42,99,58,12,
179	9	12	2.245	9,49,40,62,51,97,98,33,74,68,30,32,39,24,46,12,
179	9	10	2.202	9,53,45,87,17,51,97,98,33,74,62,40,68,32,30,10,
179	10	11	2.175	10,28,49,40,62,51,97,98,33,74,68,30,32,39,24,11,
179	9	11	2.153	9,49,40,62,51,97,98,33,74,68,30,32,39,24,46,11,
179	9	14	2.44	9,49,62,40,68,30,32,39,24,58,36,99,50,16,80,69,42,76,89,14,
179	10	14	2.3	10,30,32,24,39,77,50,16,80,69,42,76,95,56,64,86,26,27,14,
179	10	15	2.327	10,28,30,32,24,39,77,50,16,80,69,42,76,89,27,26,86,56,64,15,
179	9	15	2.433	9,28,30,32,24,39,77,50,16,80,69,42,76,89,27,26,86,56,64,15,
179	11	13	2.231	11,46,58,99,36,42,76,95,64,56,86,26,27,89,75,13,
179	12	13	2.215	12,58,50,16,80,69,42,76,95,64,86,26,27,89,75,13,
179	12	14	2.002	12,58,36,99,50,16,80,69,42,76,95,64,86,26,27,14,
179	13	14	1.849	13,75,36,99,50,16,80,69,42,76,95,64,86,26,27,14,
179	11	14	2.104	11,46,58,99,50,16,80,69,42,76,95,64,86,26,27,14,
179	13	15	1.643	13,36,99,50,16,80,69,42,76,89,27,26,86,56,64,15,
179	14	15	1.82	14,27,26,86,56,64,72,78,25,37,34,66,44,61,15,
179	12	15	1.855	12,58,36,99,50,16,80,69,42,76,89,27,26,86,56,64,15,
179	11	12	2.429	11,24,39,32,30,68,74,33,55,71,16,80,69,99,58,12,
179	11	15	2.335	11,32,39,24,58,36,99,50,16,80,69,42,76,89,27,26,86,64,15,
