251	0	1	1.826	0,68,27,95,37,55,46,64,82,89,69,22,26,43,44,48,2,1,
251	0	5	2.242	0,68,27,37,55,46,64,89,69,22,26,43,44,39,31,80,25,18,52,45,5,
251	0	11	2.3	0,68,27,37,95,24,84,54,38,29,19,90,17,76,36,66,83,40,11,
251	0	2	1.437	0,68,27,95,37,55,46,64,82,89,69,22,26,43,44,48,2,
251	0	3	1.636	0,68,27,95,37,55,46,64,89,69,22,26,48,43,44,60,39,31,3,
251	0	6	2.374	0,68,27,37,55,46,64,89,69,22,26,43,44,39,31,80,25,18,45,34,6,
251	0	4	1.76	0,68,27,95,37,55,46,64,89,69,22,26,43,44,39,31,80,25,4,
251	0	7	2.41	0,68,27,24,84,54,38,29,19,90,17,77,62,92,75,41,50,20,88,91,7,
251	0	10	2.264	0,68,27,37,95,28,70,81,38,29,19,90,17,76,98,36,66,83,40,10,
251	0	8	2.556	0,68,27,24,84,54,38,29,19,90,17,77,62,92,75,41,50,20,88,72,8,
251	0	9	2.393	0,68,27,24,84,54,51,38,29,19,90,17,76,36,66,83,78,97,47,65,9,
251	0	13	1.849	0,68,27,37,95,24,84,33,23,59,58,21,87,16,13,
251	1	2	1.673	1,46,55,37,27,95,28,82,89,69,22,26,43,44,48,2,
251	0	15	1.91	0,68,27,95,37,55,46,64,89,82,28,24,84,33,23,15,
251	0	14	1.858	0,68,27,37,55,46,64,89,82,95,24,84,33,23,59,14,
251	1	3	1.537	1,46,55,82,64,89,69,67,22,26,48,43,44,60,39,31,3,
251	0	12	2.256	0,68,27,37,95,24,84,33,23,59,21,58,49,87,16,61,35,57,12,
251	1	6	2.279	1,46,64,89,69,67,22,26,48,44,43,60,39,31,25,80,18,45,52,34,6,
251	1	4	2.002	1,46,55,37,95,82,64,89,69,22,26,48,43,44,60,39,31,80,25,4,
251	1	5	2.191	1,46,64,82,89,69,67,22,26,48,43,44,60,39,31,80,25,18,52,45,5,
251	1	7	2.436	1,46,64,89,69,22,26,43,44,39,31,80,25,18,45,52,34,74,96,91,7,
251	1	8	2.612	1,46,64,89,69,22,43,44,39,31,80,25,18,30,53,85,42,20,88,72,8,
251	1	15	1.783	1,46,64,89,69,82,55,37,95,27,24,84,54,33,23,15,
251	2	4	1.684	2,46,64,82,89,69,22,26,48,43,44,60,39,31,80,25,4,
251	2	5	1.967	2,48,26,22,69,67,43,44,60,39,31,25,80,18,52,45,5,
251	2	6	2.274	2,48,43,44,60,39,31,80,25,18,30,53,85,42,20,96,74,6,
251	1	14	2.037	1,46,64,89,69,22,67,82,55,37,95,27,24,84,33,23,21,58,49,14,
251	2	3	1.584	2,48,26,22,69,89,64,82,67,43,44,60,39,31,80,25,3,
251	1	12	2.351	1,46,64,82,55,37,95,27,24,84,33,23,21,58,49,16,61,57,35,12,
251	1	11	2.48	1,46,55,37,95,24,84,54,38,29,19,90,17,76,98,36,66,83,40,11,
251	1	13	2.242	1,46,64,89,69,82,55,37,95,27,24,84,33,23,59,21,58,49,16,13,
251	1	9	2.463	1,55,37,95,28,70,81,38,29,19,90,17,76,98,36,66,83,78,97,65,9,
251	1	10	2.417	1,55,37,95,27,24,84,54,51,38,29,19,90,17,76,36,66,83,40,10,
251	2	15	1.592	2,48,44,43,26,22,69,89,64,46,55,37,95,24,84,15,
251	3	4	1.838	3,31,39,44,43,48,26,22,69,89,64,82,67,60,80,25,4,
251	3	5	2.08	3,31,39,60,44,43,48,26,22,69,67,86,53,30,52,45,5,
251	2	12	2.319	2,26,22,69,89,64,46,55,95,24,84,33,21,58,49,16,61,35,57,12,
251	2	7	2.285	2,48,26,43,44,60,39,31,80,25,18,30,53,85,42,20,88,91,7,
251	2	11	2.428	2,48,44,43,26,22,69,89,82,28,70,81,38,29,19,90,17,76,98,94,11,
251	2	14	1.928	2,48,26,22,69,89,64,46,55,37,95,27,24,84,33,23,21,58,49,14,
251	2	8	2.525	2,48,43,44,39,31,80,25,18,30,53,85,92,62,75,41,50,20,72,8,
251	2	9	2.486	2,48,26,22,69,89,82,28,70,81,38,29,19,90,17,77,79,32,97,65,9,
251	2	10	2.366	2,48,26,22,69,89,82,28,70,81,38,29,19,90,17,76,36,66,83,40,10,
251	2	13	2.17	2,48,26,22,69,89,64,46,55,37,95,27,24,84,33,23,21,58,49,16,13,
251	3	6	2.129	3,39,31,80,25,18,45,52,85,42,20,88,96,74,6,
251	3	7	2.284	3,39,31,80,25,18,30,85,42,92,62,75,41,50,20,88,91,7,
251	4	5	2.204	4,25,80,31,39,44,43,26,22,69,67,86,53,30,52,45,5,
251	3	15	1.907	3,31,39,60,44,43,48,26,22,69,89,64,46,55,37,95,24,84,15,
251	3	12	2.495	3,44,43,26,22,69,89,82,95,24,84,33,21,58,49,16,61,35,57,12,
251	3	14	1.979	3,31,39,44,43,22,69,89,64,46,55,37,95,24,84,33,23,59,14,
251	3	11	2.541	3,31,39,44,43,26,22,69,89,82,28,70,81,38,29,19,90,98,94,11,
251	3	8	2.458	3,39,31,80,25,18,30,53,85,42,92,62,75,41,50,20,88,72,8,
251	3	9	2.46	3,39,31,80,25,18,30,53,85,92,62,75,41,50,73,97,47,65,63,9,
251	3	10	2.516	3,39,31,80,25,18,30,53,85,92,62,75,79,32,93,36,66,83,40,10,
251	3	13	2.253	3,31,39,44,43,22,69,89,64,46,55,37,95,24,84,33,21,58,49,13,
251	4	7	2.148	4,25,80,18,30,53,85,92,62,75,41,50,20,88,91,7,
251	4	6	2.248	4,45,52,85,42,92,62,75,41,50,20,88,96,74,6,
251	5	6	2.26	5,45,52,30,53,85,92,62,75,41,50,20,88,96,74,6,
251	4	8	2.346	4,45,52,30,53,85,42,92,62,75,41,50,20,88,72,8,
251	4	15	2.031	4,25,80,31,39,44,43,26,22,69,89,64,46,55,37,95,24,84,15,
251	4	14	2.199	4,25,80,31,39,44,43,26,89,64,46,55,95,24,84,33,23,59,14,
251	4	12	2.707	4,25,80,31,39,44,43,22,69,89,82,95,24,84,33,87,61,35,57,12,
251	4	11	2.742	4,25,80,31,39,44,43,26,22,67,70,81,38,29,19,90,17,76,98,94,11,
251	4	9	2.588	4,45,52,85,92,62,75,79,32,93,36,66,83,78,97,47,65,63,9,
251	4	10	2.656	4,25,80,18,30,53,85,92,62,75,41,50,73,32,79,93,78,83,40,10,
251	4	13	2.433	4,25,80,31,39,44,43,26,89,82,95,24,84,33,21,58,49,16,13,
251	5	7	2.168	5,45,52,30,53,85,42,92,62,75,41,50,20,88,91,7,
251	6	7	2.247	6,34,45,52,30,53,85,92,62,75,41,50,20,88,91,7,
251	5	8	2.314	5,45,52,30,53,85,42,92,62,75,41,50,20,88,72,8,
251	6	8	2.173	6,74,96,88,20,50,41,79,32,78,97,47,65,63,8,
251	5	15	2.482	5,4,25,80,31,39,44,43,48,26,22,69,89,64,46,55,37,95,24,84,15,
251	5	12	2.807	5,45,52,30,53,85,92,62,75,79,32,93,36,66,71,94,57,61,35,12,
251	5	14	2.621	5,4,25,80,31,39,44,43,26,89,64,46,55,37,95,24,84,33,23,59,14,
251	5	11	2.723	5,34,74,96,88,20,50,41,75,62,77,79,32,93,78,83,40,11,
251	5	9	2.476	5,34,74,96,88,72,20,50,41,32,79,93,78,97,47,65,63,9,
251	5	10	2.569	5,45,52,30,53,85,92,62,75,41,50,73,32,79,93,78,83,40,10,
251	5	13	2.705	5,34,74,96,88,20,50,41,32,79,93,36,66,71,94,57,35,61,16,13,
251	7	8	2.135	7,91,88,20,50,41,75,79,32,93,78,97,47,65,63,8,
251	6	15	2.459	6,74,96,20,50,41,75,92,62,77,17,90,19,29,38,51,33,23,15,
251	7	11	2.235	7,91,88,20,50,41,75,92,62,77,79,32,93,78,83,40,11,
251	7	9	1.911	7,91,88,20,50,41,75,79,32,93,78,97,47,65,63,9,
251	6	9	1.948	6,74,96,88,20,50,41,32,79,93,78,97,47,65,9,
251	7	10	1.866	7,91,88,72,20,50,41,32,79,93,36,66,83,40,10,
251	6	11	2.527	6,74,96,88,20,50,41,75,92,62,77,79,32,93,36,66,83,40,11,
251	6	12	2.621	6,74,96,88,20,50,41,32,79,93,78,83,66,36,76,98,56,57,35,12,
251	6	14	2.543	6,74,96,88,20,50,41,75,62,77,17,90,19,29,51,99,87,21,58,49,14,
251	6	10	2.356	6,74,96,88,72,20,50,41,32,79,93,36,66,83,78,97,65,47,10,
251	6	13	2.54	6,74,96,20,50,41,32,79,93,78,83,66,36,76,98,56,57,35,61,16,13,
251	8	11	2.381	8,72,88,20,50,41,75,92,62,77,79,32,93,78,83,40,11,
251	8	9	2.057	8,72,88,20,50,41,75,79,32,93,78,97,47,65,63,9,
251	8	12	2.521	8,72,88,20,50,41,79,32,78,83,66,36,76,98,56,57,35,12,
251	8	10	2.124	8,72,88,20,50,41,32,79,93,36,66,83,78,97,47,10,
251	7	12	2.375	7,91,88,20,50,41,79,32,78,83,66,36,76,98,56,57,35,12,
251	7	15	2.56	7,91,96,88,20,50,41,75,92,62,77,17,90,19,29,51,54,33,23,15,
251	8	15	2.757	8,72,88,20,50,41,75,92,62,77,17,90,19,29,51,99,87,21,59,15,
251	8	14	2.49	8,72,88,20,50,41,75,62,77,17,90,19,29,51,99,87,21,58,49,14,
251	7	14	2.397	7,91,88,20,50,41,75,62,77,17,90,19,29,38,51,99,87,21,58,49,14,
251	8	13	2.388	8,63,65,47,97,32,79,93,78,83,66,36,76,98,56,57,35,61,16,13,
251	7	13	2.331	7,91,88,20,50,41,32,79,93,36,66,83,71,94,57,35,61,16,13,
251	9	11	2.006	9,63,65,47,97,78,32,79,93,36,66,83,40,71,94,11,
251	9	12	2.005	9,63,65,47,97,73,32,79,93,36,66,71,94,57,61,35,12,
251	10	12	2.071	10,47,65,97,32,79,93,36,66,83,71,94,57,61,35,12,
251	10	11	2.044	10,47,65,97,32,79,93,78,83,66,36,76,98,71,94,11,
251	9	10	1.986	9,63,65,47,97,32,79,93,78,83,66,36,71,94,40,10,
251	10	15	2.36	10,40,83,78,32,79,93,36,98,76,17,90,19,29,38,51,33,23,15,
251	10	14	2.23	10,40,83,66,36,76,17,90,19,29,38,51,99,87,49,58,21,59,14,
251	10	13	1.833	10,40,83,78,32,79,93,36,66,71,94,57,35,61,16,13,
251	9	14	2.31	9,65,97,78,83,66,36,98,76,17,90,19,29,51,99,87,21,58,49,14,
251	9	15	2.575	9,63,65,47,97,73,32,79,93,36,98,76,17,90,19,29,38,51,54,33,23,15,
251	9	13	2.116	9,65,47,97,32,79,93,78,83,66,36,76,98,56,57,35,61,16,13,
251	14	15	2.126	14,49,58,21,23,33,54,81,70,28,95,37,27,24,84,15,
251	13	15	2.033	13,16,61,35,57,56,98,76,17,90,19,29,38,51,33,23,15,
251	13	14	1.956	13,16,61,35,57,56,98,76,17,90,19,99,87,21,58,49,14,
251	12	14	2.076	12,35,57,56,98,76,17,90,19,29,38,51,99,87,58,49,14,
251	11	12	2.161	11,40,83,78,97,73,32,79,93,36,66,71,94,57,35,12,
251	11	14	2.027	11,40,83,66,36,98,76,17,90,19,99,87,21,58,49,14,
251	11	15	2.382	11,40,83,66,36,76,17,90,19,29,38,51,99,87,21,33,23,15,
251	12	13	2.102	12,94,71,83,78,32,79,93,36,98,56,57,35,61,16,13,
251	11	13	1.896	11,40,83,78,32,79,93,36,66,71,94,57,35,61,16,13,
251	12	15	2.514	12,35,57,56,98,76,17,90,19,29,38,51,99,87,49,58,21,33,23,15,
