4	0	2	2.292	0,44,24,94,49,57,93,27,63,35,30,81,19,25,90,2,
4	0	3	2.198	0,44,24,94,49,57,93,27,63,31,30,58,22,59,42,3,
4	0	4	2.276	0,44,24,94,49,57,93,27,63,31,35,81,30,45,58,22,59,42,4,
4	0	5	2.268	0,44,24,94,49,57,93,27,63,31,30,58,22,59,32,68,66,82,5,
4	0	6	2.373	0,44,24,94,49,93,63,31,30,58,22,59,32,68,82,73,83,34,6,
4	0	7	2.693	0,44,24,94,49,93,27,63,31,45,66,68,82,73,83,34,38,91,98,7,
4	0	1	2.319	0,44,24,94,49,57,93,27,63,35,74,43,18,76,1,
4	0	11	2.702	0,44,70,40,88,20,41,65,53,89,33,28,26,86,21,23,61,11,
4	0	10	2.771	0,44,24,94,49,93,35,63,27,95,17,52,46,71,87,99,48,50,39,92,10,
4	0	8	2.902	0,16,18,74,93,27,63,31,45,66,68,82,73,83,34,38,91,98,96,8,
4	0	9	2.96	0,44,70,40,88,20,41,65,53,89,33,71,87,99,48,50,39,92,47,9,
4	0	14	2.343	0,44,24,65,53,89,33,28,86,26,37,51,75,62,14,
4	0	13	2.313	0,44,77,70,40,65,53,89,33,28,86,26,36,78,97,13,
4	1	4	1.741	1,76,18,43,74,93,27,63,31,45,58,22,59,42,4,
4	0	15	2.463	0,44,24,72,65,53,33,89,41,20,88,40,70,77,15,
4	1	3	1.972	1,76,18,43,74,93,27,63,31,45,58,22,59,42,3,
4	1	2	2.114	1,76,18,43,74,93,27,63,31,35,30,81,19,25,90,2,
4	0	12	2.475	0,44,70,40,88,20,41,65,53,89,33,28,86,26,36,78,97,12,
4	1	8	2.729	1,76,18,43,81,30,58,22,59,32,68,82,73,34,38,91,98,96,8,
4	1	5	2.106	1,76,18,74,93,27,63,31,30,58,22,59,32,68,66,82,73,83,5,
4	1	6	2.213	1,76,18,74,93,27,63,31,45,58,22,59,32,68,82,73,83,34,6,
4	1	7	2.555	1,76,18,43,81,30,58,22,59,32,68,66,82,73,83,34,38,91,98,7,
4	1	15	2.372	1,76,18,24,65,53,33,89,41,20,88,40,70,77,15,
4	2	5	1.681	2,90,25,19,81,42,22,59,32,68,66,82,73,83,5,
4	2	4	1.694	2,90,25,19,43,74,93,63,31,45,58,22,59,42,4,
4	2	3	1.938	2,90,25,19,81,35,93,27,63,31,30,58,22,59,42,3,
4	2	6	2.061	2,90,25,19,81,30,45,58,22,42,59,32,68,66,82,73,83,34,6,
4	1	14	2.246	1,76,18,94,49,72,65,53,33,89,41,20,88,62,14,
4	1	13	2.647	1,76,18,43,74,49,94,24,65,53,89,33,28,86,26,36,78,97,13,
4	1	9	2.797	1,76,18,43,74,35,31,63,93,27,95,17,52,46,71,87,99,48,50,29,9,
4	1	12	2.579	1,76,16,18,43,74,49,94,72,53,89,33,28,86,26,36,78,97,64,12,
4	1	11	2.678	1,76,18,43,74,35,31,63,93,27,95,17,52,46,71,85,56,54,60,21,11,
4	1	10	2.658	1,76,18,43,74,35,31,63,93,27,95,17,52,46,71,87,99,48,50,39,92,10,
4	3	5	1.691	3,25,19,81,30,58,22,42,59,32,68,66,82,83,5,
4	3	4	1.669	3,25,19,43,74,93,27,63,31,45,58,22,59,42,4,
4	2	7	2.244	2,90,19,81,30,58,22,59,32,68,66,82,73,83,34,38,91,98,7,
4	2	15	2.457	2,90,25,19,81,35,31,63,27,93,57,49,94,24,40,70,77,15,
4	2	8	2.489	2,90,19,25,3,42,22,59,32,68,66,82,73,83,34,38,91,98,96,8,
4	2	9	2.612	2,90,25,19,81,35,31,63,93,27,95,17,52,46,71,87,99,48,29,9,
4	2	14	2.538	2,90,25,19,43,74,49,94,24,65,53,33,89,41,20,88,62,14,
4	2	13	2.586	2,90,25,19,43,74,49,94,24,65,53,89,33,28,86,26,36,78,13,
4	2	12	2.486	2,90,25,19,43,74,49,94,72,53,89,33,28,86,26,36,78,97,64,12,
4	2	11	2.638	2,90,25,19,43,74,93,63,27,95,17,52,46,71,87,85,56,54,60,21,11,
4	2	10	2.595	2,90,25,19,81,35,63,93,27,95,17,52,46,71,87,85,99,48,50,39,92,10,
4	4	5	1.473	4,42,59,22,58,45,67,55,66,68,82,73,34,83,5,
4	3	7	2.172	3,42,59,22,58,32,68,66,82,83,73,55,67,80,69,91,98,7,
4	3	8	2.343	3,42,22,59,32,68,66,82,73,83,34,55,67,80,91,98,96,8,
4	3	6	2.077	3,81,35,93,27,63,31,30,58,22,42,59,32,68,66,73,83,34,6,
4	3	15	2.393	3,42,59,22,58,30,31,63,27,93,57,49,94,24,40,70,77,15,
4	3	9	2.513	3,42,59,22,58,45,31,63,93,27,95,17,52,46,87,99,48,29,9,
4	3	14	2.554	3,42,59,22,58,45,31,63,27,93,57,72,53,89,41,20,88,62,14,
4	3	13	2.622	3,42,59,22,58,30,35,31,63,27,93,57,72,53,89,41,37,51,75,13,
4	3	12	2.605	3,42,59,22,58,45,31,63,93,27,95,17,52,46,87,85,56,54,60,21,64,12,
4	3	10	2.525	3,42,59,22,58,45,31,63,35,93,27,95,17,52,46,87,99,48,50,39,92,10,
4	3	11	2.657	3,42,59,22,58,30,31,63,35,93,27,95,17,52,46,71,87,85,56,54,60,21,11,
4	5	6	1.631	5,32,59,22,58,45,67,55,66,68,82,73,83,34,6,
4	4	6	1.787	4,42,59,22,58,30,35,93,27,63,31,45,66,68,82,73,34,6,
4	4	7	1.837	4,42,22,59,32,68,66,82,83,73,55,67,80,69,91,98,7,
4	4	8	2.136	4,42,59,22,58,32,68,66,82,83,73,55,67,80,91,98,96,8,
4	4	9	2.317	4,42,59,22,58,30,31,63,93,27,95,17,52,46,71,87,99,48,29,9,
4	4	15	2.337	4,42,59,22,58,30,81,35,63,95,27,93,57,49,94,24,44,77,15,
4	4	10	2.181	4,42,59,22,58,30,31,63,27,95,17,52,46,71,87,99,48,50,39,92,10,
4	4	13	2.407	4,42,59,22,58,30,31,63,27,93,57,72,53,33,89,41,37,51,75,13,
4	4	14	2.415	4,42,59,22,58,45,31,35,63,27,93,57,72,53,89,41,20,88,62,14,
4	4	12	2.374	4,42,59,22,58,45,31,63,93,27,95,17,52,46,87,85,56,54,60,21,64,12,
4	4	11	2.419	4,42,59,22,58,30,81,35,63,93,27,95,17,52,46,87,85,56,54,60,21,11,
4	5	7	1.709	5,32,59,22,58,66,68,82,73,83,34,38,91,98,7,
4	6	7	1.891	6,34,83,73,82,32,68,66,55,67,80,38,91,69,98,7,
4	6	8	2.016	6,34,83,73,82,68,66,55,67,80,38,91,69,98,96,8,
4	5	8	2.143	5,83,73,82,66,68,32,59,22,58,45,55,67,80,91,98,96,8,
4	5	9	2.413	5,82,68,66,45,31,63,93,27,95,17,52,46,71,87,99,48,50,29,9,
4	5	10	2.274	5,82,68,66,45,31,63,93,27,95,17,52,46,71,87,99,48,50,39,92,10,
4	5	13	2.481	5,82,68,32,59,22,58,45,31,63,27,93,57,72,65,41,37,51,75,13,
4	5	15	2.421	5,82,66,68,32,59,22,58,45,31,63,27,93,57,49,94,24,44,77,15,
4	5	11	2.442	5,83,73,82,68,66,45,31,63,93,27,95,17,52,46,71,85,56,54,60,21,11,
4	5	14	2.513	5,82,66,68,32,59,22,58,30,31,63,27,93,57,49,94,24,40,88,62,14,
4	5	12	2.508	5,83,73,82,68,66,45,31,63,93,27,95,17,52,46,71,85,56,54,60,21,64,12,
4	7	8	2.228	7,98,91,38,34,83,73,82,68,66,55,67,80,79,96,8,
4	6	9	2.292	6,34,83,73,82,68,66,55,67,80,84,99,48,50,29,9,
4	7	9	2.399	7,98,91,38,34,83,73,82,68,66,55,67,80,69,79,9,
4	7	10	2.295	7,98,91,38,55,67,17,52,46,87,99,48,50,39,92,10,
4	7	11	2.359	7,98,91,69,80,52,46,71,87,85,56,54,60,21,23,61,11,
4	6	10	2.249	6,34,83,73,82,68,66,55,67,80,84,87,99,48,50,39,92,10,
4	6	11	2.375	6,34,83,73,82,68,66,55,67,17,52,46,71,85,56,54,60,21,11,
4	6	15	2.442	6,34,83,73,82,68,32,59,22,58,30,31,63,93,49,94,24,40,15,
4	6	12	2.471	6,34,83,73,82,68,66,55,67,17,52,46,87,85,56,54,60,21,64,12,
4	6	13	2.543	6,34,83,73,82,68,66,45,31,63,27,93,57,72,65,41,37,51,75,13,
4	6	14	2.535	6,34,83,73,82,68,66,45,31,63,27,93,57,49,94,24,40,88,62,14,
4	8	9	2.577	8,96,98,91,38,34,83,73,82,68,66,55,67,80,79,9,
4	8	10	2.449	8,96,98,91,69,80,17,52,46,71,87,99,48,50,39,92,10,
4	8	11	2.545	8,96,98,91,69,80,52,46,71,85,56,54,60,21,23,61,11,
4	8	12	2.411	8,96,79,84,87,99,85,56,54,28,86,26,36,78,97,64,12,
4	8	13	2.797	8,96,79,84,87,85,71,33,89,53,65,41,28,86,26,36,78,97,13,
4	7	12	2.622	7,98,91,69,80,17,52,46,71,87,85,56,54,86,26,36,78,97,64,12,
4	8	14	2.861	8,96,98,91,69,80,17,52,46,71,33,89,53,65,41,20,88,62,14,
4	7	14	2.719	7,98,91,69,80,17,95,27,63,93,57,72,53,89,41,20,88,62,14,
4	8	15	2.908	8,96,98,91,80,67,17,95,27,63,93,57,49,94,24,44,70,77,15,
4	7	13	2.745	7,98,91,38,55,67,17,52,46,71,33,89,53,65,41,37,51,75,13,
4	7	15	2.762	7,98,91,38,34,83,73,82,68,66,45,31,63,27,93,49,94,24,40,15,
4	9	10	2.575	9,47,92,39,50,48,99,84,87,71,85,56,54,60,21,23,61,10,
4	10	12	2.14	10,92,39,50,48,99,85,56,54,28,86,26,36,78,97,64,12,
4	9	12	2.243	9,29,50,39,92,61,23,21,60,86,28,26,36,78,97,64,12,
4	10	11	2.344	10,92,39,50,48,99,85,56,54,28,26,86,60,21,23,61,11,
4	9	11	2.492	9,47,92,39,50,48,99,84,87,71,85,56,54,60,21,23,61,11,
4	10	13	2.325	10,92,39,50,48,99,85,33,89,53,65,41,20,37,51,75,13,
4	10	14	2.453	10,92,39,50,48,99,84,87,85,33,89,53,65,41,20,88,62,14,
4	9	13	2.704	9,47,92,39,50,48,99,87,85,33,89,53,65,41,20,37,51,75,13,
4	9	14	2.713	9,47,92,39,50,48,99,85,87,71,33,89,53,65,41,20,88,62,14,
4	9	15	2.894	9,47,92,39,50,48,99,85,87,71,33,89,53,65,41,20,40,70,77,15,
4	10	15	2.761	10,92,39,50,48,99,84,87,85,33,89,53,65,41,20,88,40,70,77,15,
4	13	15	2.311	13,97,78,36,26,86,28,33,89,53,65,24,40,70,77,15,
4	14	15	2.31	14,62,75,51,37,41,89,33,53,65,24,44,70,77,15,
4	12	14	2.077	12,64,36,26,86,28,33,89,53,65,41,20,88,62,14,
4	13	14	2.14	13,78,36,26,86,28,33,89,53,65,41,20,88,62,14,
4	12	13	2.105	12,97,78,36,26,86,28,33,89,53,65,41,37,51,75,13,
4	11	12	2.188	11,61,23,92,39,50,48,56,54,28,86,26,36,78,97,64,12,
4	11	13	2.384	11,61,23,21,60,54,56,85,33,89,53,65,41,37,51,75,13,
4	11	14	2.393	11,61,23,21,60,54,56,85,33,89,53,65,41,20,88,62,14,
4	11	15	2.622	11,61,23,21,60,86,28,33,89,53,65,41,20,88,40,70,77,15,
4	12	15	2.386	12,64,97,78,36,26,86,28,33,89,53,65,41,20,40,70,77,15,
