444	0	1	2.011	0,76,61,48,96,97,16,33,75,60,71,70,34,84,45,1,
444	0	2	2.162	0,76,61,48,96,16,33,75,60,49,85,19,28,92,2,
444	0	3	2.064	0,62,76,61,48,96,16,33,75,60,49,19,92,28,3,
444	0	4	2.499	0,76,61,48,97,96,16,33,75,70,71,49,85,19,92,28,55,4,
444	0	5	2.366	0,81,27,84,34,70,71,49,60,72,88,29,39,44,59,89,90,53,5,
444	0	6	2.518	0,27,84,34,70,71,49,85,19,92,28,55,17,29,44,59,89,90,47,78,6,
444	0	7	2.694	0,27,84,34,70,71,49,60,88,72,29,39,59,89,90,47,73,65,83,7,
444	0	8	2.76	0,27,84,34,70,71,60,72,29,39,44,59,89,90,47,73,65,83,51,8,
444	0	9	2.799	0,76,61,48,97,96,16,41,66,99,31,32,98,79,26,86,95,50,24,9,
444	0	10	2.602	0,76,61,48,97,96,16,41,66,99,31,68,22,64,25,86,26,95,74,10,
444	0	11	2.525	0,76,61,48,97,96,16,41,66,99,31,68,22,21,37,94,91,20,11,
444	0	12	2.237	0,76,61,48,96,16,41,66,99,31,68,22,37,21,40,43,12,
444	0	13	2.225	0,76,61,48,96,16,41,66,99,32,31,68,56,63,67,54,13,
444	0	14	2.119	0,27,84,34,70,75,33,16,96,97,48,61,87,23,57,14,
444	0	15	2.009	0,81,27,84,34,70,75,33,16,96,97,48,61,76,62,15,
444	1	2	2.054	1,45,27,84,34,70,33,75,60,49,19,28,92,85,2,
444	1	3	1.981	1,45,84,27,81,34,70,71,49,60,88,72,19,92,28,3,
444	1	4	1.922	1,45,84,27,81,34,70,71,49,85,19,92,28,55,17,4,
444	1	5	1.869	1,45,84,34,70,71,60,72,29,39,44,59,89,90,53,5,
444	1	6	2.276	1,45,84,34,70,71,49,60,88,72,29,39,44,59,90,89,58,65,73,47,78,6,
444	1	7	2.509	1,45,84,34,70,71,60,88,72,29,39,44,59,90,89,47,78,73,65,83,7,
444	1	8	2.694	1,45,84,34,70,71,60,88,72,29,39,44,59,89,90,47,78,73,65,83,51,8,
444	1	9	2.57	1,45,84,34,70,71,49,60,88,72,29,44,39,93,38,35,36,24,50,9,
444	1	10	2.412	1,45,84,34,70,75,33,16,41,66,99,31,98,79,26,86,95,74,10,
444	1	11	2.48	1,45,84,34,70,75,33,97,96,16,41,66,99,31,22,37,94,91,20,11,
444	1	12	2.388	1,45,84,34,70,75,33,97,96,16,41,66,99,31,68,22,21,40,43,12,
444	1	13	2.164	1,45,84,34,70,75,33,16,41,66,99,31,68,56,63,67,54,13,
444	1	14	1.899	1,45,84,34,70,75,33,16,96,97,48,61,87,23,57,14,
444	1	15	1.828	1,45,84,34,70,71,60,75,33,16,96,48,61,76,62,15,
444	2	3	2.197	2,92,28,19,85,49,60,72,29,39,44,59,17,55,3,
444	2	4	2.19	2,92,19,85,49,60,72,29,44,39,59,89,90,53,4,
444	2	5	1.984	2,92,19,85,49,60,72,29,39,44,59,89,90,53,5,
444	2	6	2.158	2,85,19,92,28,55,17,29,39,44,59,90,89,58,65,73,47,78,6,
444	2	7	2.465	2,85,19,92,28,55,17,29,39,44,59,89,90,47,78,73,65,83,7,
444	2	8	2.652	2,85,19,92,28,55,17,29,39,44,59,89,90,47,78,73,65,83,51,8,
444	2	9	2.774	2,85,19,92,28,55,17,59,89,90,47,73,65,93,38,35,36,24,50,9,
444	2	10	2.561	2,85,49,60,88,72,29,44,39,18,82,77,98,79,26,86,95,74,10,
444	2	11	2.64	2,85,49,60,75,33,97,96,16,41,66,99,31,68,22,37,94,91,20,11,
444	2	12	2.65	2,92,19,85,49,60,75,33,16,41,66,99,31,68,22,37,21,40,43,12,
444	2	13	2.431	2,85,49,60,75,33,97,96,16,41,66,99,31,68,56,63,67,54,13,
444	2	14	2.458	2,92,28,19,85,49,71,70,34,84,27,81,97,96,48,61,87,57,14,
444	2	15	1.943	2,92,19,85,49,60,75,33,16,96,48,61,76,62,15,
444	3	4	2.039	3,28,92,19,85,49,60,72,29,39,44,59,17,55,4,
444	3	5	1.858	3,28,92,19,49,60,72,29,39,44,59,89,90,53,5,
444	3	6	1.795	3,28,92,19,55,17,29,39,44,59,89,90,47,78,6,
444	3	7	2.118	3,28,55,17,29,39,44,59,89,90,47,78,73,65,83,7,
444	3	8	2.508	3,28,92,19,55,17,29,39,44,59,89,90,47,78,73,65,83,51,8,
444	3	9	2.657	3,28,92,19,85,49,60,75,33,16,41,66,99,31,98,79,42,50,9,
444	3	10	2.602	3,28,92,19,49,60,72,29,44,39,18,82,77,98,79,26,86,95,74,10,
444	3	11	2.529	3,28,92,19,49,60,75,33,16,41,66,99,31,22,37,94,91,20,11,
444	3	12	2.524	3,28,92,19,49,60,75,33,16,41,66,99,31,68,22,37,21,40,43,12,
444	3	13	2.539	3,28,92,19,49,60,75,33,97,96,16,41,66,99,31,68,56,63,67,54,13,
444	3	14	2.463	3,28,92,19,85,49,71,70,34,84,27,81,33,16,96,48,61,87,57,14,
444	3	15	2.153	3,28,92,19,85,49,71,70,34,84,27,81,97,96,48,61,76,62,15,
444	4	5	2.078	4,55,28,92,19,49,60,72,29,44,59,89,90,53,5,
444	4	6	1.944	4,55,17,29,39,44,59,53,90,89,58,65,73,47,78,6,
444	4	7	2.224	4,55,17,29,39,44,59,89,90,47,78,73,65,83,51,7,
444	4	8	2.662	4,55,17,29,39,44,59,89,90,47,78,73,65,58,93,38,35,51,8,
444	4	9	2.738	4,53,90,89,47,78,73,65,58,93,38,80,69,79,26,86,95,74,50,24,9,
444	4	10	2.757	4,53,90,89,47,73,65,58,59,44,39,18,82,77,98,79,26,95,74,10,
444	4	11	2.666	4,53,90,89,47,78,73,65,58,93,38,80,69,79,26,86,25,94,91,20,11,
444	4	12	2.673	4,55,28,92,19,49,60,75,33,16,41,66,99,31,22,21,40,43,12,
444	4	13	2.608	4,55,28,92,19,85,49,60,75,33,16,41,66,56,63,46,67,54,13,
444	4	14	2.56	4,55,28,92,19,85,49,71,70,34,84,27,81,97,96,48,61,87,57,14,
444	4	15	2.415	4,55,28,92,19,85,49,71,70,75,33,16,96,97,48,61,76,62,15,
444	5	6	2.317	5,53,90,89,47,78,73,65,58,93,38,80,69,35,51,83,6,
444	5	7	2.061	5,53,90,89,47,78,73,65,58,93,38,80,69,35,51,83,7,
444	5	8	2.527	5,53,90,89,47,73,65,93,38,80,69,79,26,95,74,50,24,36,8,
444	5	9	2.452	5,53,90,89,47,78,73,65,58,93,38,80,69,42,26,86,95,74,50,9,
444	5	10	2.547	5,78,47,73,58,89,90,59,44,39,18,82,77,98,79,26,95,74,10,
444	5	11	2.47	5,53,90,89,47,78,73,65,58,93,38,80,69,79,26,86,25,94,91,20,11,
444	5	12	2.637	5,53,90,89,47,73,65,58,93,38,80,69,79,26,86,25,94,37,21,43,12,
444	5	13	2.573	5,53,90,89,59,44,29,39,18,77,98,31,99,66,41,56,63,67,54,13,
444	5	14	2.541	5,53,90,89,59,44,39,29,72,88,60,75,33,16,96,97,48,61,87,57,14,
444	5	15	2.426	5,53,90,89,59,44,39,29,72,88,60,75,33,16,96,97,48,61,76,62,15,
444	6	7	2.078	6,78,47,73,65,58,89,90,59,44,39,93,38,35,51,7,
444	6	8	2.11	6,78,47,73,65,58,89,90,59,44,29,39,93,38,35,8,
444	6	9	2.175	6,78,47,73,65,58,93,38,80,69,79,26,86,95,74,50,24,9,
444	6	10	2.22	6,78,47,90,89,73,65,58,93,38,80,69,42,79,26,86,95,74,10,
444	6	11	2.359	6,78,47,90,89,73,65,58,93,38,80,69,79,26,86,25,94,91,20,11,
444	6	12	2.404	6,78,47,73,65,58,93,38,80,69,79,26,86,25,94,37,21,40,43,12,
444	6	13	2.4	6,78,47,73,65,58,93,18,82,77,98,31,99,66,41,56,63,67,54,13,
444	6	14	2.373	6,78,47,89,59,44,39,29,72,88,75,33,16,96,48,61,87,57,14,
444	6	15	2.297	6,78,47,90,89,59,44,39,29,72,88,75,33,16,96,48,61,76,62,15,
444	7	8	2.247	7,83,51,35,38,80,69,42,79,26,86,95,74,50,24,36,8,
444	7	9	2.305	7,83,51,35,38,80,69,42,79,26,86,95,74,50,24,36,9,
444	7	10	2.523	7,6,78,47,90,89,73,65,58,93,38,80,69,79,26,86,95,74,10,
444	7	11	2.556	7,83,51,35,38,80,69,36,24,50,74,95,86,26,79,25,94,20,91,11,
444	7	12	2.524	7,51,35,36,24,50,74,95,86,26,79,25,94,20,91,37,21,40,43,12,
444	7	13	2.723	7,51,35,38,80,69,79,26,86,25,94,20,91,37,21,40,43,52,30,13,
444	7	14	2.617	7,51,35,38,80,82,18,77,98,32,31,99,66,41,56,63,67,46,23,57,14,
444	7	15	2.625	7,83,65,73,47,89,59,44,29,72,88,75,33,16,96,48,61,76,62,15,
444	8	9	2.492	8,35,83,65,73,78,47,89,58,93,38,80,69,36,24,50,9,
444	8	10	2.602	8,36,24,50,74,95,86,26,79,25,94,20,91,37,21,43,40,11,10,
444	8	11	1.988	8,36,24,50,74,95,26,86,94,20,91,37,21,43,40,11,
444	8	12	2.387	8,36,24,50,74,95,86,26,79,25,94,20,91,37,21,40,43,52,30,12,
444	8	13	2.492	8,36,24,50,74,95,86,26,79,25,94,20,91,37,21,43,52,30,13,
444	8	14	2.547	8,35,38,80,82,18,77,98,32,31,99,66,41,56,63,67,46,23,57,14,
444	8	15	2.695	8,36,24,50,74,95,26,79,98,31,99,66,41,16,96,48,61,76,62,15,
444	9	10	2.325	9,24,36,42,79,26,86,25,94,37,21,43,40,11,91,20,10,
444	9	11	1.927	9,50,74,95,86,26,79,25,94,20,91,37,21,43,40,11,
444	9	12	1.791	9,24,50,74,95,86,26,79,25,94,20,91,37,21,43,12,
444	9	13	2.576	9,24,50,74,95,26,86,25,64,22,68,31,99,66,41,56,63,46,67,54,13,
444	9	14	2.424	9,24,50,74,95,86,26,79,98,31,99,66,41,56,63,67,46,23,57,14,
444	9	15	2.514	9,24,50,95,86,26,79,98,31,99,66,41,16,96,48,61,76,62,15,
444	10	11	1.841	10,74,95,86,26,79,64,25,94,20,91,37,21,43,40,11,
444	10	12	1.695	10,74,95,26,86,25,94,20,91,37,21,40,43,52,30,12,
444	10	13	2.032	10,74,95,86,26,79,25,94,20,91,37,21,40,43,52,30,13,
444	10	14	2.303	10,74,95,26,86,25,64,22,68,31,99,66,41,56,63,67,46,23,57,14,
444	10	15	2.349	10,74,95,26,86,25,64,98,31,99,66,41,16,96,48,61,76,62,15,
444	11	12	1.931	11,20,91,94,25,86,26,79,64,37,21,40,43,52,30,12,
444	11	13	2.118	11,20,91,37,21,22,68,31,99,32,41,66,56,63,67,54,13,
444	11	14	2.087	11,20,91,94,37,22,68,31,99,66,41,56,63,67,46,23,57,14,
444	11	15	2.214	11,20,91,94,37,22,68,31,99,66,41,16,96,48,61,76,62,15,
444	12	13	1.892	12,43,40,21,37,22,68,31,99,66,41,56,63,67,54,13,
444	12	14	1.916	12,43,40,21,37,22,31,99,66,41,56,63,67,23,57,14,
444	12	15	2.01	12,43,40,21,22,31,99,66,41,16,96,48,61,76,62,15,
444	13	14	2.06	13,54,67,63,56,68,31,99,66,41,48,61,87,23,57,14,
444	13	15	2.023	13,54,67,63,56,66,99,31,32,16,96,48,61,76,62,15,
444	14	15	1.972	14,23,54,67,63,56,66,41,16,96,97,48,61,76,62,15,
