250	0	1	2.531	0,84,28,44,30,85,26,98,96,78,57,34,31,23,52,1,
250	0	2	2.485	0,84,66,28,44,30,85,78,57,21,97,56,46,82,33,69,2,
250	0	3	2.309	0,84,66,28,44,30,85,78,57,34,31,19,82,33,99,53,3,
250	0	4	2.509	0,84,66,28,44,30,85,78,57,34,21,97,56,86,72,60,63,51,4,
250	0	5	2.64	0,35,23,31,34,57,21,97,56,59,86,72,60,63,41,62,67,39,5,
250	0	6	2.726	0,84,66,28,44,30,85,78,57,34,21,97,56,86,59,94,41,62,67,68,6,
250	0	7	2.617	0,84,66,28,44,30,85,78,57,21,97,56,86,59,42,71,25,90,76,73,7,
250	0	8	2.633	0,84,44,30,85,26,98,58,95,43,20,87,55,24,93,89,75,29,8,
250	0	9	2.575	0,84,28,44,30,85,26,98,96,58,95,43,74,80,20,87,55,24,9,
250	0	10	2.432	0,84,66,28,44,30,85,78,26,98,96,58,95,43,74,80,20,87,18,10,
250	0	11	2.244	0,84,66,28,44,30,85,78,26,98,96,58,95,43,20,87,18,11,
250	0	12	2.2	0,84,66,28,44,30,85,26,98,96,58,95,43,32,48,91,22,12,
250	0	13	2.199	0,84,44,30,85,26,98,96,58,95,43,32,48,81,13,
250	0	14	2.265	0,84,66,28,44,30,85,26,96,98,61,40,49,47,14,
250	0	15	2.207	0,35,23,31,34,57,78,26,85,30,44,28,66,84,50,15,
250	1	2	2.558	1,35,92,44,30,85,78,57,21,97,56,46,19,82,33,69,2,
250	1	3	2.381	1,35,23,31,34,57,21,97,56,46,19,82,33,69,99,53,3,
250	1	4	2.276	1,52,23,31,34,57,21,97,56,59,86,72,60,63,51,4,
250	1	5	2.556	1,52,23,31,34,57,21,97,56,86,72,60,63,41,62,67,39,5,
250	1	6	2.687	1,52,23,31,34,57,21,97,56,86,59,42,71,25,90,76,73,88,70,68,6,
250	1	7	2.641	1,35,92,44,30,85,78,57,21,97,56,86,59,42,71,25,90,76,73,7,
250	1	8	2.611	1,35,23,31,34,57,21,97,56,86,59,42,71,25,90,76,73,75,29,8,
250	1	9	2.62	1,35,92,44,30,85,26,98,96,58,95,43,80,20,87,18,55,24,9,
250	1	10	2.554	1,35,92,44,30,85,78,26,98,96,58,95,43,74,80,20,87,55,18,10,
250	1	11	2.569	1,35,23,31,34,57,78,26,98,96,58,95,43,74,80,20,87,55,18,11,
250	1	12	2.314	1,35,92,44,30,85,78,26,98,96,58,95,43,32,48,91,22,12,
250	1	13	2.445	1,35,92,44,30,85,78,26,98,96,58,95,43,32,48,91,81,13,
250	1	14	2.446	1,35,23,31,34,57,78,96,98,26,85,30,44,28,66,47,14,
250	1	15	2.236	1,64,52,23,31,34,57,78,26,85,30,44,28,66,50,15,
250	2	3	2.338	2,64,52,23,31,34,57,21,97,56,46,19,82,33,99,53,3,
250	2	4	2.296	2,53,99,82,19,46,97,56,86,72,60,63,51,77,27,4,
250	2	5	2.414	2,64,52,19,82,33,69,53,99,77,51,63,60,41,62,67,39,5,
250	2	6	2.581	2,53,99,77,51,63,60,41,62,67,79,17,25,90,76,73,88,70,68,6,
250	2	7	2.63	2,53,99,69,33,82,19,46,97,21,56,86,59,42,71,25,17,90,76,73,7,
250	2	8	2.552	2,53,99,77,51,63,60,41,62,67,79,94,17,25,90,76,73,75,29,8,
250	2	9	2.641	2,64,52,23,31,34,57,78,26,98,96,58,95,43,20,87,18,55,24,9,
250	2	10	2.586	2,64,52,23,31,34,57,78,26,98,96,58,95,43,74,80,20,87,55,18,10,
250	2	11	2.58	2,64,52,23,31,34,57,78,26,98,96,58,95,43,74,80,20,87,55,18,11,
250	2	12	2.419	2,64,52,23,31,34,57,78,85,26,98,96,58,95,43,32,48,22,12,
250	2	13	2.612	2,64,52,23,31,34,57,78,26,98,96,58,95,43,74,32,48,91,81,13,
250	2	14	2.659	2,69,33,82,19,46,56,97,21,31,34,57,78,26,85,30,44,28,66,47,14,
250	2	15	2.168	2,64,52,23,31,34,57,78,26,85,30,44,28,66,50,15,
250	3	4	2.097	3,53,99,33,82,19,46,97,56,86,72,60,63,77,27,4,
250	3	5	2.068	3,53,99,77,51,63,60,41,62,67,79,70,88,68,39,5,
250	3	6	1.991	3,53,99,77,51,63,60,72,41,62,67,79,70,88,68,6,
250	3	7	2.5	3,53,99,33,82,19,31,34,57,21,97,56,86,59,42,71,25,90,76,73,7,
250	3	8	2.347	3,53,99,77,51,63,60,41,62,67,79,94,17,25,90,76,73,75,29,8,
250	3	9	2.557	3,53,99,77,51,63,60,41,62,67,79,17,25,90,76,73,29,75,89,9,
250	3	10	2.417	3,53,99,69,33,82,19,31,34,57,78,26,98,96,58,95,43,20,87,18,10,
250	3	11	2.507	3,53,99,82,19,31,34,57,78,26,98,96,58,95,43,74,80,20,87,18,11,
250	3	12	2.457	3,53,99,69,33,82,19,31,34,57,78,26,98,96,58,95,43,32,48,91,22,12,
250	3	13	2.53	3,53,99,69,33,82,19,31,34,57,78,26,98,58,95,43,32,48,91,81,13,
250	3	14	2.544	3,53,99,33,82,19,46,56,97,21,34,57,78,26,85,30,44,28,66,47,14,
250	3	15	2.366	3,53,99,69,33,82,19,46,56,97,21,57,78,85,30,44,28,66,50,15,
250	4	5	2.019	4,27,77,51,63,60,72,86,59,42,25,17,79,67,39,5,
250	4	6	1.977	4,27,51,63,60,41,62,67,79,17,25,90,76,88,70,68,6,
250	4	7	1.867	4,27,77,51,63,60,72,86,59,42,71,25,90,76,73,7,
250	4	8	1.88	4,27,77,51,63,60,41,62,67,79,70,76,73,75,29,8,
250	4	9	2.401	4,27,77,51,63,60,41,62,67,79,17,25,90,76,73,29,75,89,93,9,
250	4	10	2.389	4,27,51,63,60,72,86,59,42,71,38,16,45,58,95,43,20,87,18,10,
250	4	11	2.457	4,27,77,51,63,60,72,86,56,97,21,57,78,26,98,96,58,95,43,80,11,
250	4	12	2.434	4,27,51,63,60,72,86,56,97,21,57,78,26,98,58,95,43,32,48,22,12,
250	4	13	2.508	4,27,51,63,60,72,86,59,42,71,16,45,58,95,43,32,48,91,81,13,
250	4	14	2.341	4,51,63,60,72,86,56,97,21,34,57,78,85,30,44,28,66,47,14,
250	4	15	2.271	4,27,51,63,60,72,86,56,97,21,57,78,85,30,44,28,66,50,15,
250	5	6	2.063	5,39,67,62,41,60,72,86,59,42,71,25,17,79,68,6,
250	5	7	2.021	5,39,67,62,41,72,86,59,42,71,25,17,90,76,73,7,
250	5	8	2.011	5,39,67,62,41,94,59,42,71,25,90,76,73,75,29,8,
250	5	9	2.476	5,39,67,62,41,94,59,42,71,25,17,90,76,73,29,75,89,93,9,
250	5	10	2.409	5,39,67,62,94,17,25,42,71,38,16,45,58,95,43,20,87,18,10,
250	5	11	2.383	5,39,67,94,86,56,97,21,57,78,26,98,96,58,95,43,80,11,
250	5	12	2.481	5,63,60,72,86,56,97,21,57,78,26,98,96,58,95,43,32,22,12,
250	5	13	2.648	5,39,67,62,41,94,17,25,42,71,38,16,45,58,95,43,32,48,91,81,13,
250	5	14	2.428	5,39,67,62,41,94,86,56,97,21,57,78,85,30,44,28,66,47,14,
250	5	15	2.355	5,39,67,62,41,72,86,56,97,21,57,34,30,44,28,66,50,15,
250	6	7	2.01	6,68,67,62,41,60,72,86,59,42,71,25,90,76,73,7,
250	6	8	2.027	6,68,39,67,62,41,94,79,17,25,90,76,73,75,29,8,
250	6	9	2.402	6,68,67,62,41,63,60,72,86,59,42,71,25,17,90,83,93,9,
250	6	10	2.312	6,68,70,17,25,42,71,16,45,58,95,43,74,80,20,87,18,10,
250	6	11	2.31	6,68,70,17,25,42,71,38,16,45,96,98,58,95,43,74,80,11,
250	6	12	2.39	6,68,70,17,25,42,71,16,45,58,95,43,20,80,74,32,48,22,12,
250	6	13	2.624	6,68,79,17,25,42,71,38,16,45,65,96,98,58,95,43,32,48,91,81,13,
250	6	14	2.563	6,68,70,17,25,71,42,59,86,56,97,21,34,57,78,85,30,44,28,66,47,14,
250	6	15	2.447	6,68,70,17,25,71,42,59,86,56,97,21,57,78,85,30,44,28,66,50,15,
250	7	8	2.177	7,73,76,90,25,42,71,38,65,45,16,37,83,89,75,29,8,
250	7	9	2.255	7,73,76,90,17,25,42,71,38,65,45,16,37,83,89,93,9,
250	7	10	2.1	7,73,76,90,25,42,71,16,45,58,95,43,20,87,18,10,
250	7	11	2.228	7,73,76,90,17,25,42,71,38,16,45,58,95,43,20,87,18,11,
250	7	12	2.302	7,73,76,90,25,42,71,38,16,45,96,58,95,43,32,48,91,22,12,
250	7	13	2.463	7,73,76,90,25,42,71,16,45,96,98,58,95,43,32,48,91,81,13,
250	7	14	2.449	7,73,76,90,25,71,42,59,86,56,97,21,57,78,85,30,44,28,66,47,14,
250	7	15	2.352	7,73,76,90,25,71,42,59,86,56,97,21,57,34,30,44,28,66,50,15,
250	8	9	2.195	8,29,75,89,83,37,54,95,58,43,20,87,18,55,24,9,
250	8	10	2.048	8,29,75,83,37,16,45,58,95,43,80,20,87,55,10,
250	8	11	2.009	8,29,75,89,93,24,55,18,87,20,80,74,32,48,22,11,
250	8	12	2.193	8,29,75,89,93,24,55,18,87,20,80,74,43,95,58,32,48,22,12,
250	8	13	2.329	8,29,75,89,93,24,55,87,20,80,74,43,95,58,32,48,91,81,13,
250	8	14	2.492	8,29,75,89,93,54,43,95,58,96,98,26,85,30,44,28,66,47,14,
250	8	15	2.475	8,29,75,89,93,24,55,87,20,43,95,58,98,26,85,36,28,66,50,15,
250	9	10	2.18	9,24,54,45,16,38,65,96,58,95,43,20,87,18,10,
250	9	11	2.104	9,24,55,87,20,80,74,43,95,58,32,48,91,22,11,
250	9	12	2.311	9,24,55,18,87,20,80,74,43,95,58,96,26,98,32,48,22,12,
250	9	13	2.481	9,24,55,87,20,43,95,58,96,98,26,85,36,28,66,47,49,40,13,
250	9	14	2.417	9,24,55,18,87,20,43,95,58,96,98,26,78,85,30,44,28,66,47,14,
250	9	15	2.328	9,24,55,87,20,80,43,95,58,96,98,26,85,30,44,28,66,50,15,
250	10	11	2.051	10,18,55,87,20,80,74,43,95,58,32,48,81,91,22,11,
250	10	12	1.769	10,18,55,87,20,80,74,43,95,58,32,48,81,91,22,12,
250	10	13	2.214	10,18,87,20,43,95,58,96,98,26,85,36,28,66,47,49,40,13,
250	10	14	2.174	10,18,87,20,80,74,43,95,58,96,98,26,85,30,44,28,66,47,14,
250	10	15	2.061	10,18,87,20,80,43,95,58,96,98,26,85,30,44,28,66,50,15,
250	11	12	1.763	11,18,55,87,20,80,74,43,95,58,32,48,81,91,22,12,
250	11	13	1.924	11,18,87,20,80,74,43,95,58,96,98,61,40,49,13,
250	11	14	1.986	11,18,87,20,43,95,58,96,98,26,85,30,44,28,66,47,14,
250	11	15	1.986	11,80,74,43,95,58,96,98,26,78,85,30,44,28,66,50,15,
250	12	13	1.911	12,22,91,48,32,74,80,43,95,58,96,98,61,40,13,
250	12	14	1.861	12,22,32,43,95,58,96,98,26,85,36,28,66,47,14,
250	12	15	2	12,22,91,48,32,43,95,58,96,98,26,85,30,44,28,66,50,15,
250	13	14	2.012	13,49,40,61,98,96,26,78,85,30,44,28,66,47,14,
250	13	15	1.983	13,81,48,32,43,95,58,98,26,85,36,28,66,50,15,
250	14	15	2.13	14,49,40,61,98,96,26,85,30,44,28,66,47,50,15,
