301	0	1	2.252	0,44,33,59,50,71,72,40,41,57,18,24,66,25,1,
301	0	2	1.937	0,44,33,59,50,71,72,40,41,57,18,24,66,25,2,
301	0	3	2.275	0,44,33,59,50,71,72,40,41,57,18,24,66,53,67,3,
301	0	4	2.528	0,44,33,29,18,24,66,25,67,53,79,97,48,58,37,74,81,99,22,4,
301	0	5	2.488	0,44,33,29,18,24,66,25,67,53,79,97,48,58,37,22,74,81,99,86,5,
301	0	6	2.711	0,44,29,18,24,66,25,67,53,79,48,58,37,74,80,19,63,55,73,6,
301	0	7	2.744	0,44,29,18,57,89,27,60,77,56,65,70,47,17,84,85,64,91,90,7,
301	0	8	2.842	0,44,33,50,72,95,28,69,82,45,16,87,70,47,84,85,64,91,26,8,
301	0	9	2.747	0,44,33,50,71,35,32,83,31,51,49,68,82,69,16,45,62,76,75,9,
301	0	10	2.649	0,44,33,50,71,35,32,83,31,51,49,96,68,82,69,16,45,93,38,10,
301	0	11	2.429	0,44,33,59,50,71,35,42,52,32,83,31,54,51,49,68,96,46,11,
301	0	12	2.516	0,44,33,59,50,71,36,35,61,42,52,32,83,31,51,49,54,12,
301	0	13	2.253	0,44,33,59,50,71,35,42,52,32,83,31,51,54,20,13,
301	0	14	2.334	0,44,33,50,71,35,32,83,31,51,54,20,52,42,61,14,
301	0	15	2.258	0,44,33,29,18,57,89,27,60,88,40,72,50,36,15,
301	1	2	2.05	1,94,44,33,59,50,71,72,40,41,57,24,66,25,2,
301	1	3	2.373	1,2,25,66,24,18,29,57,41,88,60,27,89,97,79,53,67,3,
301	1	4	2.078	1,94,18,57,89,24,66,25,67,53,79,97,48,58,37,22,4,
301	1	5	2.262	1,94,18,57,24,66,25,67,53,79,97,48,58,37,74,81,99,86,5,
301	1	6	2.478	1,24,66,25,67,53,79,97,48,58,37,74,99,81,19,63,55,39,73,6,
301	1	7	2.705	1,24,66,25,67,53,79,48,58,78,80,63,19,55,39,73,34,64,91,90,7,
301	1	8	2.835	1,18,24,66,25,67,53,79,48,58,78,80,63,19,55,39,34,64,91,26,8,
301	1	9	2.814	1,94,18,57,41,88,60,77,56,65,70,47,87,16,69,82,45,62,76,75,9,
301	1	10	2.626	1,94,18,57,41,88,60,77,56,65,70,47,84,17,76,62,92,93,38,10,
301	1	11	2.658	1,94,18,57,89,27,60,77,56,65,70,47,87,16,45,69,82,68,96,46,11,
301	1	12	2.636	1,94,18,57,41,88,60,77,56,65,87,16,45,69,82,68,49,51,54,12,
301	1	13	2.777	1,94,18,57,89,27,60,77,56,65,87,16,69,82,68,49,51,54,20,13,
301	1	14	2.615	1,94,44,33,59,50,71,35,32,83,31,51,54,20,52,42,61,14,
301	1	15	2.2	1,94,18,57,89,27,60,88,41,29,33,50,71,36,15,
301	2	3	1.755	2,25,66,24,18,57,41,88,60,27,97,79,53,67,3,
301	2	4	1.974	2,25,66,24,18,57,89,97,79,53,48,58,37,74,22,4,
301	2	5	1.977	2,25,66,24,18,57,89,97,79,48,58,37,22,74,81,99,86,5,
301	2	6	2.478	2,25,66,53,79,97,48,58,37,22,74,81,99,86,19,63,80,55,39,73,6,
301	2	7	2.513	2,25,67,53,79,48,58,37,74,99,81,80,63,19,55,39,34,64,91,90,7,
301	2	8	2.657	2,25,66,24,18,57,89,27,60,77,56,21,70,47,17,84,85,64,91,26,8,
301	2	9	2.686	2,25,66,24,18,57,41,88,60,77,56,65,70,47,17,84,85,23,30,75,9,
301	2	10	2.586	2,25,66,24,18,57,89,27,60,77,56,21,70,47,84,17,76,62,92,38,10,
301	2	11	2.687	2,25,66,24,18,57,41,88,60,77,56,65,87,16,45,69,82,68,49,96,46,11,
301	2	12	2.576	2,25,66,24,18,57,89,27,60,77,56,65,87,16,69,82,68,49,51,54,12,
301	2	13	2.665	2,25,66,24,18,29,57,89,27,60,77,88,40,72,50,71,35,42,52,13,
301	2	14	2.759	2,25,66,24,18,29,41,57,89,27,60,77,88,40,72,71,50,59,36,14,
301	2	15	1.982	2,25,66,24,18,57,89,27,60,88,40,72,71,36,15,
301	3	4	2.025	3,67,53,79,48,58,78,80,55,63,19,86,81,74,99,22,4,
301	3	5	2.075	3,67,53,79,97,48,58,37,74,99,81,80,63,19,55,39,73,86,5,
301	3	6	1.874	3,67,53,79,97,48,58,37,74,78,80,63,19,55,39,73,6,
301	3	7	2.31	3,67,53,79,97,48,58,37,74,80,63,19,55,39,73,34,64,91,90,7,
301	3	8	2.421	3,67,53,79,97,48,58,37,74,78,80,63,19,55,39,73,34,64,91,26,8,
301	3	9	2.603	3,67,53,79,97,48,58,78,80,63,19,55,39,43,98,85,84,17,76,75,9,
301	3	10	2.472	3,67,53,79,97,27,60,77,56,21,70,47,84,17,76,62,92,93,38,10,
301	3	11	2.536	3,67,53,79,97,27,60,77,56,21,70,47,87,16,45,69,82,68,96,46,11,
301	3	12	2.552	3,67,53,79,97,27,60,77,56,65,87,16,45,69,82,68,96,49,51,54,12,
301	3	13	2.725	3,67,53,79,97,27,60,77,56,65,87,16,69,82,68,96,49,51,54,20,13,
301	3	14	2.766	3,67,53,79,97,89,27,60,77,88,41,57,18,29,33,59,50,71,36,14,
301	3	15	2.554	3,53,67,25,66,24,18,57,89,27,60,77,88,40,72,50,71,36,15,
301	4	5	2.125	4,22,37,74,99,81,80,63,19,55,39,43,98,34,73,86,5,
301	4	6	2.024	4,22,37,74,99,81,80,63,19,55,39,73,34,64,91,90,6,
301	4	7	1.814	4,22,37,74,99,81,80,63,19,55,39,73,34,64,91,90,7,
301	4	8	2.431	4,22,37,78,80,63,19,55,39,98,43,21,70,47,17,84,85,64,91,26,8,
301	4	9	2.42	4,22,37,74,99,81,80,63,19,55,39,98,43,21,70,47,84,17,76,75,9,
301	4	10	2.523	4,22,37,74,80,19,63,55,39,73,34,64,91,85,84,17,76,62,92,93,38,10,
301	4	11	2.333	4,22,74,80,63,19,55,39,98,43,21,70,47,87,16,69,82,68,96,46,11,
301	4	12	2.354	4,22,74,80,63,19,55,39,43,21,70,87,16,69,82,68,49,51,54,12,
301	4	13	2.633	4,22,74,80,63,19,55,39,43,21,70,87,16,69,82,68,49,51,54,20,13,
301	4	14	2.671	4,22,37,58,48,97,79,53,67,25,66,24,18,29,33,59,50,71,36,14,
301	4	15	2.577	4,22,74,37,58,48,97,79,53,67,25,66,24,18,29,33,50,71,36,15,
301	5	6	1.923	5,86,99,81,74,80,63,19,55,39,73,34,64,91,90,6,
301	5	7	1.713	5,86,99,81,74,80,63,19,55,39,73,34,64,91,90,7,
301	5	8	1.74	5,86,99,81,74,80,63,19,55,39,73,34,64,91,26,8,
301	5	9	2.181	5,86,99,81,19,63,55,39,98,43,21,70,47,17,84,23,30,75,9,
301	5	10	2.298	5,86,99,81,19,63,55,39,34,64,91,85,84,17,76,62,92,93,38,10,
301	5	11	2.34	5,86,99,81,80,63,19,55,39,43,85,84,17,87,16,69,82,68,96,46,11,
301	5	12	2.378	5,86,99,81,19,63,55,39,98,85,84,17,87,16,69,82,68,49,51,54,12,
301	5	13	2.54	5,86,19,63,55,39,43,21,70,47,87,16,69,82,68,49,51,54,20,13,
301	5	14	2.615	5,86,99,81,74,37,58,48,79,97,89,57,18,29,33,50,71,36,14,
301	5	15	2.524	5,86,99,81,74,37,58,48,79,97,89,57,18,29,33,59,50,71,36,15,
301	6	7	2.103	6,5,86,99,81,74,80,63,19,55,39,73,34,64,91,90,7,
301	6	8	2.13	6,5,86,99,81,74,80,63,19,55,39,73,34,64,91,26,8,
301	6	9	2.233	6,34,64,91,85,84,17,87,16,69,82,45,62,92,76,75,9,
301	6	10	2.374	6,34,64,91,85,84,17,47,70,87,16,69,82,45,62,92,93,38,10,
301	6	11	2.37	6,34,64,91,85,84,17,47,70,87,16,45,69,82,68,49,96,46,11,
301	6	12	2.458	6,34,64,91,85,84,17,47,70,87,16,45,69,82,68,96,49,51,54,12,
301	6	13	2.535	6,34,64,91,85,84,17,87,16,69,82,68,49,51,31,83,32,52,13,
301	6	14	2.665	6,34,64,85,84,17,87,16,69,82,68,49,51,31,83,52,42,61,14,
301	6	15	2.732	6,73,39,55,19,63,80,78,58,48,79,97,89,57,29,33,50,71,36,15,
301	7	8	2.102	7,90,91,64,34,98,43,21,70,47,17,84,85,23,30,8,
301	7	9	1.958	7,91,64,85,84,17,87,16,69,82,45,62,92,76,75,9,
301	7	10	2.016	7,90,64,91,85,84,17,47,70,87,16,69,82,45,93,38,10,
301	7	11	2.168	7,90,64,91,85,84,17,47,70,87,16,45,69,82,68,49,96,46,11,
301	7	12	2.256	7,90,64,91,85,84,17,47,70,87,16,45,69,82,68,96,49,51,54,12,
301	7	13	2.427	7,91,64,85,84,17,87,16,45,69,82,68,96,49,51,31,83,32,52,13,
301	7	14	2.46	7,91,64,85,84,17,87,16,69,82,68,49,51,31,83,32,52,42,61,14,
301	7	15	2.737	7,90,64,91,85,84,17,47,70,87,16,45,82,69,28,95,72,71,36,15,
301	8	9	2.007	8,30,23,85,84,17,87,16,69,82,45,62,92,76,75,9,
301	8	10	1.931	8,26,91,64,85,84,17,87,16,69,82,45,62,92,38,10,
301	8	11	2.083	8,26,91,64,85,84,17,47,70,87,16,45,69,82,68,96,46,11,
301	8	12	2.182	8,26,91,64,85,84,17,47,70,87,16,69,82,68,96,49,51,54,12,
301	8	13	2.4	8,26,91,64,85,84,17,47,70,87,16,69,82,68,49,51,54,20,13,
301	8	14	2.465	8,30,23,84,17,87,16,69,82,68,96,49,51,31,83,32,52,42,61,14,
301	8	15	2.769	8,26,91,64,85,84,17,47,70,87,16,45,82,69,28,95,72,71,36,15,
301	9	10	1.931	9,75,30,23,84,17,47,70,87,16,69,82,45,93,38,10,
301	9	11	1.848	9,75,76,92,62,45,16,69,82,68,96,49,51,54,46,11,
301	9	12	1.76	9,75,76,62,92,93,45,16,69,82,68,96,49,51,54,12,
301	9	13	2.232	9,75,76,92,62,45,16,69,82,68,96,49,51,54,31,83,32,52,42,13,
301	9	14	2.385	9,75,76,92,62,45,16,69,82,68,96,49,51,54,31,83,32,52,42,61,14,
301	9	15	2.698	9,75,76,92,62,45,16,69,82,68,96,49,51,31,83,32,52,42,35,36,15,
301	10	11	1.793	10,38,93,92,62,45,16,69,82,68,96,49,51,54,46,11,
301	10	12	1.771	10,38,93,92,76,62,45,16,69,82,68,96,49,51,54,12,
301	10	13	2.021	10,38,93,45,16,69,82,68,96,49,51,54,31,83,32,52,42,13,
301	10	14	2.174	10,38,93,45,16,69,82,68,96,49,51,54,31,83,32,52,42,61,14,
301	10	15	2.596	10,38,93,45,16,69,82,68,96,49,51,54,31,83,32,52,42,35,36,15,
301	11	12	1.967	11,46,93,92,62,45,16,69,82,68,96,49,51,31,54,12,
301	11	13	2.044	11,46,93,45,16,69,82,68,49,51,31,83,32,52,42,13,
301	11	14	2.304	11,46,96,49,54,51,68,45,16,69,82,31,83,32,52,42,61,14,
301	11	15	2.541	11,46,96,68,49,51,54,31,83,32,52,42,61,35,71,50,59,36,15,
301	12	13	1.945	12,54,51,49,96,68,45,16,69,82,31,83,32,52,42,13,
301	12	14	2.032	12,54,51,49,96,68,45,69,82,31,83,32,52,42,61,14,
301	12	15	2.152	12,54,51,49,96,68,45,16,69,28,95,72,71,36,15,
301	13	14	2.25	13,20,54,51,49,68,45,69,82,31,83,32,52,42,61,14,
301	13	15	2.335	13,52,20,54,51,31,83,32,35,71,50,33,59,36,15,
301	14	15	2.368	14,61,42,52,20,54,51,31,83,32,35,71,50,59,36,15,
