197	0	1	2.142	0,58,25,59,32,75,49,72,92,82,16,21,52,54,66,1,
197	0	2	1.961	0,58,25,59,32,43,75,49,72,92,82,16,21,52,34,2,
197	0	3	2.03	0,58,25,59,32,43,75,49,72,92,82,16,84,26,51,56,3,
197	0	4	2.058	0,50,25,59,32,43,75,49,72,92,82,28,60,78,97,29,63,77,4,
197	0	5	2.333	0,42,50,25,59,32,43,75,49,72,82,16,84,28,60,78,97,29,5,
197	0	6	2.386	0,50,25,59,32,75,49,72,92,82,16,84,28,60,78,41,30,80,85,6,
197	0	7	2.476	0,50,25,59,32,75,49,72,92,82,16,84,28,60,78,41,31,36,38,7,
197	0	8	2.604	0,50,25,59,32,75,43,48,37,69,99,86,74,57,94,17,64,61,8,
197	0	9	2.362	0,58,25,59,32,75,43,48,37,69,99,86,94,17,64,61,83,71,9,
197	0	10	2.489	0,50,25,59,32,43,48,37,69,99,86,94,17,64,61,47,18,90,10,
197	0	11	2.484	0,58,25,59,32,75,43,48,37,69,99,86,74,87,19,33,27,70,96,11,
197	0	12	2.189	0,50,25,59,32,43,48,37,69,99,86,74,87,19,33,27,45,67,12,
197	0	13	2.022	0,42,73,24,23,68,98,95,91,19,33,27,45,67,39,13,
197	0	14	2.185	0,50,25,59,32,43,48,37,69,99,20,98,68,53,14,
197	0	15	2.282	0,50,25,59,32,43,48,37,69,99,20,98,68,53,15,
197	1	2	1.898	1,66,88,25,59,32,43,75,49,72,92,82,16,21,52,34,2,
197	1	3	1.778	1,66,88,25,59,32,75,49,72,92,82,28,84,51,56,3,
197	1	4	1.844	1,66,88,25,59,32,43,75,49,72,92,82,16,84,26,77,63,4,
197	1	5	2.116	1,66,88,25,59,32,75,49,72,92,82,16,84,28,60,78,97,29,5,
197	1	6	2.277	1,66,88,25,59,32,43,75,49,72,92,82,28,60,78,41,31,85,80,6,
197	1	7	2.476	1,66,88,25,59,32,43,75,49,72,92,82,28,60,78,41,31,80,85,38,7,
197	1	8	2.575	1,66,88,25,59,32,75,43,48,37,69,99,86,74,57,94,17,64,61,8,
197	1	9	2.455	1,66,88,25,59,32,75,43,48,37,69,99,86,74,57,94,17,64,61,83,71,9,
197	1	10	2.56	1,66,88,25,59,32,75,43,48,37,69,99,86,94,17,64,61,47,18,90,10,
197	1	11	2.399	1,66,88,25,59,32,75,43,48,37,69,99,86,74,87,19,33,79,70,96,11,
197	1	12	2.136	1,66,88,59,32,43,48,37,69,99,86,74,87,19,33,27,45,67,12,
197	1	13	2.358	1,66,88,59,32,43,48,37,69,99,86,74,87,19,33,27,45,39,13,
197	1	14	2.066	1,66,58,25,59,75,43,32,50,73,24,23,68,53,14,
197	1	15	2.212	1,66,88,75,43,32,59,25,50,42,73,24,23,68,53,15,
197	2	3	1.832	2,34,52,21,16,84,28,60,78,97,29,26,51,56,76,3,
197	2	4	1.78	2,34,46,56,51,16,84,28,60,78,97,29,26,77,63,4,
197	2	5	1.947	2,34,52,46,56,51,16,84,28,60,78,97,29,77,63,5,
197	2	6	2.214	2,34,52,46,56,51,16,28,84,26,29,97,60,78,41,30,80,85,6,
197	2	7	2.433	2,34,52,21,46,56,51,16,84,26,29,97,60,78,41,30,80,85,38,7,
197	2	8	2.56	2,34,52,46,56,51,26,84,28,60,97,78,41,31,80,85,36,65,89,8,
197	2	9	2.51	2,34,54,88,25,59,75,43,48,37,69,99,86,94,17,64,61,83,71,9,
197	2	10	2.707	2,34,54,88,25,59,32,43,48,37,69,99,86,94,17,64,61,47,18,90,10,
197	2	11	2.621	2,34,54,75,32,43,48,37,69,99,86,74,87,19,33,27,45,67,70,96,11,
197	2	12	2.258	2,34,54,75,32,43,48,37,69,99,86,74,87,19,33,27,45,67,12,
197	2	13	2.48	2,34,54,75,32,43,48,37,69,99,86,74,87,19,33,27,45,39,13,
197	2	14	2.007	2,34,54,75,43,32,59,25,50,73,24,23,68,53,14,
197	2	15	2.104	2,34,54,75,43,32,59,25,50,73,24,23,68,53,15,
197	3	4	1.747	3,56,46,21,16,84,28,60,78,97,29,26,51,77,63,4,
197	3	5	2.006	3,76,51,26,84,28,60,97,78,41,22,31,85,80,30,5,
197	3	6	1.802	3,56,51,16,84,26,29,97,60,78,41,30,80,85,6,
197	3	7	2.391	3,76,51,56,46,21,16,84,28,26,29,97,60,78,41,31,80,85,38,7,
197	3	8	2.434	3,76,51,26,84,28,60,97,78,41,22,31,80,85,38,36,65,89,8,
197	3	9	2.443	3,76,51,26,84,16,82,92,48,37,69,99,86,94,17,64,61,83,71,9,
197	3	10	2.568	3,56,51,16,82,92,48,37,69,99,86,94,17,64,61,47,18,90,10,
197	3	11	2.636	3,76,51,26,84,28,82,92,48,37,69,99,86,74,87,35,19,33,27,70,96,11,
197	3	12	2.381	3,76,51,26,84,28,82,92,48,37,69,99,86,74,87,19,33,27,45,67,12,
197	3	13	2.46	3,76,51,16,82,92,48,37,69,99,86,74,87,19,33,27,45,39,13,
197	3	14	2.396	3,56,51,16,82,92,72,49,75,32,59,25,50,73,24,23,68,53,14,
197	3	15	2.291	3,56,51,26,28,84,16,82,92,72,49,75,43,32,59,25,50,42,15,
197	4	5	1.91	4,63,77,26,84,51,56,46,21,16,28,60,78,97,29,5,
197	4	6	1.736	4,63,77,29,26,84,28,60,97,78,41,22,31,85,80,6,
197	4	7	1.812	4,63,77,26,84,28,60,97,78,41,22,31,80,85,38,7,
197	4	8	2.31	4,63,77,51,84,26,29,97,60,78,41,30,80,85,36,65,89,8,
197	4	9	2.35	4,63,77,26,84,16,82,92,48,37,69,99,86,94,17,64,61,83,71,9,
197	4	10	2.56	4,63,77,26,84,16,82,92,48,37,69,99,86,94,17,64,61,47,18,10,
197	4	11	2.567	4,77,63,29,97,78,60,62,81,37,69,99,86,74,87,35,19,33,27,70,96,11,
197	4	12	2.406	4,77,63,29,97,78,60,62,81,37,69,99,86,74,87,35,19,33,27,45,67,12,
197	4	13	2.51	4,63,77,26,84,28,82,92,48,37,69,99,86,74,87,19,33,27,45,39,13,
197	4	14	2.38	4,63,77,26,84,28,82,92,72,49,75,59,25,50,73,24,23,68,53,14,
197	4	15	2.234	4,63,29,97,78,60,28,84,16,82,92,72,49,75,59,25,50,42,15,
197	5	6	1.985	5,29,26,51,16,84,28,60,97,78,41,30,80,85,6,
197	5	7	2.084	5,29,26,51,16,84,28,60,78,97,30,80,85,38,7,
197	5	8	2.477	5,29,26,51,84,28,60,97,78,41,30,80,85,36,65,89,8,
197	5	9	2.454	5,97,78,60,62,81,37,69,99,86,74,57,94,17,64,61,83,71,9,
197	5	10	2.559	5,97,78,60,62,81,37,69,99,86,94,17,64,61,47,18,90,10,
197	5	11	2.569	5,29,97,78,60,28,82,92,48,37,69,99,86,74,87,35,79,70,96,11,
197	5	12	2.53	5,29,97,78,60,28,82,92,48,37,69,99,86,74,87,19,33,27,45,67,12,
197	5	13	2.633	5,29,97,78,60,62,81,37,69,99,86,74,87,19,33,27,45,67,39,13,
197	5	14	2.571	5,97,78,60,28,82,92,72,49,75,32,59,25,50,73,24,23,68,53,14,
197	5	15	2.346	5,29,97,78,60,28,84,16,82,92,72,49,75,32,59,25,50,42,15,
197	6	7	2.176	6,85,80,30,97,26,84,28,60,78,41,31,22,36,38,7,
197	6	8	2.293	6,80,85,31,22,36,65,93,64,17,94,57,47,61,83,71,8,
197	6	9	1.979	6,80,85,31,22,36,65,93,64,17,94,57,47,61,83,71,9,
197	6	10	2.524	6,80,85,31,22,62,81,37,69,99,86,94,17,64,61,47,18,90,10,
197	6	11	2.562	6,80,85,31,22,62,81,37,69,99,86,74,87,19,33,27,45,67,96,11,
197	6	12	2.318	6,80,85,31,22,62,81,37,69,99,86,74,87,35,19,33,27,45,67,12,
197	6	13	2.605	6,80,85,31,22,62,81,37,69,99,86,74,87,35,19,33,27,45,67,39,13,
197	6	14	2.574	6,80,85,31,22,62,81,37,69,99,86,74,20,91,95,98,68,53,14,
197	6	15	2.45	6,85,80,30,97,78,60,28,82,92,72,49,75,32,59,25,50,42,15,
197	7	8	2.31	7,38,85,80,31,22,36,65,93,64,61,47,18,83,71,8,
197	7	9	1.996	7,38,85,80,31,22,36,65,93,64,61,47,18,83,71,9,
197	7	10	2.406	7,38,85,80,31,22,36,65,89,93,61,83,71,18,90,10,
197	7	11	2.562	7,38,85,80,31,22,62,81,37,69,99,86,74,87,19,33,79,70,96,11,
197	7	12	2.423	7,38,85,80,31,22,62,81,37,69,99,86,74,87,19,33,27,45,67,12,
197	7	13	2.628	7,38,36,31,22,62,81,37,69,99,86,74,87,19,33,27,45,67,39,13,
197	7	14	2.74	7,89,65,93,64,17,94,57,74,86,99,37,69,20,91,95,98,23,68,53,14,
197	7	15	2.568	7,38,85,80,31,41,78,60,82,92,72,49,75,32,59,25,50,42,15,
197	8	9	2.229	8,89,38,85,80,31,22,36,65,93,61,47,18,83,71,9,
197	8	10	2.517	8,89,38,85,80,31,36,65,93,64,17,94,57,47,18,90,10,
197	8	11	2.629	8,71,83,61,64,17,94,81,37,69,99,86,74,87,35,79,70,96,11,
197	8	12	2.49	8,61,64,17,94,81,37,69,99,86,74,87,35,19,33,27,45,67,12,
197	8	13	2.683	8,61,64,17,94,81,37,69,99,86,74,87,19,33,27,45,67,39,13,
197	8	14	2.698	8,89,65,93,64,17,94,57,74,86,99,69,20,91,95,98,68,53,14,
197	8	15	2.705	8,61,64,17,94,57,74,86,99,69,37,48,43,32,59,25,50,42,15,
197	9	10	2.225	9,71,83,61,47,18,90,79,33,27,45,67,70,96,55,10,
197	9	11	1.952	9,71,83,61,47,18,90,35,19,33,27,45,67,70,96,11,
197	9	12	1.898	9,71,83,61,47,18,90,55,96,70,79,19,33,27,45,67,12,
197	9	13	2.272	9,71,83,18,47,61,64,17,94,57,35,87,19,33,27,45,67,39,13,
197	9	14	2.278	9,71,83,61,64,17,94,86,99,37,69,20,91,95,98,68,53,14,
197	9	15	2.429	9,71,83,61,64,17,94,86,99,69,37,48,43,32,59,25,50,42,15,
197	10	11	2.229	10,90,18,47,61,64,17,94,57,74,87,19,33,27,70,96,11,
197	10	12	2.162	10,90,18,47,61,64,17,94,57,74,87,35,19,33,27,45,67,12,
197	10	13	2.449	10,90,18,47,61,64,17,94,57,74,87,35,19,33,27,45,67,39,13,
197	10	14	2.488	10,18,47,61,64,17,94,86,99,37,69,20,91,95,98,68,53,14,
197	10	15	2.611	10,55,96,70,67,45,27,33,19,91,95,98,68,53,23,24,73,42,15,
197	11	12	2.241	11,96,70,79,35,74,86,99,37,69,20,87,19,33,27,67,12,
197	11	13	2.133	11,96,70,67,45,27,33,19,91,95,98,68,23,53,44,13,
197	11	14	2.319	11,96,70,67,39,45,27,33,19,79,35,87,91,95,98,23,68,53,14,
197	11	15	2.349	11,96,70,67,39,45,27,33,19,35,87,91,95,98,68,53,23,24,15,
197	12	13	2.013	12,67,45,27,33,19,35,87,91,95,98,68,23,53,44,13,
197	12	14	1.865	12,67,39,45,27,33,19,35,87,91,95,98,68,23,53,14,
197	12	15	2.065	12,67,39,45,27,33,19,91,95,98,68,53,23,24,73,42,15,
197	13	14	2.011	13,39,67,45,27,33,19,35,87,91,95,98,68,23,53,14,
197	13	15	2.027	13,39,67,45,27,33,19,35,87,91,95,98,68,23,24,15,
197	14	15	2.268	14,44,39,67,45,27,33,19,91,95,98,68,53,23,24,15,
