214	0	3	1.495	0,63,45,44,42,51,48,17,40,53,50,80,16,88,61,3,
214	0	4	2.255	0,63,45,44,42,51,48,17,40,53,87,21,38,62,54,68,20,29,76,19,4,
214	0	1	1.993	0,63,45,44,42,51,48,17,40,53,50,80,16,88,61,2,1,
214	0	2	1.604	0,63,45,44,42,51,48,17,40,53,50,80,16,88,61,2,
214	0	7	2.343	0,63,45,44,42,51,48,17,40,94,37,60,92,66,39,26,33,31,47,7,
214	0	10	2.366	0,73,85,90,65,55,78,99,25,32,27,72,93,96,69,98,57,23,10,
214	0	9	2.52	0,73,85,83,90,65,55,78,99,25,32,27,72,93,96,69,67,35,81,9,
214	0	8	2.552	0,63,45,44,42,51,48,17,40,94,37,60,92,66,39,26,33,56,97,8,
214	0	6	2.166	0,63,45,44,42,51,48,17,40,94,37,60,92,66,71,22,41,18,77,6,
214	0	11	2.219	0,63,45,83,90,65,55,78,99,25,32,27,72,93,96,69,98,57,11,
214	0	5	2.168	0,63,45,44,42,51,48,17,40,94,37,60,92,66,21,71,38,62,54,68,20,5,
214	0	14	1.981	0,63,45,44,51,42,59,90,65,55,78,99,25,49,75,14,
214	0	13	1.857	0,63,45,83,90,55,65,32,25,78,99,75,49,36,46,13,
214	1	3	1.728	1,63,45,83,42,44,51,48,17,40,53,50,80,16,61,3,
214	0	15	2.013	0,73,85,63,45,83,90,65,55,78,99,25,49,75,86,15,
214	1	4	2.006	1,44,42,51,48,17,40,53,87,54,62,68,20,29,76,19,4,
214	1	2	1.825	1,63,45,83,42,44,51,48,17,40,53,50,80,16,88,2,
214	0	12	1.875	0,63,45,83,90,65,55,78,99,75,49,36,46,95,82,12,
214	1	6	2.084	1,44,42,51,48,17,40,94,37,60,92,66,21,71,22,41,18,77,6,
214	1	5	2.086	1,44,42,51,48,17,40,94,37,60,92,66,39,71,38,62,54,68,20,5,
214	1	7	2.334	1,44,42,51,48,17,40,94,37,60,92,66,21,71,22,41,18,31,47,7,
214	1	8	2.58	1,44,42,51,48,17,40,94,37,60,92,66,21,71,22,41,18,31,74,8,
214	1	15	2.26	1,2,61,88,16,80,50,53,40,17,48,51,44,42,83,85,73,15,
214	1	14	2.265	1,51,44,42,59,90,65,55,78,99,25,32,27,84,49,75,14,
214	2	3	2.07	2,61,88,16,80,50,53,40,94,37,60,92,66,87,43,3,
214	2	5	1.755	2,79,91,53,40,94,37,60,92,66,71,22,62,68,20,5,
214	2	4	1.82	2,61,88,16,80,50,87,21,71,22,62,68,20,29,76,19,4,
214	2	6	1.952	2,88,16,80,50,53,40,94,60,92,66,71,22,41,18,77,6,
214	1	10	2.496	1,51,44,42,59,65,55,78,99,25,32,27,72,93,96,69,98,57,23,10,
214	1	9	2.559	1,51,44,42,90,65,55,78,99,25,32,27,72,93,96,69,67,81,9,
214	1	13	2.148	1,51,44,42,90,65,55,78,99,25,32,27,84,34,36,46,13,
214	1	12	2.422	1,51,44,42,90,65,55,78,99,25,32,27,72,93,84,34,95,82,12,
214	1	11	2.457	1,51,44,42,90,65,55,78,99,25,32,27,72,93,96,69,98,57,23,11,
214	2	15	1.871	2,61,88,16,80,50,53,40,17,48,51,44,42,83,85,73,15,
214	2	14	2.141	2,61,88,16,80,79,91,17,48,51,44,42,59,65,55,78,99,75,14,
214	3	5	1.63	3,16,80,50,53,40,94,60,92,66,71,38,54,68,20,5,
214	3	4	1.711	3,61,88,16,80,50,87,21,71,22,62,68,20,29,76,19,4,
214	2	10	2.575	2,51,44,42,59,65,55,78,99,25,32,27,72,93,96,69,98,57,23,10,
214	2	9	2.498	2,61,88,16,80,50,53,40,94,37,60,92,66,39,26,56,97,9,
214	2	7	2.149	2,61,88,16,80,50,53,40,94,60,92,66,39,26,33,31,47,7,
214	2	8	2.439	2,61,88,16,80,50,53,40,94,37,60,92,66,21,71,39,26,56,97,8,
214	2	13	2.263	2,79,91,53,40,17,48,51,44,42,90,65,55,78,99,75,49,36,46,13,
214	2	12	2.335	2,79,91,17,48,51,44,42,59,90,65,55,78,99,75,49,36,46,95,82,12,
214	2	11	2.512	2,91,17,48,51,44,42,59,65,55,78,99,25,32,27,72,93,69,98,57,11,
214	3	15	2.105	3,61,88,16,80,50,53,40,17,48,51,44,42,90,83,45,85,73,15,
214	3	6	1.7	3,61,88,16,80,50,87,66,39,71,22,41,18,77,6,
214	4	5	1.858	4,19,29,20,68,54,38,21,66,60,37,92,39,71,22,62,5,
214	3	14	2.177	3,61,88,16,80,50,53,40,17,48,51,44,42,59,90,65,78,99,75,14,
214	3	9	2.482	3,61,88,16,80,50,53,40,94,37,60,92,66,39,26,33,56,97,9,
214	3	10	2.603	3,16,80,50,53,40,94,60,92,37,89,28,58,72,93,69,98,57,23,10,
214	3	7	2.003	3,61,88,16,80,50,53,40,94,37,60,92,66,39,33,31,47,7,
214	3	8	2.269	3,61,88,16,80,50,53,40,94,37,60,92,66,39,26,33,56,97,8,
214	3	13	2.165	3,16,80,50,53,40,17,48,51,44,42,59,65,55,78,99,75,49,36,46,13,
214	3	12	2.355	3,16,80,50,53,40,17,48,51,44,42,59,65,78,99,75,49,36,46,82,12,
214	3	11	2.56	3,16,80,50,53,40,17,48,51,44,42,59,65,32,27,72,93,69,98,57,11,
214	4	15	2.312	4,43,16,80,50,53,40,17,48,51,44,42,59,90,83,45,85,73,15,
214	5	6	1.499	5,20,68,29,54,62,38,22,71,39,26,33,41,18,77,6,
214	4	6	1.562	4,19,76,29,20,68,54,62,22,71,39,33,41,18,77,6,
214	4	14	2.328	4,43,16,80,50,53,40,17,48,51,44,42,59,90,65,55,78,99,75,14,
214	4	7	1.624	4,19,76,29,20,68,54,62,22,41,18,77,31,74,47,7,
214	4	10	2.481	4,19,76,29,20,68,54,62,38,71,21,66,92,60,37,89,30,70,52,35,81,10,
214	4	9	2.5	4,19,76,29,20,68,54,62,38,22,71,21,66,60,92,39,26,56,97,9,
214	4	8	2.325	4,19,76,29,20,68,54,62,38,22,71,21,66,60,37,92,39,26,56,97,8,
214	4	13	2.392	4,19,76,29,54,38,71,66,92,60,37,89,28,72,27,32,25,49,36,46,13,
214	4	12	2.419	4,19,76,29,54,38,71,66,92,60,37,89,28,72,27,84,34,95,82,12,
214	4	11	2.425	4,19,76,29,20,68,54,62,22,71,66,92,60,37,89,30,70,96,69,98,57,11,
214	5	8	1.869	5,20,68,54,62,38,22,71,39,26,33,41,18,31,74,8,
214	6	7	1.673	6,77,18,41,22,71,21,66,39,26,33,31,74,47,7,
214	6	8	1.958	6,77,18,41,22,71,21,66,60,37,92,26,56,97,8,
214	5	7	1.621	5,20,68,54,62,38,22,71,39,26,33,18,31,74,47,7,
214	5	15	2.277	5,20,68,62,22,71,66,92,60,37,89,28,58,72,27,32,78,99,86,15,
214	5	10	2.302	5,20,68,54,62,22,71,66,92,60,37,89,30,70,96,69,98,57,23,10,
214	5	9	2.351	5,20,68,54,62,38,22,71,39,66,92,60,37,89,30,70,52,35,81,9,
214	5	14	2.299	5,20,68,54,62,22,71,66,92,60,37,89,28,58,72,27,32,25,78,99,75,14,
214	5	12	2.238	5,20,68,62,38,71,66,92,60,37,89,28,72,27,84,34,95,82,12,
214	5	13	2.265	5,20,68,62,22,71,66,92,60,37,89,28,58,72,27,32,25,49,36,46,13,
214	5	11	2.276	5,20,68,54,62,38,22,71,66,92,60,37,89,30,70,96,69,98,57,23,11,
214	7	10	2.317	7,47,31,33,39,66,60,92,37,89,30,70,52,35,81,10,
214	6	9	2.155	6,77,18,41,22,71,66,92,60,37,89,30,70,52,35,9,
214	7	9	2.222	7,47,74,31,77,18,41,22,71,39,26,33,56,97,9,
214	7	8	2.009	7,47,74,31,77,18,41,22,71,39,26,33,56,97,8,
214	6	15	2.341	6,77,18,41,22,71,66,92,60,37,89,58,72,27,32,78,99,86,15,
214	6	10	2.325	6,77,18,41,22,71,66,92,60,37,89,30,70,96,69,67,81,10,
214	6	14	2.294	6,77,18,41,22,71,66,92,60,37,89,28,58,72,27,32,78,99,75,14,
214	6	12	2.294	6,77,18,41,22,71,66,92,60,37,89,28,72,27,84,34,95,12,
214	7	11	2.415	7,47,74,31,33,26,39,66,92,60,37,89,30,70,96,69,98,57,11,
214	6	11	2.267	6,77,18,41,22,71,66,92,60,37,89,30,70,96,69,98,57,23,11,
214	6	13	2.294	6,77,18,41,22,71,66,60,92,89,28,72,27,32,25,49,36,46,13,
214	8	10	2.515	8,97,56,26,39,66,92,60,37,89,30,70,96,67,81,10,
214	8	9	2.549	8,47,74,31,18,41,22,71,21,66,39,26,56,97,9,
214	8	14	2.514	8,97,56,26,39,66,92,60,37,89,28,58,72,27,32,25,75,14,
214	7	14	2.405	7,47,31,33,26,39,66,60,92,37,89,28,58,72,27,32,25,75,14,
214	8	15	2.641	8,97,56,26,39,66,92,60,37,89,28,58,72,27,32,78,99,86,15,
214	7	15	2.525	7,47,31,33,26,39,66,92,60,37,89,28,58,72,27,32,78,99,86,15,
214	8	12	2.479	8,97,56,26,92,60,37,89,28,72,27,84,34,95,12,
214	8	11	2.457	8,97,56,26,39,66,60,92,89,30,70,96,69,98,57,11,
214	8	13	2.514	8,97,56,26,92,60,37,89,58,72,27,32,25,49,36,46,13,
214	7	12	2.396	7,47,31,33,26,92,60,37,89,28,72,27,84,34,95,82,12,
214	7	13	2.42	7,47,31,33,39,66,92,60,37,89,28,72,27,32,25,49,36,46,13,
214	9	10	2.589	9,81,35,52,96,93,72,27,32,84,34,24,57,23,10,
214	10	14	2.393	10,23,57,98,69,96,93,72,27,32,65,55,78,99,75,49,14,
214	9	14	2.609	9,81,67,69,96,93,70,30,89,28,58,72,27,32,25,78,99,75,14,
214	9	15	2.654	9,81,67,96,93,72,27,32,25,99,78,55,65,90,83,45,85,73,15,
214	10	12	2.218	10,23,57,98,69,96,93,72,27,32,84,34,95,82,12,
214	10	13	2.135	10,81,67,96,93,72,27,32,78,99,75,49,36,46,13,
214	10	11	2.501	10,81,67,69,96,93,72,27,32,84,34,24,57,23,11,
214	9	11	2.52	9,81,35,52,96,93,72,27,32,84,34,24,57,23,11,
214	10	15	2.57	10,23,57,98,69,96,93,72,27,32,25,99,78,55,65,90,83,85,73,15,
214	9	12	2.291	9,81,67,96,93,72,27,32,25,49,36,46,95,82,12,
214	9	13	2.388	9,81,67,96,93,72,27,32,65,55,78,99,75,49,36,46,13,
214	11	15	2.244	11,23,57,98,69,96,93,72,27,32,65,55,78,99,86,15,
214	11	14	2.178	11,23,57,98,69,96,93,72,27,32,65,78,99,75,14,
214	13	14	2.078	13,46,36,34,84,27,32,65,55,78,99,25,49,75,14,
214	12	15	2.048	12,82,95,46,36,49,75,99,78,65,90,83,85,73,15,
214	13	15	2.007	13,46,36,49,75,99,78,55,65,90,83,45,63,85,73,15,
214	14	15	2.171	14,75,49,25,99,78,55,65,59,90,83,45,63,85,73,15,
214	12	14	2.123	12,82,95,24,34,84,27,32,65,55,78,99,25,75,14,
214	12	13	1.933	12,82,95,34,84,27,32,25,78,99,75,49,36,46,13,
214	11	13	2.067	11,57,98,69,93,72,27,32,25,78,99,75,49,36,46,13,
214	11	12	2.141	11,57,98,69,96,93,72,27,32,25,84,34,95,82,12,
