391	0	1	1.628	0,73,77,29,56,50,86,58,62,90,85,81,36,96,59,1,
391	0	2	1.73	0,73,77,29,56,50,86,58,62,90,85,81,36,96,59,2,
391	0	3	1.943	0,73,77,29,56,50,86,58,62,90,85,81,45,28,49,3,
391	0	4	2.341	0,73,77,56,50,86,58,62,90,51,21,91,94,80,88,75,46,4,
391	0	5	2.256	0,73,77,56,50,86,58,62,90,51,21,91,94,80,88,92,63,5,
391	0	6	2.459	0,73,77,56,50,76,86,58,62,90,51,21,93,91,94,80,88,27,6,
391	0	7	2.556	0,73,77,29,90,51,21,93,91,94,80,88,97,27,25,60,55,89,33,64,7,
391	0	8	2.568	0,73,77,29,90,51,21,91,94,80,88,27,25,60,55,89,64,33,8,
391	0	9	2.426	0,73,77,56,50,86,58,62,31,32,67,53,24,26,70,84,98,87,19,9,
391	0	10	2.325	0,73,77,56,50,86,58,62,31,32,67,53,24,26,70,84,98,87,69,10,
391	0	11	2.155	0,73,77,56,50,86,76,54,61,68,37,22,48,43,40,34,72,18,11,
391	0	12	2.074	0,73,77,29,56,50,86,58,62,31,32,67,53,78,37,22,43,40,12,
391	0	13	1.835	0,73,77,29,56,50,76,86,58,62,31,32,67,53,78,37,22,48,13,
391	0	14	1.676	0,73,77,56,50,86,58,62,31,32,67,53,42,68,61,14,
391	0	15	1.871	0,73,77,56,58,62,31,32,67,53,78,37,68,61,54,15,
391	1	2	2.12	1,0,73,77,29,56,50,86,58,62,90,85,81,36,96,59,2,
391	1	3	2.176	1,96,36,81,85,90,51,21,93,94,91,38,45,28,49,3,
391	1	4	2.233	1,59,96,36,81,85,90,51,21,93,80,94,91,75,92,63,4,
391	1	5	2.104	1,59,96,36,81,85,90,51,21,91,94,93,80,88,92,63,5,
391	1	6	2.439	1,59,96,36,81,85,90,51,21,93,91,94,80,88,97,27,25,60,55,6,
391	1	7	2.408	1,96,36,81,85,90,51,21,93,91,94,80,88,27,25,60,55,89,33,64,7,
391	1	8	2.502	1,36,81,85,90,51,21,93,91,94,80,88,27,25,60,55,89,64,8,
391	1	9	2.706	1,96,36,81,85,90,51,21,91,94,93,83,39,65,20,95,41,66,52,9,
391	1	10	2.694	1,96,36,81,85,90,51,21,93,91,94,80,47,79,71,99,66,52,87,69,10,
391	1	11	2.483	1,96,36,81,85,90,62,58,31,32,67,53,24,70,26,84,34,72,18,11,
391	1	12	2.444	1,96,36,29,77,73,56,50,86,76,54,61,68,37,22,48,43,82,40,12,
391	1	13	2.116	1,36,81,85,90,29,77,56,50,86,76,54,61,68,37,22,48,13,
391	1	14	1.826	1,96,36,81,85,90,62,58,29,77,73,56,50,76,54,14,
391	1	15	1.573	1,96,36,81,85,90,62,58,29,77,73,56,50,86,76,15,
391	2	3	2.332	2,28,49,45,38,21,93,91,94,80,88,75,92,46,44,16,3,
391	2	4	2.464	2,59,96,36,81,85,90,51,38,91,94,80,88,75,92,63,4,
391	2	5	2.193	2,59,96,36,85,90,51,21,93,91,94,80,88,75,92,63,5,
391	2	6	2.458	2,59,96,36,81,85,90,51,21,93,91,94,80,88,27,25,60,55,6,
391	2	7	2.372	2,28,49,45,38,21,93,91,94,80,88,97,27,60,55,89,33,64,7,
391	2	8	2.538	2,28,49,45,38,21,93,91,94,80,88,97,27,25,60,55,89,64,33,8,
391	2	9	2.665	2,45,38,21,91,94,80,93,83,39,30,65,20,95,41,66,52,19,9,
391	2	10	2.766	2,28,45,38,21,91,94,80,93,83,30,65,20,95,41,66,52,87,69,10,
391	2	11	2.664	2,28,49,45,38,21,91,94,80,93,83,39,65,20,95,41,98,72,18,11,
391	2	12	2.6	2,59,96,36,29,77,56,50,86,76,54,61,68,37,22,48,43,82,40,12,
391	2	13	2.413	2,59,96,36,29,77,73,56,50,86,58,62,31,32,67,53,78,37,22,48,13,
391	2	14	2.329	2,59,96,36,81,85,90,62,58,29,77,73,56,50,86,76,54,61,68,14,
391	2	15	1.719	2,59,96,36,81,85,90,62,58,29,77,73,56,50,76,15,
391	3	4	2.156	3,49,28,45,38,21,93,91,94,80,88,75,92,46,44,16,4,
391	3	5	2.055	3,49,28,45,38,21,93,91,94,80,88,75,92,63,97,5,
391	3	6	2.176	3,49,28,45,38,21,93,80,94,91,75,88,97,27,25,60,55,6,
391	3	7	2.228	3,49,28,45,38,21,93,91,94,80,88,97,27,25,60,55,89,33,64,7,
391	3	8	2.443	3,49,28,45,38,21,93,91,94,80,88,97,27,60,55,89,64,33,23,8,
391	3	9	2.522	3,49,28,45,38,21,91,94,93,83,39,65,20,95,41,66,52,19,9,
391	3	10	2.571	3,49,28,45,38,21,91,94,80,83,39,65,20,95,41,66,52,87,69,10,
391	3	11	2.59	3,49,28,45,38,21,91,94,80,93,83,39,30,65,20,95,41,98,72,18,11,
391	3	12	2.691	3,49,28,45,38,21,91,94,80,93,83,39,30,65,20,95,41,84,34,12,
391	3	13	2.567	3,49,28,45,38,21,91,94,93,83,39,65,20,95,70,26,24,53,78,22,48,13,
391	3	14	2.465	3,49,28,45,85,90,62,58,29,77,56,50,86,76,54,61,68,14,
391	3	15	1.932	3,49,28,45,81,85,90,62,58,29,77,73,56,50,76,15,
391	4	5	2.123	4,46,75,91,21,93,94,80,47,57,55,60,25,27,97,5,
391	4	6	2.052	4,46,75,91,21,93,94,80,47,79,99,71,57,60,55,6,
391	4	7	2.169	4,16,44,38,21,93,91,94,80,88,97,27,25,60,55,89,33,64,7,
391	4	8	2.362	4,63,92,75,91,21,93,94,80,88,97,27,25,60,55,89,64,33,23,8,
391	4	9	2.45	4,63,92,88,80,94,91,21,93,83,39,65,20,95,41,66,52,19,9,
391	4	10	2.434	4,92,63,97,27,25,60,55,89,64,33,23,71,99,66,52,87,69,10,
391	4	11	2.595	4,63,92,75,88,80,94,91,21,93,83,30,65,20,95,41,84,34,72,18,11,
391	4	12	2.681	4,63,92,75,88,80,94,91,21,93,83,39,30,65,20,95,41,98,72,34,12,
391	4	13	2.445	4,46,75,88,80,94,91,21,93,83,39,65,20,70,26,24,53,78,37,22,48,13,
391	4	14	2.398	4,46,75,94,91,21,93,83,39,65,20,95,70,26,24,53,42,68,61,14,
391	4	15	2.457	4,46,75,88,80,94,91,93,21,51,90,62,58,29,77,73,56,50,76,15,
391	5	6	1.809	5,63,92,75,91,21,93,94,80,88,97,27,25,60,55,6,
391	5	7	1.761	5,63,92,75,91,21,93,94,80,88,27,25,60,55,89,7,
391	5	8	1.921	5,63,92,75,91,94,80,88,27,25,60,55,89,64,33,8,
391	5	9	2.009	5,97,27,25,60,55,89,64,33,23,17,66,52,19,9,
391	5	10	2.297	5,63,92,88,80,94,91,21,93,83,39,65,20,95,41,66,52,87,69,10,
391	5	11	2.326	5,63,92,75,88,80,94,91,21,93,83,39,30,65,20,95,41,98,72,18,11,
391	5	12	2.555	5,63,92,75,88,80,94,91,21,93,83,39,65,20,95,70,26,24,53,78,43,12,
391	5	13	2.335	5,63,92,88,80,94,91,21,93,83,39,65,20,95,70,26,24,53,78,22,48,13,
391	5	14	2.387	5,63,92,88,80,94,91,93,83,39,65,20,95,70,26,24,53,42,68,61,14,
391	5	15	2.43	5,63,92,75,88,80,94,91,93,21,51,90,62,58,29,77,56,50,86,76,15,
391	6	7	1.715	6,27,25,60,55,57,47,79,71,99,17,23,33,64,89,7,
391	6	8	1.923	6,27,25,60,55,89,57,47,79,71,99,17,23,33,64,8,
391	6	9	1.956	6,60,55,89,64,33,23,17,71,79,99,66,52,19,9,
391	6	10	2.329	6,27,25,60,55,89,64,33,23,57,47,71,79,99,66,52,87,69,10,
391	6	11	2.444	6,60,55,89,64,33,23,17,99,71,79,39,65,20,95,41,98,72,18,11,
391	6	12	2.584	6,55,60,25,27,97,88,80,94,91,21,93,83,39,65,20,95,84,34,12,
391	6	13	2.435	6,27,88,80,94,91,21,93,83,39,65,20,95,70,26,24,53,78,37,22,48,13,
391	6	14	2.437	6,97,88,80,94,91,93,83,39,65,20,95,70,26,24,53,42,68,61,14,
391	6	15	2.563	6,27,97,88,80,94,91,93,21,51,90,62,58,29,77,73,56,50,86,76,15,
391	7	8	2.058	7,64,33,89,55,60,25,57,47,79,71,99,66,17,23,8,
391	7	9	1.896	7,64,33,89,55,60,25,57,71,79,99,66,52,19,9,
391	7	10	1.877	7,64,33,89,55,60,25,47,79,71,99,66,52,87,69,10,
391	7	11	2.063	7,89,64,33,23,17,99,35,65,20,95,41,98,72,18,11,
391	7	12	2.511	7,89,55,60,25,27,88,80,94,91,93,83,39,65,20,95,84,34,12,
391	7	13	2.375	7,89,64,33,23,17,99,71,79,39,65,20,95,70,26,24,53,78,37,22,48,13,
391	7	14	2.367	7,89,64,33,23,71,99,35,20,95,70,26,24,53,78,22,37,68,61,14,
391	7	15	2.477	7,89,55,60,27,88,80,94,91,21,51,90,62,58,56,50,86,76,15,
391	8	9	2.04	8,33,64,89,55,60,25,57,71,79,99,66,52,19,9,
391	8	10	2.015	8,23,33,64,89,55,60,57,71,99,66,52,87,69,10,
391	8	11	2.215	8,23,33,64,89,55,60,57,71,99,66,98,72,18,11,
391	8	12	2.48	8,33,64,89,55,60,25,57,47,79,71,99,35,41,84,34,12,
391	8	13	2.419	8,33,64,89,57,71,99,35,20,95,70,26,24,53,78,37,22,48,13,
391	8	14	2.54	8,64,33,23,17,99,71,79,39,65,20,95,70,26,24,53,78,37,68,61,14,
391	8	15	2.569	8,23,71,79,47,80,94,91,93,21,51,90,62,58,56,50,86,76,15,
391	9	10	2.404	9,8,23,33,64,89,55,60,57,71,99,66,52,87,69,10,
391	9	11	2.28	9,19,87,52,66,35,39,30,65,20,95,41,98,72,18,11,
391	9	12	2.463	9,19,87,98,84,26,70,24,32,67,53,78,37,22,48,43,40,12,
391	9	13	2.457	9,19,52,66,35,39,30,65,20,95,70,26,24,67,53,78,37,22,48,13,
391	9	14	2.628	9,19,87,52,66,41,95,20,70,26,24,53,78,37,22,48,74,68,61,14,
391	9	15	2.482	9,19,87,98,84,26,24,53,67,32,31,62,58,29,77,56,50,86,76,15,
391	10	11	2.249	10,69,87,52,66,35,39,30,65,20,95,41,84,72,18,11,
391	10	12	2.306	10,69,87,98,84,26,70,24,67,53,78,37,22,48,43,82,40,12,
391	10	13	2.129	10,69,87,98,84,26,70,24,53,67,32,42,68,37,22,48,13,
391	10	14	2.445	10,69,72,34,84,26,70,24,67,53,78,37,22,43,48,74,68,61,14,
391	10	15	2.229	10,69,87,98,84,26,70,24,53,67,32,31,62,58,56,50,86,76,15,
391	11	12	2.066	11,18,72,34,84,26,70,24,53,78,37,22,74,48,43,12,
391	11	13	1.92	11,18,72,34,84,26,70,24,53,78,22,37,68,74,48,13,
391	11	14	1.99	11,18,72,34,84,26,70,24,53,42,37,22,74,68,61,14,
391	11	15	2.1	11,18,72,84,26,70,24,53,67,32,31,62,58,56,50,86,76,54,15,
391	12	13	2.056	12,40,82,43,48,22,37,78,53,67,32,31,42,61,68,74,13,
391	12	14	2.011	12,40,82,43,48,22,37,78,53,24,67,32,31,42,68,61,14,
391	12	15	1.961	12,40,82,24,53,67,32,31,62,58,29,77,73,56,50,86,76,15,
391	13	14	1.916	13,48,22,37,78,53,67,32,31,62,58,86,56,50,76,54,14,
391	13	15	1.603	13,48,22,37,78,53,67,32,31,62,58,86,56,50,76,15,
391	14	15	1.626	14,61,68,37,78,53,67,32,31,62,58,56,50,86,76,15,
