95	0	1	2.114	0,53,33,37,42,49,96,26,59,48,39,32,68,20,1,
95	0	4	2.339	0,53,33,37,42,49,96,26,59,87,19,65,89,57,83,67,94,75,4,
95	0	5	2.352	0,53,33,37,42,49,96,26,48,59,87,19,65,89,57,83,94,67,5,
95	0	6	2.587	0,53,33,37,42,49,96,26,48,59,87,19,65,17,80,77,72,81,93,6,
95	0	10	2.61	0,53,33,37,42,49,96,26,43,44,73,24,28,21,27,61,51,58,71,98,10,
95	0	7	2.709	0,53,33,37,42,49,76,48,26,43,38,41,18,97,16,56,31,50,69,62,35,7,
95	0	9	2.681	0,53,33,37,42,49,76,48,59,26,96,43,38,41,18,97,16,56,31,70,79,9,
95	0	2	2.065	0,53,33,37,42,49,76,48,59,87,19,63,39,91,74,36,2,
95	0	3	2.134	0,53,33,37,42,49,76,48,26,59,65,87,19,63,47,3,
95	0	8	2.588	0,53,33,37,42,49,96,26,48,59,87,65,17,80,50,69,62,35,46,8,
95	0	11	2.526	0,53,33,37,42,49,96,26,43,44,73,24,28,21,27,61,22,51,58,11,
95	0	13	2.183	0,53,64,90,25,29,66,23,40,86,28,21,27,60,54,34,13,
95	0	14	2.36	0,53,33,37,42,49,76,48,59,26,96,95,99,29,25,14,
95	0	15	2.429	0,53,33,37,42,49,76,48,59,26,96,95,99,29,25,15,
95	1	2	1.972	1,20,33,37,42,49,96,26,59,48,39,91,74,36,2,
95	1	6	2.35	1,20,68,37,42,49,76,48,59,87,19,65,17,80,72,81,93,6,
95	1	3	2.032	1,20,68,37,42,49,96,26,48,59,87,19,63,47,3,
95	1	7	2.484	1,20,68,37,42,49,76,48,59,87,19,65,17,80,50,69,62,35,7,
95	0	12	2.542	0,53,33,37,42,49,96,43,38,16,97,18,41,73,24,28,21,27,60,12,
95	1	4	2.131	1,20,68,37,42,49,76,48,59,87,19,65,89,57,94,75,4,
95	1	5	2.021	1,20,68,37,42,49,76,48,59,87,19,65,89,57,83,67,5,
95	1	8	2.406	1,20,33,37,42,49,76,48,59,87,65,17,80,50,69,62,35,46,8,
95	1	15	2.33	1,20,68,32,91,39,48,59,26,96,49,42,90,64,15,
95	2	6	2.187	2,36,55,74,32,91,39,63,19,87,65,17,80,72,81,93,6,
95	1	10	2.527	1,20,33,37,42,49,96,26,43,44,73,24,28,21,27,61,58,71,98,10,
95	2	4	1.977	2,36,74,91,39,48,59,87,19,65,89,57,83,94,75,4,
95	2	5	1.895	2,36,55,74,91,39,48,59,87,19,65,89,57,83,67,5,
95	1	9	2.608	1,20,33,37,42,49,76,48,59,87,19,65,17,80,50,69,62,70,79,9,
95	2	3	2.136	2,36,55,32,74,91,39,48,26,59,65,87,19,63,47,3,
95	1	14	2.288	1,20,68,37,42,49,76,48,26,96,95,99,29,25,14,
95	1	12	2.47	1,20,68,37,42,49,76,48,59,26,43,44,73,24,28,21,27,60,12,
95	1	13	2.339	1,20,68,37,42,49,96,43,44,73,24,28,21,27,60,54,34,13,
95	1	11	2.529	1,20,68,37,42,49,96,26,43,44,73,24,28,21,27,61,22,51,58,11,
95	2	7	2.262	2,36,74,91,39,48,59,87,19,65,17,80,50,69,62,35,7,
95	2	15	2.48	2,36,74,91,39,63,19,87,65,59,48,26,96,49,42,90,64,15,
95	3	4	2.17	3,47,63,19,87,48,26,59,65,89,57,83,67,94,75,4,
95	3	5	2.086	3,47,63,19,87,48,76,96,26,59,65,89,57,83,67,5,
95	2	9	2.564	2,36,74,91,39,63,19,87,59,48,26,43,38,41,18,97,16,56,31,70,79,9,
95	2	10	2.616	2,36,74,91,39,48,59,26,96,43,44,73,24,28,21,27,61,58,71,98,10,
95	2	14	2.461	2,36,74,91,39,63,19,87,65,59,48,26,96,95,99,29,25,14,
95	2	12	2.549	2,36,55,74,91,39,48,59,26,43,38,44,73,24,28,21,27,60,52,12,
95	2	8	2.319	2,36,74,91,39,48,59,87,63,19,65,17,80,50,69,62,35,46,8,
95	2	13	2.448	2,36,74,91,39,76,48,59,26,43,44,73,24,28,21,27,60,52,34,13,
95	2	11	2.688	2,36,74,91,39,63,19,87,59,48,26,43,44,73,24,28,21,27,61,22,51,58,11,
95	3	15	2.619	3,30,47,63,19,87,65,59,48,26,96,49,42,37,33,64,90,15,
95	3	6	2.377	3,47,63,19,87,65,17,80,50,69,62,35,81,72,77,93,6,
95	3	7	2.423	3,47,63,87,59,26,43,38,41,18,97,16,56,50,69,62,35,7,
95	3	9	2.478	3,47,63,19,87,65,59,48,26,43,38,41,18,97,16,56,31,70,79,9,
95	4	5	2.146	4,30,47,63,19,87,48,59,65,89,57,83,67,94,75,5,
95	3	10	2.58	3,47,63,19,87,59,26,43,44,73,24,28,21,27,61,22,51,58,71,98,10,
95	3	12	2.54	3,47,63,19,87,59,48,76,96,26,43,38,44,73,24,28,21,27,60,12,
95	3	13	2.479	3,47,63,19,87,59,48,76,26,43,44,73,24,28,21,27,60,52,34,13,
95	3	8	2.41	3,47,63,19,87,59,26,43,38,41,18,97,16,56,50,69,62,35,46,8,
95	3	14	2.596	3,47,63,19,87,59,26,43,44,73,24,28,21,27,60,54,45,84,14,
95	3	11	2.633	3,47,63,19,87,65,59,48,26,96,43,44,73,24,28,21,27,61,51,58,11,
95	5	6	1.953	5,67,83,57,89,17,80,50,69,62,35,81,72,93,6,
95	4	6	2.208	4,75,94,67,83,57,89,17,80,50,69,62,35,81,72,93,6,
95	4	15	2.529	4,75,94,67,83,57,89,65,19,87,59,48,76,49,42,37,33,64,15,
95	4	7	2.464	4,75,94,57,89,19,87,63,48,59,65,17,80,50,69,62,35,7,
95	4	10	2.543	4,75,94,57,89,65,19,87,59,26,43,44,73,24,28,61,58,71,98,10,
95	4	9	2.527	4,75,94,67,83,57,89,65,19,87,59,26,43,38,41,18,97,78,79,9,
95	4	8	2.408	4,75,94,67,83,57,89,19,87,59,65,17,80,50,69,62,35,46,8,
95	4	11	2.544	4,75,94,67,83,57,89,65,19,87,59,26,43,44,73,24,22,51,58,11,
95	4	13	2.472	4,75,94,57,89,19,87,59,26,43,44,73,24,28,21,27,60,54,34,13,
95	4	14	2.566	4,75,94,67,83,57,89,65,19,87,59,48,26,96,95,99,29,25,14,
95	4	12	2.577	4,75,94,67,83,57,89,63,19,87,59,26,43,44,73,24,28,21,27,60,12,
95	5	7	1.989	5,67,83,57,89,19,87,65,17,80,50,69,62,35,7,
95	5	9	2.123	5,67,94,57,89,17,80,50,69,62,35,46,70,79,9,
95	6	7	2.329	6,67,83,57,89,19,87,65,17,80,50,69,62,35,7,
95	6	8	2.107	6,93,81,72,77,80,92,16,18,97,56,50,69,35,46,8,
95	5	8	1.968	5,67,83,57,89,19,87,65,17,80,50,69,62,35,46,8,
95	5	15	2.666	5,67,83,57,89,65,19,63,87,59,48,76,26,96,49,42,37,33,64,90,15,
95	5	10	2.457	5,67,83,57,89,65,19,87,59,26,43,44,73,24,22,51,58,71,98,10,
95	5	11	2.47	5,67,83,57,89,65,19,87,59,26,43,44,73,24,28,21,27,61,51,58,11,
95	5	13	2.415	5,67,83,89,65,19,87,59,26,43,44,73,24,28,21,27,60,52,34,13,
95	5	12	2.53	5,67,83,57,89,65,19,87,59,48,26,43,44,73,24,28,21,27,60,52,12,
95	5	14	2.677	5,67,83,57,89,65,19,87,59,26,43,44,73,24,28,21,27,60,45,84,14,
95	6	9	2.049	6,93,81,72,50,69,62,31,56,16,18,97,78,79,9,
95	7	9	2.19	7,35,62,69,50,31,56,16,41,18,97,78,82,79,9,
95	7	8	2.385	7,81,72,80,17,65,59,26,38,16,56,31,62,46,8,
95	7	10	2.178	7,35,62,69,50,56,97,18,41,73,24,28,61,51,58,71,98,10,
95	6	10	2.412	6,93,81,72,50,69,31,56,97,18,41,73,24,28,61,51,58,71,98,10,
95	6	15	2.756	6,93,72,50,69,31,56,16,97,18,41,73,24,28,21,27,23,66,29,25,15,
95	6	12	2.311	6,93,81,72,50,69,31,56,16,97,18,41,73,24,28,21,27,60,12,
95	6	13	2.338	6,93,72,50,69,31,56,16,97,18,41,73,24,28,21,27,60,54,34,13,
95	7	11	2.291	7,35,62,69,50,31,56,16,97,18,41,73,24,28,21,27,61,51,58,11,
95	6	11	2.371	6,93,72,50,69,31,56,16,97,18,41,73,24,28,21,27,61,51,58,11,
95	6	14	2.516	6,93,72,50,56,16,97,18,41,73,24,28,21,27,60,54,45,84,14,
95	8	9	2.091	8,46,35,62,69,50,31,56,16,18,97,78,85,82,79,9,
95	8	10	1.963	8,46,35,62,69,50,56,31,78,85,22,51,58,71,98,10,
95	7	12	2.183	7,35,62,69,50,56,16,97,18,41,44,73,24,28,21,27,60,12,
95	8	12	2.107	8,46,35,62,69,50,56,97,18,41,44,73,24,28,21,27,60,12,
95	7	15	2.601	7,35,62,69,50,56,16,97,18,41,73,24,28,21,27,23,66,29,25,15,
95	8	15	2.628	8,46,35,62,69,50,31,56,16,97,18,41,73,24,28,86,40,23,66,29,25,15,
95	8	11	2.14	8,46,35,62,69,50,56,97,18,41,73,24,28,21,27,61,51,58,11,
95	8	13	2.107	8,46,35,62,69,50,56,97,18,41,73,24,28,21,27,60,54,34,13,
95	7	13	2.266	7,35,62,69,50,31,56,16,97,18,41,73,24,28,21,27,60,52,34,13,
95	7	14	2.484	7,35,62,69,50,56,16,97,18,41,73,24,28,21,27,60,54,45,84,14,
95	8	14	2.402	8,46,35,62,69,50,56,16,97,18,41,73,24,28,21,27,60,45,84,14,
95	9	10	2.029	9,79,78,97,18,41,73,24,28,21,27,61,58,71,98,10,
95	9	12	1.991	9,79,70,31,56,97,18,41,73,24,28,21,27,60,52,12,
95	10	12	2.046	10,98,71,58,51,22,61,27,21,28,24,40,86,23,60,52,12,
95	10	13	1.84	10,98,71,58,51,22,61,24,28,21,27,60,52,34,54,13,
95	9	11	2.018	9,79,70,31,56,97,18,41,73,24,28,21,27,61,51,58,11,
95	10	11	2.223	10,98,82,79,70,31,56,16,97,18,41,44,73,22,51,58,11,
95	9	13	1.93	9,79,82,98,71,58,51,22,61,21,27,60,52,34,13,
95	9	15	2.62	9,79,70,31,56,16,97,18,41,73,24,28,21,27,86,40,23,66,29,25,15,
95	10	15	2.65	10,98,71,58,51,22,73,24,28,21,27,60,52,34,54,45,29,25,15,
95	10	14	2.297	10,98,71,58,61,51,22,73,24,28,21,27,60,52,34,54,45,84,14,
95	9	14	2.386	9,79,70,78,97,18,41,73,24,28,21,27,60,52,34,54,45,84,14,
95	13	15	2.191	13,54,34,52,60,27,21,28,24,73,40,23,66,29,25,15,
95	14	15	2.253	14,84,45,54,34,52,60,27,21,86,40,23,66,29,25,15,
95	11	12	2.171	11,71,58,51,22,61,27,21,28,24,73,40,86,23,60,52,12,
95	11	13	1.951	11,71,58,61,51,22,73,24,28,21,27,60,52,34,54,13,
95	12	13	1.99	12,52,60,27,21,28,24,73,40,86,23,66,45,54,34,13,
95	11	15	2.534	11,71,58,51,22,61,21,27,60,52,34,54,45,84,29,25,15,
95	12	15	2.497	12,52,34,54,45,60,27,21,28,24,73,40,86,23,66,29,25,15,
95	13	14	2.062	13,54,34,52,60,27,21,28,24,73,40,86,23,66,29,14,
95	11	14	2.232	11,58,51,22,61,27,21,28,86,40,23,60,52,34,54,45,84,14,
95	12	14	2.328	12,27,21,61,51,22,24,28,86,40,23,60,52,34,54,45,84,14,
