76	0	1	2.224	0,74,47,41,85,42,18,38,78,55,26,71,32,64,39,1,
76	0	2	2.18	0,74,47,41,85,42,18,38,78,55,44,58,24,28,43,2,
76	0	3	2.134	0,74,47,71,26,55,92,57,59,44,58,24,54,31,97,3,
76	0	4	2.359	0,74,47,41,85,42,18,38,78,55,92,57,59,44,58,37,75,76,49,4,
76	0	5	2.526	0,74,47,41,85,42,18,38,78,55,92,57,59,44,58,37,94,75,76,49,5,
76	0	6	2.536	0,74,47,41,85,42,18,73,38,78,55,44,59,57,92,21,27,46,87,17,6,
76	0	7	2.429	0,74,47,41,85,42,18,38,89,35,29,67,66,33,77,56,70,68,88,36,7,
76	0	8	2.37	0,74,47,41,85,42,18,78,38,89,35,29,67,66,33,77,56,70,16,88,40,8,
76	0	9	2.434	0,74,47,41,85,42,18,78,38,89,35,29,67,66,33,77,56,70,68,16,25,9,
76	0	10	2.585	0,74,47,41,85,42,18,38,89,35,29,67,66,33,77,56,70,95,61,48,10,
76	0	11	2.531	0,74,19,47,71,41,85,42,18,78,38,89,73,60,93,22,69,86,11,
76	0	12	2.373	0,74,19,47,41,85,42,18,78,38,89,73,60,93,65,53,96,12,
76	0	13	1.993	0,74,47,41,85,42,18,78,38,73,60,93,65,34,13,
76	0	14	2.121	0,74,47,41,85,42,18,78,38,89,73,60,63,82,79,14,
76	0	15	2.277	0,74,47,41,85,42,18,78,38,89,73,60,63,82,19,15,
76	1	2	2.291	1,32,71,41,85,42,18,38,78,55,44,58,24,28,43,2,
76	1	3	2.199	1,64,39,23,43,28,31,54,24,58,37,75,76,90,97,3,
76	1	4	2.115	1,64,39,23,43,28,31,54,24,58,44,59,37,75,76,4,
76	1	5	2.5	1,64,39,23,43,28,31,54,24,58,44,57,59,37,94,90,75,76,49,5,
76	1	6	2.38	1,64,39,23,43,28,31,54,24,58,44,59,57,21,27,46,81,87,17,6,
76	1	7	2.369	1,64,39,98,24,58,44,59,57,92,29,67,66,33,77,56,70,68,88,36,7,
76	1	8	2.358	1,64,39,98,24,58,44,59,57,92,35,29,67,66,33,77,56,70,16,68,88,40,8,
76	1	9	2.457	1,64,39,98,24,58,44,59,57,92,35,29,67,66,33,77,56,70,95,52,61,9,
76	1	10	2.567	1,64,39,98,24,58,44,59,57,92,35,29,67,66,33,77,56,70,95,61,48,10,
76	1	11	2.543	1,39,64,32,47,41,85,42,18,78,38,89,73,60,93,22,69,86,11,
76	1	12	2.456	1,39,64,32,71,41,85,42,18,78,38,89,73,60,93,65,53,96,12,
76	1	13	2.104	1,32,71,41,85,42,18,78,38,73,60,93,65,34,13,
76	1	14	2.232	1,32,71,41,85,42,18,78,38,89,73,60,63,82,79,14,
76	1	15	2.279	1,64,39,23,43,28,31,54,24,26,71,32,47,19,15,
76	2	3	2.181	2,20,43,28,31,54,24,58,44,59,37,75,76,90,97,3,
76	2	4	2.06	2,20,43,28,31,54,24,58,44,57,59,37,75,76,49,4,
76	2	5	2.438	2,20,43,28,31,54,24,58,44,59,57,92,21,27,46,81,87,5,
76	2	6	2.335	2,20,43,28,31,54,24,58,44,59,57,92,35,29,67,27,46,87,17,6,
76	2	7	2.29	2,43,28,24,58,44,59,57,92,35,29,67,66,33,77,56,70,68,88,36,7,
76	2	8	2.286	2,43,28,31,54,24,58,44,59,57,92,35,29,67,66,33,77,56,70,16,40,8,
76	2	9	2.382	2,43,28,31,54,24,58,44,59,57,92,35,29,67,66,33,77,56,70,68,16,25,9,
76	2	10	2.506	2,43,28,54,24,58,44,59,57,92,35,29,67,66,33,77,56,70,95,61,48,10,
76	2	11	2.481	2,43,28,31,54,24,58,44,59,57,92,55,78,38,73,60,93,22,11,
76	2	12	2.379	2,43,28,54,24,58,44,59,57,92,55,78,38,73,60,93,53,96,12,
76	2	13	2.335	2,43,28,54,24,58,44,59,57,92,55,78,38,73,60,62,99,34,13,
76	2	14	2.441	2,20,43,28,31,54,24,58,44,59,57,92,55,78,38,18,63,82,79,14,
76	2	15	2.226	2,43,28,31,54,24,58,44,59,57,92,55,42,85,19,15,
76	3	4	2.121	3,97,31,54,24,58,44,59,57,92,21,45,75,76,49,4,
76	3	5	2.182	3,97,31,54,24,58,44,59,57,92,21,45,75,76,49,5,
76	3	6	1.923	3,97,31,54,24,58,44,59,57,92,21,27,46,87,17,6,
76	3	7	2.223	3,97,31,54,58,44,59,57,92,29,67,66,33,77,56,70,68,88,36,7,
76	3	8	2.109	3,97,31,54,24,58,44,59,57,92,35,29,67,66,33,77,56,70,16,8,
76	3	9	2.274	3,97,31,54,24,58,44,57,92,35,29,67,66,33,77,56,70,68,16,25,9,
76	3	10	2.465	3,97,31,54,24,58,44,59,57,92,35,29,67,66,33,77,56,70,95,61,48,10,
76	3	11	2.605	3,97,31,54,24,58,44,59,57,92,55,78,38,89,73,60,93,22,69,86,11,
76	3	12	2.647	3,97,31,54,24,58,44,59,57,92,55,78,38,89,73,60,93,65,99,34,12,
76	3	13	2.382	3,97,31,54,24,58,44,59,57,92,55,78,38,73,60,93,65,99,34,13,
76	3	14	2.392	3,97,31,54,24,58,44,59,57,92,55,78,38,73,60,63,82,79,14,
76	3	15	2.338	3,97,31,54,24,58,44,59,57,92,55,78,38,18,42,85,41,19,15,
76	4	5	2.299	4,49,76,75,90,94,31,54,24,58,44,59,57,92,21,45,5,
76	4	6	2.046	4,49,76,75,94,37,58,44,59,57,92,21,27,46,87,17,6,
76	4	7	2.232	4,76,75,37,58,44,59,57,92,29,67,66,33,77,56,70,68,88,36,7,
76	4	8	2.126	4,49,76,75,37,58,44,59,57,92,35,29,67,66,33,77,56,70,16,8,
76	4	9	2.246	4,76,75,37,58,44,59,57,92,35,29,67,66,33,77,56,70,68,16,25,9,
76	4	10	2.461	4,76,75,37,58,44,59,57,92,29,67,66,33,77,56,70,95,52,61,48,10,
76	4	11	2.538	4,49,76,75,37,58,44,59,57,92,55,78,38,73,60,93,22,69,86,11,
76	4	12	2.579	4,49,76,75,37,58,44,59,57,92,55,78,38,89,73,60,93,65,53,96,12,
76	4	13	2.566	4,49,76,75,90,94,37,58,44,59,57,92,55,78,38,73,60,93,65,99,34,13,
76	4	14	2.599	4,49,76,75,94,37,58,44,59,57,92,55,78,38,89,73,60,63,82,79,14,
76	4	15	2.432	4,49,76,75,37,58,44,59,57,92,55,78,38,18,42,85,41,47,19,15,
76	5	6	2.107	5,49,76,75,94,37,58,44,59,57,92,21,27,46,87,17,6,
76	5	7	2.06	5,46,87,17,81,83,33,77,56,70,16,68,88,40,36,7,
76	5	8	2.145	5,49,76,75,37,58,44,59,57,92,29,67,66,33,77,56,70,16,8,
76	5	9	2.311	5,49,76,75,37,58,44,59,57,92,35,29,67,66,33,77,56,70,16,25,9,
76	5	10	2.501	5,49,76,75,37,58,44,59,57,92,29,67,66,33,77,56,70,95,61,48,10,
76	5	11	2.542	5,49,76,75,37,58,44,59,57,92,55,78,38,89,73,60,93,22,11,
76	5	12	2.416	5,49,76,75,37,58,44,59,57,92,55,78,38,73,60,93,53,96,12,
76	5	13	2.513	5,49,76,75,37,58,44,59,57,55,78,38,89,73,60,93,65,99,34,13,
76	5	14	2.554	5,49,76,75,37,58,44,59,57,92,55,78,38,89,73,60,63,82,79,14,
76	5	15	2.559	5,49,76,75,37,58,44,59,57,92,89,73,38,78,18,42,85,41,19,15,
76	6	7	1.682	6,17,87,46,81,83,33,77,56,70,16,68,88,40,36,7,
76	6	8	1.669	6,17,87,46,81,83,33,66,77,56,70,16,68,88,40,8,
76	6	9	1.676	6,17,87,46,81,83,33,77,56,70,16,95,61,25,9,
76	6	10	2.188	6,17,87,46,81,83,33,66,77,56,70,68,16,95,61,52,72,80,10,
76	6	11	2.372	6,17,87,46,81,83,33,77,56,70,68,16,95,52,61,48,72,80,86,11,
76	6	12	2.552	6,17,87,46,27,21,37,58,44,59,57,92,55,78,38,73,60,93,53,96,12,
76	6	13	2.418	6,17,87,46,27,21,92,57,59,44,55,78,38,73,60,93,65,99,34,13,
76	6	14	2.582	6,17,87,46,81,83,33,66,67,29,35,89,73,38,78,18,63,82,79,14,
76	6	15	2.559	6,17,87,81,46,27,21,92,57,59,44,55,78,38,18,42,85,41,47,19,15,
76	7	8	1.895	7,36,83,33,77,56,70,95,52,61,25,16,68,88,40,8,
76	7	9	1.76	7,36,40,88,83,33,77,56,70,68,16,95,52,61,25,9,
76	7	10	2.313	7,36,40,88,68,16,70,56,77,33,66,67,29,35,51,84,91,72,80,10,
76	7	11	2.466	7,36,40,88,16,70,56,77,33,66,67,29,35,51,84,91,69,22,86,11,
76	7	12	2.387	7,36,40,88,16,70,56,77,33,66,67,29,35,89,73,60,93,53,96,12,
76	7	13	2.375	7,36,40,88,68,70,56,77,33,66,67,29,35,89,73,60,62,65,99,34,13,
76	7	14	2.508	7,36,40,88,68,16,70,56,77,33,66,67,29,35,89,38,78,18,63,82,79,14,
76	7	15	2.513	7,36,40,88,68,70,56,77,33,66,67,29,35,89,38,78,18,42,85,41,19,15,
76	8	9	1.838	8,40,88,16,70,68,83,33,66,77,56,95,52,61,25,9,
76	8	10	1.812	8,40,88,83,33,77,56,70,68,16,95,61,52,72,80,10,
76	8	11	2.041	8,40,88,68,16,70,56,77,33,66,67,29,84,91,69,86,11,
76	8	12	1.956	8,40,88,68,16,70,56,77,33,66,84,91,69,22,96,12,
76	8	13	2.199	8,40,88,68,70,56,77,33,66,67,29,35,89,73,60,62,65,99,34,13,
76	8	14	2.293	8,40,88,16,70,56,77,33,66,67,29,35,89,38,78,18,63,82,79,14,
76	8	15	2.475	8,16,68,70,56,77,33,66,67,29,35,89,73,38,78,18,42,85,41,47,19,15,
76	9	10	2.018	9,25,61,52,95,16,70,56,77,33,66,84,91,72,80,10,
76	9	11	2.025	9,61,52,95,16,68,70,56,77,33,66,84,91,69,86,11,
76	9	12	2.096	9,25,16,68,70,56,77,33,66,84,91,69,22,53,96,12,
76	9	13	2.231	9,25,16,68,70,56,77,33,66,67,29,35,89,73,60,62,99,34,13,
76	9	14	2.329	9,25,16,68,70,56,77,33,66,67,29,35,89,73,60,63,82,79,14,
76	9	15	2.43	9,25,16,68,70,56,77,33,66,67,29,35,89,38,78,18,42,85,41,19,15,
76	10	11	2.208	10,48,61,52,95,16,68,70,56,77,33,66,84,91,69,86,11,
76	10	12	2.228	10,80,69,91,84,51,89,78,38,73,60,93,53,96,12,
76	10	13	2.115	10,80,72,91,84,51,89,38,73,60,93,65,99,34,13,
76	10	14	2.541	10,48,61,95,70,56,77,33,66,67,29,35,89,38,78,18,63,82,79,14,
76	10	15	2.596	10,72,52,95,70,56,77,33,66,67,29,35,89,38,78,18,42,85,19,15,
76	11	12	2.162	11,86,69,91,84,51,89,78,38,73,60,93,53,96,12,
76	11	13	2.131	11,86,69,91,84,51,89,38,73,60,93,65,99,34,13,
76	11	14	2.173	11,86,69,22,93,60,73,89,38,78,18,63,82,79,14,
76	11	15	2.171	11,86,22,93,60,73,38,78,18,42,85,41,47,19,15,
76	12	13	2.115	12,96,53,93,60,73,38,78,18,63,82,50,99,34,13,
76	12	14	2.143	12,96,53,93,60,73,89,38,78,18,42,85,63,82,79,14,
76	12	15	2.114	12,96,53,93,60,73,89,38,78,42,85,41,47,19,15,
76	13	14	2.034	13,34,99,65,93,60,73,89,38,78,18,63,82,79,14,
76	13	15	2.023	13,34,99,65,93,60,73,38,78,18,42,85,41,19,15,
76	14	15	2.194	14,79,82,63,60,73,89,38,78,18,42,85,41,47,19,15,
