364	0	1	2.123	0,53,54,63,83,93,52,22,87,51,97,75,44,78,16,1,
364	0	2	2.209	0,53,83,63,51,87,37,70,96,30,28,97,75,44,2,
364	0	3	2.448	0,53,54,63,83,51,87,26,82,98,70,37,97,75,81,45,85,33,3,
364	0	4	2.582	0,53,54,63,83,51,87,26,82,98,70,28,96,30,92,66,74,25,91,4,
364	0	5	2.262	0,53,54,83,63,34,16,78,44,81,45,85,33,88,74,89,91,25,86,5,
364	0	6	2.414	0,53,83,63,34,44,81,45,85,33,88,74,89,91,25,86,55,17,59,6,
364	0	7	2.454	0,53,83,51,87,37,70,28,96,30,92,80,68,95,58,84,38,56,48,7,
364	0	8	2.473	0,54,63,83,51,87,26,82,98,49,35,20,90,39,67,19,64,72,73,8,
364	0	9	2.474	0,53,54,63,83,51,87,26,82,98,49,35,20,90,39,67,50,19,64,72,9,
364	0	10	2.25	0,53,83,51,87,26,82,98,49,35,20,90,39,67,19,46,31,62,29,42,10,
364	0	11	2.2	0,53,83,51,87,26,82,98,49,35,90,39,67,19,46,31,62,29,11,
364	0	12	2.134	0,53,54,63,83,51,87,26,82,98,49,35,20,69,94,57,24,12,
364	0	13	2.041	0,53,83,63,51,87,26,82,98,49,20,69,60,77,47,13,
364	0	14	2.195	0,53,54,63,83,51,87,26,82,98,49,35,20,99,23,14,
364	0	15	1.992	0,53,54,63,83,51,87,37,70,49,98,82,26,22,52,15,
364	1	2	2.419	1,54,63,83,53,93,52,22,87,51,97,34,16,78,44,2,
364	1	3	2.286	1,54,53,83,63,34,16,78,44,81,45,85,33,74,89,88,3,
364	1	4	2.205	1,0,53,83,63,34,16,78,44,81,45,85,33,88,74,89,91,4,
364	1	5	2.573	1,16,78,44,81,45,85,33,88,74,89,91,25,86,55,17,76,59,79,6,5,
364	1	6	2.294	1,16,78,44,75,81,45,85,33,88,74,91,25,86,55,17,76,59,79,6,
364	1	7	2.314	1,16,78,44,81,45,85,33,88,74,89,91,25,86,55,17,76,59,79,43,7,
364	1	8	2.585	1,16,78,44,81,45,85,33,88,74,89,91,25,86,55,17,59,79,43,48,8,
364	1	9	2.588	1,54,63,83,51,87,26,82,98,49,35,20,90,39,67,50,19,64,72,9,
364	1	10	2.446	1,54,63,83,51,87,26,82,98,49,35,90,39,67,19,46,31,62,29,42,10,
364	1	11	2.46	1,54,63,83,51,87,26,82,98,49,35,90,39,67,19,46,31,62,29,11,
364	1	12	2.412	1,34,97,28,96,30,92,80,41,71,50,67,39,90,94,57,24,12,
364	1	13	2.423	1,54,53,83,63,51,87,26,82,98,49,35,20,69,60,77,47,13,
364	1	14	2.523	1,16,78,44,75,97,92,80,30,96,28,37,70,98,82,26,23,14,
364	1	15	2.272	1,16,78,44,75,97,28,92,30,96,70,98,82,26,22,52,15,
364	2	3	2.553	2,78,44,75,97,37,70,28,96,30,80,92,66,33,3,
364	2	4	2.553	2,44,78,16,34,97,75,81,45,85,33,88,89,91,25,86,4,
364	2	5	2.208	2,81,45,85,33,88,74,89,91,25,86,55,17,76,59,79,6,5,
364	2	6	2.407	2,81,45,85,33,88,74,89,91,25,86,55,17,76,27,38,56,43,79,6,
364	2	7	2.394	2,81,45,85,33,88,74,89,91,25,86,55,17,59,79,43,27,38,40,56,48,7,
364	2	8	2.466	2,81,45,85,33,88,74,89,91,25,86,55,17,76,59,27,38,56,73,8,
364	2	9	2.561	2,44,75,97,28,96,30,80,41,71,61,50,39,67,19,64,72,9,
364	2	10	2.544	2,44,75,97,28,96,30,92,80,41,71,50,39,67,19,46,31,62,29,42,10,
364	2	11	2.558	2,44,75,97,28,96,30,92,80,41,71,50,39,67,19,46,31,62,29,11,
364	2	12	2.483	2,44,75,97,28,96,30,80,41,71,50,67,39,90,94,57,24,12,
364	2	13	2.575	2,44,75,97,28,30,80,41,71,50,67,39,90,20,69,60,77,47,13,
364	2	14	2.691	2,78,44,75,97,92,80,30,96,28,37,70,98,82,26,22,52,14,
364	2	15	2.349	2,44,75,97,92,30,28,37,70,98,82,26,87,51,22,52,15,
364	3	4	2.179	3,88,33,85,45,81,44,78,16,34,75,66,25,91,74,89,4,
364	3	5	2.299	3,81,45,85,33,88,74,89,91,25,86,55,17,76,59,79,6,5,
364	3	6	2.185	3,33,88,74,89,91,25,86,55,17,76,59,27,38,40,56,43,79,6,
364	3	7	2.353	3,33,88,74,89,91,25,86,55,17,76,59,79,43,27,84,38,40,56,48,7,
364	3	8	2.58	3,33,88,74,89,91,25,86,55,17,76,59,79,43,27,38,40,56,65,73,8,
364	3	9	2.42	3,33,88,74,89,91,25,86,55,17,76,59,79,43,27,38,56,73,9,
364	3	10	2.523	3,33,66,92,80,41,71,61,50,39,67,19,64,72,46,31,62,29,42,10,
364	3	11	2.637	3,33,66,92,30,96,80,41,71,50,39,67,19,64,72,46,31,62,29,11,
364	3	12	2.587	3,88,74,89,91,25,66,92,80,41,71,50,67,39,90,94,57,24,12,
364	3	13	2.591	3,88,74,89,91,25,66,92,30,96,28,37,70,98,82,26,23,18,47,13,
364	3	14	2.57	3,88,33,85,45,81,75,44,78,16,34,63,83,54,53,93,52,22,14,
364	3	15	2.473	3,88,74,89,91,25,66,92,30,96,28,37,70,98,82,26,22,52,15,
364	4	5	2.267	4,89,74,91,25,86,55,17,76,59,27,38,56,43,79,6,5,
364	4	6	1.877	4,89,74,91,25,86,55,17,76,59,27,38,56,43,79,6,
364	4	7	2.166	4,88,74,89,91,25,86,55,17,76,59,79,43,27,38,40,56,48,7,
364	4	8	2.514	4,88,33,74,89,91,25,86,55,17,76,59,79,43,27,38,40,56,48,8,
364	4	9	2.635	4,89,74,91,25,66,92,28,96,80,41,71,50,67,39,19,64,72,9,
364	4	10	2.369	4,91,25,66,92,80,41,71,50,39,67,19,46,31,62,29,42,10,
364	4	11	2.552	4,89,74,91,25,66,92,80,41,71,50,67,39,90,20,69,60,57,24,32,11,
364	4	12	2.557	4,89,74,91,25,66,92,80,41,71,50,19,67,39,90,20,69,60,57,12,
364	4	13	2.558	4,89,74,91,25,66,92,80,41,71,50,67,39,90,20,69,60,77,47,13,
364	4	14	2.51	4,89,91,25,74,88,33,85,45,81,44,78,16,34,63,83,53,93,52,14,
364	4	15	2.28	4,89,91,25,74,88,33,85,45,81,44,78,16,34,63,83,53,93,52,15,
364	5	6	2.266	5,4,89,74,91,25,86,55,17,76,59,27,38,56,43,79,6,
364	5	7	2.141	5,4,89,74,91,25,86,55,17,76,59,79,27,38,40,56,48,7,
364	5	8	2.577	5,55,17,76,59,79,27,38,40,65,61,50,67,39,19,64,72,73,8,
364	5	9	2.484	5,55,17,76,59,79,43,27,38,40,65,61,50,67,39,19,64,72,9,
364	5	10	2.294	5,55,17,76,27,38,40,65,61,50,39,67,19,46,31,62,29,42,10,
364	5	11	2.411	5,55,17,76,59,27,38,40,65,64,19,67,39,90,94,57,24,32,11,
364	5	12	2.445	5,55,17,76,59,27,38,40,65,61,50,67,39,90,20,69,60,57,24,12,
364	5	13	2.436	5,55,17,76,27,38,40,65,61,50,67,39,90,20,69,60,77,47,13,
364	5	14	2.585	5,55,17,76,84,58,95,68,80,30,96,28,37,70,98,82,26,23,14,
364	5	15	2.427	5,55,17,76,84,58,95,68,80,92,30,96,70,98,82,26,22,52,15,
364	6	7	2.343	6,17,55,76,59,79,43,27,38,40,84,95,58,65,56,48,7,
364	6	8	2.294	6,17,76,27,38,40,65,61,50,39,67,19,64,72,73,8,
364	6	9	2.379	6,79,27,38,40,65,61,50,39,67,19,46,31,62,29,42,36,9,
364	6	10	2.127	6,79,43,27,38,40,65,61,50,39,67,19,46,31,62,29,42,10,
364	6	11	2.395	6,59,79,43,38,40,65,72,64,19,67,39,90,20,69,60,57,24,32,11,
364	6	12	2.444	6,17,76,59,79,27,38,40,65,72,64,19,67,39,90,20,69,60,57,24,12,
364	6	13	2.421	6,79,59,76,27,38,40,65,72,64,19,67,39,90,20,69,60,77,47,13,
364	6	14	2.565	6,59,27,38,84,58,95,68,80,92,30,96,28,37,70,98,82,26,23,14,
364	6	15	2.528	6,79,43,27,38,84,58,95,68,80,30,96,28,37,70,98,82,26,22,52,15,
364	7	8	2.298	7,43,27,38,40,56,65,61,50,39,67,19,72,73,8,
364	7	9	2.192	7,43,27,38,40,65,61,50,39,67,19,46,31,36,9,
364	7	10	1.962	7,43,27,38,40,65,61,50,67,39,46,31,62,29,42,10,
364	7	11	2.111	7,48,56,65,72,64,19,67,39,90,20,69,60,57,24,32,11,
364	7	12	2.282	7,43,27,38,40,65,72,64,19,67,39,90,20,69,60,94,57,24,12,
364	7	13	2.484	7,48,56,40,38,84,58,95,68,41,71,50,67,39,90,20,69,60,77,47,13,
364	7	14	2.562	7,48,56,40,38,27,84,58,95,68,80,92,30,28,37,70,98,82,26,23,14,
364	7	15	2.459	7,43,27,38,84,58,95,68,80,92,30,96,28,37,70,98,82,26,22,52,15,
364	8	9	2.215	8,73,65,72,64,19,67,39,46,31,62,29,42,36,9,
364	8	10	1.981	8,73,65,61,50,39,67,19,64,72,46,31,62,29,42,10,
364	8	11	2.167	8,73,65,72,64,19,67,39,90,20,69,60,94,57,24,32,11,
364	8	12	2.22	8,73,65,72,64,19,50,67,39,90,20,69,60,94,57,24,12,
364	8	13	2.557	8,73,72,64,19,67,39,90,20,35,49,98,70,37,82,26,23,18,47,13,
364	8	14	2.679	8,73,72,64,19,67,39,50,71,41,80,92,30,96,70,98,82,26,23,14,
364	8	15	2.611	8,73,72,64,19,67,39,50,71,41,80,92,30,96,70,98,82,26,22,52,15,
364	9	10	2.057	9,72,64,19,67,39,90,20,69,60,57,24,32,62,29,10,
364	9	11	2.065	9,36,42,29,62,31,46,19,67,39,90,20,69,60,57,24,32,11,
364	9	12	2.069	9,36,42,29,62,31,46,19,67,39,90,20,69,94,57,24,12,
364	9	13	2.143	9,36,42,31,46,72,64,19,67,39,90,20,69,60,77,47,13,
364	9	14	2.504	9,36,42,29,62,31,46,19,67,39,90,20,35,49,98,82,26,22,14,
364	9	15	2.464	9,36,31,46,72,64,19,67,39,90,20,35,49,98,82,26,87,22,52,15,
364	10	11	1.685	10,42,29,62,31,46,19,67,39,90,69,60,57,24,32,11,
364	10	12	1.756	10,42,29,62,31,46,72,64,19,67,39,90,20,69,60,57,12,
364	10	13	1.869	10,36,42,29,62,31,46,19,67,39,90,20,69,60,77,47,13,
364	10	14	2.246	10,42,29,62,31,46,72,64,19,67,39,90,20,35,49,98,82,26,23,14,
364	10	15	2.176	10,36,42,29,62,31,46,19,67,39,90,20,35,49,98,82,26,22,52,15,
364	11	12	1.767	11,62,29,42,31,46,19,67,39,90,20,69,60,57,24,12,
364	11	13	1.83	11,62,29,42,31,46,19,67,39,90,20,69,60,77,47,13,
364	11	14	2.26	11,29,62,31,46,72,64,19,67,39,90,20,35,49,98,82,26,23,14,
364	11	15	2.128	11,29,42,31,46,19,67,39,90,20,35,49,98,82,26,22,52,15,
364	12	13	2.02	12,24,57,94,31,46,19,39,67,50,90,69,60,77,47,13,
364	12	14	2.076	12,24,57,94,31,46,19,50,67,39,90,20,99,23,14,
364	12	15	1.9	12,24,57,60,69,20,35,49,98,82,26,87,51,22,52,15,
364	13	14	2.236	13,47,77,57,94,31,46,19,67,39,90,20,99,23,14,
364	13	15	2.073	13,18,47,77,60,69,20,90,35,49,98,82,26,22,52,15,
364	14	15	2.229	14,23,99,20,90,39,67,50,35,49,98,82,26,22,52,15,
