227	0	1	2.069	0,32,98,21,79,55,89,63,48,16,49,74,95,75,29,1,
227	0	2	2.081	0,32,98,79,55,16,49,74,95,75,54,29,67,17,30,44,2,
227	0	3	2.388	0,29,75,54,41,33,24,82,50,65,60,58,25,52,69,68,45,3,
227	0	4	2.301	0,32,98,79,55,49,16,20,84,70,82,24,50,65,60,69,68,4,
227	0	5	2.389	0,32,98,79,74,95,75,54,41,33,24,82,50,65,60,58,52,25,39,76,5,
227	0	6	2.507	0,75,54,41,33,24,82,50,65,60,58,52,25,39,76,61,28,83,47,77,6,
227	0	7	2.663	0,75,54,41,33,24,82,50,65,60,58,52,25,76,39,66,61,77,47,83,7,
227	0	8	2.477	0,32,98,79,55,49,16,20,72,73,31,43,53,80,23,86,38,51,8,
227	0	9	2.384	0,32,98,79,55,49,16,48,78,22,62,90,64,18,92,56,81,9,
227	0	10	2.415	0,32,98,79,55,49,16,48,78,22,62,90,64,73,43,31,18,92,10,
227	0	11	2.55	0,32,98,79,55,49,16,48,78,22,62,73,43,31,18,64,90,42,11,
227	0	12	2.709	0,32,98,21,55,49,16,48,78,22,62,73,43,31,18,64,90,42,12,
227	0	13	2.342	0,32,98,21,79,74,55,49,16,48,78,22,37,62,87,35,97,36,13,
227	0	14	2.124	0,32,98,21,55,49,16,48,78,22,62,35,97,36,40,14,
227	0	15	2.219	0,29,54,75,95,74,79,98,32,21,55,49,16,89,63,15,
227	1	2	1.974	1,29,75,54,41,33,84,70,82,24,85,26,17,30,2,
227	1	3	1.947	1,29,75,54,41,33,24,50,65,60,58,52,69,68,45,3,
227	1	4	2.011	1,29,75,54,41,33,24,82,50,65,60,58,25,52,69,68,45,4,
227	1	5	2.201	1,29,75,54,41,33,24,82,50,65,60,69,68,52,25,66,39,76,5,
227	1	6	2.237	1,29,75,54,41,33,24,82,50,65,60,58,52,25,76,39,66,61,77,6,
227	1	7	2.397	1,29,75,54,41,33,24,82,50,65,60,58,52,25,39,76,61,47,83,7,
227	1	8	2.434	1,29,75,54,41,33,24,82,84,70,88,57,34,71,86,38,51,8,
227	1	9	2.467	1,29,75,54,41,33,84,70,88,99,73,31,43,53,80,23,86,38,9,
227	1	10	2.458	1,29,75,54,41,33,24,82,84,70,88,57,80,53,43,31,18,92,10,
227	1	11	2.522	1,29,75,54,41,33,24,82,84,70,88,99,73,43,31,18,64,11,
227	1	12	2.614	1,29,75,54,41,33,24,82,70,88,99,73,31,18,64,90,42,12,
227	1	13	2.284	1,29,54,41,33,24,82,70,84,72,37,22,78,35,97,36,13,
227	1	14	1.901	1,29,54,75,95,74,79,98,32,21,55,49,16,89,63,14,
227	1	15	1.949	1,29,54,75,95,74,79,98,32,21,55,49,16,89,63,15,
227	2	3	2.231	2,17,26,33,24,82,50,65,60,58,25,52,69,96,68,45,3,
227	2	4	2.089	2,17,26,85,33,24,82,50,65,60,58,25,52,69,68,45,4,
227	2	5	2.284	2,17,30,59,85,26,33,24,82,50,65,60,58,69,52,25,66,39,76,5,
227	2	6	2.315	2,17,30,59,85,93,96,68,69,60,58,52,25,39,76,61,28,83,47,77,6,
227	2	7	2.446	2,17,30,44,59,96,68,69,60,58,52,25,76,39,66,28,61,77,47,83,7,
227	2	8	2.471	2,30,59,85,24,82,70,88,99,73,43,53,80,23,86,38,51,8,
227	2	9	2.459	2,30,17,26,85,24,82,70,88,99,73,31,43,53,80,23,86,38,9,
227	2	10	2.669	2,17,26,85,24,82,84,70,88,99,73,31,43,53,80,23,81,56,92,10,
227	2	11	2.642	2,30,17,26,85,24,82,84,70,88,99,73,43,31,18,64,90,42,11,
227	2	12	2.624	2,30,17,26,85,24,82,70,88,99,73,43,31,18,64,90,42,12,
227	2	13	2.694	2,17,30,59,85,26,33,24,82,84,70,88,72,37,22,78,35,97,36,13,
227	2	14	2.555	2,44,30,17,67,29,54,75,95,74,79,98,32,21,55,49,16,89,63,40,14,
227	2	15	2.087	2,17,30,59,85,26,33,41,54,75,95,74,79,98,32,21,15,
227	3	4	2.043	3,44,30,17,26,33,24,82,50,65,60,58,25,52,69,68,4,
227	3	5	1.995	3,44,30,17,26,33,24,82,50,65,60,69,52,25,39,76,5,
227	3	6	1.8	3,45,68,69,60,58,52,25,39,76,61,28,91,83,47,77,6,
227	3	7	2.552	3,44,30,17,26,85,93,96,68,69,58,52,25,76,39,66,61,28,47,83,7,
227	3	8	2.531	3,59,85,24,82,84,70,88,99,73,31,43,53,80,23,86,51,8,
227	3	9	2.43	3,59,85,24,82,70,88,99,73,31,43,53,80,23,86,38,51,9,
227	3	10	2.756	3,45,68,69,60,58,52,25,39,76,61,28,91,46,19,51,38,86,81,56,92,10,
227	3	11	2.765	3,59,26,33,24,82,84,70,88,57,80,53,43,31,18,64,90,42,11,
227	3	12	2.706	3,59,85,24,82,84,70,88,57,80,53,43,31,18,64,90,42,12,
227	3	13	2.566	3,45,68,69,60,65,50,24,82,70,84,72,37,22,78,35,97,36,13,
227	3	14	2.561	3,45,68,69,52,58,60,65,50,24,82,70,84,20,16,55,89,63,14,
227	3	15	2.367	3,44,30,17,26,33,24,82,70,84,20,16,49,55,79,98,32,15,
227	4	5	1.944	4,45,68,69,60,58,52,25,76,39,66,61,28,83,47,77,5,
227	4	6	1.785	4,45,68,52,69,60,58,25,39,76,61,28,91,83,47,77,6,
227	4	7	2.191	4,68,69,60,58,52,25,76,39,66,61,77,47,83,28,91,46,7,
227	4	8	2.337	4,68,69,60,58,52,25,76,39,66,61,77,47,83,28,91,94,46,19,8,
227	4	9	2.359	4,45,68,69,52,25,39,76,61,77,47,83,28,91,46,19,86,38,9,
227	4	10	2.335	4,68,69,52,58,60,65,50,82,70,88,99,53,43,31,18,92,10,
227	4	11	2.559	4,68,69,52,58,60,65,50,24,82,70,88,99,73,43,31,18,64,11,
227	4	12	2.673	4,45,68,69,52,25,58,60,65,50,24,82,70,84,72,37,22,78,35,12,
227	4	13	2.555	4,45,68,69,52,58,60,65,50,24,82,70,84,72,37,22,78,35,97,36,13,
227	4	14	2.577	4,45,68,69,52,58,60,65,50,24,82,70,84,20,16,49,55,89,63,40,14,
227	4	15	2.348	4,68,69,58,60,65,50,24,82,70,84,20,16,49,55,79,98,32,21,15,
227	5	6	1.788	5,76,39,25,52,69,58,60,65,66,61,28,91,83,47,77,6,
227	5	7	2.278	5,76,39,25,52,58,60,69,68,96,93,50,65,66,61,77,47,83,7,
227	5	8	2.258	5,76,39,25,52,69,60,58,66,61,28,91,46,19,86,38,51,8,
227	5	9	2.37	5,76,39,25,52,58,60,65,50,24,82,70,88,57,34,71,86,38,9,
227	5	10	2.315	5,76,39,25,52,58,60,65,50,82,70,88,99,73,43,31,18,92,10,
227	5	11	2.558	5,76,39,66,61,28,91,94,34,71,23,80,53,43,31,18,64,90,42,11,
227	5	12	2.669	5,76,39,25,52,69,60,65,50,24,82,84,70,88,72,37,22,78,35,12,
227	5	13	2.472	5,76,39,25,52,58,60,65,50,24,82,70,84,72,37,22,78,35,97,36,13,
227	5	14	2.592	5,76,39,25,52,58,60,65,50,24,33,41,54,75,95,32,98,79,55,89,63,14,
227	5	15	2.38	5,76,39,25,52,58,60,65,50,24,82,70,84,20,49,55,79,98,32,21,15,
227	6	7	2.078	6,77,47,83,28,91,94,34,71,23,86,38,51,19,46,7,
227	6	8	1.906	6,83,47,77,61,28,91,46,19,71,34,23,86,38,51,8,
227	6	9	2.039	6,77,47,83,28,91,94,34,71,23,80,53,43,31,18,56,81,9,
227	6	10	2.018	6,77,47,83,28,91,46,19,71,34,23,80,53,43,31,18,92,10,
227	6	11	2.262	6,77,47,83,28,91,46,34,71,23,80,53,43,31,18,64,90,42,11,
227	6	12	2.37	6,83,47,77,61,28,91,94,34,71,23,80,53,43,31,18,64,90,42,12,
227	6	13	2.434	6,77,61,28,91,94,34,71,23,53,43,31,18,64,90,87,35,97,36,13,
227	6	14	2.642	6,77,61,28,91,94,34,71,23,80,53,43,31,18,64,90,87,35,97,36,40,14,
227	6	15	2.595	6,77,61,39,76,25,52,58,60,65,50,82,24,33,41,54,75,95,32,98,21,15,
227	7	8	1.925	7,46,34,71,23,80,53,43,31,56,81,86,38,51,8,
227	7	9	1.885	7,46,34,71,23,80,53,43,31,18,56,81,86,38,9,
227	7	10	1.934	7,46,19,51,38,86,23,80,53,43,73,31,18,92,10,
227	7	11	2.331	7,83,47,61,28,91,94,34,71,23,80,53,43,31,18,64,90,42,11,
227	7	12	2.407	7,83,47,61,28,91,94,34,71,23,80,53,43,31,18,64,90,42,12,
227	7	13	2.464	7,46,19,34,71,23,80,53,43,31,18,64,90,62,22,78,35,97,36,13,
227	7	14	2.658	7,46,19,34,71,23,80,53,43,31,18,64,90,62,22,78,35,97,36,40,14,
227	7	15	2.617	7,46,34,71,23,80,53,43,31,64,90,62,22,78,48,16,49,55,21,15,
227	8	9	1.736	8,51,38,86,71,34,23,80,53,43,31,18,56,81,9,
227	8	10	1.697	8,51,38,86,71,34,23,80,53,43,73,31,18,92,10,
227	8	11	2.212	8,51,38,86,19,46,34,71,23,80,53,43,31,18,64,90,42,11,
227	8	12	2.442	8,51,38,86,71,34,23,80,53,43,31,18,64,90,62,22,78,35,12,
227	8	13	2.233	8,51,38,86,23,80,53,43,31,18,64,90,62,22,78,35,97,36,13,
227	8	14	2.427	8,51,38,86,23,80,53,43,31,18,64,90,62,22,78,35,97,36,40,14,
227	8	15	2.466	8,51,38,86,23,80,53,43,31,64,90,62,22,78,48,16,49,55,21,15,
227	9	10	1.666	9,38,51,86,71,34,23,80,53,43,73,31,18,92,10,
227	9	11	1.765	9,38,86,71,34,23,80,53,43,31,18,64,90,42,11,
227	9	12	1.841	9,38,86,71,34,23,80,53,43,31,18,64,90,42,12,
227	9	13	2.202	9,38,51,86,23,80,53,43,31,18,64,90,62,22,78,35,97,36,13,
227	9	14	2.396	9,38,51,86,23,80,53,43,31,18,64,90,62,22,78,35,97,36,40,14,
227	9	15	2.397	9,38,86,23,80,53,43,31,64,90,62,22,78,48,16,49,55,79,21,15,
227	10	11	1.869	10,92,56,81,23,80,53,43,73,31,18,64,90,42,11,
227	10	12	1.945	10,92,56,81,23,80,53,43,73,31,18,64,90,42,12,
227	10	13	2.018	10,92,56,53,43,31,18,64,90,42,87,35,97,36,13,
227	10	14	2.463	10,92,56,81,86,23,80,53,43,31,18,64,90,87,35,97,36,40,14,
227	10	15	2.417	10,92,18,31,43,73,64,90,62,22,78,48,16,49,55,79,98,32,21,15,
227	11	12	2.335	11,10,92,56,81,23,80,53,43,73,31,18,64,90,42,12,
227	11	13	2.213	11,42,90,64,18,31,43,53,73,62,22,78,35,97,36,13,
227	11	14	2.221	11,42,90,62,22,78,48,16,49,55,79,98,32,21,63,14,
227	11	15	2.22	11,42,64,90,62,22,78,37,20,16,49,55,79,98,32,21,15,
227	12	13	2.289	12,42,90,64,18,31,43,53,73,62,22,78,35,97,36,13,
227	12	14	2.244	12,87,62,22,78,48,16,49,55,79,98,32,21,89,63,40,14,
227	12	15	2.31	12,35,62,22,78,48,16,49,55,79,98,32,21,89,63,15,
227	13	14	2.491	13,36,97,35,78,22,37,72,88,70,84,20,16,89,63,14,
227	13	15	2.419	13,36,97,35,78,22,37,72,88,70,84,20,49,55,21,15,
227	14	15	2.04	14,40,36,97,35,78,22,37,20,16,49,55,79,98,32,21,15,
