293	0	2	1.857	0,35,46,37,25,97,67,89,30,39,74,50,64,63,51,47,2,
293	0	3	1.987	0,35,46,37,24,25,30,39,74,50,64,28,51,72,96,3,
293	0	5	2.223	0,35,46,37,25,30,39,74,50,64,28,55,95,71,82,49,76,69,88,5,
293	0	1	1.775	0,35,46,97,67,89,19,73,92,21,50,74,39,30,24,34,1,
293	0	4	2.172	0,35,46,37,24,25,30,39,74,50,64,63,51,72,52,40,31,29,79,65,4,
293	0	6	2.207	0,35,46,37,25,30,39,74,50,64,55,95,71,82,49,98,76,69,88,6,
293	0	11	2.333	0,35,46,37,25,97,67,89,22,18,87,78,61,27,16,81,84,93,11,
293	0	10	2.342	0,35,46,37,25,97,67,89,22,18,87,78,61,27,16,60,45,66,10,
293	0	9	2.526	0,35,46,37,25,97,67,89,22,18,87,78,61,27,16,60,45,66,94,9,
293	0	7	2.332	0,35,46,37,25,30,39,74,64,28,55,95,71,82,49,75,41,42,33,7,
293	0	8	2.752	0,35,46,37,25,30,39,89,67,22,19,73,92,21,83,38,68,20,90,53,44,8,
293	1	5	2.054	1,34,24,30,39,74,50,64,55,95,71,82,49,98,76,69,88,5,
293	0	15	1.896	0,35,46,97,25,30,39,74,50,21,92,73,19,89,67,77,15,
293	1	3	1.998	1,34,24,25,30,39,19,73,92,21,50,74,63,51,72,96,3,
293	1	2	1.912	1,34,24,25,97,67,22,19,73,92,21,50,64,63,51,47,2,
293	0	12	2.165	0,35,46,37,25,97,67,22,18,87,78,61,27,16,81,56,59,26,12,
293	1	6	2.22	1,34,24,25,30,39,74,50,64,28,55,95,71,82,49,98,76,69,88,6,
293	1	4	1.895	1,34,37,25,30,39,74,50,64,28,52,40,31,29,79,65,4,
293	0	14	1.962	0,35,46,97,67,89,22,18,87,78,61,81,56,48,17,14,
293	0	13	1.857	0,35,46,37,25,97,67,22,18,78,87,56,59,26,43,13,
293	1	7	2.373	1,34,24,25,30,39,19,73,92,21,83,38,68,20,90,75,41,42,33,7,
293	1	8	2.617	1,34,24,25,97,67,22,18,87,78,61,27,16,60,91,85,57,80,62,8,
293	2	5	2.119	2,47,51,63,74,50,64,28,55,95,71,82,49,98,69,76,88,5,
293	1	15	1.971	1,34,24,25,30,39,74,50,21,92,73,19,89,22,67,77,15,
293	1	13	2.146	1,34,24,25,97,67,22,18,87,78,61,27,16,81,56,59,26,43,13,
293	2	3	2.239	2,47,24,25,97,67,89,30,39,74,50,64,63,51,72,96,3,
293	2	6	2.316	2,47,51,63,64,50,21,92,54,38,68,20,82,49,98,76,69,88,6,
293	2	4	2.062	2,47,72,51,63,74,50,64,28,55,95,31,40,29,79,65,4,
293	1	11	2.519	1,34,24,25,97,67,89,22,18,87,78,61,27,16,81,56,59,26,84,93,11,
293	1	12	2.383	1,34,24,25,97,67,22,18,87,78,61,70,32,27,16,81,56,43,86,12,
293	1	10	2.404	1,34,24,25,30,39,89,67,22,18,87,78,61,27,16,60,45,66,10,
293	1	9	2.576	1,34,24,25,97,67,22,18,87,78,61,70,32,27,16,60,45,66,94,9,
293	1	14	1.995	1,34,24,25,97,67,22,18,87,78,61,81,56,48,17,14,
293	3	5	2.377	3,96,72,51,63,74,50,64,28,55,95,31,40,79,65,58,99,5,
293	2	13	2.434	2,47,72,28,64,74,50,21,92,73,19,70,61,78,87,56,59,26,43,13,
293	3	4	2.118	3,96,72,51,63,74,50,64,28,55,95,31,40,29,79,65,4,
293	2	12	2.598	2,47,51,63,64,74,50,21,92,73,19,78,87,61,27,16,81,56,43,86,12,
293	2	15	2.27	2,47,51,63,74,50,21,92,73,19,89,22,67,97,25,37,46,35,15,
293	2	11	2.722	2,47,72,28,64,74,50,21,92,73,19,70,61,78,87,56,59,26,84,93,11,
293	2	9	2.791	2,47,51,63,64,74,50,21,92,73,19,78,87,61,27,16,60,45,66,94,9,
293	2	10	2.706	2,47,51,63,64,74,39,89,67,22,18,87,78,61,27,16,60,45,66,10,
293	2	7	2.391	2,47,51,63,64,74,50,92,21,83,38,68,20,90,53,75,41,42,33,7,
293	2	14	2.337	2,47,51,63,64,74,50,21,92,73,19,70,61,78,87,56,48,17,14,
293	2	8	2.708	2,47,96,72,51,63,64,74,50,21,92,73,54,38,68,20,90,53,44,8,
293	4	5	2.116	4,58,29,65,79,40,31,95,71,82,49,98,76,69,88,99,5,
293	3	6	2.269	3,65,79,29,58,99,88,69,76,98,49,75,53,44,33,42,41,6,
293	3	11	2.681	3,96,72,28,64,74,50,21,92,73,70,61,78,87,56,59,26,84,93,11,
293	3	13	2.538	3,96,72,51,63,64,74,50,21,92,73,70,61,78,87,56,59,26,86,43,13,
293	3	12	2.605	3,96,72,51,63,64,50,21,92,73,19,70,61,78,87,56,59,26,43,86,12,
293	3	9	2.7	3,96,72,51,63,64,50,21,92,73,70,61,27,16,60,45,66,94,9,
293	3	15	2.434	3,96,72,28,64,74,50,21,92,73,19,22,67,97,25,37,46,35,15,
293	3	10	2.682	3,96,72,51,63,64,74,50,21,92,73,19,70,61,27,16,60,45,66,10,
293	3	7	2.383	3,65,79,29,58,99,88,69,76,98,49,82,20,90,53,75,41,42,33,7,
293	3	14	2.506	3,96,72,28,64,50,21,92,73,19,89,67,22,18,78,87,48,17,14,
293	3	8	2.705	3,65,79,29,58,99,88,69,76,98,49,82,71,38,68,20,90,53,44,8,
293	5	6	1.935	5,88,69,76,98,49,82,20,90,75,53,44,33,42,41,6,
293	4	6	1.872	4,65,79,29,58,99,88,69,76,75,53,44,33,42,41,6,
293	4	7	1.806	4,65,79,29,58,99,88,69,76,75,53,44,33,41,42,7,
293	4	9	2.531	4,65,79,29,58,99,88,69,76,98,49,82,71,38,68,36,91,85,57,9,
293	4	13	2.529	4,65,79,29,31,40,52,28,64,50,21,92,73,70,61,78,87,56,59,26,43,13,
293	4	12	2.628	4,65,79,40,52,72,51,63,64,74,50,21,92,73,19,70,61,78,87,56,59,26,12,
293	4	11	2.743	4,65,79,40,52,28,64,74,50,21,92,73,70,61,78,87,56,59,26,84,93,11,
293	4	10	2.588	4,65,79,29,58,99,88,69,76,49,82,71,38,68,36,91,45,66,10,
293	4	8	2.423	4,65,79,29,58,99,88,69,76,98,49,82,90,75,41,42,33,44,8,
293	4	15	2.493	4,65,79,40,52,72,51,63,74,50,21,92,73,19,89,67,97,25,37,46,35,15,
293	4	14	2.46	4,65,79,40,31,52,72,51,63,64,50,21,92,73,70,61,78,87,48,17,14,
293	6	7	1.899	6,88,69,76,98,49,82,20,90,75,53,44,33,41,42,7,
293	5	7	1.869	5,88,69,76,98,49,82,20,90,75,53,44,33,41,42,7,
293	6	8	2.103	6,88,69,76,98,49,82,20,90,53,75,41,42,33,44,8,
293	5	9	2.523	5,88,69,76,98,49,82,71,38,68,36,91,60,45,66,94,57,9,
293	5	11	2.6	5,88,69,76,98,49,82,71,38,68,23,32,27,16,81,56,59,26,84,93,11,
293	5	10	2.479	5,88,69,76,98,49,82,71,20,38,68,23,32,27,16,60,45,66,10,
293	5	12	2.595	5,88,69,76,98,49,82,71,20,38,68,23,32,27,16,81,56,59,26,43,86,12,
293	5	13	2.556	5,88,69,76,98,49,82,71,20,38,68,23,32,27,16,81,56,59,26,86,43,13,
293	5	8	2.415	5,58,99,88,69,76,98,49,82,71,38,68,20,90,75,53,44,8,
293	5	15	2.481	5,88,69,76,98,49,82,71,95,55,28,64,50,74,39,30,25,37,46,35,15,
293	5	14	2.554	5,88,69,76,98,49,82,20,68,38,83,54,23,32,27,16,81,56,48,17,14,
293	7	11	2.301	7,33,42,41,75,53,90,20,38,68,36,91,60,45,11,
293	7	10	2.185	7,33,42,41,75,53,90,20,38,68,36,91,45,66,10,
293	7	9	2.165	7,33,42,41,75,53,90,20,38,68,36,91,85,57,80,9,
293	6	11	2.546	6,88,76,69,98,49,82,71,38,68,36,23,32,27,16,81,84,93,11,
293	6	12	2.401	6,76,69,98,49,82,71,38,68,23,32,27,16,81,56,59,26,86,12,
293	6	9	2.468	6,88,69,76,98,49,82,20,38,68,36,91,60,45,66,94,9,
293	7	8	2.139	7,33,42,41,75,76,88,69,98,49,82,20,90,53,44,8,
293	6	10	2.398	6,88,69,76,98,49,82,71,38,68,23,32,27,16,60,45,66,10,
293	6	13	2.499	6,88,76,69,98,49,82,71,38,68,36,23,32,27,16,81,56,59,26,43,13,
293	6	15	2.569	6,88,69,76,98,49,82,71,95,55,28,64,74,50,21,92,73,19,89,67,77,15,
293	6	14	2.583	6,88,69,76,49,82,20,68,38,83,21,92,73,70,61,78,87,48,17,14,
293	8	11	2.393	8,62,80,57,85,91,60,27,16,81,56,59,26,84,93,11,
293	8	9	2.504	8,44,33,42,41,75,90,20,38,68,36,91,85,57,80,9,
293	8	10	2.434	8,44,53,90,20,38,68,23,32,27,16,60,45,66,10,
293	8	12	2.55	8,44,53,90,20,38,68,23,32,27,16,81,56,59,26,43,86,12,
293	7	12	2.373	7,33,42,41,75,53,90,20,38,68,23,32,27,16,81,56,59,26,12,
293	8	13	2.602	8,62,80,57,94,66,45,60,16,27,61,78,87,56,59,26,86,13,
293	7	13	2.542	7,33,42,41,75,53,90,20,38,68,36,23,32,27,16,81,56,59,26,43,13,
293	7	15	2.568	7,33,42,41,75,49,82,71,95,55,28,64,74,39,30,25,37,46,35,15,
293	8	15	2.82	8,62,80,57,85,91,60,16,27,61,78,87,18,22,89,67,97,46,35,15,
293	7	14	2.551	7,33,42,41,75,53,90,20,38,68,36,23,32,27,16,81,56,48,17,14,
293	8	14	2.896	8,44,53,90,20,68,38,54,21,92,73,19,70,61,78,87,56,48,17,14,
293	9	12	2.214	9,80,57,94,66,45,60,16,27,81,56,59,26,43,86,12,
293	9	11	2.33	9,80,57,94,66,45,60,16,27,81,56,59,26,84,93,11,
293	9	10	2.572	9,80,57,85,91,60,16,27,81,56,59,26,84,45,66,10,
293	10	13	2.147	10,66,45,60,16,27,32,61,78,87,56,59,26,43,13,
293	10	12	2.168	10,66,45,60,16,27,32,70,61,78,87,56,59,26,12,
293	10	11	2.302	10,66,45,60,16,27,61,78,87,56,59,26,84,93,11,
293	9	13	2.521	9,94,66,45,60,16,27,32,70,61,78,87,56,59,26,86,43,13,
293	10	15	2.493	10,66,45,60,16,27,61,78,87,18,22,67,97,25,37,46,35,15,
293	10	14	2.556	10,66,45,60,16,27,32,70,61,78,87,56,59,26,43,48,17,14,
293	9	15	2.677	9,94,66,45,60,16,27,61,78,87,18,22,67,97,25,37,46,35,15,
293	9	14	2.74	9,94,66,45,60,16,27,32,70,61,78,87,56,59,26,43,48,17,14,
293	11	12	2.293	11,45,60,16,27,32,61,78,87,56,59,26,43,86,12,
293	12	13	2.093	12,86,26,59,56,81,16,27,32,70,61,78,87,48,17,13,
293	11	13	2.195	11,93,84,81,16,27,32,70,61,78,87,56,59,26,43,13,
293	14	15	2.137	14,17,48,56,81,16,27,61,78,87,18,22,89,67,77,15,
293	13	15	2.043	13,43,26,59,56,81,16,27,61,78,87,18,22,67,77,15,
293	11	15	2.256	11,93,84,26,59,56,81,61,78,87,18,22,89,67,77,15,
293	12	15	2.092	12,26,59,56,81,16,27,61,78,87,18,22,89,67,77,15,
293	13	14	2.102	13,43,86,26,59,56,81,16,27,32,70,61,78,87,17,14,
293	12	14	2.129	12,26,59,56,81,16,27,32,23,70,61,78,87,48,17,14,
293	11	14	2.244	11,93,84,26,59,81,16,27,32,70,61,78,87,48,17,14,
