72	0	1	1.759	0,57,23,22,31,35,32,27,78,16,28,43,49,77,46,51,1,
72	0	2	1.605	0,25,57,23,22,31,35,27,78,16,46,77,49,28,43,2,
72	0	3	1.885	0,25,57,23,22,31,35,32,27,78,16,46,77,49,43,28,58,40,89,3,
72	0	4	1.933	0,57,23,22,31,35,32,27,78,16,77,49,28,58,40,69,74,64,94,4,
72	0	11	2.349	0,25,57,22,37,81,26,66,34,24,70,39,68,42,50,18,99,84,92,11,
72	0	5	2.13	0,57,23,22,31,35,27,32,16,46,77,49,28,58,40,69,74,64,85,5,
72	0	8	2.529	0,57,23,37,81,26,66,34,24,70,39,68,73,41,56,90,96,29,20,52,71,8,
72	0	9	2.511	0,63,26,66,34,24,70,39,68,73,41,56,90,96,29,20,48,53,38,86,9,
72	0	10	2.521	0,57,23,37,81,26,66,34,24,70,39,68,73,41,56,90,67,82,88,36,10,
72	0	7	2.502	0,25,95,45,46,77,49,28,58,40,64,74,60,98,21,65,19,44,7,
72	0	6	2.363	0,57,23,22,95,45,51,46,77,49,28,58,40,69,64,74,60,83,17,6,
72	1	2	1.527	1,25,57,23,22,31,35,27,78,16,46,77,49,28,43,2,
72	1	3	1.544	1,25,57,23,22,31,35,27,78,16,46,77,49,28,43,3,
72	0	14	1.759	0,25,57,23,22,37,81,26,66,34,24,70,39,62,33,76,14,
72	0	15	1.864	0,25,57,23,22,37,81,26,66,34,24,70,39,62,33,76,15,
72	1	4	1.825	1,45,32,27,35,78,16,46,77,49,28,58,40,69,64,74,85,79,4,
72	0	13	2.126	0,25,57,23,22,37,81,26,66,34,24,70,39,62,33,76,93,13,
72	1	8	2.369	1,51,46,77,49,28,58,40,64,74,60,98,21,65,97,87,47,71,8,
72	1	7	2.23	1,45,51,46,77,49,28,58,40,69,64,74,60,98,21,65,19,44,7,
72	1	5	2.111	1,25,57,23,22,31,35,27,32,46,77,49,28,58,40,69,64,74,85,5,
72	0	12	2.136	0,57,23,22,37,81,26,66,34,33,62,24,70,39,68,42,18,12,
72	1	6	2.324	1,45,51,46,16,77,49,43,28,58,40,69,64,74,60,98,21,83,72,17,6,
72	1	14	1.681	1,25,57,23,22,37,81,26,66,34,24,70,39,62,33,76,14,
72	1	15	1.786	1,25,57,23,22,37,81,26,66,34,24,70,39,62,33,76,15,
72	2	4	1.408	2,49,77,46,16,28,89,58,40,69,64,74,85,94,79,4,
72	2	3	1.643	2,46,16,77,49,43,28,58,40,69,64,74,85,79,94,3,
72	1	13	2.332	1,25,57,23,22,37,81,26,66,34,33,62,24,70,39,68,42,50,18,13,
72	2	5	1.849	2,49,77,46,16,28,43,89,58,40,69,64,74,60,98,83,72,5,
72	1	10	2.457	1,25,57,23,37,81,26,66,34,24,70,39,68,73,41,56,90,67,82,88,10,
72	1	11	2.424	1,25,57,23,22,37,81,26,66,34,33,62,24,70,39,68,42,50,18,99,84,92,11,
72	1	12	2.453	1,25,57,23,22,37,81,26,66,34,33,62,24,70,39,68,42,50,18,99,84,12,
72	2	6	2.037	2,49,77,46,16,28,89,58,40,69,64,74,60,98,21,83,72,17,6,
72	1	9	2.509	1,25,57,23,22,37,81,26,66,34,24,70,39,73,41,56,90,67,82,38,9,
72	3	4	1.479	3,43,49,77,46,16,28,58,40,69,64,74,85,94,79,4,
72	2	14	1.845	2,49,77,46,16,78,27,32,35,31,30,75,70,24,62,33,76,14,
72	2	15	1.809	2,49,77,46,16,78,27,32,35,31,22,57,23,37,81,26,66,63,15,
72	3	5	1.86	3,43,49,77,46,16,28,58,40,69,64,74,60,98,83,72,5,
72	2	11	2.343	2,49,77,46,16,32,27,35,31,30,75,80,73,68,42,50,99,84,92,11,
72	2	10	2.463	2,49,77,46,16,78,27,32,35,31,30,75,80,73,56,90,67,82,88,10,
72	2	12	2.377	2,49,77,46,16,28,78,27,32,35,31,30,75,80,73,68,42,18,12,
72	2	13	2.255	2,49,77,46,16,78,27,32,35,31,30,37,81,26,66,34,70,24,62,93,13,
72	2	8	2.217	2,46,77,49,43,28,58,40,69,64,74,60,98,21,65,97,87,47,71,8,
72	2	7	2.236	2,49,77,46,16,28,43,89,58,40,69,64,74,60,98,21,65,97,19,44,7,
72	2	9	2.36	2,77,49,28,58,40,69,64,74,60,98,21,65,97,87,47,20,48,53,38,9,
72	4	5	2.055	4,94,40,58,28,43,49,77,46,16,78,69,74,64,85,5,
72	3	11	2.471	3,43,49,77,46,16,78,27,32,35,31,80,73,68,42,50,99,84,92,11,
72	3	15	1.986	3,89,58,28,43,49,77,46,16,78,27,32,35,31,22,37,81,26,66,15,
72	3	10	2.395	3,89,40,64,74,60,98,21,65,97,87,47,20,48,53,38,86,36,10,
72	3	12	2.432	3,43,28,49,77,46,16,78,27,35,31,30,75,80,73,68,42,18,12,
72	3	14	2.151	3,43,28,49,77,46,16,78,27,32,35,31,30,75,39,70,24,62,33,76,14,
72	3	13	2.434	3,43,49,77,46,16,78,27,32,35,31,30,37,81,26,66,34,70,24,62,93,13,
72	3	6	1.945	3,89,43,49,77,46,16,28,58,40,69,64,74,60,83,17,6,
72	3	8	2.292	3,89,58,40,69,64,74,60,98,83,21,65,97,87,47,20,48,52,71,8,
72	3	7	2.147	3,43,49,77,46,16,28,58,40,69,64,74,60,98,21,65,19,44,7,
72	3	9	2.368	3,89,58,40,69,64,74,60,98,21,65,97,87,47,52,20,48,53,38,86,9,
72	4	7	2.017	4,79,94,40,64,74,60,98,83,21,65,97,19,44,7,
72	4	6	1.944	4,79,94,89,58,40,69,64,74,60,98,21,83,72,17,6,
72	4	13	2.473	4,79,85,64,74,69,40,58,78,27,32,35,31,30,75,70,24,62,93,13,
72	5	6	2.202	5,79,94,89,58,40,69,64,74,60,98,21,83,72,17,6,
72	4	15	2.137	4,79,85,64,74,69,40,58,28,49,77,46,51,45,95,22,37,81,26,66,15,
72	4	11	2.677	4,94,64,74,69,40,58,78,27,32,35,31,80,73,68,42,50,99,84,92,11,
72	4	12	2.601	4,94,64,74,69,40,58,78,27,32,35,31,30,75,80,73,68,42,18,12,
72	4	10	2.342	4,79,94,64,74,60,83,21,65,97,87,47,20,48,53,38,86,36,10,
72	4	14	2.348	4,79,85,64,74,69,40,58,78,27,32,35,31,30,75,39,70,24,62,33,76,14,
72	4	8	2.458	4,79,85,64,74,60,83,21,65,19,44,87,47,20,48,53,52,71,8,
72	4	9	2.338	4,79,85,64,74,60,98,83,21,65,97,87,47,52,20,48,53,38,86,9,
72	6	7	2.237	6,17,72,83,21,65,91,55,59,29,48,20,47,87,7,
72	5	7	2.263	5,72,17,83,21,65,91,55,59,29,48,20,47,87,7,
72	5	8	2.115	5,72,17,83,21,65,91,97,87,47,20,48,53,52,71,8,
72	6	8	2.089	6,17,72,83,21,65,91,97,87,47,20,48,53,52,71,8,
72	5	13	2.681	5,85,64,74,69,40,58,78,27,32,35,31,30,75,70,24,62,33,93,13,
72	5	15	2.285	5,85,64,74,69,40,58,28,49,77,46,51,45,95,22,37,81,26,66,15,
72	5	12	2.767	5,85,74,64,40,69,78,27,32,35,31,30,75,80,73,68,42,18,12,
72	5	14	2.495	5,85,74,64,40,69,78,27,32,35,31,30,80,75,39,70,24,33,76,14,
72	5	11	2.77	5,72,83,21,65,97,87,47,52,20,48,53,82,67,61,99,84,92,11,
72	5	10	2.561	5,79,85,64,74,60,98,21,65,97,87,47,20,48,53,38,86,36,10,
72	5	9	2.502	5,79,94,64,74,60,98,83,21,65,97,87,47,52,20,48,53,38,9,
72	7	8	2.043	7,44,19,65,91,55,59,29,20,48,53,52,47,87,71,8,
72	7	10	2.27	7,44,19,65,91,55,59,87,47,20,48,52,53,38,86,36,10,
72	7	9	1.928	7,44,19,65,91,55,59,29,20,52,48,53,38,86,9,
72	6	14	2.683	6,17,83,60,74,64,69,78,27,32,35,31,30,75,70,24,33,76,14,
72	6	11	2.656	6,19,44,87,47,52,20,48,53,82,67,61,50,18,99,84,92,11,
72	6	9	1.94	6,17,72,83,21,65,97,87,47,20,48,53,38,86,9,
72	6	15	2.546	6,17,83,60,74,64,69,40,58,78,27,32,35,31,30,37,81,26,66,15,
72	7	11	2.546	7,44,87,47,52,53,48,20,29,82,67,61,50,18,99,84,92,11,
72	6	13	2.966	6,17,83,60,74,64,69,40,58,78,27,35,31,30,75,70,24,62,93,13,
72	6	10	2.619	6,17,72,83,21,65,91,97,19,44,87,47,20,48,53,38,86,36,10,
72	6	12	2.858	6,19,97,87,47,52,20,48,53,38,86,36,88,82,67,61,99,84,12,
72	8	11	2.26	8,71,87,47,52,20,48,53,82,67,61,50,18,99,84,92,11,
72	8	9	1.977	8,71,47,87,97,65,91,55,59,20,52,48,53,38,86,9,
72	8	10	2.225	8,71,52,47,87,97,65,91,59,29,20,48,53,38,86,36,10,
72	8	12	2.409	8,71,87,47,52,20,48,53,38,86,88,82,67,61,99,84,12,
72	7	14	2.523	7,87,47,20,48,29,96,90,56,41,73,68,39,70,24,62,33,76,14,
72	7	15	2.576	7,87,47,20,48,53,82,67,90,56,41,73,68,39,70,24,62,33,15,
72	8	14	2.443	8,71,52,48,53,82,67,90,56,41,73,68,39,70,24,62,33,76,14,
72	8	13	2.769	8,71,52,20,48,53,82,67,90,56,41,73,68,39,70,24,62,33,93,13,
72	8	15	2.534	8,71,52,20,48,53,82,67,90,56,41,73,68,42,39,70,24,62,33,15,
72	7	13	2.852	7,44,19,97,87,47,52,20,48,53,38,86,88,82,67,61,50,18,13,
72	7	12	2.714	7,44,87,47,52,53,48,20,59,29,82,67,61,50,18,99,84,12,
72	9	11	2.029	9,38,53,48,20,29,96,67,61,50,18,99,84,92,11,
72	10	11	2.068	10,36,86,38,53,48,20,29,96,67,61,99,84,92,11,
72	9	10	1.99	9,86,38,53,48,20,52,47,87,59,29,82,88,36,10,
72	10	13	2.366	10,36,86,38,53,48,52,20,29,96,67,61,50,18,13,
72	10	12	2.235	10,36,86,38,53,48,52,20,29,96,67,61,99,84,12,
72	9	12	2.174	9,86,38,53,48,20,29,96,67,61,50,18,99,84,12,
72	10	14	2.415	10,36,88,82,67,90,56,41,73,68,42,39,70,24,34,33,76,14,
72	9	14	2.413	9,86,38,53,48,20,29,96,90,56,73,68,39,70,24,62,33,76,14,
72	9	13	2.546	9,86,38,53,48,20,52,47,87,59,29,82,67,61,50,18,13,
72	10	15	2.485	10,36,86,38,53,48,29,96,90,56,41,73,68,39,70,24,62,33,15,
72	9	15	2.446	9,38,53,48,20,29,82,67,90,56,41,73,68,39,70,24,62,33,15,
72	12	13	2.548	12,84,99,61,67,90,56,41,73,68,39,70,24,33,93,13,
72	12	14	2.249	12,84,99,61,56,41,73,68,42,39,70,24,62,33,76,14,
72	13	14	2.363	13,18,50,56,41,73,68,42,39,70,34,24,62,33,76,14,
72	11	14	2.1	11,92,84,99,18,50,42,68,39,70,24,34,33,76,93,14,
72	11	13	2.326	11,92,84,99,18,50,42,68,39,70,24,34,33,76,93,13,
72	14	15	1.982	14,76,33,24,62,39,70,34,66,26,81,37,22,57,23,63,15,
72	11	12	2.625	11,10,36,86,38,53,48,52,20,29,96,67,61,99,84,12,
72	13	15	2.489	13,18,42,68,39,70,24,62,33,34,66,26,81,37,22,23,63,15,
72	12	15	2.336	12,84,99,18,50,42,68,39,70,24,62,33,34,66,26,81,63,15,
72	11	15	2.386	11,92,84,99,18,50,61,56,41,73,68,42,39,70,24,62,33,15,
