155	0	3	1.687	0,76,72,23,86,20,19,27,32,75,93,63,90,3,
155	0	1	1.554	0,25,57,71,80,48,99,50,86,20,19,32,46,27,1,
155	0	4	2.165	0,57,72,76,27,32,46,19,20,86,50,70,29,93,63,90,4,
155	0	2	1.688	0,57,72,76,27,32,46,19,20,86,70,93,63,2,
155	0	10	2.445	0,76,72,23,86,50,71,80,55,94,59,39,73,34,74,45,98,52,10,
155	0	7	2.574	0,57,72,23,86,20,70,50,71,80,55,94,48,16,36,43,44,79,60,7,
155	0	5	2.272	0,76,72,23,86,19,27,46,32,20,70,29,53,35,95,66,51,81,68,5,
155	0	6	2.429	0,57,72,76,27,32,46,19,20,86,70,29,53,95,66,51,81,18,67,6,
155	0	9	2.472	0,57,72,23,86,50,71,80,55,94,59,39,73,34,74,45,83,49,56,98,9,
155	0	8	2.566	0,76,72,23,86,20,70,99,50,71,80,55,94,59,39,73,34,85,21,30,8,
155	0	11	2.341	0,57,76,72,23,86,50,71,80,55,94,62,38,89,82,78,28,11,
155	1	3	1.472	1,27,32,46,19,76,72,23,86,70,29,93,63,90,3,
155	0	15	1.757	0,57,76,72,23,86,50,99,48,55,80,71,84,87,25,15,
155	0	13	2.004	0,76,72,23,86,50,99,48,94,55,80,71,84,58,54,65,13,
155	0	14	1.894	0,76,72,23,86,50,99,48,94,55,80,71,84,58,77,54,14,
155	1	4	1.693	1,27,32,46,19,76,72,23,86,20,70,93,63,97,4,
155	1	5	1.845	1,27,32,46,19,20,86,70,29,53,35,95,66,51,81,18,68,5,
155	1	2	1.41	1,27,32,46,19,76,72,23,86,20,70,29,93,63,2,
155	1	6	2.05	1,27,32,46,19,20,86,50,70,29,53,35,95,66,51,81,18,67,6,
155	0	12	2.096	0,76,72,23,86,50,71,80,55,94,62,38,89,82,61,92,47,12,
155	1	7	2.354	1,27,32,46,19,20,86,23,72,71,80,55,94,48,16,36,43,44,79,60,7,
155	1	8	2.363	1,27,32,46,19,20,86,23,72,50,99,80,55,94,59,39,73,34,85,21,30,8,
155	2	3	1.631	2,75,32,27,19,76,72,23,86,20,93,63,90,3,
155	2	4	1.852	2,75,32,46,27,19,76,72,23,86,20,93,63,97,4,
155	2	5	1.998	2,75,32,46,27,19,20,86,70,29,53,35,95,66,51,81,5,
155	1	12	1.963	1,27,32,46,19,20,86,50,99,48,94,62,38,89,82,61,92,47,12,
155	1	13	1.92	1,27,32,46,19,20,86,50,99,48,94,55,80,71,84,58,54,65,13,
155	1	11	2.141	1,27,32,46,19,20,86,50,71,80,55,94,62,38,89,82,78,28,11,
155	2	6	2.209	2,75,32,46,27,19,20,70,29,53,35,95,66,51,81,18,68,67,6,
155	1	10	2.352	1,27,32,46,19,20,86,50,99,80,55,94,59,39,73,34,74,45,98,52,69,10,
155	1	9	2.279	1,27,32,46,19,20,86,23,72,71,80,55,94,59,39,73,85,34,74,45,98,9,
155	1	14	1.645	1,27,32,46,19,20,86,23,72,76,57,87,58,54,14,
155	1	15	1.497	1,27,32,46,19,20,86,23,50,99,80,71,84,87,25,15,
155	3	4	2.133	3,90,63,93,29,70,50,99,48,16,35,95,66,91,26,4,
155	3	5	2.016	3,90,63,93,29,53,35,95,66,91,51,81,18,67,68,5,
155	2	10	2.431	2,75,32,46,27,19,20,86,50,99,48,94,59,39,73,96,40,64,41,10,
155	2	12	2.224	2,75,32,46,27,19,20,86,50,99,48,94,62,38,89,82,61,92,47,12,
155	2	7	2.352	2,75,32,46,27,19,20,86,50,99,48,16,36,43,44,79,60,7,
155	2	11	2.383	2,75,32,46,27,19,20,86,50,99,80,55,94,62,38,89,82,78,28,11,
155	2	9	2.417	2,75,32,27,19,20,86,50,71,80,55,94,59,39,73,34,74,45,98,9,
155	2	13	2.224	2,75,32,46,27,19,20,86,50,99,48,94,55,80,71,84,58,77,54,65,13,
155	2	8	2.437	2,75,32,46,27,19,20,86,50,99,80,55,94,59,39,73,85,21,30,8,
155	2	14	1.81	2,75,32,46,27,19,20,86,23,72,57,87,58,54,14,
155	2	15	1.615	2,75,32,46,27,19,20,86,23,72,76,57,87,25,15,
155	3	6	1.999	3,90,63,93,29,53,35,95,66,91,51,81,18,68,67,6,
155	4	5	2.262	4,90,63,93,29,53,35,42,95,66,91,51,81,18,68,5,
155	3	7	2.519	3,90,63,93,29,70,50,71,80,48,16,36,43,44,79,60,7,
155	3	12	2.415	3,90,63,93,29,70,99,50,71,80,55,94,62,38,22,82,78,92,61,47,12,
155	3	11	2.606	3,90,63,93,70,50,99,48,94,55,80,71,84,62,38,89,82,78,28,11,
155	3	10	2.618	3,90,97,66,95,35,42,36,43,44,21,30,83,49,56,45,74,98,52,69,10,
155	3	9	2.625	3,90,63,93,70,50,71,80,55,94,59,39,73,34,74,45,83,49,56,98,9,
155	3	8	2.637	3,90,63,93,29,48,99,50,71,80,55,94,59,39,73,34,85,21,30,8,
155	3	13	2.565	3,90,63,93,75,32,46,27,19,20,86,23,72,57,87,58,77,54,65,13,
155	3	14	2.465	3,90,63,93,75,32,46,27,19,20,86,23,72,76,57,87,58,54,14,
155	3	15	2.294	3,90,63,93,29,70,48,99,50,86,20,19,32,27,76,72,57,25,15,
155	5	6	2.268	5,68,18,81,51,66,95,35,42,36,43,44,79,60,33,6,
155	4	6	2.389	4,3,90,63,93,29,53,35,95,66,91,51,81,18,68,67,6,
155	4	7	2.675	4,26,91,51,66,95,35,42,36,59,39,73,34,85,44,79,60,7,
155	4	12	2.574	4,90,63,93,29,70,50,71,80,55,94,62,38,22,82,78,92,61,47,12,
155	4	13	2.573	4,97,66,95,35,53,29,70,50,99,48,94,55,80,71,84,58,77,54,65,13,
155	4	10	2.422	4,26,91,51,81,18,68,67,33,60,79,21,83,49,45,74,98,52,69,10,
155	4	11	2.675	4,26,91,51,81,18,67,33,60,79,21,83,49,56,98,52,69,41,64,11,
155	4	8	2.447	4,26,91,51,81,18,67,33,60,79,21,83,49,45,74,98,56,37,8,
155	4	9	2.548	4,26,91,51,81,18,68,67,33,60,79,44,21,30,83,49,56,45,74,98,9,
155	4	14	2.558	4,26,91,51,66,95,35,53,29,70,50,99,48,94,55,80,71,84,58,77,54,14,
155	4	15	2.383	4,26,91,66,95,35,53,29,70,86,20,19,32,46,27,76,72,57,25,15,
155	5	7	2.242	5,68,18,81,51,91,66,95,35,42,36,43,44,79,60,7,
155	6	7	2.24	6,67,18,81,51,66,95,35,42,36,43,44,79,60,7,
155	6	8	2.053	6,33,60,79,21,30,83,49,45,74,69,52,98,56,37,8,
155	5	9	2.313	5,68,18,67,33,60,79,44,21,30,83,49,56,45,74,69,52,9,
155	5	10	2.305	5,68,81,18,67,33,60,79,44,21,83,49,56,45,74,98,52,69,10,
155	5	8	2.348	5,68,18,67,33,60,79,21,83,49,45,74,69,52,98,56,37,8,
155	5	12	2.619	5,68,18,81,51,66,95,35,42,36,59,62,38,89,82,78,92,61,47,12,
155	5	13	2.622	5,68,18,81,51,66,95,35,53,29,70,50,99,80,71,84,58,77,54,65,13,
155	5	11	2.651	5,68,18,67,33,60,79,44,21,74,45,83,49,56,98,52,69,64,41,11,
155	5	14	2.567	5,68,18,51,66,95,35,53,29,70,50,99,48,94,55,80,71,84,58,54,14,
155	5	15	2.405	5,68,18,81,51,66,95,35,53,29,70,50,99,48,94,55,80,71,84,87,25,15,
155	7	9	2.11	7,60,79,17,43,44,21,30,83,49,56,98,45,74,52,9,
155	7	8	2.051	7,60,79,44,21,30,83,49,45,74,69,52,98,56,37,8,
155	6	9	2.482	6,67,68,18,81,51,66,95,35,42,43,44,21,30,83,49,56,9,
155	7	11	2.656	7,60,79,21,83,49,45,74,98,52,69,40,96,88,31,82,78,28,11,
155	6	12	2.469	6,33,60,79,21,30,83,49,45,74,98,52,69,41,64,28,92,61,47,12,
155	7	10	2.711	7,24,30,21,44,43,85,34,74,45,49,83,37,56,98,52,69,64,41,10,
155	6	10	2.368	6,33,60,17,43,44,21,30,83,49,56,45,74,98,52,69,64,41,10,
155	6	11	2.561	6,33,60,79,17,43,44,21,30,83,49,56,45,74,98,52,69,41,64,11,
155	6	13	2.729	6,67,18,81,51,66,95,35,53,29,70,50,99,80,71,84,58,77,54,65,13,
155	6	14	2.69	6,67,68,81,51,66,95,35,53,29,70,50,99,48,94,55,80,71,84,58,54,14,
155	6	15	2.512	6,67,18,81,51,66,95,35,53,29,70,50,99,48,94,55,80,71,84,87,25,15,
155	8	10	2.245	8,30,83,49,56,98,45,74,34,85,73,39,96,40,64,41,10,
155	8	9	2.315	8,24,30,21,34,96,40,69,52,98,74,45,83,49,56,37,9,
155	7	12	2.369	7,24,30,83,49,45,74,98,52,69,40,96,88,31,82,78,92,61,47,12,
155	8	12	2.316	8,30,83,49,56,45,74,98,52,69,40,96,88,31,78,28,92,61,47,12,
155	8	11	2.527	8,24,79,60,17,43,44,21,30,83,49,56,45,74,98,52,69,64,11,
155	8	13	2.622	8,30,21,83,49,56,45,74,98,52,69,40,96,88,31,78,92,61,47,13,
155	7	13	2.76	7,60,79,44,21,30,83,49,45,74,98,52,69,41,64,28,92,61,47,13,
155	8	14	2.837	8,30,21,85,34,73,39,59,62,55,94,48,99,50,80,71,84,58,77,54,14,
155	8	15	2.68	8,30,21,34,73,39,59,94,55,80,71,50,70,20,86,23,72,57,25,15,
155	7	15	2.673	7,60,79,44,43,36,16,48,94,55,80,71,50,86,23,72,76,57,25,15,
155	7	14	2.97	7,60,79,44,43,42,35,53,29,70,50,99,48,94,55,80,71,84,58,77,54,14,
155	10	12	1.916	10,69,52,98,56,49,83,45,74,40,96,88,31,78,61,47,12,
155	9	10	2.168	9,98,74,45,56,49,83,21,44,43,85,34,96,40,64,41,10,
155	10	11	2.12	10,69,52,98,56,49,83,45,74,40,96,88,31,82,78,28,11,
155	9	12	2.051	9,37,56,49,83,45,74,98,52,69,40,96,88,31,78,92,61,47,12,
155	9	11	2.384	9,37,56,49,83,45,74,98,52,69,40,96,88,31,82,78,61,92,11,
155	10	13	2.396	10,69,52,98,56,49,83,45,74,40,88,31,82,78,28,92,61,47,13,
155	9	13	2.55	9,37,49,83,45,74,98,52,69,40,96,88,31,82,78,28,92,61,47,13,
155	10	14	2.561	10,69,52,98,74,45,49,83,21,85,34,73,39,89,38,22,65,14,
155	10	15	2.499	10,69,52,98,45,74,34,73,39,59,62,94,55,80,71,84,87,25,15,
155	9	14	2.705	9,56,49,83,45,74,98,52,69,40,96,88,31,78,82,89,38,22,65,14,
155	9	15	2.542	9,98,45,74,34,73,39,59,94,55,80,71,50,86,23,72,76,57,25,15,
155	11	12	2.099	11,64,69,52,98,56,49,83,45,74,40,28,92,61,47,12,
155	12	13	2.336	12,47,92,61,82,89,38,62,55,80,71,84,58,54,65,13,
155	11	13	2.491	11,64,69,52,98,56,49,83,45,74,40,88,31,78,92,61,47,13,
155	13	14	2.503	13,22,89,38,62,55,94,48,99,50,80,71,84,58,77,54,14,
155	13	15	2.179	13,65,54,77,58,84,71,80,48,99,50,86,23,72,57,25,15,
155	14	15	2.056	14,54,58,84,71,80,55,94,48,99,50,86,23,72,57,25,15,
155	12	14	2.254	12,47,61,92,78,82,22,38,62,94,55,80,71,84,58,54,14,
155	12	15	2.037	12,47,92,61,82,89,38,62,94,55,80,71,84,87,25,15,
155	11	14	2.561	11,28,78,82,89,38,62,55,94,48,99,80,71,84,58,77,54,14,
155	11	15	2.43	11,28,78,82,89,38,62,94,55,80,71,50,86,23,72,57,25,15,
