5	0	1	2.117	0,16,99,60,94,54,18,48,37,74,42,34,38,96,57,1,
5	0	2	1.924	0,16,99,96,38,34,74,42,51,52,86,85,49,90,24,2,
5	0	3	1.737	0,16,99,96,38,34,42,51,52,86,55,32,47,85,49,3,
5	0	4	2.191	0,16,99,96,38,34,37,74,42,51,52,86,85,47,32,66,50,68,61,4,
5	0	5	2.146	0,16,99,96,38,34,42,51,52,86,85,47,32,66,50,61,68,20,25,31,5,
5	0	6	2.289	0,16,99,96,38,34,42,51,52,86,55,32,66,50,61,68,20,25,31,53,6,
5	0	7	2.605	0,16,99,96,38,34,42,51,52,86,55,32,66,50,68,20,25,31,53,29,7,
5	0	8	2.825	0,16,99,96,38,34,74,37,48,94,18,54,76,59,36,89,77,69,80,92,8,
5	0	9	2.541	0,16,99,60,48,94,18,54,59,36,89,77,69,33,87,23,91,93,9,
5	0	10	2.555	0,43,62,26,40,28,39,58,70,17,79,78,56,30,45,72,19,73,41,10,
5	0	11	2.369	0,16,99,60,95,75,62,26,40,28,39,58,70,30,56,45,72,19,11,
5	0	12	2.213	0,16,99,60,95,75,62,26,40,28,39,58,70,79,78,56,30,45,72,12,
5	0	13	2.028	0,16,99,60,95,75,62,26,40,28,39,58,70,79,78,56,30,13,
5	0	14	1.911	0,16,99,60,48,18,94,95,75,62,26,40,28,39,58,14,
5	0	15	1.996	0,16,99,96,38,34,74,37,48,18,54,94,95,43,15,
5	1	2	1.892	1,57,38,34,42,51,52,86,55,32,47,85,49,90,24,2,
5	1	3	1.713	1,57,38,34,42,51,52,86,55,50,66,32,47,85,49,3,
5	1	4	1.699	1,57,38,34,37,74,42,51,52,86,85,47,32,66,50,4,
5	1	5	2.063	1,57,38,34,37,74,51,52,86,85,47,32,66,50,68,20,25,31,5,
5	1	6	2.171	1,57,38,34,42,51,52,86,85,47,32,66,50,61,68,20,25,31,53,6,
5	1	7	2.487	1,57,38,34,42,51,52,86,85,47,32,66,50,68,20,25,31,53,29,7,
5	1	8	2.856	1,57,38,34,42,52,86,85,47,32,66,50,61,68,20,31,25,53,29,80,92,8,
5	1	9	2.681	1,16,99,60,48,94,18,54,76,59,36,89,77,69,33,87,23,91,93,9,
5	1	10	2.714	1,16,99,60,95,75,26,40,28,39,58,70,30,56,45,72,19,73,41,10,
5	1	11	2.472	1,16,99,60,95,75,26,40,28,39,58,70,46,30,56,45,72,19,11,
5	1	12	2.269	1,16,99,60,95,75,62,26,40,28,39,58,70,79,78,56,30,45,72,12,
5	1	13	2.212	1,57,38,34,74,37,48,94,95,75,62,26,40,28,39,58,70,46,13,
5	1	14	1.87	1,57,38,96,16,99,60,95,75,62,26,40,28,39,58,14,
5	1	15	2.022	1,57,38,34,74,37,48,18,54,94,60,95,75,62,15,
5	2	3	1.757	2,24,38,34,42,51,52,86,55,50,66,32,47,85,49,3,
5	2	4	1.743	2,24,38,34,37,74,42,51,52,86,85,47,32,66,50,4,
5	2	5	2.098	2,24,90,49,85,47,32,66,50,55,86,81,21,71,27,20,25,31,53,5,
5	2	6	2.215	2,24,38,34,42,51,52,86,85,47,32,66,50,61,68,20,25,31,53,6,
5	2	7	2.476	2,24,90,49,85,47,55,32,66,50,61,68,31,25,20,27,71,97,29,7,
5	2	8	2.596	2,90,49,85,47,32,66,50,61,68,31,25,20,27,71,97,89,77,69,80,92,8,
5	2	9	2.556	2,90,49,85,47,32,66,50,68,27,71,97,89,77,69,33,87,23,91,93,9,
5	2	10	2.761	2,90,49,85,47,32,66,50,68,27,71,97,77,69,33,87,23,91,93,10,
5	2	11	2.632	2,24,38,34,74,54,18,48,94,67,79,78,56,30,45,72,19,11,
5	2	12	2.326	2,24,38,34,74,37,48,18,54,94,67,79,78,56,30,45,72,12,
5	2	13	2.338	2,24,38,34,74,37,48,94,60,95,75,62,26,40,28,39,58,70,46,13,
5	2	14	2.193	2,24,38,34,74,37,48,18,54,94,95,75,26,40,28,39,58,14,
5	2	15	2.225	2,90,49,85,47,32,55,86,52,42,34,38,96,60,95,43,15,
5	3	4	1.594	3,49,85,47,32,66,55,81,21,71,27,25,31,20,68,61,4,
5	3	5	1.648	3,49,85,47,32,66,55,81,21,71,27,68,20,25,31,53,5,
5	3	6	2.336	3,47,32,66,50,55,85,86,52,51,64,82,83,71,27,20,25,31,53,6,
5	3	7	2.257	3,49,85,47,32,66,50,68,20,31,25,27,71,97,89,77,69,80,88,7,
5	3	8	2.266	3,49,85,47,32,66,50,68,20,31,25,27,71,97,89,77,69,80,92,8,
5	3	9	2.331	3,49,85,47,32,66,50,61,68,27,71,97,89,77,69,33,87,23,91,93,9,
5	3	10	2.569	3,49,85,47,32,66,50,61,68,27,71,97,89,77,69,33,87,23,91,93,10,
5	3	11	2.676	3,49,85,86,52,42,34,74,37,48,94,67,79,78,56,30,45,72,19,11,
5	3	12	2.326	3,49,85,86,52,42,34,74,37,48,94,67,79,78,56,30,45,72,12,
5	3	13	2.346	3,49,85,86,52,42,34,38,96,99,60,95,75,62,26,40,28,39,58,70,46,13,
5	3	14	2.085	3,49,85,86,52,51,42,34,38,96,60,95,75,62,26,40,28,39,58,14,
5	3	15	2.054	3,49,85,47,32,66,55,86,52,51,42,34,38,96,99,16,43,15,
5	4	5	1.618	4,61,50,66,32,47,85,86,55,81,21,71,27,20,25,31,5,
5	4	6	1.826	4,61,50,66,32,47,85,86,55,81,21,71,27,20,25,53,6,
5	4	7	1.993	4,50,66,32,47,85,55,81,21,71,27,20,25,31,53,29,7,
5	4	8	2.312	4,50,66,32,47,55,68,20,31,25,27,71,97,89,77,69,80,92,8,
5	4	9	2.379	4,66,50,61,68,20,31,25,27,71,97,89,77,69,80,33,87,23,91,93,9,
5	4	10	2.593	4,50,66,32,47,85,55,81,21,71,97,89,77,69,33,87,23,91,93,10,
5	4	11	2.696	4,50,66,32,55,86,52,51,74,37,48,94,67,79,78,56,45,72,19,11,
5	4	12	2.396	4,50,66,32,55,86,52,51,74,37,48,94,67,79,78,56,30,45,72,12,
5	4	13	2.322	4,50,66,32,55,86,52,42,34,38,96,60,95,75,26,40,28,39,70,46,13,
5	4	14	2.266	4,50,66,32,47,85,86,52,42,34,38,96,60,95,75,62,26,40,28,39,58,14,
5	4	15	2.31	4,50,66,32,47,85,86,52,51,42,74,37,48,18,54,94,60,95,43,15,
5	5	6	1.904	5,31,25,20,68,61,50,66,32,47,55,81,21,71,27,53,6,
5	5	7	2.127	5,31,25,20,68,61,50,66,32,47,55,81,21,71,97,29,7,
5	5	8	2.338	5,31,25,20,68,50,66,32,55,81,21,71,97,89,77,69,80,92,8,
5	5	9	2.192	5,53,31,25,20,27,71,97,89,77,69,80,92,33,87,23,91,93,9,
5	5	10	2.43	5,53,31,25,20,27,71,97,89,77,69,80,92,33,87,23,91,93,10,
5	5	11	2.677	5,31,25,20,27,71,83,82,64,54,18,94,67,79,78,56,45,19,11,
5	5	12	2.344	5,31,25,20,27,71,83,82,64,54,18,94,67,79,56,45,72,12,
5	5	13	2.486	5,31,25,20,27,71,83,82,64,54,18,94,95,75,62,26,40,28,39,70,46,13,
5	5	14	2.394	5,31,25,20,27,71,83,82,64,54,18,48,94,95,75,62,26,40,28,39,58,14,
5	5	15	2.386	5,31,25,20,68,61,50,66,32,47,85,86,52,51,42,34,38,96,99,16,43,15,
5	6	7	2.273	6,53,31,25,20,68,61,50,66,32,55,21,71,27,97,29,7,
5	6	8	2.32	6,53,31,25,20,27,71,97,89,77,69,80,33,87,23,65,8,
5	6	9	2.06	6,53,31,25,20,27,71,97,89,77,69,33,87,23,91,93,9,
5	6	10	2.536	6,53,31,25,20,27,71,97,89,77,69,80,92,33,87,23,91,93,10,
5	6	11	2.804	6,53,31,25,20,68,50,66,32,55,81,82,64,59,76,22,63,41,11,
5	6	12	2.521	6,53,31,25,20,27,71,83,82,64,54,67,79,78,56,45,72,12,
5	6	13	2.486	6,53,25,20,27,71,83,82,64,54,18,94,67,79,78,56,30,46,13,
5	6	14	2.442	6,53,31,25,20,27,71,83,82,64,54,18,48,60,95,75,62,26,40,14,
5	6	15	2.47	6,53,25,20,68,61,50,66,32,55,86,52,42,34,38,96,99,16,43,15,
5	7	8	2.566	7,29,53,31,25,20,27,71,97,89,77,69,33,87,23,65,8,
5	7	9	2.387	7,29,53,25,20,27,71,97,77,69,33,87,23,91,93,9,
5	7	10	2.622	7,29,53,31,25,20,27,71,97,89,77,69,33,87,23,91,10,
5	7	11	2.86	7,88,92,33,87,23,91,98,41,73,84,78,56,30,45,72,19,11,
5	7	12	2.593	7,88,92,33,87,23,93,91,98,41,73,84,78,56,30,45,72,12,
5	7	13	2.62	7,88,92,33,87,23,93,91,98,41,73,19,72,45,78,56,30,46,13,
5	7	14	2.624	7,88,92,33,87,35,98,41,73,19,72,45,56,30,46,70,28,39,58,14,
5	7	15	2.775	7,29,53,31,25,20,27,71,83,82,64,59,54,18,94,48,60,95,43,15,
5	8	9	2.643	8,88,29,53,31,25,20,27,71,97,89,77,69,33,87,23,9,
5	8	10	2.689	8,65,23,87,35,63,84,78,56,30,45,19,73,41,10,
5	8	11	2.635	8,65,9,93,91,23,87,35,63,84,78,56,30,45,19,11,
5	8	12	2.262	8,92,33,87,23,93,91,35,98,41,73,19,45,72,12,
5	8	13	2.522	8,65,87,23,91,98,41,73,19,72,45,30,56,78,79,17,70,46,13,
5	8	14	2.472	8,65,23,93,91,98,41,73,19,72,45,30,56,78,79,17,28,39,58,14,
5	8	15	2.67	8,65,23,91,98,41,73,19,72,45,56,30,70,58,39,28,26,40,62,15,
5	9	10	2.459	9,93,91,23,35,63,84,78,56,30,45,19,73,41,10,
5	9	11	2.339	9,93,91,23,35,63,84,78,56,30,45,72,19,73,11,
5	9	12	2.05	9,93,91,23,87,35,98,41,73,84,78,56,45,72,12,
5	9	13	2.293	9,93,91,98,41,73,19,72,45,30,56,78,79,17,28,39,58,70,46,13,
5	9	14	2.305	9,93,91,23,87,35,63,73,19,72,45,30,56,78,79,17,28,39,58,14,
5	9	15	2.446	9,93,91,98,41,73,19,72,45,56,30,46,70,58,39,28,26,40,62,15,
5	10	11	2.729	10,9,93,91,23,35,63,84,78,56,30,45,72,19,73,11,
5	10	12	2.351	10,41,73,84,78,79,17,28,26,40,39,70,30,45,72,12,
5	10	13	2.018	10,41,73,19,72,45,30,56,78,79,70,28,39,58,46,13,
5	10	14	2.428	10,41,73,19,72,45,30,56,78,79,17,26,40,28,39,70,46,58,14,
5	10	15	2.395	10,41,73,19,72,45,30,56,78,79,17,70,58,39,28,40,26,62,43,15,
5	11	12	2.293	11,19,72,45,30,56,78,79,17,26,40,28,39,58,70,46,13,12,
5	11	13	1.903	11,19,72,45,30,56,78,79,17,26,40,28,39,58,70,46,13,
5	11	14	2.467	11,19,72,45,30,56,78,79,17,70,46,58,39,28,26,75,62,40,14,
5	11	15	2.232	11,73,19,72,45,30,56,78,79,17,70,58,39,28,40,26,62,43,15,
5	12	13	1.703	12,72,45,30,56,78,79,17,70,28,26,40,39,58,46,13,
5	12	14	1.685	12,72,45,30,56,78,79,17,70,58,39,28,26,62,40,14,
5	12	15	1.612	12,72,45,30,56,78,79,17,70,58,39,28,40,26,62,15,
5	13	14	1.936	13,46,30,45,56,78,79,17,70,58,39,28,26,75,62,40,14,
5	13	15	1.762	13,46,30,45,56,78,79,17,70,58,39,28,26,40,62,43,15,
5	14	15	1.832	14,58,39,28,70,46,30,45,56,78,79,17,26,40,62,43,15,
