567	0	1	1.931	0,48,23,21,68,16,86,99,97,54,57,18,95,20,1,
567	0	2	1.615	0,73,56,40,86,16,99,97,54,57,24,18,95,20,2,
567	0	3	1.648	0,48,23,21,68,16,86,99,98,97,54,57,24,18,90,3,
567	0	4	2.044	0,73,56,31,87,40,86,16,99,98,97,68,54,57,24,18,93,29,4,
567	0	5	2.236	0,73,56,31,87,40,86,16,99,98,97,54,57,24,18,64,42,71,81,5,
567	0	6	2.4	0,48,23,21,68,54,97,16,86,99,98,49,94,34,47,71,41,85,77,6,
567	0	7	2.688	0,48,23,21,68,97,54,98,99,16,86,17,37,89,79,50,51,27,58,7,
567	0	8	2.56	0,73,56,31,87,37,89,79,33,50,51,27,61,46,52,65,43,70,83,67,8,
567	0	9	2.467	0,48,23,21,68,97,98,99,17,37,89,79,50,51,27,61,46,52,70,83,9,
567	0	10	2.192	0,73,56,31,87,37,89,79,50,51,27,61,46,52,43,65,63,60,55,45,10,
567	0	11	2.399	0,73,56,40,37,89,79,50,51,27,61,46,52,65,63,55,60,69,25,11,
567	0	12	2.252	0,48,23,21,68,97,54,98,99,16,86,40,87,31,91,19,78,38,12,
567	0	13	1.992	0,48,23,21,68,16,86,40,87,31,91,35,19,78,59,13,
567	0	14	1.827	0,48,23,21,68,97,98,99,16,86,40,87,31,22,32,14,
567	0	15	1.662	0,48,23,21,68,97,54,98,99,16,86,40,56,22,15,
567	1	2	1.558	1,23,21,68,16,86,99,98,97,54,57,24,18,95,20,2,
567	1	3	1.535	1,48,23,21,68,16,86,99,98,97,54,57,24,18,90,3,
567	1	4	1.862	1,48,23,21,68,16,86,99,98,97,54,57,24,18,64,84,29,4,
567	1	5	2.068	1,48,23,21,68,16,86,99,98,97,54,57,24,18,64,42,71,81,5,
567	1	6	2.251	1,48,23,21,68,54,97,16,99,98,49,94,34,47,71,41,85,77,6,
567	1	7	2.514	1,48,23,21,68,54,97,99,98,49,94,34,47,71,41,85,77,96,7,
567	1	8	2.446	1,48,23,21,68,97,98,99,17,37,89,79,50,51,27,74,36,28,53,39,8,
567	1	9	2.425	1,48,23,21,68,97,54,98,99,17,37,89,79,50,51,27,61,46,52,70,83,9,
567	1	10	2.318	1,48,23,21,68,97,98,99,17,72,33,50,51,27,61,46,52,65,43,55,63,60,45,10,
567	1	11	2.356	1,48,23,21,68,97,54,98,99,17,37,89,79,50,51,76,30,92,25,11,
567	1	12	2.251	1,48,23,21,68,97,54,98,99,16,86,40,87,31,91,19,78,59,38,12,
567	1	13	2.044	1,48,23,21,68,97,54,98,99,16,86,40,87,31,91,19,78,59,13,
567	1	14	1.714	1,48,23,21,68,97,98,99,16,86,40,87,31,22,32,14,
567	1	15	1.549	1,48,23,21,68,97,54,98,99,16,86,40,56,22,15,
567	2	3	1.765	2,20,68,16,86,99,97,54,57,24,18,95,44,90,3,
567	2	4	1.908	2,20,68,16,86,99,98,97,54,57,24,18,64,84,29,4,
567	2	5	1.993	2,20,95,54,97,16,86,99,98,49,94,34,47,71,81,5,
567	2	6	2.322	2,20,95,18,24,57,54,97,99,98,49,94,34,47,71,41,77,6,
567	2	7	2.539	2,20,95,18,24,57,54,97,16,99,98,49,94,34,47,66,96,7,
567	2	8	2.486	2,20,95,54,97,98,99,17,37,89,79,50,51,27,74,36,28,53,39,8,
567	2	9	2.482	2,20,95,54,97,98,99,17,37,89,79,50,51,27,61,46,52,74,36,62,83,9,
567	2	10	2.35	2,20,95,54,97,99,17,37,89,79,50,51,27,61,46,52,43,65,63,60,55,45,10,
567	2	11	2.449	2,20,95,57,49,72,33,50,51,27,61,46,52,65,43,55,63,60,69,25,11,
567	2	12	2.386	2,20,95,18,24,57,54,97,98,99,16,86,40,87,31,91,35,19,78,38,12,
567	2	13	2.233	2,20,95,18,24,57,54,97,98,99,16,86,40,87,31,91,19,78,59,13,
567	2	14	2.059	2,20,95,18,24,57,54,97,98,99,16,86,40,87,56,22,32,14,
567	2	15	1.702	2,20,95,18,24,57,54,97,99,16,86,40,56,22,15,
567	3	4	1.934	3,90,18,24,57,54,97,99,98,49,94,34,64,84,29,4,
567	3	5	2.01	3,90,18,24,57,54,97,99,98,49,94,34,47,71,81,5,
567	3	6	2.263	3,90,18,24,57,54,97,99,98,49,94,34,47,71,41,85,77,6,
567	3	7	2.504	3,90,18,24,57,54,97,16,86,99,98,49,94,34,47,66,96,7,
567	3	8	2.458	3,90,18,24,57,49,72,33,50,51,27,61,46,52,74,36,28,53,39,8,
567	3	9	2.372	3,90,18,24,57,49,72,33,50,51,27,61,46,52,65,43,70,83,9,
567	3	10	2.439	3,90,18,24,57,54,97,99,17,72,33,50,51,27,61,46,52,43,65,63,55,45,10,
567	3	11	2.457	3,90,18,24,49,72,33,50,51,27,61,46,52,65,43,55,63,60,69,25,11,
567	3	12	2.4	3,90,18,24,57,54,97,98,99,16,86,40,87,31,91,35,78,59,38,12,
567	3	13	2.193	3,90,18,24,57,54,97,98,99,16,86,40,87,31,91,35,78,59,13,
567	3	14	2.123	3,90,44,95,18,24,57,54,97,98,99,16,86,40,87,31,22,32,14,
567	3	15	1.887	3,90,18,24,57,54,97,98,99,16,86,40,87,31,56,73,22,15,
567	4	5	2.179	4,93,18,24,57,54,97,99,98,49,94,34,47,71,81,5,
567	4	6	2.357	4,29,93,90,44,20,95,57,24,18,64,84,42,71,41,85,77,6,
567	4	7	2.588	4,29,93,18,24,57,54,97,99,98,49,94,34,47,66,96,7,
567	4	8	2.54	4,29,84,64,34,94,72,33,50,51,27,61,46,52,74,36,62,83,67,8,
567	4	9	2.451	4,29,84,64,34,94,72,33,50,51,27,61,46,52,65,60,63,55,45,9,
567	4	10	2.387	4,29,84,64,47,34,94,72,33,50,51,27,61,46,52,43,65,63,55,60,45,10,
567	4	11	2.513	4,29,84,64,34,94,33,50,51,27,61,46,52,65,43,55,63,60,69,25,11,
567	4	12	2.468	4,29,93,18,24,57,54,97,99,16,86,40,87,31,91,35,78,38,12,
567	4	13	2.342	4,29,93,18,24,57,54,97,99,16,86,40,87,31,91,19,78,59,13,
567	4	14	2.225	4,29,93,18,24,57,54,97,98,99,16,86,40,87,31,56,22,32,14,
567	4	15	2.103	4,29,93,18,24,57,54,97,98,99,16,86,40,87,31,56,73,22,15,
567	5	6	2.532	5,81,42,84,64,18,24,57,49,94,34,47,71,41,85,77,6,
567	5	7	2.71	5,81,71,47,34,94,72,33,50,51,27,61,46,74,62,36,58,7,
567	5	8	2.484	5,81,71,47,34,94,33,50,51,27,61,46,52,70,83,67,8,
567	5	9	2.451	5,85,77,96,58,53,28,67,83,36,62,70,43,65,63,60,55,9,
567	5	10	2.348	5,81,71,47,34,94,72,33,50,51,27,61,46,52,43,65,63,55,45,10,
567	5	11	2.688	5,81,71,47,34,94,72,33,50,51,27,82,61,46,52,43,65,63,60,69,25,11,
567	5	12	2.669	5,81,71,47,34,94,49,98,99,16,86,40,87,31,91,35,19,78,38,12,
567	5	13	2.547	5,81,71,47,34,94,49,98,99,16,86,40,87,31,91,35,78,59,13,
567	5	14	2.571	5,81,42,84,29,93,18,24,57,54,97,98,99,16,86,40,87,31,91,14,
567	5	15	2.418	5,81,71,42,84,64,18,24,57,54,97,98,99,16,86,40,87,31,56,22,15,
567	6	7	2.448	6,96,58,36,62,70,43,65,60,63,55,83,67,39,7,
567	6	8	2.213	6,96,58,36,62,70,43,65,60,63,55,83,67,39,8,
567	6	9	2.318	6,96,58,53,28,67,83,70,62,36,74,52,43,65,63,55,9,
567	6	10	2.188	6,96,58,53,28,67,83,70,62,36,74,52,65,43,55,63,60,45,10,
567	6	11	2.503	6,77,85,41,66,58,28,67,83,36,62,70,43,65,63,55,60,69,25,11,
567	6	12	2.655	6,96,58,53,28,36,62,83,70,43,65,60,63,55,45,69,25,92,88,12,
567	6	13	2.644	6,77,85,41,71,47,34,94,72,33,50,51,76,30,35,19,78,59,13,
567	6	14	2.51	6,77,85,41,71,47,34,94,49,98,99,16,86,40,87,31,22,32,14,
567	6	15	2.515	6,77,85,41,71,64,18,24,57,54,97,98,99,16,86,40,87,31,56,22,15,
567	7	8	2.019	7,58,36,62,70,43,65,60,63,55,83,67,53,39,8,
567	7	9	1.832	7,39,53,28,67,83,36,62,70,43,65,63,60,55,45,9,
567	7	10	1.614	7,39,53,28,67,83,36,62,70,43,65,63,60,55,45,10,
567	7	11	2.13	7,39,53,28,67,83,70,62,36,74,52,65,43,55,63,60,69,25,11,
567	7	12	2.436	7,39,53,28,67,83,36,62,70,43,65,60,63,55,45,69,25,92,88,12,
567	7	13	2.42	7,39,53,28,67,83,70,43,65,63,55,60,69,25,88,38,59,13,
567	7	14	2.652	7,39,53,28,67,83,70,43,65,52,46,61,82,75,76,30,35,19,14,
567	7	15	2.682	7,96,66,47,34,94,49,54,97,98,99,16,86,40,87,31,56,22,15,
567	8	9	1.597	8,39,53,28,67,83,36,62,70,43,65,63,60,55,45,9,
567	8	10	1.379	8,39,53,28,67,83,36,62,70,43,65,63,60,55,45,10,
567	8	11	1.672	8,39,53,28,67,83,36,62,70,43,65,63,55,60,69,25,11,
567	8	12	2.21	8,39,53,28,67,83,62,36,74,70,43,65,63,55,60,45,69,25,88,12,
567	8	13	2.326	8,39,53,28,67,83,70,43,65,60,63,55,45,69,25,88,38,78,59,13,
567	8	14	2.595	8,39,53,28,67,83,70,43,55,63,60,65,52,46,61,82,75,76,35,19,14,
567	8	15	2.541	8,67,83,70,43,65,52,46,61,27,51,50,33,79,89,37,87,31,22,15,
567	9	10	1.763	9,45,55,43,70,83,62,36,74,52,80,65,63,60,69,10,
567	9	11	1.701	9,83,70,62,36,74,52,80,65,43,55,63,60,69,25,11,
567	9	12	2.025	9,45,55,63,60,65,43,70,83,62,36,74,52,46,80,92,88,12,
567	9	13	2.109	9,55,63,60,65,43,52,46,61,82,75,76,30,35,19,78,38,59,13,
567	9	14	2.433	9,45,55,63,60,65,43,70,62,36,74,52,46,61,75,76,30,35,19,14,
567	9	15	2.386	9,55,63,60,65,43,52,46,61,27,51,50,33,79,89,37,87,31,22,15,
567	10	11	1.529	10,45,55,63,60,65,43,70,62,36,74,52,80,92,25,11,
567	10	12	1.639	10,45,55,63,60,65,43,70,62,36,74,52,80,92,88,12,
567	10	13	1.863	10,45,55,63,60,65,43,52,46,61,82,75,76,30,35,19,78,59,13,
567	10	14	2.154	10,45,55,63,60,65,43,70,62,36,74,52,46,61,75,76,35,19,14,
567	10	15	2.172	10,45,55,63,60,65,43,52,46,61,27,51,50,79,89,37,87,31,22,15,
567	11	12	1.88	11,25,69,60,63,65,43,70,62,36,74,52,80,92,88,12,
567	11	13	1.947	11,25,69,60,63,55,43,65,80,30,35,78,38,59,13,
567	11	14	2.152	11,25,69,60,63,55,43,65,52,46,61,82,75,76,35,19,14,
567	11	15	2.217	11,25,69,60,63,55,43,65,52,46,61,75,76,91,22,15,
567	12	13	2.223	12,88,25,69,60,63,55,43,65,80,30,35,19,78,59,13,
567	12	14	2.42	12,38,78,19,35,30,76,75,82,27,51,50,79,89,91,14,
567	12	15	2.3	12,38,78,19,35,30,76,51,50,79,89,37,87,31,22,15,
567	13	14	2.322	13,59,78,19,35,30,75,82,27,51,50,33,79,89,91,14,
567	13	15	2.205	13,59,78,19,35,30,76,51,50,79,89,37,87,31,22,15,
567	14	15	2.146	14,91,31,87,40,86,16,99,98,97,54,68,21,26,73,15,
