93	0	2	1.677	0,50,79,26,56,63,22,69,72,51,95,25,52,45,2,
93	0	3	1.745	0,50,79,26,56,63,22,69,28,99,72,95,51,82,25,52,3,
93	0	1	1.688	0,50,79,26,56,63,22,51,82,25,95,72,69,28,98,1,
93	0	4	2.025	0,50,79,26,56,63,22,69,28,99,72,95,51,82,25,52,30,4,
93	0	5	2.184	0,50,79,26,56,63,69,28,99,72,51,95,25,82,35,74,60,90,93,5,
93	0	8	2.57	0,50,79,26,56,63,22,51,95,82,35,81,76,83,48,67,54,92,8,
93	0	6	2.461	0,50,79,26,56,63,22,69,28,99,72,51,95,25,82,35,81,76,6,
93	0	9	2.602	0,33,40,16,49,87,86,44,38,27,75,80,42,65,68,59,61,70,62,9,
93	0	11	2.176	0,33,40,16,71,87,49,57,86,44,89,38,27,75,80,42,65,68,11,
93	0	10	2.356	0,33,40,16,71,87,49,86,44,89,27,75,80,42,65,68,59,61,70,62,10,
93	0	7	2.485	0,50,79,26,56,63,22,72,95,51,82,25,36,35,81,76,83,48,54,39,7,
93	1	2	1.486	1,98,28,99,69,56,63,22,51,95,82,25,52,45,2,
93	1	3	1.441	1,98,28,99,69,56,63,22,72,51,95,82,25,52,3,
93	0	15	1.749	0,66,28,99,69,22,63,56,26,46,20,71,16,40,15,
93	0	14	1.885	0,50,79,26,73,46,20,71,40,16,49,87,86,44,38,14,
93	0	12	1.971	0,33,40,16,71,87,49,57,86,44,89,27,75,80,42,65,97,12,
93	1	4	1.621	1,98,28,99,69,56,63,22,51,82,25,36,53,30,4,
93	0	13	1.711	0,66,79,50,40,16,71,87,49,86,44,89,38,37,13,
93	1	5	1.95	1,98,28,99,69,56,63,22,72,95,51,82,25,36,35,74,60,90,93,5,
93	1	6	2.259	1,98,28,99,69,72,95,51,82,25,36,35,81,76,83,17,18,84,6,
93	1	7	2.285	1,98,28,99,69,72,95,51,82,25,36,35,81,76,83,17,48,67,54,39,7,
93	1	8	2.453	1,98,28,99,69,72,95,51,82,25,36,35,81,76,83,48,67,54,92,64,8,
93	1	12	2.12	1,98,66,79,50,40,16,49,87,86,44,89,27,75,80,42,97,12,
93	2	3	1.606	2,99,28,69,56,63,22,51,95,82,25,36,53,30,3,
93	1	13	2.016	1,98,28,99,69,56,63,73,46,20,71,16,87,86,44,38,37,13,
93	1	11	2.356	1,98,66,79,50,40,16,49,87,86,44,89,27,75,80,42,97,65,68,11,
93	2	5	1.977	2,99,28,69,56,63,22,72,95,51,82,25,36,35,74,60,90,5,
93	2	4	1.729	2,99,28,69,56,63,22,51,95,82,25,36,53,30,4,
93	2	6	2.368	2,99,28,69,72,51,95,25,82,35,81,76,83,17,48,18,84,6,
93	1	14	1.829	1,98,28,99,69,22,63,56,26,46,20,71,16,49,87,86,57,14,
93	1	15	1.546	1,98,28,99,69,22,63,56,26,46,20,71,16,40,15,
93	1	9	2.575	1,98,28,99,69,72,95,51,82,35,81,76,83,48,67,91,77,34,24,9,
93	1	10	2.55	1,98,28,99,69,72,95,51,22,63,43,88,96,78,19,21,31,85,70,62,10,
93	3	5	2.009	3,52,25,82,51,95,72,69,56,63,22,35,74,60,90,5,
93	2	12	2.4	2,99,28,26,46,20,71,16,49,87,86,44,89,27,75,80,42,97,12,
93	3	4	1.945	3,52,25,95,99,28,69,56,63,22,51,82,36,53,4,
93	2	13	2.151	2,99,28,69,22,63,56,26,46,20,71,16,87,86,44,38,37,13,
93	2	11	2.583	2,99,28,26,79,50,40,16,49,87,86,44,89,27,75,80,42,65,68,11,
93	2	14	2.012	2,99,28,69,22,63,56,26,79,50,40,16,71,87,86,49,57,14,
93	2	15	1.85	2,45,52,25,82,95,51,22,63,56,26,46,20,71,16,40,15,
93	2	7	2.344	2,99,28,69,72,95,51,82,25,36,35,81,76,83,17,48,67,54,39,7,
93	2	9	2.668	2,99,28,69,72,95,51,82,35,81,76,83,17,48,67,91,77,24,9,
93	2	10	2.635	2,45,25,82,51,95,72,69,56,63,22,43,88,96,78,19,21,31,85,70,62,10,
93	2	8	2.545	2,99,28,69,72,51,95,25,82,35,81,76,83,17,48,67,54,92,64,8,
93	4	5	2.147	4,30,52,25,95,51,82,35,81,76,32,74,60,90,93,5,
93	3	6	1.953	3,30,53,74,60,32,81,76,83,17,48,67,54,18,84,6,
93	3	11	2.481	3,52,25,82,51,95,72,69,56,63,43,88,27,75,80,42,65,68,11,
93	3	12	2.422	3,52,25,82,51,95,72,69,56,63,22,43,88,27,75,80,42,65,12,
93	3	13	2.236	3,52,25,82,51,95,72,69,26,46,20,71,16,87,86,44,38,37,13,
93	3	14	2.021	3,52,25,82,51,95,72,22,63,56,26,46,20,71,16,49,87,86,14,
93	3	7	2.407	3,30,52,25,95,51,82,35,81,76,83,17,48,67,54,18,84,39,7,
93	3	15	1.875	3,52,25,82,51,95,72,69,22,63,56,26,46,20,71,16,40,15,
93	3	9	2.471	3,30,53,93,90,60,74,32,81,76,83,17,48,67,54,91,77,34,24,9,
93	3	8	2.417	3,30,53,93,90,60,32,81,76,41,83,17,48,67,54,91,77,92,64,8,
93	3	10	2.58	3,52,25,82,51,95,72,69,56,63,43,88,96,78,19,21,31,85,70,62,10,
93	4	6	1.866	4,93,90,60,74,32,81,76,41,83,17,48,67,54,18,84,6,
93	5	6	1.909	5,93,90,60,74,32,81,76,41,83,17,48,67,54,18,84,6,
93	4	7	1.754	4,93,90,60,74,32,81,76,83,17,48,67,54,18,84,39,7,
93	4	11	2.621	4,93,90,32,81,76,83,17,48,67,91,77,34,24,55,62,70,61,59,11,
93	4	12	2.57	4,53,36,25,82,51,95,72,69,56,63,22,43,88,27,75,80,42,97,12,
93	4	13	2.432	4,53,36,25,82,95,51,22,63,56,26,46,20,71,87,86,44,38,37,13,
93	4	14	2.245	4,53,36,25,82,51,95,72,22,63,56,26,79,50,40,16,49,87,86,14,
93	4	9	2.422	4,93,90,60,74,32,81,76,83,17,48,67,54,91,77,92,64,34,24,9,
93	4	15	2.202	4,53,36,25,82,95,51,22,63,56,26,46,20,71,87,86,49,16,40,15,
93	4	8	2.346	4,93,90,60,74,32,81,76,41,83,17,48,67,91,77,24,34,92,64,8,
93	4	10	2.541	4,93,90,60,74,32,81,76,83,17,48,67,54,91,77,34,24,55,70,62,10,
93	5	7	1.797	5,93,90,60,74,32,81,76,83,17,48,67,54,18,84,39,7,
93	6	7	2.123	6,84,18,17,83,48,67,54,91,77,34,24,64,92,39,7,
93	5	11	2.583	5,93,90,60,32,81,76,83,48,67,91,77,34,24,55,70,61,59,11,
93	5	12	2.737	5,93,90,60,74,35,82,25,95,51,22,63,43,88,96,78,19,42,97,12,
93	6	8	2.153	6,84,18,39,54,67,48,17,83,41,91,77,24,34,92,8,
93	5	8	1.866	5,93,90,60,74,32,81,76,83,17,48,67,54,92,64,8,
93	5	13	2.58	5,90,60,74,35,82,51,22,63,56,73,46,20,71,87,86,44,38,37,13,
93	5	14	2.338	5,90,60,74,35,82,51,22,63,56,26,46,20,71,16,49,87,86,14,
93	5	9	2.252	5,93,90,60,74,81,76,41,83,17,48,67,54,91,77,34,24,9,
93	5	10	2.49	5,93,90,60,74,32,81,76,83,17,48,67,91,77,34,24,55,70,62,10,
93	5	15	2.314	5,93,90,60,74,35,36,25,82,51,95,72,22,63,56,26,46,20,71,16,40,15,
93	7	8	1.844	7,39,18,84,17,83,48,67,54,91,77,24,34,92,64,8,
93	7	9	2.161	7,39,84,18,54,67,48,17,83,41,91,77,92,64,34,24,9,
93	6	12	2.68	6,84,18,54,67,48,17,83,41,23,58,96,78,19,42,80,27,75,47,12,
93	7	11	2.419	7,39,18,84,17,48,67,91,77,92,64,34,24,55,62,70,61,59,68,11,
93	6	11	2.557	6,84,18,17,48,67,54,91,77,92,64,34,24,55,62,70,61,59,68,11,
93	6	13	2.666	6,84,18,54,67,48,17,83,41,23,58,96,78,19,42,80,75,27,37,13,
93	7	10	2.16	7,39,18,84,17,48,67,54,91,77,92,64,34,24,55,70,62,10,
93	6	9	2.642	6,5,93,90,60,74,81,76,41,83,17,48,67,54,91,77,34,24,9,
93	6	10	2.378	6,84,18,17,83,48,67,54,91,77,92,64,34,24,55,70,62,10,
93	6	14	2.611	6,76,81,35,82,25,95,51,22,63,56,26,46,20,71,87,49,57,14,
93	6	15	2.556	6,76,81,35,36,25,82,51,95,72,69,63,56,26,46,20,71,16,40,15,
93	8	11	2.283	8,64,34,24,55,85,31,21,19,78,27,75,80,42,97,65,68,11,
93	8	9	2.066	8,64,92,39,18,84,17,83,48,67,54,91,77,34,24,9,
93	8	10	2.162	8,64,92,39,18,84,17,48,67,91,77,34,24,55,62,10,
93	8	12	2.421	8,64,34,24,55,85,31,21,19,78,96,27,75,80,42,65,97,47,12,
93	7	12	2.542	7,39,18,17,48,67,91,94,31,21,19,78,96,27,75,80,42,97,12,
93	8	13	2.512	8,64,34,24,55,85,31,21,19,78,96,27,75,80,42,65,97,47,37,13,
93	7	13	2.688	7,39,18,54,67,48,17,83,41,23,58,96,78,19,42,80,75,27,47,37,13,
93	8	14	2.482	8,64,24,55,85,31,21,19,78,80,75,27,89,44,86,87,49,57,14,
93	7	14	2.566	7,39,54,67,48,17,83,41,23,29,43,73,46,20,71,16,49,87,86,57,14,
93	8	15	2.462	8,64,34,24,55,85,31,21,19,80,75,27,89,44,86,87,49,16,40,15,
93	7	15	2.579	7,39,54,48,83,76,81,35,82,25,95,51,22,63,56,26,79,50,33,15,
93	10	11	2.189	10,62,70,85,31,21,78,19,42,80,75,27,47,97,65,68,11,
93	9	11	2.532	9,24,55,85,31,21,19,78,27,75,80,42,97,65,68,61,59,11,
93	10	12	2.292	10,59,61,62,70,55,85,31,21,19,78,27,75,80,42,65,12,
93	10	13	2.158	10,62,70,61,59,68,65,42,80,75,47,27,89,44,38,37,13,
93	9	12	2.512	9,24,34,64,92,77,91,94,31,21,19,78,27,75,80,97,12,
93	9	13	2.363	9,55,85,31,21,96,78,19,42,80,75,27,89,44,38,37,13,
93	9	10	2.322	9,55,85,31,19,78,27,75,80,42,65,68,59,61,62,10,
93	10	14	2.153	10,62,70,61,59,68,65,42,80,75,27,89,44,86,87,16,49,57,14,
93	9	14	2.495	9,62,70,61,59,68,65,42,80,75,27,89,44,86,87,71,16,49,57,14,
93	10	15	2.207	10,62,70,61,59,68,65,97,42,80,75,27,89,44,86,87,49,16,71,40,15,
93	9	15	2.447	9,62,70,61,59,68,65,42,80,75,27,38,89,44,86,87,49,16,40,15,
93	12	14	1.758	12,97,42,80,75,27,89,44,86,87,71,40,16,49,57,14,
93	11	12	2.052	11,59,61,62,70,85,31,21,19,78,96,27,75,80,42,97,12,
93	13	14	1.837	13,37,47,97,65,42,80,75,27,89,44,86,87,49,57,14,
93	11	14	1.816	11,68,65,42,80,75,27,89,44,86,87,71,16,49,57,14,
93	12	13	2.026	12,65,42,80,75,27,89,44,86,87,49,57,14,38,37,13,
93	11	13	2.13	11,59,61,62,70,85,31,21,19,42,80,75,27,47,37,13,
93	14	15	1.821	14,57,86,87,49,16,40,71,20,46,73,26,79,50,33,15,
93	13	15	1.669	13,37,47,80,75,27,89,44,86,49,87,71,16,40,15,
93	12	15	1.603	12,65,42,80,75,27,89,44,86,57,49,87,16,40,15,
93	11	15	2.271	11,59,61,68,65,42,80,75,27,38,89,44,86,57,49,87,16,71,40,15,
