511	0	1	2.073	0,81,67,19,17,43,87,48,79,54,74,93,23,27,59,1,
511	0	2	2.156	0,81,67,19,17,43,87,48,79,54,74,93,23,42,98,2,
511	0	3	2.151	0,81,67,19,17,43,87,48,79,54,74,78,42,98,33,3,
511	0	4	2.484	0,56,59,27,23,78,93,74,54,68,90,24,64,58,18,99,30,77,4,
511	0	5	2.476	0,56,59,27,23,93,74,68,90,24,64,58,18,99,30,77,55,16,85,5,
511	0	6	2.548	0,56,59,27,23,93,74,54,68,90,99,30,77,55,16,38,96,37,94,6,
511	0	7	2.657	0,56,59,27,23,42,78,93,74,54,68,90,24,64,58,73,35,91,20,7,
511	0	8	2.631	0,56,59,27,23,78,93,74,54,68,90,24,64,58,73,91,35,57,51,8,
511	0	9	2.482	0,81,19,17,43,44,72,71,39,88,22,29,28,40,63,69,26,32,9,
511	0	10	2.468	0,81,19,17,43,44,72,50,89,92,95,75,61,80,70,36,97,34,10,
511	0	11	2.394	0,81,67,19,17,43,44,72,50,71,39,88,76,65,70,80,61,36,97,11,
511	0	12	2.074	0,81,67,19,17,43,44,72,50,71,39,88,76,65,36,70,80,61,75,12,
511	0	13	1.871	0,67,81,47,87,19,17,43,44,72,71,50,89,92,13,
511	0	14	2.012	0,67,81,47,87,19,17,43,44,72,71,50,89,92,14,
511	0	15	2.03	0,56,59,27,23,93,74,68,54,79,48,87,19,17,49,15,
511	1	2	2.302	1,59,56,25,81,67,19,17,43,87,48,79,23,42,98,2,
511	1	3	2.178	1,27,23,93,74,68,90,24,64,58,18,99,30,77,33,3,
511	1	4	2.205	1,59,27,23,93,74,68,90,24,64,58,18,99,30,77,55,4,
511	1	5	2.125	1,59,27,23,78,93,74,54,68,90,24,64,58,18,16,85,5,
511	1	6	2.472	1,59,27,23,93,74,68,90,24,64,58,18,99,30,77,55,16,38,94,37,6,
511	1	7	2.773	1,59,27,23,42,98,78,93,74,54,68,90,24,64,58,73,91,35,57,51,20,7,
511	1	8	2.742	1,59,27,23,93,74,54,68,90,24,84,31,86,83,40,63,69,26,32,62,52,8,
511	1	9	2.525	1,59,27,23,93,74,68,90,24,84,31,86,83,40,21,53,63,69,26,32,9,
511	1	10	2.519	1,59,27,23,93,74,54,68,90,24,84,31,86,83,40,63,69,26,32,82,10,
511	1	11	2.412	1,59,56,25,81,67,19,17,43,44,72,50,89,92,95,80,70,36,97,11,
511	1	12	2.245	1,59,56,25,81,19,17,43,44,72,50,89,92,95,80,70,36,61,75,12,
511	1	13	2.246	1,27,23,93,74,54,79,48,87,19,17,43,44,72,50,89,92,13,
511	1	14	2.152	1,56,59,27,23,93,74,54,60,79,48,87,19,17,43,44,72,14,
511	1	15	1.911	1,27,23,93,74,54,79,48,87,19,17,43,72,44,49,15,
511	2	3	2.247	2,98,42,78,93,74,68,90,24,64,58,18,99,30,77,33,3,
511	2	4	2.253	2,98,42,23,93,74,54,68,90,24,64,58,18,99,30,77,4,
511	2	5	2.146	2,98,42,23,78,93,74,54,68,90,99,30,77,55,16,85,5,
511	2	6	2.454	2,98,78,93,74,68,90,24,64,58,18,99,30,77,55,16,38,94,37,6,
511	2	7	2.614	2,98,42,23,78,93,74,54,68,90,24,64,58,73,91,35,57,51,20,7,
511	2	8	2.703	2,98,42,78,93,74,68,90,24,84,31,86,83,40,63,69,26,32,62,52,8,
511	2	9	2.577	2,98,42,23,78,93,74,54,68,90,24,84,31,86,83,40,63,69,26,32,9,
511	2	10	2.595	2,98,42,23,93,74,54,68,90,24,84,31,86,83,40,63,53,26,82,10,
511	2	11	2.739	2,98,42,23,78,93,74,54,68,90,24,84,31,86,83,40,63,69,41,34,11,
511	2	12	2.561	2,98,42,78,93,79,48,87,19,17,43,44,72,50,89,92,95,80,61,75,12,
511	2	13	2.395	2,98,42,78,93,74,68,54,79,48,87,19,17,43,44,72,50,89,92,13,
511	2	14	2.157	2,98,42,23,93,74,68,54,60,79,48,87,19,17,43,44,72,14,
511	2	15	2.06	2,98,42,78,93,74,68,54,79,48,87,19,17,43,72,44,49,15,
511	3	4	2.23	3,33,98,42,78,93,74,68,90,24,64,58,18,99,30,77,4,
511	3	5	2.096	3,33,98,42,23,93,74,68,90,99,30,77,55,16,85,5,
511	3	6	2.152	3,33,98,42,78,93,74,54,68,90,24,64,58,96,37,94,6,
511	3	7	2.36	3,33,98,42,23,93,74,68,90,24,64,58,73,35,91,20,7,
511	3	8	2.582	3,33,98,42,23,78,93,74,54,68,90,24,64,58,73,91,35,57,51,8,
511	3	9	2.576	3,33,77,30,99,18,58,64,73,91,35,86,83,40,63,21,53,69,26,32,9,
511	3	10	2.576	3,33,77,30,99,18,58,64,73,91,35,86,83,40,63,41,69,26,32,82,10,
511	3	11	2.758	3,33,77,30,99,18,58,64,73,91,35,86,83,40,63,53,26,69,41,34,11,
511	3	12	2.605	3,33,98,42,78,93,74,54,68,90,24,84,31,46,29,22,76,65,70,80,61,75,12,
511	3	13	2.53	3,33,98,42,78,93,74,54,60,79,48,87,19,17,43,44,72,50,89,92,13,
511	3	14	2.383	3,33,98,42,23,93,74,68,54,60,79,48,47,87,19,17,43,44,72,14,
511	3	15	2.195	3,33,98,42,78,93,74,54,60,79,48,87,19,17,43,72,44,49,15,
511	4	5	2.314	4,77,30,99,18,58,64,73,35,91,96,37,94,38,85,5,
511	4	6	2.116	4,66,85,16,55,77,30,99,18,58,64,73,91,96,37,6,
511	4	7	2.345	4,66,85,16,55,77,30,99,18,58,64,73,91,35,57,51,20,7,
511	4	8	2.47	4,66,85,16,55,77,30,99,90,24,64,58,73,91,35,57,51,8,
511	4	9	2.369	4,77,30,99,18,58,64,73,91,35,86,83,40,63,53,69,26,32,9,
511	4	10	2.43	4,55,77,30,99,18,58,64,73,91,35,86,83,40,63,69,26,32,82,10,
511	4	11	2.597	4,55,77,30,99,18,58,64,73,91,35,86,83,21,53,63,69,41,34,11,
511	4	12	2.525	4,55,77,30,99,18,58,64,84,31,46,29,22,76,88,39,65,70,80,61,75,12,
511	4	13	2.471	4,55,77,30,99,18,58,64,84,31,46,29,22,88,39,71,50,89,92,13,
511	4	14	2.57	4,77,30,99,18,58,64,24,90,68,54,79,48,87,19,17,43,44,72,14,
511	4	15	2.442	4,77,30,99,90,68,54,74,93,79,48,87,19,17,43,72,44,49,15,
511	5	6	1.944	5,85,16,55,77,30,99,18,58,64,73,35,91,96,37,6,
511	5	7	2.024	5,66,85,16,55,77,30,99,18,58,64,73,35,91,20,7,
511	5	8	2.166	5,66,85,16,55,77,30,99,18,58,64,73,91,35,57,52,8,
511	5	9	2.093	5,85,16,18,58,64,73,91,35,86,83,40,63,69,26,32,9,
511	5	10	2.385	5,85,16,55,77,30,99,18,58,73,91,35,86,83,40,63,69,26,82,10,
511	5	11	2.501	5,85,16,55,77,30,99,18,58,64,73,91,35,86,83,40,63,41,34,11,
511	5	12	2.374	5,85,16,55,77,30,99,18,58,64,84,31,46,29,22,76,65,70,80,61,75,12,
511	5	13	2.47	5,85,16,55,77,30,99,18,58,64,84,31,46,29,22,88,39,50,89,92,13,
511	5	14	2.554	5,85,16,55,77,30,99,90,68,74,54,60,79,48,87,19,17,43,44,72,14,
511	5	15	2.447	5,85,16,55,30,77,68,74,54,60,79,48,87,19,17,43,72,44,49,15,
511	6	7	2.049	6,94,38,16,55,77,30,99,18,58,64,73,35,91,20,7,
511	6	8	2.085	6,37,94,38,16,55,77,30,99,18,58,64,73,91,35,51,8,
511	6	9	1.927	6,94,37,96,91,35,86,83,40,21,53,63,69,26,32,9,
511	6	10	2.184	6,37,94,96,91,35,86,83,40,21,53,63,41,69,26,32,82,10,
511	6	11	2.589	6,37,94,38,16,55,18,58,64,73,91,35,86,83,40,63,69,41,34,11,
511	6	12	2.429	6,94,37,96,91,35,73,58,64,84,31,46,29,22,76,65,70,80,61,75,12,
511	6	13	2.677	6,94,38,16,55,77,30,99,90,24,84,31,46,29,22,88,39,71,50,89,92,13,
511	6	14	2.554	6,94,37,96,58,64,24,90,68,54,74,93,79,48,87,19,17,43,44,72,14,
511	6	15	2.559	6,94,37,96,58,64,24,90,68,74,54,79,48,87,19,17,43,72,44,49,15,
511	7	8	2.2	7,20,91,35,86,83,21,53,63,41,69,26,32,62,52,8,
511	7	9	2.159	7,20,51,35,86,83,40,21,53,63,41,69,26,32,62,9,
511	7	10	2.288	7,20,91,35,73,58,64,84,31,83,40,63,69,26,32,82,10,
511	7	11	2.648	7,20,91,35,73,58,64,84,31,46,29,22,88,76,65,70,36,97,11,
511	7	12	2.35	7,20,91,35,73,84,31,46,29,22,88,76,65,36,70,80,61,75,12,
511	7	13	2.572	7,20,91,35,73,58,64,24,84,31,46,29,22,88,39,71,50,89,92,13,
511	7	14	2.593	7,20,91,73,58,64,24,90,68,74,54,79,48,87,19,17,43,44,72,14,
511	7	15	2.592	7,20,91,73,58,64,24,90,68,74,54,79,48,87,19,17,43,44,49,15,
511	8	9	2.16	8,51,35,91,73,84,31,86,83,40,63,41,69,26,32,9,
511	8	10	2.345	8,51,35,91,73,58,64,84,31,86,83,40,63,69,26,32,82,10,
511	8	11	2.413	8,52,62,32,26,69,41,63,40,28,29,22,76,65,70,36,97,11,
511	8	12	2.316	8,52,62,32,26,53,63,40,28,29,22,76,88,39,65,70,80,61,75,12,
511	8	13	2.434	8,52,62,32,26,69,63,53,21,40,28,29,22,76,88,39,71,50,89,92,13,
511	8	14	2.622	8,51,57,35,91,73,58,64,24,90,60,48,87,19,17,43,44,72,14,
511	8	15	2.61	8,52,62,32,26,69,63,40,28,29,22,76,88,39,71,72,44,43,17,49,15,
511	9	10	2.25	9,32,26,53,63,40,28,29,22,76,65,70,36,97,34,10,
511	9	11	2.084	9,32,26,69,63,40,28,29,22,88,76,65,70,36,97,11,
511	9	12	1.777	9,32,26,69,63,53,21,40,28,97,36,70,80,61,75,12,
511	9	13	2.191	9,32,26,69,41,63,53,21,40,28,29,22,88,39,71,50,89,92,13,
511	9	14	2.531	9,32,26,53,21,40,63,69,41,34,97,36,65,76,88,39,71,50,89,92,14,
511	9	15	2.425	9,32,26,53,63,40,28,29,22,76,88,39,71,50,72,44,43,17,49,15,
511	10	11	2.059	10,82,32,26,69,63,40,28,29,22,76,65,70,36,97,11,
511	10	12	1.76	10,82,32,26,53,63,69,41,34,97,36,70,80,61,75,12,
511	10	13	1.992	10,82,32,26,69,63,40,28,22,29,88,39,71,50,89,92,13,
511	10	14	2.294	10,82,26,69,63,53,21,40,28,29,22,76,88,39,71,50,89,92,14,
511	10	15	2.424	10,82,26,69,63,40,28,29,22,76,88,39,71,50,72,44,43,17,49,15,
511	11	12	1.776	11,97,36,70,65,76,88,39,71,50,89,92,95,80,61,75,12,
511	11	13	1.869	11,12,75,61,80,95,70,36,65,76,88,39,71,50,89,92,13,
511	11	14	2.01	11,12,75,61,80,95,70,36,65,76,88,39,71,50,89,92,14,
511	11	15	2.266	11,97,36,70,80,61,75,95,92,89,50,71,72,44,43,19,17,49,15,
511	12	13	1.48	12,75,61,80,95,70,36,65,76,88,39,71,50,89,92,13,
511	12	14	1.621	12,75,61,80,95,70,36,65,76,88,39,71,50,89,92,14,
511	12	15	2.034	12,75,61,36,70,65,76,88,39,89,92,50,72,44,43,19,17,49,15,
511	13	14	1.798	13,95,80,75,61,36,70,65,76,88,39,71,50,89,92,14,
511	13	15	1.712	13,92,89,50,72,44,43,17,19,87,47,81,67,49,15,
511	14	15	1.943	14,50,89,92,95,80,70,65,76,88,39,71,72,44,49,15,
