133	0	1	2.058	0,28,24,89,79,27,63,80,53,57,34,85,82,16,50,87,1,
133	0	2	2.089	0,24,89,79,27,63,80,53,57,34,85,81,75,71,67,93,2,
133	0	3	2.448	0,28,24,89,79,27,63,80,53,57,85,81,75,71,93,67,39,51,3,
133	0	4	2.524	0,28,16,82,34,57,53,25,77,68,48,72,83,92,86,17,38,55,4,
133	0	5	2.501	0,28,16,82,34,57,53,25,77,68,48,72,83,92,86,31,17,38,5,
133	0	6	2.581	0,28,16,82,34,57,53,25,77,68,48,94,52,69,32,20,42,36,59,6,
133	0	7	2.47	0,28,16,82,34,57,53,25,68,48,61,21,49,69,32,20,96,42,36,7,
133	0	8	2.43	0,28,16,82,34,57,53,25,77,68,48,61,21,40,19,29,43,98,78,74,8,
133	0	9	2.363	0,28,16,82,34,57,53,25,77,68,48,61,21,40,19,29,45,95,43,98,9,
133	0	10	2.37	0,24,89,79,27,63,44,26,25,77,68,48,61,21,40,19,29,45,95,10,
133	0	11	2.419	0,28,16,82,34,57,53,25,77,68,48,61,21,40,19,29,45,60,11,
133	0	12	2.086	0,28,16,82,34,57,53,25,77,68,99,26,44,64,66,12,
133	0	13	2.062	0,28,16,82,34,57,53,25,77,48,68,99,26,44,64,13,
133	0	14	2.182	0,28,82,34,57,53,25,77,48,68,99,26,44,64,33,14,
133	0	15	2.013	0,28,16,82,85,34,57,53,80,63,27,79,33,35,89,24,15,
133	1	2	1.974	1,87,50,16,82,34,57,53,46,81,75,67,71,30,93,2,
133	1	3	2.055	1,87,50,16,82,34,85,81,75,71,93,67,39,51,41,3,
133	1	4	2.56	1,87,50,16,82,34,57,53,25,68,48,72,83,92,65,76,58,4,
133	1	5	2.539	1,87,50,16,82,34,57,53,25,77,68,48,72,83,92,86,17,38,5,
133	1	6	2.644	1,87,50,16,82,34,57,53,25,77,68,48,72,83,92,86,31,54,70,37,18,6,
133	1	7	2.479	1,87,50,16,82,34,57,53,25,77,68,48,94,49,69,32,20,96,42,7,
133	1	8	2.516	1,87,50,16,82,34,57,53,25,77,68,48,61,21,40,19,29,43,98,78,74,8,
133	1	9	2.247	1,87,50,16,82,34,57,53,25,77,68,48,61,21,40,19,29,43,98,9,
133	1	10	2.395	1,87,16,82,85,34,57,53,80,25,77,68,48,61,21,40,19,29,45,95,10,
133	1	11	2.479	1,30,71,75,81,85,57,53,25,77,68,48,61,21,40,19,29,45,11,
133	1	12	2.434	1,87,50,16,82,34,57,53,25,77,68,48,61,21,40,19,60,56,12,
133	1	13	2.388	1,87,50,16,82,85,34,57,53,25,77,72,48,68,99,26,44,64,13,
133	1	14	2.303	1,87,50,16,82,34,57,53,25,77,68,99,26,44,64,33,35,14,
133	1	15	1.894	1,87,50,16,82,34,57,53,80,63,27,79,35,89,24,15,
133	2	3	2.095	2,93,67,71,30,87,50,16,82,81,75,23,39,51,41,3,
133	2	4	2.252	2,93,67,71,75,23,97,76,65,83,92,90,31,86,17,38,55,4,
133	2	5	2.298	2,93,30,71,75,23,97,76,65,83,92,90,31,86,17,38,5,
133	2	6	2.42	2,93,67,23,97,76,65,92,90,91,22,20,69,32,96,42,36,59,6,
133	2	7	2.311	2,93,67,75,23,97,76,65,92,86,31,91,22,69,32,20,96,42,36,7,
133	2	8	2.478	2,93,67,71,75,23,97,76,65,83,92,86,31,90,91,22,20,69,32,96,8,
133	2	9	2.295	2,93,67,75,81,85,57,53,25,77,68,48,61,21,40,19,29,43,98,9,
133	2	10	2.217	2,93,67,75,81,85,57,53,25,77,68,48,61,21,40,19,29,45,95,10,
133	2	11	2.491	2,93,67,71,75,81,85,34,57,53,25,77,68,48,61,21,40,19,29,45,11,
133	2	12	2.536	2,93,67,75,81,85,57,53,25,77,68,48,61,21,40,19,60,88,62,12,
133	2	13	2.443	2,93,67,71,75,81,85,34,57,53,72,48,68,77,25,99,26,44,64,13,
133	2	14	2.246	2,93,67,71,30,87,50,16,82,34,57,53,80,63,27,79,33,35,14,
133	2	15	2.031	2,93,30,71,67,75,81,85,34,57,53,80,63,27,79,89,24,15,
133	3	4	2.386	3,41,84,39,67,93,71,75,23,97,76,58,17,38,55,4,
133	3	5	2.366	3,51,39,67,93,71,75,23,97,76,65,92,86,31,17,38,5,
133	3	6	2.078	3,41,58,17,38,73,54,22,20,32,96,42,36,59,6,
133	3	7	2.613	3,41,51,84,58,17,38,73,54,91,22,69,32,20,96,42,36,59,7,
133	3	8	2.659	3,41,84,76,65,83,72,77,68,48,61,21,40,19,29,43,98,78,74,8,
133	3	9	2.52	3,51,84,76,65,83,72,25,77,68,48,61,21,40,19,29,47,43,98,9,
133	3	10	2.392	3,41,84,76,65,83,72,25,77,68,48,61,21,40,19,29,45,95,10,
133	3	11	2.617	3,51,84,97,76,65,92,83,72,25,77,68,48,61,21,40,19,29,45,11,
133	3	12	2.567	3,41,84,97,76,65,92,83,72,48,68,77,25,99,26,44,64,66,12,
133	3	13	2.667	3,41,84,97,76,65,92,83,72,48,68,77,25,99,26,44,64,66,13,
133	3	14	2.61	3,41,84,39,67,93,71,75,81,85,34,57,53,80,63,27,79,33,35,14,
133	3	15	2.36	3,41,51,39,67,93,71,75,81,85,34,57,53,80,27,79,89,24,15,
133	4	5	2.196	4,55,17,38,73,54,22,20,69,32,96,42,36,59,18,5,
133	4	6	1.969	4,55,17,38,73,54,22,20,69,32,96,42,36,59,18,6,
133	4	7	2.16	4,55,17,38,73,37,18,70,22,20,69,32,96,42,36,59,7,
133	4	8	2.617	4,55,17,38,73,54,91,22,20,96,32,69,52,49,47,43,98,78,74,8,
133	4	9	2.503	4,55,58,76,65,83,72,25,77,68,48,61,21,40,19,29,43,98,9,
133	4	10	2.377	4,55,38,17,86,92,83,72,77,68,48,61,21,40,19,29,45,95,10,
133	4	11	2.545	4,55,38,17,31,86,92,83,72,77,68,48,61,21,40,19,29,45,11,
133	4	12	2.571	4,55,38,17,31,90,92,83,72,48,68,77,25,99,26,44,64,66,12,
133	4	13	2.567	4,55,38,17,86,31,90,92,65,83,72,48,68,77,25,99,26,44,64,13,
133	4	14	2.611	4,55,38,17,31,86,92,65,83,72,48,68,77,25,99,26,44,64,33,14,
133	4	15	2.502	4,58,76,65,83,72,48,68,77,25,99,26,44,63,27,79,89,24,15,
133	5	6	1.975	5,18,37,70,54,91,22,52,69,32,20,96,42,36,59,6,
133	5	7	2.422	5,38,17,73,54,22,20,69,32,96,42,36,59,70,37,18,6,7,
133	5	8	2.351	5,18,37,70,59,36,42,96,20,32,69,49,47,43,98,78,74,8,
133	5	9	2.432	5,38,17,31,86,92,83,72,77,68,48,61,21,40,19,29,43,98,9,
133	5	10	2.411	5,38,17,86,92,83,72,25,77,68,48,61,21,19,40,29,45,95,10,
133	5	11	2.534	5,38,17,31,86,92,83,72,25,77,68,48,61,21,19,29,45,11,
133	5	12	2.56	5,38,17,31,90,92,65,83,72,48,68,77,25,99,26,44,64,66,12,
133	5	13	2.793	5,18,37,70,54,91,31,86,92,65,83,72,48,68,77,25,99,26,44,64,13,
133	5	14	2.707	5,38,17,31,86,92,65,83,72,48,68,77,25,99,26,44,63,27,79,33,14,
133	5	15	2.508	5,38,17,31,86,92,65,83,72,48,68,77,25,80,63,27,79,89,24,15,
133	6	7	2.444	6,18,5,38,17,73,54,91,22,69,32,20,96,42,36,59,7,
133	6	8	2.082	6,59,36,42,96,20,32,69,22,52,49,47,43,78,74,8,
133	6	9	2.197	6,18,37,70,59,36,42,96,20,32,69,22,52,49,47,43,98,78,9,
133	6	10	2.25	6,18,37,70,59,36,42,96,20,69,32,74,78,98,43,29,19,45,95,10,
133	6	11	2.393	6,59,36,42,96,20,69,32,74,78,98,43,95,45,29,19,60,56,11,
133	6	12	2.402	6,59,36,42,96,20,69,32,74,78,98,43,29,40,19,60,56,62,12,
133	6	13	2.533	6,59,36,42,96,20,32,69,52,94,72,48,68,77,25,99,26,44,64,13,
133	6	14	2.638	6,59,36,42,96,20,32,69,49,21,61,48,68,77,25,26,44,64,33,14,
133	6	15	2.493	6,59,36,42,96,20,32,69,52,94,48,68,77,25,80,79,89,24,15,
133	7	8	1.889	7,36,42,96,32,69,20,22,52,49,47,43,98,78,74,8,
133	7	9	1.78	7,36,42,96,20,32,69,49,21,40,19,29,43,98,9,
133	7	10	1.702	7,36,42,96,20,32,69,49,21,40,19,29,45,95,10,
133	7	11	2.084	7,36,42,96,20,69,32,74,78,98,43,45,29,19,60,56,11,
133	7	12	2.275	7,36,42,96,20,69,32,74,78,98,43,45,29,40,19,60,88,62,12,
133	7	13	2.417	7,36,42,96,20,32,69,52,49,21,61,48,68,77,25,99,26,44,64,13,
133	7	14	2.452	7,36,42,96,20,32,69,49,21,61,48,68,77,25,99,26,44,64,33,14,
133	7	15	2.364	7,36,42,96,20,32,69,52,94,72,48,68,77,25,80,27,79,89,24,15,
133	8	9	1.912	8,32,96,20,69,49,21,40,19,29,45,95,43,98,9,
133	8	10	1.854	8,96,20,32,69,22,52,49,21,19,40,29,45,95,10,
133	8	11	2.22	8,96,20,69,32,74,78,98,43,95,45,29,19,60,88,56,11,
133	8	12	2.257	8,96,20,69,32,74,78,98,43,95,45,29,40,19,60,88,62,12,
133	8	13	2.369	8,74,78,98,43,47,29,19,40,21,61,48,68,77,25,99,26,44,64,13,
133	8	14	2.409	8,74,78,98,43,29,19,40,21,61,48,68,77,25,99,26,44,64,33,14,
133	8	15	2.332	8,74,78,98,43,29,19,40,21,61,48,68,77,25,80,27,79,89,24,15,
133	9	10	2.038	9,98,78,74,32,96,20,69,52,49,21,19,29,45,95,10,
133	9	11	2.015	9,98,43,29,19,40,21,61,48,68,77,25,99,88,56,11,
133	9	12	2.007	9,98,43,29,19,40,21,61,48,68,77,25,99,88,62,12,
133	9	13	2.174	9,98,43,95,45,29,19,40,21,61,48,68,77,25,26,44,64,13,
133	9	14	2.231	9,98,43,47,29,19,40,21,61,48,68,77,25,99,26,44,64,33,14,
133	9	15	2.258	9,98,43,29,19,40,21,61,48,68,77,25,99,26,44,63,27,79,89,24,15,
133	10	11	1.907	10,95,45,29,19,40,21,61,48,68,99,88,60,56,11,
133	10	12	1.895	10,45,29,19,40,21,61,48,68,77,25,99,88,62,12,
133	10	13	1.844	10,95,45,29,19,40,21,61,48,68,77,25,44,64,13,
133	10	14	1.941	10,45,29,19,40,21,61,48,68,77,25,44,64,33,14,
133	10	15	1.985	10,95,45,29,19,40,21,61,48,68,77,25,80,27,79,89,24,15,
133	11	12	2.049	11,45,29,19,40,21,61,48,68,77,25,99,88,62,12,
133	11	13	2.014	11,45,29,19,40,21,61,48,68,77,25,26,44,64,13,
133	11	14	2.095	11,45,29,19,40,21,61,48,68,77,25,44,64,33,14,
133	11	15	2.15	11,45,29,19,40,21,61,48,68,77,25,80,63,27,79,89,24,15,
133	12	13	2.159	12,56,60,19,40,21,61,48,68,77,25,26,44,64,13,
133	12	14	2.207	12,62,88,61,48,68,77,25,99,26,44,63,27,79,33,14,
133	12	15	2.033	12,66,64,44,26,99,68,77,25,80,63,27,79,89,24,15,
133	13	14	2.209	13,64,44,26,99,68,77,48,72,25,80,63,27,79,35,14,
133	13	15	2.12	13,64,26,99,68,77,48,72,25,80,63,27,79,89,24,15,
133	14	15	2.05	14,33,64,44,26,99,68,77,25,80,63,27,79,89,24,15,
