314	0	3	1.829	0,17,64,34,79,27,33,38,76,48,58,61,47,41,55,3,
314	0	4	1.708	0,17,64,34,79,27,33,38,55,47,41,36,87,52,26,4,
314	0	2	2.073	0,17,64,34,79,33,27,91,97,93,28,69,92,38,2,
314	0	1	2.109	0,17,64,34,79,27,92,76,48,61,36,47,55,38,33,1,
314	0	10	2.471	0,17,64,34,79,27,92,76,48,61,82,59,19,25,65,30,46,77,10,
314	0	9	2.369	0,17,64,34,79,27,33,92,76,48,61,82,59,74,19,25,85,72,96,9,
314	0	5	2.065	0,17,64,34,79,27,33,38,92,76,48,61,47,55,41,36,71,24,67,83,94,5,
314	0	8	2.375	0,17,64,34,79,27,33,92,76,48,61,82,59,74,45,19,25,85,72,53,8,
314	0	11	2.401	0,17,64,34,79,33,38,92,69,28,81,68,54,32,43,20,39,29,11,
314	0	6	2.289	0,17,64,34,79,27,33,38,92,76,48,61,47,55,41,36,71,80,35,84,18,6,
314	0	7	2.374	0,17,64,34,79,27,33,38,92,76,48,61,47,55,41,36,71,80,35,84,86,21,7,
314	1	5	1.731	1,34,79,27,33,38,55,47,41,36,71,24,67,83,94,5,
314	1	4	1.675	1,64,34,79,33,27,92,76,55,41,47,36,87,52,26,4,
314	0	14	1.772	0,17,64,34,79,27,33,92,69,28,93,73,75,50,44,14,
314	0	15	1.751	0,17,64,34,79,27,33,38,92,69,28,93,73,75,57,15,
314	1	2	2.107	1,33,27,79,34,64,17,91,97,93,28,69,92,38,2,
314	0	13	1.936	0,17,64,34,79,27,33,38,92,69,28,93,73,22,13,
314	1	3	1.806	1,64,34,79,27,33,38,92,76,48,58,61,47,41,55,3,
314	1	8	2.351	1,64,34,79,33,27,92,76,48,61,82,59,74,45,98,19,25,85,72,53,8,
314	0	12	2.204	0,17,64,34,79,27,33,38,92,69,28,81,68,54,43,20,23,12,
314	1	6	2.168	1,64,34,79,33,27,92,76,48,61,47,55,41,36,71,24,67,83,51,6,
314	1	7	2.246	1,64,34,79,27,33,38,92,76,48,55,47,41,36,71,80,35,84,86,21,7,
314	1	15	1.854	1,34,79,27,33,38,92,69,28,93,73,75,57,50,44,15,
314	2	4	1.902	2,38,92,76,48,58,61,47,55,41,36,71,87,52,26,4,
314	2	5	1.853	2,38,92,76,48,61,47,55,41,36,71,24,67,83,94,5,
314	1	10	2.415	1,34,79,27,33,92,76,48,61,82,59,74,19,25,65,30,46,77,10,
314	2	3	2.144	2,38,92,76,48,61,47,41,36,71,67,24,87,52,3,
314	2	6	2.198	2,38,92,76,48,55,47,41,36,71,24,67,80,35,84,18,6,
314	1	9	2.373	1,34,79,27,33,38,76,48,58,78,82,59,74,45,19,25,85,72,96,9,
314	1	12	2.246	1,64,34,79,27,33,38,92,69,28,81,68,54,32,43,20,23,99,12,
314	1	13	2.201	1,64,34,79,27,33,38,92,69,28,81,68,40,54,43,32,22,42,13,
314	1	14	1.987	1,64,34,79,27,33,38,92,69,28,97,93,73,75,57,50,44,14,
314	1	11	2.414	1,64,34,79,27,33,38,92,69,28,93,73,32,43,20,23,99,62,11,
314	2	15	2.204	2,38,92,33,27,79,34,64,17,91,97,93,73,75,50,57,15,
314	3	4	2.093	3,55,41,47,61,48,58,78,82,63,89,36,87,52,26,4,
314	3	5	1.814	3,37,26,52,87,41,55,47,36,71,24,67,83,51,94,5,
314	2	10	2.539	2,38,76,48,58,78,82,59,74,45,19,25,85,30,88,46,77,31,10,
314	2	9	2.506	2,38,92,76,48,61,58,78,82,59,74,45,98,19,25,85,72,53,96,9,
314	2	8	2.513	2,38,92,76,48,61,47,55,41,36,89,63,74,45,19,25,85,72,53,8,
314	2	12	2.669	2,38,33,27,79,34,64,17,91,97,93,73,54,32,43,20,23,99,12,
314	2	13	2.589	2,38,92,33,27,79,34,64,91,97,93,75,73,54,43,32,22,42,13,
314	2	14	2.324	2,38,92,33,27,79,34,64,17,91,97,93,73,75,50,57,44,14,
314	2	7	2.357	2,38,92,76,48,61,47,55,41,36,71,24,67,70,80,35,84,86,21,7,
314	2	11	2.698	2,38,92,76,48,61,82,59,74,45,98,19,25,85,30,88,56,39,29,11,
314	4	5	1.677	4,26,52,87,41,55,47,36,71,24,67,80,70,83,94,5,
314	3	15	2.272	3,55,47,41,36,61,48,76,38,33,27,79,34,64,17,91,15,
314	3	10	2.437	3,55,47,41,36,89,63,82,59,74,45,19,25,85,30,88,46,77,31,10,
314	3	6	2.14	3,37,26,52,87,41,55,47,36,71,24,67,70,80,35,84,18,6,
314	3	9	2.352	3,55,47,41,36,61,58,78,82,59,74,45,98,19,25,85,72,96,9,
314	3	8	2.355	3,55,47,41,36,61,48,58,78,82,59,74,45,98,19,25,85,72,53,8,
314	3	12	2.603	3,52,87,36,41,47,61,48,58,78,81,68,54,32,43,20,23,99,12,
314	3	11	2.485	3,55,47,41,36,89,63,74,45,98,19,25,85,30,65,88,66,39,29,11,
314	3	13	2.554	3,52,87,71,36,41,55,47,61,48,58,78,81,68,54,43,32,22,42,13,
314	3	14	2.44	3,52,87,36,41,55,47,61,48,58,78,81,68,93,73,75,57,50,44,14,
314	3	7	2.369	3,55,47,41,36,71,89,63,74,45,98,19,25,85,72,53,60,49,86,21,7,
314	5	6	1.897	5,94,51,83,67,24,87,52,41,36,71,80,35,18,6,
314	4	15	2.19	4,26,52,87,36,41,55,47,61,48,76,92,33,27,79,34,64,91,15,
314	4	10	2.234	4,26,24,67,70,80,35,84,45,98,19,25,85,30,88,46,77,31,10,
314	4	6	1.842	4,26,52,87,41,55,47,36,71,24,67,70,80,35,84,18,6,
314	4	9	2.172	4,26,52,41,55,47,36,89,63,74,45,98,19,25,85,72,53,96,9,
314	4	8	2.16	4,26,24,67,70,80,35,84,98,19,25,65,88,30,85,72,96,8,
314	4	7	1.927	4,26,52,87,41,55,47,36,71,24,67,70,80,35,84,86,21,7,
314	4	12	2.531	4,26,52,87,36,41,55,47,61,48,58,78,81,68,54,32,43,20,23,99,12,
314	4	14	2.35	4,26,52,87,36,41,55,47,61,48,58,78,81,68,93,73,75,57,50,44,14,
314	4	11	2.453	4,26,24,67,70,80,35,84,45,98,19,25,85,72,30,88,56,39,29,11,
314	4	13	2.577	4,26,24,67,71,36,41,55,47,61,48,58,78,81,68,54,43,32,22,42,13,
314	6	7	2.149	6,18,35,84,98,19,25,85,30,72,53,90,49,86,21,7,
314	6	8	2.099	6,18,35,84,45,98,19,25,85,72,30,88,46,96,8,
314	5	9	1.996	5,94,51,83,67,70,80,35,84,98,19,25,85,30,65,88,46,9,
314	5	10	2.119	5,94,51,83,67,70,80,35,84,98,19,25,85,30,88,46,77,31,10,
314	5	15	2.273	5,94,83,67,24,71,36,41,47,55,76,92,38,33,27,79,34,64,91,15,
314	5	8	2.036	5,94,51,83,67,80,35,84,98,19,25,65,88,30,85,72,53,8,
314	5	7	1.933	5,94,83,67,70,80,35,84,98,19,25,85,72,53,60,49,21,7,
314	5	12	2.425	5,94,83,67,80,35,84,98,19,25,85,30,88,56,39,29,62,99,23,12,
314	5	11	2.331	5,94,51,83,67,70,80,35,84,45,98,19,25,85,30,88,56,39,29,11,
314	5	13	2.432	5,94,83,67,24,71,36,41,55,47,61,48,58,78,81,68,54,32,22,42,13,
314	5	14	2.386	5,94,83,67,24,71,36,41,55,47,61,48,58,78,81,68,93,73,75,50,14,
314	7	10	1.863	7,21,86,49,60,98,19,25,85,72,30,65,88,46,77,31,10,
314	6	9	1.984	6,18,21,86,49,60,53,72,85,25,65,30,88,46,77,31,9,
314	7	9	1.858	7,21,86,49,60,53,72,85,25,19,65,30,88,46,77,31,9,
314	7	8	1.961	7,21,86,49,60,53,72,85,25,65,30,88,56,66,46,96,8,
314	6	15	2.497	6,18,84,35,80,71,36,41,47,55,76,92,38,33,27,79,34,64,91,15,
314	6	10	2.433	6,18,21,86,49,60,98,19,25,65,88,30,85,72,53,96,46,77,31,10,
314	6	13	2.549	6,18,84,35,80,71,36,41,47,55,48,58,78,81,68,54,32,22,13,
314	6	12	2.618	6,18,35,84,45,98,19,25,85,72,30,65,88,66,56,39,29,62,99,23,12,
314	7	11	2.585	7,21,86,49,90,60,53,96,72,85,25,98,19,65,30,88,66,56,39,29,11,
314	6	11	2.574	6,18,84,35,70,80,89,63,74,45,98,19,25,85,30,65,88,66,39,29,11,
314	6	14	2.602	6,18,84,35,80,71,36,41,47,55,48,58,78,81,68,93,73,75,50,44,14,
314	8	10	1.99	8,96,53,72,85,25,98,19,65,30,88,56,66,77,31,10,
314	8	9	1.98	8,96,53,72,85,25,98,19,65,30,88,56,66,77,31,9,
314	7	15	2.582	7,21,86,84,35,80,71,36,41,47,55,76,92,38,33,27,79,34,64,91,15,
314	8	11	2.07	8,90,49,60,98,19,25,85,72,30,65,88,56,39,29,11,
314	8	15	2.614	8,53,72,85,30,88,65,25,19,98,45,74,59,16,40,68,93,73,75,57,15,
314	8	12	2.318	8,96,53,72,85,25,98,19,65,30,88,66,56,39,29,62,99,23,12,
314	8	13	2.513	8,53,72,85,25,19,98,45,74,59,16,40,81,68,54,32,22,42,13,
314	7	12	2.44	7,21,86,49,60,53,72,85,25,98,19,65,30,88,66,56,39,29,62,99,23,12,
314	8	14	2.513	8,53,72,85,25,19,98,45,74,59,16,40,81,68,93,73,75,50,44,14,
314	7	13	2.5	7,21,86,49,60,98,19,25,85,72,30,65,88,56,39,29,62,99,23,42,13,
314	7	14	2.624	7,21,49,60,53,72,85,25,19,98,45,74,59,16,40,68,93,73,75,50,14,
314	9	10	1.997	9,96,53,72,85,25,19,65,30,88,56,66,46,77,31,10,
314	10	15	2.558	10,31,77,46,30,85,25,19,98,45,74,59,16,40,54,73,75,57,15,
314	10	12	2.08	10,31,77,46,72,85,30,65,88,66,56,39,29,62,99,23,12,
314	9	11	2.033	9,31,77,46,96,53,72,85,25,65,30,88,66,56,39,29,11,
314	10	13	2.229	10,31,77,46,72,85,30,65,88,66,39,29,62,99,23,42,13,
314	10	11	2.043	10,31,77,46,96,53,72,85,25,65,30,88,66,56,39,29,11,
314	9	15	2.527	9,96,53,72,85,25,19,98,45,74,59,82,78,81,68,93,73,75,57,15,
314	9	12	2.192	9,96,53,72,85,25,19,65,30,88,66,56,39,29,62,99,23,12,
314	10	14	2.417	10,31,77,46,72,85,25,65,30,88,66,56,95,20,43,32,22,14,
314	9	13	2.41	9,96,53,72,85,25,19,65,30,88,66,56,39,29,62,99,23,42,13,
314	9	14	2.503	9,96,72,85,25,19,98,45,74,59,16,40,68,93,73,75,50,44,14,
314	11	15	2.358	11,29,39,62,99,23,20,43,32,54,73,75,93,97,91,15,
314	12	15	2.263	12,99,23,20,43,32,54,40,68,81,93,73,75,50,57,15,
314	14	15	2.119	14,44,50,57,75,93,28,69,92,33,27,79,34,64,91,15,
314	13	15	2.255	13,42,22,73,93,28,69,92,33,27,79,34,64,91,15,
314	11	12	2.465	11,29,39,56,66,88,65,30,85,25,19,95,20,23,99,12,
314	13	14	2.297	13,42,22,32,43,20,54,40,81,68,93,73,75,50,44,14,
314	12	13	2.474	12,62,99,23,20,43,32,54,93,73,75,57,50,22,42,13,
314	11	13	2.428	11,29,39,56,88,30,85,25,65,95,20,43,32,22,42,13,
314	12	14	2.253	12,99,23,20,43,32,54,40,81,68,93,73,75,50,44,14,
314	11	14	2.341	11,29,39,62,99,23,20,43,22,32,54,73,75,57,50,44,14,
