504	0	1	1.52	0,64,62,63,45,90,43,49,77,73,42,20,28,88,94,1,
504	0	2	1.639	0,64,62,63,45,90,43,50,85,49,77,20,28,99,2,
504	0	3	1.966	0,64,62,63,45,90,43,49,77,73,42,20,28,92,27,44,95,3,
504	0	4	2.134	0,64,62,63,45,90,43,73,77,20,28,92,27,44,65,74,24,39,4,
504	0	5	2.222	0,64,62,63,45,90,43,73,77,20,28,92,27,44,65,24,39,26,53,5,
504	0	6	2.534	0,64,62,63,45,90,43,73,77,20,28,92,27,44,57,91,80,67,29,6,
504	0	7	2.473	0,64,62,63,45,90,43,49,85,33,21,96,97,61,34,70,40,35,7,
504	0	8	2.503	0,64,62,63,45,90,43,49,50,85,81,98,21,33,96,34,70,31,89,8,
504	0	9	2.559	0,64,62,63,45,90,43,49,50,85,81,98,52,41,51,87,83,47,16,59,9,
504	0	10	2.483	0,64,62,63,45,90,43,49,50,85,81,98,52,41,82,58,22,93,37,10,
504	0	11	2.249	0,64,62,63,45,90,43,73,77,49,50,85,81,98,52,41,58,22,93,11,
504	0	12	2.176	0,64,62,63,45,90,43,49,85,50,18,76,81,98,52,41,82,56,12,
504	0	13	1.802	0,64,62,45,63,90,66,84,46,19,25,75,79,30,54,13,
504	0	14	1.506	0,64,62,63,45,90,43,49,85,50,18,46,25,75,79,14,
504	0	15	1.546	0,64,62,63,45,90,43,49,85,50,18,30,75,25,19,15,
504	1	2	1.767	1,94,88,86,63,45,90,43,49,77,73,42,20,28,99,2,
504	1	3	1.887	1,94,88,42,20,28,69,99,78,27,92,44,57,65,95,3,
504	1	4	1.913	1,94,88,42,20,28,69,99,78,92,27,44,65,74,24,39,4,
504	1	5	2.338	1,94,88,42,73,77,20,28,99,78,92,27,44,57,65,74,39,26,53,5,
504	1	6	2.561	1,94,88,42,73,77,20,28,99,78,92,27,44,65,91,80,38,67,29,6,
504	1	7	2.508	1,88,94,69,99,78,92,27,44,57,65,91,80,38,68,55,40,48,35,7,
504	1	8	2.622	1,94,69,99,78,92,27,44,65,91,80,38,68,55,40,35,48,71,89,8,
504	1	9	2.506	1,94,88,86,63,45,90,43,49,85,50,81,98,52,41,87,83,16,59,9,
504	1	10	2.439	1,94,88,28,20,77,73,43,49,50,85,81,98,52,41,87,83,16,59,10,
504	1	11	2.371	1,94,88,42,28,20,77,73,43,49,50,85,81,98,52,41,82,58,22,93,11,
504	1	12	2.268	1,94,88,28,20,77,73,43,49,50,85,81,98,52,41,82,32,56,17,12,
504	1	13	2.1	1,94,28,20,77,73,43,90,63,45,66,84,46,19,25,75,30,54,13,
504	1	14	1.812	1,94,28,20,73,77,49,85,50,43,90,45,66,84,46,25,75,79,14,
504	1	15	1.544	1,94,88,28,20,42,60,63,45,66,84,46,25,75,19,15,
504	2	3	2.001	2,78,99,69,94,88,42,20,28,92,27,44,57,65,95,3,
504	2	4	2.037	2,78,99,69,94,88,42,20,28,92,27,44,65,74,24,39,4,
504	2	5	2.176	2,78,99,69,94,88,42,20,28,92,27,44,65,74,24,39,26,53,5,
504	2	6	2.62	2,78,99,28,20,42,73,77,72,92,27,44,65,91,80,38,67,29,6,
504	2	7	2.618	2,99,78,92,27,44,65,74,39,24,91,80,67,38,68,55,40,48,35,7,
504	2	8	2.595	2,99,78,92,27,44,57,65,91,80,67,38,68,55,40,35,48,71,89,8,
504	2	9	2.653	2,99,28,20,42,73,77,49,50,85,81,98,52,41,87,83,47,16,59,9,
504	2	10	2.54	2,99,78,28,20,42,73,77,49,50,85,81,98,52,41,87,83,16,59,10,
504	2	11	2.614	2,99,78,28,20,77,73,43,49,85,50,18,76,81,98,52,41,58,22,93,11,
504	2	12	2.489	2,99,28,20,77,73,43,90,63,45,66,84,46,25,75,79,54,32,56,17,12,
504	2	13	2.291	2,99,28,20,73,77,49,85,50,43,90,45,66,84,46,25,75,79,54,13,
504	2	14	1.957	2,99,28,20,73,77,49,85,50,43,90,63,45,66,84,46,25,75,79,14,
504	2	15	1.904	2,78,28,20,42,73,77,49,85,50,43,90,63,45,66,46,84,15,
504	3	4	2.103	3,95,44,27,92,57,65,91,80,38,67,53,26,24,39,4,
504	3	5	2.13	3,95,36,78,92,27,44,57,65,91,80,24,39,26,53,5,
504	3	6	2.218	3,95,74,39,24,65,44,27,92,57,91,80,38,67,29,6,
504	3	7	2.647	3,95,44,27,92,57,65,74,24,39,26,53,29,67,38,68,55,40,48,35,7,
504	3	8	2.691	3,95,44,27,92,57,65,74,39,24,91,80,38,68,55,35,48,71,89,8,
504	3	9	2.786	3,95,44,27,92,57,65,91,80,67,38,68,55,40,35,48,71,89,23,9,
504	3	10	2.724	3,95,44,27,92,28,20,73,77,49,50,85,81,98,52,41,87,83,16,10,
504	3	11	2.547	3,95,44,27,92,28,20,73,77,49,50,85,81,98,52,41,58,22,93,11,
504	3	12	2.614	3,95,44,27,92,28,20,77,73,43,49,85,50,81,98,52,41,82,56,17,12,
504	3	13	2.446	3,95,44,27,92,28,20,77,73,60,63,45,66,84,46,25,75,30,54,13,
504	3	14	2.199	3,95,44,27,92,28,42,20,77,73,43,90,63,45,66,84,46,25,75,79,14,
504	3	15	2.096	3,95,44,27,92,28,20,77,73,43,90,63,45,66,84,46,25,19,15,
504	4	5	2.145	4,39,24,74,65,44,27,92,57,91,80,38,67,29,53,5,
504	4	6	2.241	4,53,26,24,39,74,65,44,27,92,57,91,80,67,29,6,
504	4	7	2.179	4,53,26,24,39,74,65,91,80,67,38,68,55,40,35,7,
504	4	8	2.494	4,53,26,24,39,74,65,91,80,67,38,68,55,40,35,48,71,89,8,
504	4	9	2.664	4,53,26,39,24,74,65,91,80,38,68,55,40,35,48,71,89,23,9,
504	4	10	2.829	4,39,24,74,65,44,27,92,57,97,61,70,34,47,83,87,37,10,
504	4	11	2.702	4,74,65,44,27,92,28,20,73,77,49,50,85,81,98,52,41,58,93,11,
504	4	12	2.63	4,39,24,65,44,27,92,28,20,73,77,49,50,85,81,98,52,82,56,12,
504	4	13	2.49	4,74,65,44,27,92,28,20,42,60,63,45,66,84,46,25,75,79,54,13,
504	4	14	2.183	4,74,65,44,27,92,28,20,42,60,63,45,66,84,46,19,25,75,79,14,
504	4	15	2.248	4,39,24,74,65,44,27,92,28,20,42,60,63,45,66,84,46,25,19,15,
504	5	6	2.059	5,53,26,39,24,65,44,27,92,57,91,80,38,67,29,6,
504	5	7	1.988	5,53,26,24,39,74,65,91,80,38,67,55,40,48,35,7,
504	5	8	2.042	5,53,26,39,24,91,80,38,67,55,40,35,48,71,89,8,
504	5	9	2.487	5,53,26,24,39,74,65,91,80,38,68,55,40,35,48,71,89,23,9,
504	5	10	2.608	5,53,26,24,39,74,65,91,80,97,61,70,34,47,83,16,59,10,
504	5	11	2.682	5,29,67,38,68,70,34,61,97,96,33,21,51,41,82,58,22,93,11,
504	5	12	2.711	5,53,26,39,24,65,44,27,92,28,20,77,49,85,81,98,52,82,56,12,
504	5	13	2.601	5,53,26,39,24,65,44,27,92,28,20,73,77,49,85,50,18,30,54,13,
504	5	14	2.295	5,53,26,39,24,65,44,27,92,28,20,42,60,63,45,66,46,25,75,79,14,
504	5	15	2.32	5,53,26,39,24,65,44,27,92,28,20,77,73,43,90,63,45,66,84,15,
504	6	7	2.368	6,5,53,26,39,24,65,91,80,38,68,55,40,71,48,35,7,
504	6	8	2.373	6,29,67,38,80,97,61,34,70,40,55,35,48,71,89,8,
504	6	9	2.817	6,29,67,38,80,91,97,61,34,70,40,55,35,48,71,89,23,9,
504	6	10	2.705	6,29,67,38,68,70,34,61,97,96,33,21,51,41,87,83,16,10,
504	6	11	2.659	6,29,67,38,68,70,34,61,97,96,33,21,51,41,82,58,22,93,11,
504	6	12	2.708	6,29,67,38,68,55,40,70,34,61,97,96,33,21,51,41,82,56,12,
504	6	13	2.901	6,29,67,38,68,55,40,70,34,61,97,96,33,21,51,41,82,56,17,13,
504	6	14	2.593	6,29,67,38,80,91,57,92,28,20,42,60,63,45,66,84,46,25,75,79,14,
504	6	15	2.56	6,29,67,38,80,91,65,44,27,92,28,20,42,60,63,45,66,46,84,15,
504	7	8	2.392	7,35,48,71,40,55,68,67,38,97,61,34,70,31,89,8,
504	7	9	2.513	7,35,40,70,34,61,97,96,33,21,51,87,83,16,59,9,
504	7	10	2.43	7,35,48,71,40,55,68,97,61,70,34,47,83,16,59,10,
504	7	11	2.472	7,35,48,71,40,70,34,61,97,96,33,21,51,41,58,22,93,11,
504	7	12	2.55	7,35,48,71,40,70,34,61,97,96,33,21,51,41,82,32,56,17,12,
504	7	13	2.781	7,35,48,71,40,55,68,70,34,61,97,96,33,21,51,41,82,56,17,13,
504	7	14	2.554	7,35,48,40,70,34,21,33,85,50,49,43,90,45,66,46,25,75,79,14,
504	7	15	2.504	7,35,48,40,70,34,61,97,96,33,21,98,81,76,30,75,25,46,84,15,
504	8	9	2.547	8,89,71,48,35,40,55,68,70,34,47,87,83,16,59,9,
504	8	10	2.478	8,89,71,48,35,40,55,68,70,34,47,87,83,16,59,10,
504	8	11	2.368	8,89,31,70,34,61,97,96,33,21,51,41,58,22,93,11,
504	8	12	2.545	8,89,71,48,40,70,34,61,97,96,33,21,51,41,82,56,17,12,
504	8	13	2.789	8,89,71,48,35,40,55,68,70,34,61,97,96,33,21,51,41,82,32,13,
504	8	14	2.586	8,89,31,70,34,21,33,85,50,49,43,90,63,45,66,46,25,75,79,14,
504	8	15	2.487	8,89,31,70,34,61,97,96,33,21,98,81,76,30,75,25,46,84,15,
504	9	10	2.703	9,23,31,70,34,61,97,96,33,21,51,41,87,83,16,10,
504	9	11	2.526	9,23,31,70,34,61,97,96,33,21,51,41,58,22,93,11,
504	9	12	2.487	9,59,16,47,83,87,37,93,22,58,41,82,32,56,17,12,
504	9	13	2.782	9,59,16,47,83,87,41,52,76,18,30,25,46,84,19,75,79,54,13,
504	9	14	2.466	9,59,16,83,87,41,52,98,81,85,50,49,43,90,66,46,25,75,79,14,
504	9	15	2.559	9,59,16,83,87,41,52,98,81,85,50,49,43,90,45,66,84,46,25,19,15,
504	10	11	2.572	10,16,47,34,70,61,97,96,33,21,51,41,58,22,93,11,
504	10	12	2.418	10,59,16,47,83,87,37,93,22,58,41,82,32,56,17,12,
504	10	13	2.388	10,16,83,87,41,52,76,18,46,84,19,25,75,79,54,13,
504	10	14	2.287	10,16,83,87,51,98,81,85,50,49,43,90,66,46,25,75,79,14,
504	10	15	2.322	10,59,16,83,87,41,52,98,81,85,50,49,43,90,45,63,62,64,15,
504	11	12	2.35	11,93,22,58,82,41,52,76,18,30,54,32,56,17,12,
504	11	13	2.231	11,93,22,58,82,41,52,76,18,30,25,75,79,54,13,
504	11	14	2.106	11,93,58,41,52,98,81,85,50,49,43,90,66,46,25,75,79,14,
504	11	15	2.189	11,93,22,58,41,52,98,81,85,50,49,43,90,66,84,46,25,19,15,
504	12	13	2.258	12,17,56,82,41,52,98,81,85,50,18,30,75,79,54,13,
504	12	14	1.9	12,56,82,52,98,81,85,50,43,90,66,46,25,75,79,14,
504	12	15	2.038	12,17,56,82,41,52,98,81,85,50,49,43,90,45,63,62,64,15,
504	13	14	1.817	13,54,30,18,50,85,49,43,90,66,84,46,25,75,79,14,
504	13	15	1.873	13,54,30,18,50,85,49,43,90,45,66,84,46,25,19,15,
504	14	15	1.589	14,79,75,25,19,84,46,18,50,85,49,43,90,45,66,15,
