160	0	1	1.645	0,54,18,57,36,29,70,22,69,93,71,66,45,65,91,1,
160	0	2	1.371	0,90,18,54,57,84,91,65,45,66,71,93,69,61,81,2,
160	0	3	2.178	0,90,18,54,57,84,91,65,45,66,71,36,79,29,70,22,69,61,81,3,
160	0	4	2.363	0,90,18,57,84,91,65,45,66,71,93,69,42,85,86,73,47,32,39,99,4,
160	0	5	2.125	0,90,18,57,84,91,65,45,66,71,93,69,61,81,42,85,99,46,96,5,
160	0	6	2.359	0,90,18,57,84,91,65,45,71,93,69,61,81,42,85,99,46,96,68,6,
160	0	7	2.352	0,90,18,54,36,29,89,59,23,27,82,77,38,44,58,92,87,20,31,7,
160	0	8	2.302	0,90,18,54,79,89,59,23,27,77,38,44,58,92,87,20,31,88,8,
160	0	9	2.552	0,90,18,54,36,29,70,89,59,23,27,82,77,38,44,49,34,80,50,25,9,
160	0	10	2.544	0,90,18,84,91,65,45,71,70,29,89,59,23,27,82,37,74,75,41,10,
160	0	11	2.442	0,90,18,54,36,70,29,79,51,60,72,17,67,53,48,24,35,11,
160	0	12	2.217	0,90,18,57,45,66,71,36,79,51,60,72,17,67,53,48,28,12,
160	0	13	2.188	0,90,18,57,84,91,65,45,66,71,36,79,51,60,72,17,43,13,
160	0	14	1.922	0,90,18,57,84,91,65,45,66,71,36,79,51,33,56,14,
160	0	15	1.879	0,90,18,57,84,91,65,45,66,93,71,70,29,79,55,15,
160	1	2	1.421	1,90,18,54,57,84,91,65,45,66,71,93,69,61,81,2,
160	1	3	1.485	1,90,18,54,57,84,91,65,45,66,71,93,69,61,81,3,
160	1	4	1.89	1,90,18,54,57,84,65,45,66,71,93,69,42,85,99,4,
160	1	5	2.1	1,91,65,45,66,71,93,69,61,81,42,16,86,73,47,32,39,46,96,5,
160	1	6	2.322	1,91,65,45,66,71,93,69,61,81,42,85,86,73,47,32,39,96,68,52,6,
160	1	7	2.289	1,91,65,45,66,71,70,29,89,59,23,27,77,38,44,58,92,87,20,31,7,
160	1	8	2.306	1,91,65,45,66,71,70,89,59,23,27,77,38,44,58,92,87,20,88,8,
160	1	9	2.519	1,91,65,45,66,71,36,29,70,89,59,23,27,77,38,44,49,34,80,50,25,9,
160	1	10	2.51	1,91,65,45,66,71,93,69,22,70,29,89,59,23,27,82,37,74,98,75,41,10,
160	1	11	2.353	1,91,65,45,66,71,70,29,79,51,60,72,17,67,53,48,24,35,11,
160	1	12	2.267	1,91,65,45,66,71,93,69,22,70,29,79,51,60,72,17,67,53,48,12,
160	1	13	2.18	1,91,65,45,66,71,93,69,22,70,29,79,51,60,72,17,43,26,13,
160	1	14	1.855	1,91,65,45,66,71,93,69,22,70,29,79,51,33,56,14,
160	1	15	1.775	1,91,65,45,66,71,70,29,36,57,84,90,18,54,55,15,
160	2	3	1.794	2,91,65,66,45,57,18,90,54,36,71,93,69,61,81,3,
160	2	4	1.936	2,81,61,69,93,66,45,71,36,29,70,22,42,85,99,4,
160	2	5	1.908	2,91,65,45,66,71,93,69,61,81,42,85,99,39,46,5,
160	2	6	2.298	2,91,65,45,66,71,93,69,61,81,42,85,86,47,32,39,46,96,68,6,
160	2	7	2.333	2,91,65,45,66,71,93,69,42,85,86,73,19,78,92,87,20,31,7,
160	2	8	2.413	2,69,93,71,70,29,89,59,23,27,77,38,44,58,92,87,20,31,88,8,
160	2	9	2.487	2,91,65,45,66,71,70,29,89,59,23,27,82,77,38,44,49,34,50,25,9,
160	2	10	2.624	2,81,61,69,93,71,66,45,36,70,29,89,59,23,27,82,37,74,98,75,41,10,
160	2	11	2.452	2,81,61,69,93,71,66,45,36,79,51,60,72,17,67,53,48,35,11,
160	2	12	2.412	2,69,93,71,66,45,65,91,84,57,36,79,51,60,72,17,67,53,48,28,12,
160	2	13	2.238	2,81,61,69,93,71,66,45,65,91,84,57,18,90,54,55,33,40,26,13,
160	2	14	2.113	2,81,61,69,93,71,66,45,65,91,84,57,18,90,54,55,33,40,56,14,
160	2	15	1.66	2,81,61,69,93,71,66,45,65,91,84,18,90,54,55,15,
160	3	4	2	3,81,61,69,93,66,45,71,36,29,70,22,42,85,99,4,
160	3	5	2.061	3,81,61,69,93,65,45,66,71,22,16,86,39,46,96,5,
160	3	6	2.361	3,81,61,69,93,66,45,71,22,16,86,73,47,32,39,46,96,68,6,
160	3	7	2.378	3,81,61,69,22,16,86,39,32,47,73,19,78,92,87,20,31,7,
160	3	8	2.49	3,81,61,69,42,85,86,39,32,47,73,63,19,78,92,87,20,88,8,
160	3	9	2.577	3,81,61,69,93,71,70,29,89,59,23,27,77,38,44,49,34,80,25,9,
160	3	10	2.54	3,81,61,69,93,66,45,71,70,29,89,59,23,27,82,37,74,75,41,10,
160	3	11	2.595	3,81,61,69,93,71,66,45,36,79,51,60,72,17,67,53,48,24,35,11,
160	3	12	2.38	3,81,61,69,93,71,66,65,45,36,79,51,60,72,17,67,53,48,12,
160	3	13	2.513	3,81,61,69,93,71,66,45,65,91,84,57,18,90,54,79,51,60,72,17,43,13,
160	3	14	2.388	3,81,61,69,93,71,66,45,65,91,84,57,18,90,54,36,79,51,33,56,14,
160	3	15	2.285	3,81,61,69,93,71,66,45,65,91,84,57,18,90,54,36,79,51,55,15,
160	4	5	2.429	4,99,39,32,47,73,63,19,78,92,87,20,31,7,52,68,5,
160	4	6	2.237	4,99,39,32,47,73,63,38,44,58,92,87,78,52,6,
160	4	7	2.361	4,99,86,39,32,47,73,63,58,44,38,49,92,87,20,31,7,
160	4	8	2.596	4,99,39,32,47,73,63,58,44,38,77,27,82,97,80,25,50,62,8,
160	4	9	2.459	4,99,39,32,47,73,19,63,58,78,92,87,20,31,88,30,62,50,25,9,
160	4	10	2.486	4,99,39,32,47,73,63,58,44,38,77,27,82,37,74,98,94,75,41,10,
160	4	11	2.533	4,99,39,32,47,73,63,58,44,38,77,27,82,37,74,98,94,35,11,
160	4	12	2.637	4,99,39,32,47,73,63,58,44,38,77,27,82,37,95,67,53,48,28,12,
160	4	13	2.692	4,3,81,61,69,93,71,66,45,65,91,84,57,18,90,54,55,33,40,26,13,
160	4	14	2.607	4,99,85,42,81,61,69,93,71,66,45,65,91,84,18,90,54,55,33,56,14,
160	4	15	2.347	4,99,85,42,81,61,69,93,71,66,45,65,91,84,57,18,90,54,55,15,
160	5	6	2.08	5,46,39,32,47,73,19,63,58,92,87,20,31,78,52,6,
160	5	7	1.992	5,96,46,39,32,47,73,19,63,58,44,49,92,87,20,31,7,
160	5	8	1.955	5,96,46,39,32,47,73,63,38,44,58,92,87,20,31,88,8,
160	5	9	2.083	5,96,46,39,32,47,73,63,19,78,92,87,20,31,88,30,62,50,25,9,
160	5	10	2.374	5,96,46,39,32,47,73,63,58,44,38,77,27,82,37,74,98,94,75,41,10,
160	5	11	2.436	5,46,39,32,47,73,63,58,44,38,77,27,82,37,74,98,94,24,35,11,
160	5	12	2.546	5,46,39,32,47,73,63,58,44,38,77,27,82,37,74,98,94,35,48,28,12,
160	5	13	2.631	5,46,39,32,47,73,63,58,44,38,77,27,82,37,95,67,53,48,28,13,
160	5	14	2.625	5,96,46,39,32,47,73,63,58,44,38,77,82,27,23,76,60,72,33,56,14,
160	5	15	2.518	5,46,99,85,42,81,61,69,93,71,45,65,91,84,57,18,90,54,55,15,
160	6	7	1.917	6,52,68,96,46,39,47,73,63,19,78,92,87,20,31,7,
160	6	8	1.875	6,68,96,46,39,47,32,73,63,19,78,92,87,20,31,88,8,
160	6	9	2.19	6,68,96,46,39,32,47,73,19,78,92,87,20,31,88,30,62,50,25,9,
160	6	10	2.304	6,52,78,20,87,92,58,44,38,77,27,82,37,74,98,94,75,41,10,
160	6	11	2.401	6,52,78,31,20,87,92,58,49,44,38,77,27,82,37,74,98,94,11,
160	6	12	2.514	6,52,78,20,87,92,58,44,38,77,27,82,37,74,98,94,35,48,28,12,
160	6	13	2.701	6,52,78,31,20,87,92,58,44,38,77,27,82,37,95,67,53,43,26,13,
160	6	14	2.669	6,52,78,20,87,92,58,44,38,77,82,37,95,67,53,43,26,56,14,
160	6	15	2.669	6,68,96,46,99,85,42,69,93,71,66,45,65,91,84,57,18,90,54,55,15,
160	7	8	1.88	7,31,20,87,92,58,44,49,34,80,25,50,62,30,88,8,
160	7	9	1.895	7,31,20,87,78,92,58,44,38,49,34,30,62,50,25,9,
160	7	10	1.827	7,31,20,87,92,58,44,38,77,82,37,74,98,75,41,10,
160	7	11	2.093	7,31,20,87,92,58,44,38,77,27,82,37,74,98,94,24,35,11,
160	7	12	2.35	7,31,20,87,92,78,58,44,38,77,27,82,37,74,95,67,53,48,28,12,
160	7	13	2.408	7,31,20,87,92,58,44,38,77,27,82,37,74,95,67,53,43,26,13,
160	7	14	2.498	7,31,20,87,92,58,44,38,77,27,82,37,95,67,53,43,26,40,56,14,
160	7	15	2.663	7,31,20,87,78,92,58,44,38,77,82,27,23,59,89,70,29,79,55,15,
160	8	9	1.872	8,88,31,20,87,92,78,58,44,38,49,34,80,50,25,9,
160	8	10	1.827	8,88,31,20,87,92,58,44,38,77,82,37,74,75,41,10,
160	8	11	2.017	8,88,31,20,87,92,78,58,44,38,77,27,82,37,74,98,94,11,
160	8	12	2.184	8,88,31,20,87,92,78,58,44,38,77,27,82,37,74,98,94,35,12,
160	8	13	2.366	8,88,31,20,87,92,58,44,38,77,27,82,37,95,67,53,43,26,13,
160	8	14	2.469	8,88,31,20,87,92,58,44,38,77,27,82,37,95,53,67,17,40,56,14,
160	8	15	2.594	8,88,31,20,87,92,78,58,44,38,77,82,27,23,76,72,60,51,55,15,
160	9	10	1.957	9,25,50,62,30,49,44,38,77,27,82,37,74,75,41,10,
160	9	11	2.057	9,25,50,62,30,34,49,44,38,77,27,82,37,74,98,94,11,
160	9	12	2.096	9,25,50,34,49,44,38,77,27,82,37,74,98,94,24,35,12,
160	9	13	2.431	9,25,50,34,49,44,38,77,27,82,37,74,95,67,53,43,26,13,
160	9	14	2.549	9,25,50,62,30,20,87,92,58,44,38,77,82,27,76,60,72,33,56,14,
160	9	15	2.658	9,25,50,62,30,20,87,92,58,44,38,77,82,27,23,59,51,55,15,
160	10	11	2.084	10,41,75,80,34,49,44,38,77,27,82,37,74,98,94,11,
160	10	12	2.168	10,41,75,80,34,49,44,38,77,82,37,74,98,94,35,12,
160	10	13	2.039	10,41,75,98,94,24,35,48,53,67,17,40,43,26,13,
160	10	14	2.521	10,41,75,94,98,74,37,95,24,35,48,53,67,17,43,26,40,56,14,
160	10	15	2.831	10,41,75,94,98,74,37,95,24,35,48,53,67,17,43,26,40,56,15,
160	11	12	2.314	11,35,24,94,98,74,37,82,27,23,76,67,53,48,28,12,
160	11	13	2.182	11,94,98,74,37,95,24,35,48,53,67,17,43,26,13,
160	11	14	2.197	11,35,24,94,98,74,37,95,53,67,17,43,26,56,14,
160	11	15	2.684	11,35,24,53,67,17,72,60,51,79,36,57,84,18,90,54,55,15,
160	12	13	2.109	12,28,48,35,24,94,98,74,37,95,67,53,43,26,13,
160	12	14	2.158	12,28,48,35,24,94,98,74,95,67,53,43,26,56,14,
160	12	15	2.486	12,28,48,53,67,17,72,60,51,79,36,57,84,18,90,54,55,15,
160	13	14	2.347	13,28,48,35,24,94,98,74,37,95,67,53,43,26,14,
160	13	15	2.474	13,26,43,17,72,60,51,79,29,36,57,84,90,18,54,55,15,
160	14	15	2.269	14,56,33,51,79,36,71,66,45,84,57,18,90,54,55,15,
