338	0	1	2.123	0,44,37,91,88,55,25,60,53,32,16,58,61,79,26,1,
338	0	2	2.141	0,44,37,91,88,55,53,32,16,58,61,79,26,35,27,2,
338	0	3	2.397	0,61,79,26,35,65,40,69,18,56,28,89,51,86,41,23,78,3,
338	0	4	2.546	0,44,58,16,32,53,55,25,60,70,99,54,65,40,69,18,86,41,4,
338	0	5	2.483	0,44,58,32,53,55,25,60,70,99,54,31,69,18,86,51,56,28,89,5,
338	0	6	2.522	0,61,79,26,35,65,40,69,18,86,51,56,89,28,72,97,82,93,36,6,
338	0	7	2.665	0,44,58,32,53,25,60,42,45,34,20,57,21,75,96,67,74,71,63,7,
338	0	8	2.858	0,44,58,16,53,55,25,60,42,45,34,20,57,24,30,59,48,21,75,96,67,8,
338	0	9	2.74	0,44,58,16,32,53,55,25,60,80,46,62,39,84,49,76,52,29,95,85,9,
338	0	10	2.578	0,44,58,16,32,53,55,25,60,80,46,62,39,84,49,83,76,52,29,10,
338	0	11	2.499	0,44,58,16,32,53,55,25,60,42,39,62,46,73,77,33,47,22,11,
338	0	12	2.329	0,44,58,32,53,55,25,60,42,39,62,46,73,77,33,47,22,12,
338	0	13	2.117	0,44,58,16,37,91,88,55,53,25,60,42,62,46,87,73,13,
338	0	14	1.814	0,44,58,16,53,55,25,60,42,39,62,46,77,73,87,14,
338	0	15	1.917	0,44,58,16,53,25,60,42,39,62,46,73,87,90,88,15,
338	1	2	2.271	1,79,61,44,58,16,37,91,88,55,53,32,35,26,27,2,
338	1	3	2.14	1,26,35,65,40,69,18,56,28,89,51,86,41,23,78,3,
338	1	4	2.432	1,79,61,44,58,16,53,25,60,70,99,54,31,69,18,86,4,
338	1	5	2.472	1,26,35,65,40,69,18,86,51,56,89,28,72,97,82,93,36,19,5,
338	1	6	2.508	1,26,35,27,78,23,41,86,18,51,56,28,89,19,72,97,82,93,36,6,
338	1	7	2.572	1,26,35,65,40,69,18,86,51,56,28,89,19,72,97,82,17,92,94,7,
338	1	8	2.709	1,26,35,65,40,69,18,86,51,56,89,28,72,82,17,92,94,63,71,8,
338	1	9	2.739	1,79,61,44,58,32,53,55,25,60,42,45,49,84,76,52,29,95,85,9,
338	1	10	2.723	1,79,61,44,58,16,32,53,55,25,60,80,62,39,84,49,76,52,29,10,
338	1	11	2.612	1,79,61,44,58,32,53,55,25,60,42,39,62,46,77,33,47,22,11,
338	1	12	2.519	1,79,61,44,58,32,53,55,25,60,42,39,62,46,77,33,47,22,12,
338	1	13	2.387	1,26,79,61,44,58,16,32,53,55,25,60,42,39,62,46,73,77,13,
338	1	14	2.402	1,79,61,44,58,16,32,53,55,25,60,80,42,39,62,77,46,73,87,14,
338	1	15	2.263	1,79,61,44,58,16,55,25,60,80,62,46,73,87,90,88,91,37,15,
338	2	3	2.168	2,27,65,40,31,69,18,56,28,89,51,86,41,23,78,3,
338	2	4	2.173	2,27,65,40,31,43,97,82,72,28,89,56,18,86,41,4,
338	2	5	2.375	2,27,65,40,41,86,18,51,56,89,28,72,97,82,93,36,19,5,
338	2	6	2.229	2,27,78,23,41,86,18,51,56,28,89,19,72,82,97,17,93,36,6,
338	2	7	2.349	2,27,78,23,41,86,18,51,56,89,28,72,97,82,17,92,94,63,71,7,
338	2	8	2.467	2,27,78,23,41,86,51,56,89,19,93,36,17,92,94,63,71,74,67,8,
338	2	9	2.693	2,27,78,23,41,86,51,56,89,19,93,36,17,92,94,63,71,74,67,85,9,
338	2	10	2.842	2,27,35,26,79,61,44,58,16,55,25,60,42,45,49,84,76,52,29,10,
338	2	11	2.881	2,27,35,26,32,53,55,25,60,42,39,62,46,73,77,33,47,22,11,
338	2	12	2.722	2,27,35,26,79,61,44,58,32,53,25,60,42,39,62,46,77,33,12,
338	2	13	2.476	2,27,35,26,79,61,44,58,32,53,55,25,60,42,39,62,46,73,13,
338	2	14	2.351	2,27,35,26,79,61,44,58,16,53,25,60,42,39,62,46,73,87,14,
338	2	15	2.186	2,27,35,26,79,61,44,58,16,32,53,60,25,55,88,91,37,15,
338	3	4	1.989	3,23,41,86,18,56,28,72,97,82,93,36,19,89,4,
338	3	5	1.729	3,23,41,86,18,56,89,28,72,97,82,93,36,19,5,
338	3	6	1.62	3,23,41,86,18,56,28,89,19,72,97,82,93,36,6,
338	3	7	2.038	3,78,23,41,86,18,51,56,28,89,19,93,36,17,92,94,63,71,7,
338	3	8	2.195	3,23,41,86,18,51,56,89,28,72,97,82,17,92,94,63,71,74,67,8,
338	3	9	2.421	3,23,41,86,18,51,56,89,28,72,97,82,17,92,94,63,71,74,67,85,9,
338	3	10	2.56	3,23,41,86,18,51,56,89,28,72,82,97,48,21,75,68,50,81,95,10,
338	3	11	2.755	3,23,41,86,51,56,89,28,72,82,97,38,30,24,57,20,34,49,84,66,11,
338	3	12	2.732	3,23,41,86,51,56,89,28,72,82,97,38,30,24,57,34,49,84,47,33,12,
338	3	13	2.772	3,23,78,27,35,26,79,61,44,58,16,53,55,25,60,42,39,62,46,77,13,
338	3	14	2.602	3,23,78,40,65,35,26,32,53,55,25,60,42,39,62,46,73,87,14,
338	3	15	2.465	3,23,78,40,65,35,26,79,61,44,58,16,32,53,55,88,91,37,15,
338	4	5	1.826	4,41,86,18,51,56,28,89,19,72,82,97,17,93,36,5,
338	4	6	1.649	4,41,86,18,51,56,28,89,19,72,82,97,17,93,36,6,
338	4	7	1.732	4,41,86,18,56,89,28,72,97,82,17,92,94,63,71,7,
338	4	8	2.145	4,86,18,51,56,89,28,72,97,82,93,36,17,92,94,63,71,74,67,8,
338	4	9	2.329	4,41,86,18,51,56,28,89,19,72,97,82,17,92,94,63,71,74,67,85,9,
338	4	10	2.46	4,41,86,18,51,56,89,28,72,82,97,48,21,75,68,50,64,52,29,10,
338	4	11	2.624	4,86,18,51,56,89,28,72,82,97,38,59,24,57,34,20,83,49,84,66,11,
338	4	12	2.591	4,86,18,51,56,89,28,72,82,97,38,59,24,57,20,34,49,84,47,33,12,
338	4	13	2.739	4,86,18,56,89,28,72,82,97,38,59,24,57,20,34,45,42,39,62,77,13,
338	4	14	2.667	4,51,56,89,28,72,82,97,38,59,24,57,34,45,42,39,62,46,73,87,14,
338	4	15	2.575	4,41,86,51,56,18,69,40,65,35,26,79,61,44,58,16,37,91,88,15,
338	5	6	1.636	5,19,89,28,56,51,86,41,18,69,72,97,82,93,36,6,
338	5	7	1.801	5,19,89,28,56,51,86,18,69,97,82,17,92,94,63,71,7,
338	5	8	1.806	5,19,89,28,72,97,82,93,36,17,92,94,63,71,74,8,
338	5	9	2.223	5,19,72,93,36,17,92,94,63,71,74,67,96,75,68,50,81,85,9,
338	5	10	2.3	5,19,93,36,17,92,94,63,71,74,96,75,68,81,50,64,52,29,10,
338	5	11	2.472	5,19,89,28,56,51,86,18,69,31,30,24,57,34,20,83,49,84,66,11,
338	5	12	2.601	5,19,89,28,56,51,86,18,69,31,30,24,57,34,20,83,49,84,47,22,33,12,
338	5	13	2.56	5,19,89,28,56,51,86,18,69,31,54,99,70,42,39,62,46,87,73,13,
338	5	14	2.654	5,19,89,28,56,51,86,18,69,31,30,24,57,34,45,42,39,62,46,87,14,
338	5	15	2.399	5,19,89,28,56,51,86,18,69,31,54,99,70,60,25,55,88,91,37,15,
338	6	7	1.974	6,36,93,19,89,28,56,51,86,18,69,97,82,17,92,94,7,
338	6	8	1.874	6,36,93,72,97,82,17,92,94,63,71,74,98,96,67,8,
338	6	9	2.078	6,36,93,17,92,94,63,71,74,67,96,75,68,50,81,95,85,9,
338	6	10	2.103	6,36,93,17,92,94,63,71,74,96,75,68,81,50,64,52,29,10,
338	6	11	2.365	6,36,93,17,92,94,63,71,74,96,75,21,68,81,50,64,29,52,11,
338	6	12	2.423	6,36,93,72,82,97,38,59,30,24,57,34,20,83,49,84,66,47,33,12,
338	6	13	2.452	6,36,93,82,97,38,59,30,24,57,20,34,45,42,39,62,46,77,13,
338	6	14	2.49	6,36,93,72,82,97,38,30,24,57,20,34,45,42,39,62,46,73,87,14,
338	6	15	2.635	6,36,93,82,97,38,59,30,24,57,20,34,45,42,60,25,55,88,91,37,15,
338	7	8	2.137	7,71,63,94,92,17,36,93,82,97,48,21,75,96,67,8,
338	7	9	1.942	7,63,71,74,67,96,75,68,81,50,64,52,29,95,85,9,
338	7	10	1.993	7,63,71,74,67,96,75,21,68,81,50,64,52,29,95,10,
338	7	11	2.459	7,63,71,74,67,96,75,21,68,81,50,64,83,49,84,47,33,22,11,
338	7	12	2.495	7,63,71,74,67,96,75,21,68,81,50,64,29,52,76,49,84,47,33,12,
338	7	13	2.578	7,63,71,74,96,75,68,81,50,64,76,49,84,39,62,46,73,77,13,
338	7	14	2.616	7,63,71,74,67,96,75,21,68,81,50,64,83,49,84,39,62,46,73,87,14,
338	7	15	2.61	7,63,71,74,67,96,75,21,57,20,34,45,42,60,25,55,88,91,37,15,
338	8	9	2.004	8,67,74,71,63,98,96,75,21,68,81,50,64,95,85,9,
338	8	10	1.966	8,67,74,71,63,98,96,75,21,68,81,50,64,52,29,10,
338	8	11	2.467	8,67,74,96,75,21,68,81,50,64,29,52,76,66,47,33,22,11,
338	8	12	2.498	8,67,74,96,75,68,81,50,64,29,52,76,49,84,66,47,33,22,12,
338	8	13	2.644	8,67,96,75,68,81,50,64,29,52,76,49,84,39,62,46,87,73,13,
338	8	14	2.811	8,67,74,71,63,98,96,75,21,68,81,50,64,83,49,84,39,62,46,73,14,
338	8	15	2.787	8,67,96,75,68,81,50,64,83,49,84,39,62,46,73,87,90,88,91,37,15,
338	9	10	2.1	9,85,67,74,71,63,98,75,21,68,81,50,64,52,29,10,
338	9	11	2.161	9,85,81,50,64,29,52,76,83,49,84,66,47,33,22,11,
338	9	12	2.409	9,85,81,50,68,75,21,48,59,24,57,34,20,83,49,84,47,33,12,
338	9	13	2.493	9,85,81,50,68,75,21,57,20,34,45,42,39,62,46,87,73,77,13,
338	9	14	2.678	9,85,95,29,52,76,84,49,83,20,34,57,24,45,42,39,62,46,73,14,
338	9	15	2.585	9,85,81,50,68,75,21,57,20,34,45,42,60,25,53,55,88,91,37,15,
338	10	11	2.268	10,52,29,95,81,50,64,83,49,84,76,66,47,33,22,11,
338	10	12	2.143	10,52,29,95,81,50,64,83,49,84,76,66,47,22,33,12,
338	10	13	2.132	10,29,52,76,84,49,83,20,34,45,42,39,62,46,77,13,
338	10	14	2.611	10,29,52,64,50,81,68,75,21,57,34,45,42,39,62,46,73,87,14,
338	10	15	2.456	10,29,52,76,49,84,39,62,46,73,87,80,60,25,55,88,91,37,15,
338	11	12	2.32	11,52,29,95,81,50,64,83,49,84,76,66,22,47,33,12,
338	11	13	2.22	11,22,33,47,66,76,84,49,45,42,39,62,46,87,73,13,
338	11	14	2.404	11,22,47,84,49,83,20,34,57,24,45,42,39,62,46,73,87,14,
338	11	15	2.41	11,22,33,47,66,76,83,49,84,39,62,46,73,87,90,88,91,37,15,
338	12	13	2.074	12,33,47,84,49,83,20,34,45,42,39,62,46,87,73,13,
338	12	14	2.194	12,22,33,47,66,84,49,83,34,45,42,39,62,46,73,87,14,
338	12	15	2.217	12,22,33,47,66,76,49,84,39,62,46,73,87,90,88,91,37,15,
338	13	14	1.964	13,77,46,62,39,42,60,25,55,53,16,37,91,88,90,14,
338	13	15	1.959	13,73,87,46,62,39,42,60,25,55,53,32,16,37,91,88,15,
338	14	15	1.76	14,87,73,46,62,39,42,60,25,55,53,32,16,91,37,15,
