265	0	2	1.917	0,28,74,88,90,60,65,57,93,27,21,34,77,62,2,
265	0	1	2.073	0,28,40,67,65,57,93,27,19,60,90,88,74,91,1,
265	0	11	2.277	0,46,59,71,20,38,79,98,99,66,70,96,39,47,17,23,16,35,11,
265	0	7	2.471	0,46,59,71,20,38,79,99,70,96,89,76,69,45,85,78,80,87,7,
265	0	6	2.427	0,28,88,90,60,65,57,19,27,21,93,73,43,29,72,32,26,81,6,
265	0	10	2.492	0,46,59,71,20,38,79,99,70,96,89,76,53,69,45,85,64,83,10,
265	0	4	2.335	0,28,74,88,90,60,65,57,19,93,27,21,73,43,29,72,18,36,4,
265	0	3	1.647	0,28,74,88,90,60,65,86,55,43,73,93,27,34,3,
265	0	5	2.242	0,28,74,88,90,67,65,60,57,19,27,21,93,73,43,18,36,5,
265	0	9	2.555	0,46,59,71,20,38,79,98,99,66,70,96,89,76,53,69,45,85,64,52,33,9,
265	0	8	2.542	0,46,59,71,20,38,79,98,99,66,70,96,89,76,69,45,85,78,42,8,
265	1	3	1.344	1,91,74,88,90,60,65,57,55,43,73,93,27,34,3,
265	1	2	1.603	1,91,74,88,90,60,65,57,93,27,21,34,77,62,2,
265	0	15	2.268	0,28,74,88,90,60,65,67,40,97,71,59,61,37,82,15,
265	1	4	1.548	1,91,74,88,67,65,60,19,57,43,73,93,27,21,4,
265	0	13	2.514	0,46,59,71,20,38,79,98,99,66,70,96,39,47,95,30,75,50,13,
265	0	14	2.412	0,28,74,88,90,60,65,67,40,97,71,59,37,82,58,22,14,
265	1	6	2.17	1,91,74,88,90,60,65,57,19,27,21,93,73,43,29,72,32,26,81,6,
265	0	12	2.425	0,46,59,71,20,38,79,99,70,96,39,47,17,23,16,35,84,12,
265	1	5	2.034	1,91,74,88,90,60,65,86,55,57,19,27,93,73,43,29,72,18,36,5,
265	1	7	2.318	1,91,74,88,90,60,65,57,19,27,93,73,43,29,72,24,48,25,44,7,
265	1	8	2.527	1,91,74,88,67,65,60,57,73,43,29,72,24,48,25,44,80,87,42,8,
265	2	3	1.704	2,62,60,65,86,55,57,43,73,93,27,21,34,19,77,3,
265	1	15	1.954	1,91,74,88,90,60,65,67,40,97,71,59,61,37,82,15,
265	2	5	1.722	2,62,60,65,57,19,27,21,93,73,43,29,72,32,5,
265	2	4	1.769	2,62,60,65,55,57,19,27,93,73,43,29,72,18,36,4,
265	1	12	2.337	1,91,74,88,90,67,40,97,38,79,99,98,70,96,39,47,17,84,12,
265	1	11	2.246	1,91,74,88,67,40,97,38,79,98,99,70,96,39,47,17,35,16,11,
265	2	6	2.2	2,62,60,65,55,57,19,93,27,21,73,43,29,72,18,36,32,26,81,6,
265	1	10	2.449	1,91,74,88,90,67,40,97,38,79,98,99,70,96,39,47,17,23,94,10,
265	1	14	2.041	1,91,74,88,90,60,65,67,40,28,46,61,37,82,58,22,14,
265	1	13	2.351	1,91,74,88,90,67,40,97,20,38,79,99,70,98,68,30,50,13,
265	1	9	2.497	1,91,74,88,67,40,97,20,38,79,98,99,70,96,89,76,69,45,85,52,33,9,
265	2	15	2.073	2,62,60,65,40,67,90,88,91,74,28,46,61,37,82,15,
265	3	5	1.678	3,34,21,27,93,19,57,73,43,29,72,18,36,32,26,5,
265	3	4	1.739	3,34,21,27,93,57,60,90,67,65,86,55,43,73,4,
265	2	12	2.546	2,62,60,65,67,40,97,20,38,79,98,99,66,70,96,39,47,95,75,84,12,
265	2	11	2.408	2,62,90,67,40,97,20,38,79,98,99,66,70,96,39,47,17,23,16,35,11,
265	2	10	2.635	2,62,90,67,40,97,20,38,79,98,99,66,70,96,39,47,17,35,16,23,94,10,
265	2	7	2.219	2,62,60,65,86,55,57,19,27,93,73,43,29,72,24,48,25,44,7,
265	2	14	2.362	2,62,77,19,57,55,86,65,60,90,88,74,28,46,61,37,82,58,22,14,
265	2	13	2.619	2,62,60,65,67,40,97,20,38,79,98,99,66,70,96,39,47,95,75,50,13,
265	2	8	2.43	2,62,77,34,27,93,73,43,29,72,32,26,81,48,25,44,80,87,42,8,
265	2	9	2.486	2,62,60,65,67,40,97,38,79,98,99,70,96,89,76,69,45,85,52,33,9,
265	3	6	1.668	3,34,21,27,93,19,57,55,43,73,18,36,32,26,81,6,
265	4	5	1.887	4,21,27,93,19,57,73,43,29,72,18,36,32,26,81,5,
265	3	15	2.04	3,34,27,93,19,57,55,86,65,60,90,88,74,28,46,61,37,82,15,
265	3	12	2.496	3,34,21,27,93,73,43,29,31,54,66,99,79,98,70,96,39,47,17,84,12,
265	3	10	2.563	3,34,21,27,93,73,43,29,72,24,48,25,41,51,63,56,85,45,64,83,10,
265	3	11	2.423	3,34,21,27,93,73,43,29,31,54,66,99,79,98,96,39,47,17,23,16,11,
265	3	7	2.154	3,34,21,27,93,19,57,73,43,29,72,18,36,32,26,81,48,25,44,7,
265	3	14	2.175	3,34,27,93,73,43,57,65,60,90,88,74,28,46,61,37,58,22,14,
265	3	13	2.559	3,34,21,27,93,19,57,60,65,67,40,97,20,38,99,79,68,30,50,13,
265	3	9	2.452	3,34,21,27,93,73,43,29,72,32,24,92,51,41,78,85,45,64,52,33,9,
265	3	8	2.291	3,34,21,27,93,73,43,29,72,18,36,32,26,81,48,25,44,80,87,42,8,
265	4	6	1.845	4,21,27,93,19,57,73,43,29,72,18,36,32,26,81,6,
265	5	6	2.082	5,36,18,43,73,21,27,93,57,55,29,72,32,26,81,6,
265	4	7	1.967	4,21,27,93,73,43,29,72,18,32,26,81,48,25,44,7,
265	4	15	2.145	4,21,27,93,73,43,57,65,60,90,88,74,28,46,61,37,82,15,
265	4	11	2.461	4,21,27,93,73,43,29,31,54,66,99,70,96,39,47,17,23,16,11,
265	4	10	2.656	4,21,27,93,73,43,29,72,24,48,25,41,51,63,56,85,45,64,83,10,
265	4	12	2.659	4,21,27,93,73,43,29,31,54,66,99,79,98,70,96,39,47,95,75,84,12,
265	4	8	2.2	4,21,27,93,73,43,29,72,32,26,81,48,25,44,80,87,42,8,
265	4	9	2.43	4,18,36,32,26,81,48,25,41,51,92,63,56,69,45,85,64,52,33,9,
265	4	14	2.287	4,21,27,93,19,57,60,65,67,88,74,28,46,61,82,37,58,22,14,
265	4	13	2.702	4,21,27,93,73,43,57,65,67,88,74,28,46,61,82,37,58,22,14,13,
265	5	7	2.071	5,26,81,48,25,41,51,63,56,69,45,85,78,80,87,7,
265	6	7	1.998	6,48,25,41,51,92,63,56,69,45,85,78,42,80,87,7,
265	6	8	1.969	6,48,25,41,51,92,63,56,69,45,85,78,80,87,42,8,
265	5	15	2.401	5,36,18,43,73,93,27,19,57,60,90,88,74,28,46,61,37,82,15,
265	5	12	2.583	5,26,81,48,25,41,51,92,63,56,76,89,39,47,17,23,16,35,84,12,
265	5	11	2.374	5,26,81,48,25,41,51,63,56,85,45,69,53,39,47,17,23,16,11,
265	5	10	2.554	5,26,81,48,25,41,51,92,63,56,85,45,69,53,39,47,17,23,94,10,
265	5	8	2.306	5,26,81,48,25,44,41,51,92,63,56,69,45,85,78,80,42,8,
265	5	9	2.29	5,26,81,48,25,44,41,51,92,63,56,69,45,85,64,83,52,33,9,
265	5	14	2.479	5,36,18,73,43,57,65,60,90,88,74,28,46,61,82,37,58,22,14,
265	5	13	2.579	5,26,81,48,25,41,51,92,63,56,85,45,69,53,47,39,95,75,50,13,
265	7	10	2.182	7,87,80,78,85,45,69,76,89,39,47,17,35,16,23,94,10,
265	7	11	2.1	7,87,80,42,78,85,45,69,53,47,39,95,17,23,16,35,11,
265	7	8	1.993	7,44,25,41,51,63,56,69,45,85,78,80,87,42,8,
265	6	10	2.388	6,48,25,41,51,92,63,56,85,45,69,76,89,39,47,17,23,94,10,
265	6	12	2.446	6,48,25,41,51,92,63,56,49,54,66,99,79,98,96,39,47,17,84,12,
265	7	9	1.874	7,87,42,80,41,51,92,63,56,78,85,45,64,52,33,9,
265	6	15	2.463	6,48,25,41,51,92,49,54,66,99,98,79,38,20,71,59,61,37,82,15,
265	6	11	2.246	6,48,25,41,51,92,63,56,85,45,69,76,89,39,47,17,23,16,11,
265	6	9	2.185	6,48,25,44,87,80,41,51,92,63,56,78,85,45,64,52,33,9,
265	6	14	2.581	6,48,25,41,51,92,49,54,66,99,98,79,38,20,71,59,37,58,22,14,
265	6	13	2.581	6,48,25,41,51,92,63,56,69,76,89,96,70,66,99,98,79,68,30,50,13,
265	8	10	2.049	8,42,87,80,41,51,92,63,56,69,45,85,64,83,94,10,
265	8	12	2.281	8,42,87,80,41,51,92,63,56,85,45,69,53,39,47,17,84,12,
265	8	11	2.046	8,42,80,78,85,45,69,53,76,89,39,47,17,23,16,11,
265	8	9	1.807	8,42,87,80,41,51,92,63,56,78,85,45,64,52,33,9,
265	7	12	2.468	7,87,80,41,51,92,63,56,49,54,66,99,79,98,70,96,39,47,17,84,12,
265	7	15	2.444	7,87,80,78,85,45,69,76,89,70,98,99,79,38,20,71,59,37,82,15,
265	8	15	2.484	8,42,87,80,78,85,45,69,76,89,70,99,79,38,20,71,59,37,82,15,
265	8	14	2.47	8,42,87,80,78,85,45,69,76,89,70,66,99,98,79,68,58,22,14,
265	8	13	2.454	8,42,87,80,78,85,45,69,76,89,96,70,66,99,98,79,68,30,50,13,
265	7	14	2.571	7,87,80,78,85,45,69,76,89,70,99,79,38,20,71,59,37,58,22,14,
265	7	13	2.611	7,87,80,41,51,92,63,56,49,54,66,99,79,98,70,96,39,47,95,75,50,13,
265	9	12	1.979	9,33,52,64,85,45,69,53,76,89,96,39,47,17,84,12,
265	10	12	2.056	10,83,64,85,45,69,53,39,47,17,23,16,35,84,12,
265	9	10	1.956	9,33,52,64,85,45,69,53,39,47,17,35,16,23,94,10,
265	9	11	1.803	9,33,52,64,45,85,69,76,89,39,47,17,23,16,35,11,
265	10	11	1.895	10,83,64,85,45,69,53,76,89,39,47,17,23,16,11,
265	10	13	2.19	10,83,64,45,69,76,89,96,70,66,99,98,79,68,30,50,13,
265	9	13	2.081	9,33,52,64,85,45,69,76,89,96,70,99,79,68,30,50,13,
265	10	15	2.368	10,94,23,17,47,39,96,70,66,99,98,79,38,20,71,59,61,37,82,15,
265	9	15	2.28	9,33,52,64,85,45,69,76,89,96,70,99,79,38,20,71,59,37,82,15,
265	10	14	2.349	10,94,23,17,47,39,96,70,98,99,79,38,20,71,59,58,22,14,
265	9	14	2.34	9,33,52,64,45,85,69,53,47,39,96,70,98,99,79,68,58,22,14,
265	11	12	1.968	11,16,23,17,47,39,96,70,98,99,79,68,30,75,84,12,
265	14	15	2.259	14,22,58,68,79,98,99,70,66,54,38,20,71,59,37,82,15,
265	13	15	2.202	13,50,30,68,79,98,70,66,99,38,20,71,59,61,37,82,15,
265	12	15	2.189	12,84,17,47,39,96,70,66,99,98,79,38,20,71,59,37,82,15,
265	11	13	2.044	11,16,23,17,47,39,96,70,54,66,99,98,79,68,30,50,13,
265	13	14	2.242	13,50,30,68,98,99,79,38,20,71,59,61,37,82,58,22,14,
265	12	13	2.189	12,84,35,16,23,17,47,39,96,70,99,79,68,30,50,13,
265	12	14	2.179	12,84,17,47,39,96,70,99,79,38,20,71,59,58,22,14,
265	11	15	2.096	11,16,23,17,47,39,96,70,98,99,79,38,20,71,59,37,82,15,
265	11	14	2.105	11,35,16,23,17,47,39,96,70,66,99,98,79,68,58,22,14,
