342	0	1	1.987	0,81,89,43,99,31,34,23,41,35,86,56,60,96,47,74,1,
342	0	2	1.886	0,81,89,43,99,31,34,23,41,35,86,56,60,96,47,74,2,
342	0	3	2.266	0,81,89,43,99,31,18,53,75,27,22,58,41,35,86,96,60,56,3,
342	0	4	2.417	0,81,89,99,31,34,23,74,47,96,86,35,41,58,22,27,71,33,46,4,
342	0	5	2.448	0,81,89,43,99,31,18,67,22,27,68,28,65,84,54,57,95,25,5,
342	0	6	2.546	0,81,89,99,31,34,23,35,41,58,22,27,68,28,65,84,54,57,95,6,
342	0	7	2.488	0,81,89,99,31,34,23,35,41,58,22,27,68,28,65,84,54,97,51,7,
342	0	8	2.566	0,81,89,43,34,23,35,41,58,22,27,68,28,65,84,54,97,51,64,69,8,
342	0	9	2.638	0,81,89,99,31,18,53,75,52,90,73,28,65,16,85,66,94,70,9,
342	0	10	2.494	0,81,89,43,99,31,18,53,38,49,98,72,29,48,83,39,62,17,78,10,
342	0	11	2.472	0,81,89,43,99,31,18,53,38,49,98,29,72,88,82,42,32,50,36,11,
342	0	12	2.415	0,81,89,43,99,31,18,53,38,49,98,29,72,88,82,42,32,55,12,
342	0	13	2.355	0,81,89,43,99,31,18,53,38,49,98,29,72,88,82,42,80,13,
342	0	14	2.398	0,81,89,43,99,31,18,53,75,52,38,98,49,93,77,79,14,
342	0	15	2.23	0,81,89,43,74,47,96,86,35,41,23,34,31,99,63,59,15,
342	1	2	2.158	1,43,89,99,31,18,53,75,22,27,71,58,35,86,96,2,
342	1	3	1.973	1,43,89,99,31,34,23,41,35,86,47,96,60,56,45,3,
342	1	4	2.372	1,43,89,99,31,34,23,74,47,96,86,35,41,58,22,27,71,33,46,4,
342	1	5	2.262	1,43,34,23,35,41,58,22,27,68,28,65,84,54,57,95,25,5,
342	1	6	2.357	1,74,23,35,41,58,22,27,75,52,90,73,65,84,54,57,95,6,
342	1	7	2.537	1,43,99,31,34,23,35,41,58,22,27,75,52,90,73,65,84,54,97,51,7,
342	1	8	2.492	1,43,99,31,34,23,35,41,58,22,27,68,28,65,84,54,97,51,64,69,8,
342	1	9	2.717	1,43,34,23,35,41,58,22,27,75,52,90,73,28,84,65,16,85,94,70,9,
342	1	10	2.512	1,43,34,23,35,41,58,22,27,75,52,90,92,91,83,39,62,17,78,10,
342	1	11	2.529	1,43,34,23,35,41,58,22,27,75,52,38,49,98,72,88,82,32,50,36,11,
342	1	12	2.388	1,43,34,23,35,41,58,22,27,75,52,38,49,98,72,88,82,32,12,
342	1	13	2.365	1,74,23,35,41,58,22,27,75,38,49,98,72,88,82,42,80,13,
342	1	14	2.303	1,74,23,35,41,58,22,27,75,52,38,98,49,93,77,79,14,
342	1	15	2.135	1,43,74,47,96,60,86,35,41,23,34,31,99,63,59,15,
342	2	3	1.978	2,96,47,74,34,23,35,41,58,22,27,68,71,33,45,3,
342	2	4	2.219	2,60,56,86,96,47,74,23,35,41,58,22,27,71,33,45,46,4,
342	2	5	2.068	2,47,23,35,41,58,22,27,68,28,65,84,54,57,95,25,5,
342	2	6	2.122	2,96,47,74,23,35,41,58,22,27,68,28,65,84,54,57,95,6,
342	2	7	2.201	2,96,47,23,41,58,22,27,75,52,90,73,65,84,54,97,51,7,
342	2	8	2.257	2,96,47,74,23,41,35,58,22,27,68,28,65,84,54,97,51,64,69,8,
342	2	9	2.412	2,96,47,74,23,35,41,58,22,27,68,28,84,65,16,85,66,94,70,9,
342	2	10	2.382	2,96,47,23,41,35,58,22,27,75,52,90,92,91,83,39,62,17,78,10,
342	2	11	2.433	2,47,23,35,41,58,22,27,75,52,38,49,98,29,72,88,82,32,50,36,11,
342	2	12	2.406	2,96,47,74,23,35,41,58,22,27,75,52,38,49,98,29,72,88,82,32,12,
342	2	13	2.286	2,96,86,35,41,58,22,27,75,52,38,49,98,72,88,82,42,26,13,
342	2	14	2.288	2,96,47,74,23,35,41,58,22,27,75,52,38,98,49,93,77,79,14,
342	2	15	2.237	2,96,47,74,23,35,41,58,22,27,75,53,18,31,99,63,59,15,
342	3	4	1.975	3,56,60,96,47,74,23,35,41,58,22,27,71,33,45,4,
342	3	5	2.034	3,56,60,96,47,74,23,35,41,58,22,27,68,21,76,5,
342	3	6	2.232	3,56,60,86,35,41,58,22,27,68,28,65,84,54,57,95,25,6,
342	3	7	2.212	3,56,86,35,41,58,22,27,75,52,90,73,65,84,54,97,51,7,
342	3	8	2.387	3,56,86,35,41,58,22,27,75,52,90,73,65,84,54,97,51,64,69,8,
342	3	9	2.484	3,56,86,35,41,58,22,27,68,28,65,84,54,24,16,85,66,94,70,9,
342	3	10	2.444	3,56,60,86,35,41,58,22,27,75,52,90,92,91,83,39,62,17,78,10,
342	3	11	2.363	3,56,86,35,41,58,22,27,75,52,38,49,72,88,82,32,50,36,11,
342	3	12	2.584	3,56,60,86,35,41,58,22,27,75,52,38,49,98,29,72,88,82,42,32,55,12,
342	3	13	2.445	3,56,86,35,41,58,22,27,75,52,38,49,98,29,72,88,82,42,26,13,
342	3	14	2.555	3,56,60,96,47,74,23,35,41,58,22,27,75,52,38,98,49,93,77,79,14,
342	3	15	2.429	3,56,60,96,47,23,35,41,58,22,27,75,67,18,31,99,63,59,15,
342	4	5	2.151	4,46,87,76,21,84,65,28,73,16,24,54,57,95,25,5,
342	4	6	2.156	4,46,87,76,21,57,54,84,65,28,73,16,24,97,61,30,6,
342	4	7	2.068	4,46,87,76,21,57,54,84,65,28,73,16,24,97,51,7,
342	4	8	2.537	4,46,87,76,21,25,95,57,54,84,65,28,73,16,24,97,51,64,69,8,
342	4	9	2.565	4,46,87,76,21,57,54,84,24,16,65,28,73,92,91,85,66,94,70,9,
342	4	10	2.392	4,46,87,76,21,57,54,84,65,28,73,16,91,83,39,62,17,78,10,
342	4	11	2.71	4,46,87,76,21,57,54,84,65,28,73,16,85,94,66,83,39,62,17,36,11,
342	4	12	2.731	4,45,56,60,86,35,41,58,22,27,75,52,38,49,98,72,88,82,32,55,12,
342	4	13	2.652	4,87,76,21,57,54,84,65,28,73,92,19,29,72,88,82,42,80,26,13,
342	4	14	2.774	4,45,56,60,96,47,23,35,41,58,22,27,75,52,38,49,93,77,79,14,
342	4	15	2.698	4,45,56,60,96,86,35,41,58,22,27,75,53,18,31,99,63,59,15,
342	5	6	2.192	5,25,95,21,57,54,84,65,28,73,16,24,97,61,30,6,
342	5	7	1.97	5,25,95,57,54,84,65,73,16,24,97,51,64,69,7,
342	5	8	1.896	5,25,95,57,54,84,65,73,16,24,97,51,64,69,8,
342	5	9	2.399	5,25,95,57,54,84,65,28,73,92,91,83,39,62,17,78,44,37,9,
342	5	10	2.332	5,25,95,57,54,84,24,16,65,28,73,92,91,83,39,62,17,78,10,
342	5	11	2.505	5,25,95,57,54,84,28,65,16,24,20,40,94,66,83,39,62,17,36,11,
342	5	12	2.532	5,25,95,57,54,84,28,65,24,16,73,92,19,29,72,88,82,32,55,12,
342	5	13	2.792	5,25,95,57,54,84,65,28,73,90,52,38,49,98,29,72,88,82,42,80,26,13,
342	5	14	2.734	5,25,95,57,54,84,65,28,73,92,19,29,72,88,82,42,80,77,79,14,
342	5	15	2.676	5,25,95,57,54,84,65,28,73,90,52,75,67,18,31,99,63,59,15,
342	6	7	2.008	6,25,95,57,54,84,65,73,16,24,97,51,64,69,7,
342	6	8	1.934	6,25,95,57,54,84,65,73,16,24,97,51,64,69,8,
342	6	9	2.04	6,25,95,57,54,84,65,28,73,16,91,85,94,70,9,
342	6	10	2.278	6,25,95,57,54,84,65,28,73,16,91,83,39,62,17,78,44,10,
342	6	11	2.467	6,25,95,57,54,84,65,28,73,16,85,94,66,83,39,62,17,36,11,
342	6	12	2.446	6,25,95,57,54,84,65,28,73,92,19,29,72,88,82,32,50,55,12,
342	6	13	2.675	6,25,95,57,54,84,28,65,24,16,73,92,19,29,88,82,42,80,26,13,
342	6	14	2.832	6,25,95,57,54,84,28,65,24,16,73,92,19,29,72,98,49,93,77,79,14,
342	6	15	2.683	6,95,57,54,84,28,68,27,22,58,41,35,23,34,31,99,63,59,15,
342	7	8	2.1	7,51,97,54,84,28,65,24,16,73,92,91,85,20,40,8,
342	7	9	1.93	7,69,64,20,40,94,66,83,39,62,17,78,44,37,9,
342	7	10	2.034	7,51,97,54,84,65,28,73,16,85,83,39,62,17,78,10,
342	7	11	2.497	7,51,97,54,84,65,28,73,16,24,20,40,94,66,39,83,62,17,36,11,
342	7	12	2.621	7,69,64,51,97,54,84,65,28,73,92,19,29,72,88,82,42,32,50,55,12,
342	7	13	2.632	7,69,64,51,97,54,84,65,16,73,92,19,29,72,88,82,42,80,26,13,
342	7	14	2.865	7,69,64,51,97,54,84,65,28,73,92,19,29,72,88,82,42,80,77,79,14,
342	7	15	2.721	7,51,97,54,84,65,28,73,90,52,75,27,22,67,18,31,99,63,59,15,
342	8	9	1.856	8,69,64,20,40,94,66,83,39,62,17,78,44,37,9,
342	8	10	1.973	8,69,64,20,40,94,66,83,39,62,17,36,78,44,10,
342	8	11	2.214	8,69,64,51,97,54,84,65,28,73,92,91,83,62,17,36,11,
342	8	12	2.277	8,69,64,51,97,54,84,65,28,73,92,19,29,72,88,82,32,12,
342	8	13	2.388	8,69,64,51,97,54,84,65,28,73,92,19,29,72,88,82,42,26,13,
342	8	14	2.723	8,69,64,51,97,54,84,65,16,73,92,19,29,72,88,82,42,80,79,14,
342	8	15	2.674	8,69,64,51,97,54,84,65,73,90,52,75,53,18,31,99,63,59,15,
342	9	10	2.068	9,70,40,20,85,94,66,39,83,62,17,36,78,44,10,
342	9	11	2.004	9,70,94,66,83,39,62,48,29,72,88,82,32,50,36,11,
342	9	12	2.029	9,70,94,66,83,39,62,48,29,72,88,82,42,32,55,12,
342	9	13	2.759	9,37,44,78,17,62,39,83,66,94,85,91,48,88,82,42,80,26,13,
342	9	14	2.64	9,70,94,66,83,39,62,17,36,50,32,82,88,29,72,93,77,79,14,
342	9	15	2.803	9,70,94,66,83,39,62,48,29,72,98,49,38,53,18,31,99,63,59,15,
342	10	11	1.8	10,78,17,62,39,83,48,29,72,88,82,32,50,36,11,
342	10	12	1.872	10,44,78,17,62,39,83,48,29,72,88,82,32,55,12,
342	10	13	1.881	10,78,17,62,39,83,48,29,72,88,82,42,80,26,13,
342	10	14	2.173	10,78,17,62,39,83,48,29,72,88,82,42,80,77,79,14,
342	10	15	2.599	10,78,17,62,39,83,48,29,72,98,49,38,53,18,31,99,63,59,15,
342	11	12	1.935	11,36,17,62,39,83,48,29,72,88,82,32,50,55,12,
342	11	13	1.969	11,36,17,62,39,83,48,29,72,88,82,42,80,26,13,
342	11	14	2.244	11,36,78,17,62,39,83,48,29,72,98,49,93,77,79,14,
342	11	15	2.495	11,36,50,32,82,88,72,29,98,49,38,53,18,31,99,63,59,15,
342	12	13	2.185	12,55,50,36,17,62,39,83,48,29,88,82,42,80,13,
342	12	14	2.416	12,55,50,36,17,62,39,83,48,29,98,49,93,77,79,14,
342	12	15	2.354	12,32,82,88,72,29,98,49,38,53,18,31,99,63,59,15,
342	13	14	2.583	13,26,12,55,50,32,42,82,88,29,72,49,98,38,93,77,79,14,
342	13	15	2.424	13,26,80,42,82,88,72,29,98,49,38,53,18,63,59,15,
342	14	15	2.566	14,79,77,93,49,38,52,75,27,22,67,31,99,63,59,15,
