222	0	1	2.191	0,27,32,66,53,64,85,93,31,16,37,28,41,76,90,63,1,
222	0	2	2.028	0,27,63,32,66,53,64,85,93,31,37,16,41,76,90,20,2,
222	0	3	2.383	0,63,27,32,66,53,64,85,73,93,31,16,37,95,26,51,88,42,3,
222	0	4	2.436	0,63,27,32,66,90,76,41,53,64,93,31,16,37,95,26,51,98,4,
222	0	5	2.638	0,27,32,66,53,64,93,31,16,37,55,47,68,62,43,72,46,23,60,5,
222	0	6	2.511	0,27,32,66,53,64,93,31,16,37,55,47,68,62,43,72,46,23,19,6,
222	0	7	2.649	0,63,27,32,66,53,64,85,93,31,16,37,55,47,68,62,43,72,46,57,7,
222	0	8	2.563	0,27,32,66,53,64,93,31,16,37,55,47,68,62,43,72,46,57,78,45,8,
222	0	9	2.716	0,63,27,32,66,53,64,93,31,16,37,55,21,62,43,72,46,57,78,9,
222	0	10	2.569	0,59,52,29,36,89,91,18,99,86,71,92,39,58,34,61,84,67,69,10,
222	0	11	2.351	0,59,64,85,73,38,50,96,22,79,44,99,86,71,92,58,34,61,11,
222	0	12	2.095	0,27,32,66,53,64,85,73,50,96,22,79,44,99,86,71,12,
222	0	13	2.082	0,27,32,66,53,16,31,93,73,50,96,22,79,44,99,83,13,
222	0	14	2.233	0,27,32,66,53,64,85,73,50,96,22,79,44,99,18,91,14,
222	0	15	2.314	0,27,32,66,53,64,85,93,31,16,37,73,38,50,40,29,15,
222	1	2	1.709	1,63,27,32,66,53,64,85,93,37,31,16,41,76,90,20,2,
222	1	3	1.748	1,63,27,32,66,53,64,93,31,16,37,95,26,51,88,42,3,
222	1	4	1.761	1,63,27,32,66,53,64,85,93,31,16,37,95,26,51,98,4,
222	1	5	2.359	1,63,27,32,66,53,64,85,93,31,16,37,95,26,51,98,17,94,60,5,
222	1	6	2.341	1,63,27,32,66,53,64,93,31,16,37,55,47,68,62,43,72,46,23,19,6,
222	1	7	2.304	1,63,27,32,66,53,64,93,31,16,37,55,47,68,62,43,72,46,57,7,
222	1	8	2.393	1,63,27,32,66,53,64,93,31,16,37,55,47,68,62,43,72,46,57,78,45,8,
222	1	9	2.504	1,63,27,32,66,53,64,93,31,16,37,55,47,68,62,43,72,46,57,78,9,
222	1	10	2.558	1,63,27,32,66,53,64,85,50,96,22,79,44,99,86,71,92,58,34,61,84,10,
222	1	11	2.204	1,63,27,32,66,53,64,85,50,96,22,79,44,99,86,71,92,58,34,61,11,
222	1	12	2.249	1,63,27,32,66,53,64,85,93,31,16,37,73,50,96,22,79,44,99,71,86,12,
222	1	13	2.177	1,63,27,32,66,53,16,31,93,85,73,38,50,96,22,79,44,99,71,86,13,
222	1	14	1.971	1,63,27,32,66,53,64,93,31,16,37,73,50,52,29,36,14,
222	1	15	2.041	1,63,27,32,66,53,64,85,93,31,16,37,73,50,52,29,15,
222	2	3	1.905	2,20,41,76,53,64,93,31,16,37,95,26,51,88,42,3,
222	2	4	1.918	2,20,41,76,53,64,85,93,31,16,37,95,26,51,98,4,
222	2	5	2.133	2,20,41,76,90,32,66,53,31,16,37,95,26,51,17,94,5,
222	2	6	2.377	2,20,76,41,16,31,93,73,48,47,68,62,43,72,46,23,19,6,
222	2	7	2.459	2,20,76,41,16,31,93,73,48,82,47,68,62,43,72,46,57,7,
222	2	8	2.389	2,20,76,41,16,31,93,37,55,47,68,62,43,72,46,57,78,45,8,
222	2	9	2.62	2,20,41,76,90,32,66,53,64,93,31,16,37,55,47,68,33,54,74,77,87,9,
222	2	10	2.611	2,20,76,41,16,31,93,73,50,96,22,79,44,30,58,34,61,84,10,
222	2	11	2.37	2,20,76,41,16,31,93,73,50,96,22,79,44,99,86,71,92,58,34,61,11,
222	2	12	2.549	2,20,41,76,90,63,27,32,66,53,64,85,73,38,50,96,22,79,44,99,71,86,12,
222	2	13	2.332	2,20,90,76,41,16,31,93,85,73,38,50,96,22,79,44,99,71,86,83,13,
222	2	14	2.064	2,20,76,41,16,31,93,85,73,50,40,89,91,18,14,
222	2	15	2.169	2,20,90,76,41,16,31,93,85,73,38,50,52,29,36,15,
222	3	4	2.184	3,75,20,76,41,16,31,93,37,95,26,51,88,42,98,4,
222	3	5	2.257	3,42,88,51,26,95,21,68,62,43,72,46,23,60,5,
222	3	6	2.448	3,42,88,51,26,95,21,68,33,54,74,80,43,72,46,23,19,6,
222	3	7	2.498	3,42,88,51,26,95,21,68,33,54,74,77,80,43,72,46,57,7,
222	3	8	2.5	3,42,88,51,26,95,21,68,33,54,74,80,43,72,46,57,78,45,8,
222	3	9	2.647	3,42,88,51,26,95,37,16,31,93,73,48,47,68,33,54,74,77,87,9,
222	3	10	2.801	3,42,88,51,26,21,68,33,54,74,77,97,24,35,34,58,39,61,84,67,10,
222	3	11	2.545	3,42,28,16,31,93,73,50,96,22,79,44,99,71,92,39,58,34,61,11,
222	3	12	2.44	3,42,88,51,26,95,37,16,31,93,85,73,50,96,22,79,44,99,71,86,12,
222	3	13	2.417	3,42,88,51,26,95,37,16,31,93,85,73,50,96,22,79,44,99,71,86,13,
222	3	14	2.561	3,75,20,76,41,16,31,93,85,73,50,96,22,79,44,99,18,91,89,14,
222	3	15	2.427	3,42,88,51,26,95,37,16,31,93,85,73,38,50,40,29,36,15,
222	4	5	2.286	4,98,88,51,26,95,21,68,62,43,72,46,23,60,5,
222	4	6	2.221	4,98,42,88,51,26,95,21,62,43,72,46,23,19,6,
222	4	7	2.278	4,98,42,88,51,26,95,21,68,62,43,72,46,57,7,
222	4	8	2.441	4,98,51,26,95,21,68,33,54,74,80,43,72,46,57,78,45,8,
222	4	9	2.61	4,98,51,26,95,37,16,31,93,73,48,82,81,33,54,74,77,87,9,
222	4	10	2.731	4,98,51,26,95,37,16,31,93,85,73,48,82,65,25,35,24,67,69,10,
222	4	11	2.587	4,98,88,28,16,31,93,85,50,96,22,79,44,99,86,71,92,58,34,61,11,
222	4	12	2.551	4,98,88,51,26,95,37,16,31,93,85,73,38,50,96,22,79,44,99,71,86,12,
222	4	13	2.528	4,98,88,51,26,95,37,16,31,93,85,73,38,50,96,22,79,44,99,71,86,13,
222	4	14	2.581	4,98,51,26,95,37,16,31,93,85,73,50,96,22,79,44,99,18,91,89,14,
222	4	15	2.614	4,98,51,26,95,37,16,31,93,85,50,96,22,79,44,18,91,89,36,15,
222	5	6	2.377	5,17,51,26,95,55,47,68,62,43,72,46,23,19,6,
222	5	7	2.296	5,60,19,23,46,72,43,62,68,33,54,74,80,57,7,
222	5	8	2.206	5,60,19,23,46,72,43,62,68,33,54,74,80,78,8,
222	5	9	2.559	5,60,19,23,46,72,43,62,21,68,33,54,74,77,80,87,49,9,
222	5	10	2.583	5,60,23,46,72,43,33,54,74,77,97,24,35,34,58,39,61,84,10,
222	5	11	2.491	5,60,23,46,72,43,62,33,54,74,77,97,24,35,34,58,39,61,84,11,
222	5	12	2.615	5,60,23,46,72,43,33,54,74,77,97,24,35,67,84,61,34,58,39,92,12,
222	5	13	2.539	5,94,17,51,26,95,37,16,31,93,85,73,50,96,22,79,44,99,71,86,13,
222	5	14	2.651	5,17,51,26,95,37,16,31,93,85,73,50,96,22,79,44,99,18,91,14,
222	5	15	2.703	5,94,17,51,26,95,37,16,31,93,85,73,48,82,38,50,40,29,15,
222	6	7	2.258	6,19,23,46,72,43,62,21,68,33,54,74,77,80,57,7,
222	6	8	2.088	6,19,23,46,72,43,62,68,33,54,74,77,80,78,45,8,
222	6	9	2.174	6,19,23,46,72,43,62,21,68,33,54,74,77,87,49,9,
222	6	10	2.233	6,19,23,46,72,43,62,33,54,74,77,97,24,35,67,69,10,
222	6	11	2.451	6,19,23,46,72,43,62,33,54,74,77,97,24,35,34,58,92,39,61,84,11,
222	6	12	2.585	6,19,23,46,72,43,62,68,47,48,82,38,50,96,22,79,44,99,71,86,12,
222	6	13	2.562	6,19,23,46,72,43,62,68,47,48,82,38,50,96,22,79,44,99,71,86,13,
222	6	14	2.671	6,19,23,46,72,43,33,54,81,82,38,50,96,22,79,44,99,18,91,89,14,
222	6	15	2.731	6,19,23,46,72,43,62,68,47,82,56,22,79,44,99,18,91,89,36,15,
222	7	8	2.165	7,57,46,72,43,62,21,68,33,54,74,77,80,78,45,8,
222	7	9	2.283	7,57,46,72,43,62,21,68,33,54,74,77,80,87,49,9,
222	7	10	2.264	7,57,46,72,43,62,68,33,54,74,77,97,24,67,69,10,
222	7	11	2.025	7,57,46,72,43,33,54,74,77,97,24,35,34,39,61,11,
222	7	12	2.451	7,57,46,72,43,33,54,74,77,97,24,35,67,84,61,34,58,39,92,12,
222	7	13	2.476	7,57,46,72,43,33,54,74,77,97,65,56,96,22,79,44,99,71,86,13,
222	7	14	2.634	7,57,46,72,43,33,54,81,82,38,50,96,22,79,44,99,18,91,89,14,
222	7	15	2.718	7,57,46,72,43,33,54,81,82,56,96,22,79,44,99,18,91,89,36,15,
222	8	9	2.112	8,45,78,57,46,72,43,62,68,33,54,74,77,87,49,9,
222	8	10	2.141	8,45,78,57,46,72,43,62,68,33,54,74,77,97,69,10,
222	8	11	2.001	8,45,78,57,46,72,43,33,54,74,97,24,35,34,61,11,
222	8	12	2.208	8,45,78,57,46,72,43,33,54,74,77,97,24,35,34,58,39,92,12,
222	8	13	2.345	8,45,78,57,46,72,43,62,68,47,48,82,56,22,79,44,99,83,13,
222	8	14	2.525	8,45,78,57,46,72,43,62,68,47,82,56,22,79,44,99,18,91,14,
222	8	15	2.669	8,45,78,57,46,72,43,33,54,81,47,55,37,16,31,93,85,64,59,15,
222	9	10	2.348	9,78,57,46,72,43,62,33,54,74,77,97,24,67,69,10,
222	9	11	2.252	9,78,57,46,72,43,62,33,54,74,77,97,24,67,84,11,
222	9	12	2.452	9,78,57,46,72,43,62,33,54,74,77,97,24,35,34,58,39,92,12,
222	9	13	2.291	9,49,69,67,84,34,58,39,92,71,86,99,44,22,79,91,18,83,13,
222	9	14	2.427	9,49,69,67,84,11,61,34,39,58,92,71,86,99,44,22,79,91,18,14,
222	9	15	2.564	9,49,69,67,84,61,34,58,39,92,71,86,99,18,91,89,40,29,15,
222	10	11	1.973	10,67,24,25,30,22,79,44,99,86,71,92,58,34,61,11,
222	10	12	2.22	10,69,67,84,61,34,58,30,44,22,79,89,91,18,99,71,12,
222	10	13	1.954	10,69,67,84,61,34,58,39,92,71,86,99,44,79,91,18,13,
222	10	14	2.188	10,69,67,84,61,34,39,58,92,71,86,83,99,44,22,79,91,89,14,
222	10	15	2.31	10,69,67,84,61,34,58,39,92,71,86,99,44,79,22,96,40,29,15,
222	11	12	1.872	11,61,34,58,39,92,30,44,79,89,91,18,99,71,12,
222	11	13	1.63	11,84,61,34,58,39,92,71,86,99,44,79,91,18,13,
222	11	14	1.716	11,84,61,34,39,58,92,71,86,99,44,79,91,18,14,
222	11	15	2.326	11,61,34,39,58,92,30,22,79,44,99,71,86,83,18,91,89,36,29,15,
222	12	13	1.833	12,92,39,58,34,61,84,67,24,35,25,30,44,99,83,13,
222	12	14	1.905	12,39,34,58,92,71,86,99,44,79,22,96,40,29,36,14,
222	12	15	1.995	12,39,34,58,92,71,86,99,44,79,22,96,40,29,36,15,
222	13	14	1.995	13,83,86,71,99,44,79,22,96,40,52,29,36,89,91,18,14,
222	13	15	2.152	13,86,71,99,44,79,22,96,56,82,48,38,50,40,29,15,
222	14	15	2.179	14,36,89,91,18,83,86,71,99,44,79,22,96,40,29,52,15,
