118	0	2	1.969	0,51,83,96,16,65,78,93,29,25,87,80,21,86,48,2,
118	0	4	2.388	0,51,83,93,29,25,87,80,21,86,48,44,73,49,81,32,42,4,
118	0	1	2.358	0,51,83,96,16,65,78,93,29,25,87,80,21,86,48,2,1,
118	0	5	2.36	0,51,83,93,29,25,87,21,86,91,94,36,32,63,69,20,56,53,5,
118	0	7	2.719	0,51,83,93,29,25,87,21,86,91,94,36,81,32,63,69,20,17,7,
118	0	10	2.426	0,51,83,96,16,65,78,79,74,75,84,88,23,89,40,76,27,46,33,82,10,
118	0	11	2.234	0,51,83,96,16,65,78,79,74,84,88,23,89,40,62,58,22,72,11,
118	0	8	2.761	0,51,83,96,16,65,78,79,74,84,88,23,89,40,76,90,52,60,45,37,8,
118	0	3	2.191	0,51,83,93,29,25,87,21,86,91,94,36,32,81,49,73,44,3,
118	0	9	2.56	0,51,83,96,16,65,79,74,84,88,23,89,40,27,46,33,98,39,92,59,9,
118	0	6	2.481	0,51,83,93,29,25,87,21,86,91,94,36,81,32,63,69,20,17,6,
118	1	3	1.708	1,29,25,87,21,86,91,94,36,32,81,49,73,44,3,
118	0	15	1.945	0,51,83,96,16,65,78,79,74,75,41,47,55,30,71,38,15,
118	0	13	1.929	0,51,83,96,16,65,78,79,74,75,41,47,71,55,30,67,13,
118	1	2	1.87	1,29,25,87,21,86,91,94,36,81,49,73,44,48,2,
118	0	14	1.859	0,51,83,96,16,65,78,79,74,75,41,47,55,67,30,71,14,
118	1	4	2.172	1,29,25,87,80,21,86,91,94,36,34,35,63,32,81,49,42,4,
118	1	5	2.088	1,29,25,87,80,21,86,91,94,36,34,35,63,26,69,20,56,53,5,
118	1	7	2.561	1,29,25,87,80,86,91,94,36,32,63,20,69,99,28,43,70,18,95,7,
118	1	8	2.555	1,29,25,87,80,21,86,91,94,36,32,63,26,28,18,70,45,37,8,
118	0	12	2.226	0,51,83,96,16,65,78,79,19,77,66,90,76,27,62,72,22,58,12,
118	1	6	2.361	1,29,25,87,80,21,86,91,94,36,81,32,63,35,34,26,69,20,17,6,
118	1	15	2.145	1,29,25,87,80,78,65,79,74,75,47,55,30,71,38,15,
118	2	3	1.987	2,21,87,80,86,91,94,36,34,35,63,32,81,73,44,3,
118	2	4	2.04	2,21,87,80,86,91,94,36,34,35,63,32,81,49,42,4,
118	1	13	2.471	1,29,93,83,51,96,16,65,78,79,74,75,84,88,41,55,30,67,13,
118	1	12	2.504	1,29,93,83,51,96,16,65,78,79,74,75,84,88,23,89,61,58,22,12,
118	1	11	2.455	1,29,93,83,51,96,16,65,78,79,74,84,88,23,89,61,58,22,72,11,
118	2	5	2.169	2,21,87,80,86,48,44,73,49,81,32,63,26,69,20,56,53,5,
118	1	14	1.944	1,29,93,83,51,96,16,65,78,79,74,75,47,55,30,67,14,
118	2	6	2.382	2,21,87,80,86,91,94,36,81,32,63,35,34,68,26,69,20,17,6,
118	1	10	2.706	1,29,25,87,80,21,86,91,94,36,32,35,34,68,24,52,60,39,98,82,10,
118	1	9	2.685	1,29,25,87,80,21,86,91,94,36,81,32,63,26,28,18,70,45,37,9,
118	2	15	2.408	2,21,87,25,29,93,96,16,65,78,79,74,75,47,55,30,71,38,15,
118	3	4	1.928	3,44,73,49,81,32,36,34,35,63,69,20,56,54,4,
118	2	13	2.335	2,21,80,87,25,29,93,96,16,65,78,79,74,75,41,47,55,30,67,13,
118	3	5	1.735	3,44,73,81,32,36,94,34,35,63,69,20,56,53,5,
118	2	12	2.541	2,48,44,73,81,32,35,34,68,50,97,77,66,90,76,27,62,58,12,
118	2	11	2.515	2,48,44,73,81,32,35,34,68,50,97,77,66,90,76,27,62,72,11,
118	2	9	2.604	2,48,44,73,49,81,32,63,20,69,26,99,28,18,70,43,45,37,9,
118	2	10	2.64	2,48,44,73,81,32,35,34,68,50,97,77,66,90,39,98,46,33,82,10,
118	2	7	2.575	2,21,87,80,86,91,94,36,34,35,63,20,69,99,28,43,70,18,95,7,
118	2	14	2.168	2,21,80,87,25,29,93,96,16,65,78,79,74,75,47,55,30,67,14,
118	2	8	2.658	2,21,87,80,86,91,94,36,32,63,20,69,99,28,18,70,43,45,37,8,
118	3	15	2.435	3,44,73,49,81,32,36,94,91,86,21,80,87,25,29,93,83,51,15,
118	3	13	2.478	3,44,73,49,81,32,35,34,68,50,97,77,66,76,40,89,23,88,13,
118	4	5	1.87	4,42,49,81,32,36,94,34,35,63,26,69,20,56,53,5,
118	3	7	2.19	3,44,73,49,81,32,36,34,35,63,20,69,26,28,99,64,7,
118	3	12	2.329	3,44,73,49,81,32,35,34,68,50,97,77,66,90,76,27,62,58,12,
118	3	6	1.898	3,44,73,49,81,32,36,94,34,35,63,26,69,20,17,6,
118	3	11	2.394	3,44,73,81,32,35,34,68,50,97,77,66,76,27,62,58,22,72,11,
118	3	8	2.399	3,44,73,49,81,32,36,34,35,63,20,69,99,28,43,70,18,95,8,
118	3	14	2.398	3,44,73,49,81,32,35,34,68,50,97,19,84,41,47,55,30,14,
118	3	9	2.516	3,44,73,49,81,32,63,20,69,99,28,43,18,70,45,37,85,92,59,9,
118	3	10	2.576	3,44,73,49,81,32,63,26,28,18,70,45,37,85,59,92,39,98,46,33,82,10,
118	4	15	2.556	4,49,81,32,36,94,91,86,48,21,80,87,25,29,93,83,51,15,
118	5	6	2.092	5,53,54,42,81,32,36,94,34,35,63,26,69,20,17,6,
118	4	7	2.318	4,42,49,81,32,36,94,34,35,63,20,69,26,28,99,64,7,
118	4	6	2.172	4,49,81,32,36,94,50,68,34,35,63,69,20,56,17,6,
118	4	13	2.658	4,42,32,35,34,68,50,97,77,66,76,40,89,23,88,41,47,55,30,67,13,
118	4	12	2.546	4,49,81,32,35,34,68,50,97,19,77,66,90,76,40,27,62,58,22,12,
118	4	8	2.437	4,49,81,32,36,34,35,63,20,69,26,99,28,18,70,45,37,8,
118	4	10	2.447	4,54,20,69,99,28,43,18,70,45,37,85,59,92,39,98,46,33,82,10,
118	4	9	2.55	4,42,49,81,32,63,20,69,64,99,28,43,18,70,45,37,85,59,9,
118	4	14	2.509	4,42,32,35,34,68,50,97,77,66,40,89,23,88,41,47,55,30,14,
118	4	11	2.569	4,42,81,32,35,34,68,50,97,19,77,66,90,76,40,62,58,22,72,11,
118	5	7	2.179	5,53,56,20,69,63,35,34,68,26,99,28,43,18,95,7,
118	6	7	2.263	6,17,20,69,99,28,18,70,43,57,52,60,45,37,95,7,
118	5	8	1.991	5,53,56,20,69,99,28,18,70,43,57,52,60,45,37,8,
118	6	8	2.114	6,17,20,69,26,99,28,18,70,43,57,52,60,45,37,8,
118	5	15	2.619	5,53,56,20,69,63,32,81,36,94,91,86,80,87,25,29,93,83,51,15,
118	5	9	2.295	5,53,56,20,69,99,28,18,70,37,45,57,52,60,39,92,59,9,
118	5	13	2.58	5,53,56,20,69,63,35,34,68,50,97,77,66,90,76,27,40,23,89,88,13,
118	5	10	2.2	5,53,56,20,69,99,28,43,18,70,37,85,59,92,39,98,46,33,82,10,
118	5	12	2.434	5,53,56,20,69,63,35,34,68,50,97,77,66,90,76,40,62,58,22,12,
118	5	11	2.391	5,53,56,20,69,63,35,34,68,50,97,77,66,90,76,27,62,58,22,11,
118	5	14	2.579	5,53,56,20,69,63,35,34,68,50,97,77,66,40,89,23,88,41,55,30,14,
118	7	10	1.81	7,95,18,70,43,57,45,37,85,59,92,39,98,46,33,82,10,
118	6	9	2.09	6,17,64,99,28,18,70,43,57,52,60,45,37,85,92,59,9,
118	7	9	2.249	7,64,99,28,18,70,43,57,24,52,60,45,37,85,92,59,9,
118	7	8	2.317	7,95,18,70,43,57,52,60,39,98,46,33,82,59,85,37,8,
118	6	15	2.643	6,17,20,69,63,32,36,94,91,86,21,80,87,25,29,93,83,51,15,
118	6	13	2.597	6,17,20,69,63,35,34,68,50,97,77,66,90,76,27,40,89,23,88,13,
118	6	10	2.241	6,17,20,69,99,28,18,70,45,37,85,59,92,39,98,46,33,82,10,
118	7	11	2.342	7,64,99,18,70,43,57,52,60,45,37,85,59,92,39,98,33,46,31,11,
118	6	12	2.536	6,17,20,69,63,35,34,68,50,97,77,66,90,76,40,27,62,58,22,12,
118	6	11	2.456	6,17,64,99,28,18,70,43,57,52,60,45,37,85,59,92,39,98,33,46,31,11,
118	6	14	2.618	6,17,20,69,63,35,34,68,50,97,77,66,40,89,23,88,41,55,30,14,
118	8	10	1.884	8,37,45,70,43,57,52,60,85,59,92,39,98,46,33,82,10,
118	8	11	1.989	8,37,45,70,18,43,57,52,60,85,59,92,98,33,46,31,11,
118	8	9	2.127	8,37,45,70,18,43,57,52,60,39,98,46,33,82,92,59,9,
118	7	15	2.644	7,95,18,70,43,57,52,90,76,40,89,23,88,84,41,47,55,30,71,38,15,
118	8	12	2.333	8,37,45,70,18,43,57,52,60,85,59,92,39,98,33,46,72,22,58,12,
118	8	15	2.671	8,37,85,59,92,39,98,33,46,27,76,40,89,23,88,41,55,30,71,38,15,
118	8	13	2.447	8,37,45,60,52,77,66,90,76,40,89,23,88,84,41,47,55,30,67,13,
118	7	13	2.532	7,95,18,70,43,57,52,77,66,90,76,40,89,23,88,84,41,55,30,67,13,
118	7	12	2.448	7,95,18,70,43,57,52,60,45,37,85,59,92,39,98,33,46,31,72,22,58,12,
118	7	14	2.56	7,95,18,70,37,45,60,52,77,66,90,76,40,89,23,88,41,47,55,30,67,14,
118	8	14	2.564	8,37,45,60,52,77,66,90,76,27,62,40,89,23,88,84,41,47,55,30,67,14,
118	9	10	1.912	9,59,85,37,45,70,18,43,57,52,60,39,98,46,33,82,10,
118	10	11	1.826	10,82,33,46,98,39,90,77,66,76,27,62,58,22,72,11,
118	9	11	1.933	9,59,92,39,98,33,46,27,62,40,23,89,61,58,22,11,
118	10	12	2.088	10,82,33,46,27,76,90,66,77,19,84,88,23,89,61,58,22,12,
118	9	12	2.168	9,85,59,92,39,98,33,46,27,76,40,89,23,88,61,58,22,12,
118	10	13	2.057	10,82,33,46,98,39,90,76,27,40,89,23,88,41,47,55,30,67,13,
118	10	15	2.39	10,82,33,46,98,39,90,76,27,40,89,23,88,84,41,47,55,30,71,38,15,
118	9	15	2.433	9,59,92,39,98,33,46,27,76,40,89,23,88,84,41,47,55,30,71,38,15,
118	9	13	2.205	9,59,92,39,98,33,46,27,76,40,89,23,88,84,41,47,55,30,67,13,
118	10	14	2.282	10,82,33,46,98,39,76,27,62,40,89,23,88,84,74,75,47,55,30,67,14,
118	9	14	2.364	9,59,92,39,98,33,46,27,76,40,62,61,89,23,88,84,41,47,55,30,67,14,
118	11	12	1.907	11,72,22,58,62,27,76,90,66,77,19,84,23,89,61,12,
118	12	15	1.93	12,22,58,61,89,23,88,84,74,75,47,55,30,71,38,15,
118	14	15	2.075	14,67,30,55,47,41,75,74,79,78,65,16,96,93,83,51,15,
118	13	15	2.137	13,67,30,55,47,41,75,74,79,78,65,16,96,93,83,51,15,
118	12	13	1.779	12,58,22,72,62,40,89,23,88,84,41,47,55,30,67,13,
118	11	13	1.763	11,72,22,58,62,40,89,23,88,84,41,47,55,30,67,13,
118	13	14	2.008	13,61,62,27,76,40,89,23,84,74,75,47,55,30,67,14,
118	12	14	1.717	12,58,22,72,62,40,89,23,88,84,41,47,55,30,67,14,
118	11	14	1.701	11,72,22,58,62,40,89,23,88,84,41,47,55,30,67,14,
118	11	15	2.324	11,72,22,58,62,27,40,89,23,88,84,74,75,41,47,55,30,71,38,15,
