181	0	1	1.915	0,16,76,32,90,25,36,75,21,46,63,73,91,41,94,1,
181	0	2	1.964	0,16,21,46,75,25,36,63,73,60,86,92,70,79,95,2,
181	0	3	2.196	0,16,76,32,25,36,75,21,46,73,63,60,92,86,70,79,30,3,
181	0	4	2.396	0,16,75,21,46,63,60,92,86,70,61,38,27,80,52,31,64,65,4,
181	0	5	2.18	0,16,21,46,63,60,86,92,40,55,26,29,51,34,52,31,64,65,5,
181	0	6	2.376	0,16,21,46,75,36,63,60,86,92,40,55,24,97,71,89,26,47,72,6,
181	0	7	2.48	0,16,21,46,63,60,86,92,40,55,24,97,71,89,26,47,72,19,74,78,7,
181	0	8	2.588	0,16,75,21,46,73,63,60,86,92,40,55,24,98,97,71,89,59,42,8,
181	0	9	2.6	0,16,21,46,63,60,86,92,40,55,24,98,97,89,71,33,57,9,
181	0	10	2.534	0,16,21,46,75,25,90,87,49,88,67,35,37,44,58,39,96,45,11,10,
181	0	11	2.234	0,16,21,46,75,25,90,87,49,28,88,67,35,37,44,58,68,39,96,45,11,
181	0	12	2.168	0,16,21,46,75,25,90,87,49,35,37,44,58,68,39,93,96,45,12,
181	0	13	2.285	0,16,21,46,36,25,90,87,49,28,88,67,68,39,58,44,37,35,13,
181	0	14	2.061	0,16,94,41,46,21,75,36,25,90,87,49,17,18,48,81,14,
181	0	15	2.092	0,16,21,46,75,36,63,60,86,92,23,54,90,32,22,15,
181	1	2	1.994	1,94,41,21,46,75,25,36,63,60,92,86,70,79,30,2,
181	1	3	1.886	1,94,41,46,21,75,25,36,63,60,92,86,70,79,30,3,
181	1	4	2.032	1,41,46,21,75,25,36,63,73,60,92,86,70,61,66,4,
181	1	5	2.103	1,99,91,73,86,92,40,55,89,26,29,51,34,52,31,64,65,5,
181	1	6	2.298	1,99,91,73,60,86,92,40,55,24,98,97,53,71,89,26,47,72,6,
181	1	7	2.43	1,99,91,73,63,60,86,92,40,55,24,98,97,71,89,59,19,74,62,78,7,
181	1	8	2.596	1,94,41,91,73,63,60,86,92,40,55,24,98,97,89,71,53,33,42,8,
181	1	9	2.573	1,99,91,73,63,60,86,92,40,55,24,98,97,89,71,33,57,9,
181	1	10	2.506	1,94,41,46,21,75,36,25,90,87,49,35,37,44,58,68,39,96,45,11,10,
181	1	11	2.298	1,41,46,21,75,25,90,87,49,28,88,67,35,37,44,58,39,68,93,96,45,11,
181	1	12	2.254	1,94,41,46,21,75,25,90,87,49,88,67,58,39,68,93,96,45,44,12,
181	1	13	2.334	1,94,41,46,21,75,25,90,87,49,28,88,67,68,39,58,44,37,35,13,
181	1	14	2.095	1,94,41,91,73,63,46,21,75,36,25,76,32,43,18,48,81,14,
181	1	15	2.075	1,94,41,91,73,86,92,60,23,63,46,21,75,76,32,22,15,
181	2	3	2.205	2,99,91,41,46,21,75,25,36,63,60,86,70,79,30,3,
181	2	4	2.06	2,30,61,38,27,80,52,34,82,29,51,31,64,65,4,
181	2	5	1.826	2,30,61,38,27,80,52,34,82,29,51,31,64,65,5,
181	2	6	2.261	2,95,79,70,86,92,40,55,24,98,97,71,89,26,47,29,51,6,
181	2	7	2.305	2,30,61,38,27,80,65,64,31,52,34,82,29,51,72,19,74,78,7,
181	2	8	2.436	2,30,61,38,27,80,65,64,31,52,34,51,29,72,19,62,42,8,
181	2	9	2.746	2,30,61,38,27,80,52,34,51,72,47,26,89,71,97,53,33,57,9,
181	2	10	2.698	2,95,79,70,86,92,40,55,89,71,53,97,98,20,83,84,77,69,10,
181	2	11	2.453	2,99,91,46,21,75,25,90,87,49,88,67,35,37,44,58,68,39,96,45,11,
181	2	12	2.454	2,99,91,46,21,75,25,90,87,49,35,37,44,58,68,39,93,96,45,12,
181	2	13	2.61	2,99,91,46,21,75,36,25,90,87,49,28,88,67,68,39,58,44,37,35,13,
181	2	14	2.518	2,30,79,70,86,92,60,63,46,21,75,36,25,76,32,43,18,48,81,14,
181	2	15	2.216	2,30,79,70,86,92,60,23,63,46,21,75,25,76,32,22,15,
181	3	4	1.913	3,61,38,27,80,52,34,82,29,72,51,31,64,65,4,
181	3	5	1.679	3,61,38,27,80,52,34,82,29,72,51,31,64,65,5,
181	3	6	2.105	3,30,61,38,27,80,65,64,31,52,34,51,82,29,47,72,6,
181	3	7	2.068	3,61,38,27,80,65,64,31,52,34,51,29,47,72,19,74,62,78,7,
181	3	8	2.18	3,61,38,27,80,65,64,31,52,34,51,29,72,19,74,62,42,8,
181	3	9	2.491	3,61,38,27,65,64,31,52,34,51,29,47,26,89,71,33,57,9,
181	3	10	2.542	3,66,38,27,80,31,52,34,51,72,47,26,89,71,97,53,50,69,10,
181	3	11	2.398	3,30,79,70,86,92,23,56,20,83,84,88,67,68,39,96,45,11,
181	3	12	2.567	3,30,79,70,86,92,40,55,24,98,20,83,84,88,67,68,58,44,12,
181	3	13	2.546	3,30,79,70,86,92,60,73,63,36,46,21,75,76,32,43,18,48,81,13,
181	3	14	2.486	3,30,79,70,86,92,60,23,63,73,46,21,75,76,32,43,18,48,81,14,
181	3	15	2.311	3,30,79,70,86,92,60,23,63,46,21,75,36,25,90,32,22,15,
181	4	5	1.951	4,27,38,61,82,29,26,47,72,51,34,52,31,64,65,5,
181	4	6	1.952	4,66,38,27,80,65,64,31,52,34,51,29,47,72,19,74,6,
181	4	7	1.715	4,66,38,27,80,65,64,31,52,34,51,29,72,19,74,78,7,
181	4	8	2.026	4,66,61,38,27,80,65,64,31,52,34,51,72,19,74,62,42,8,
181	4	9	2.3	4,65,64,31,52,34,51,29,72,47,26,89,71,97,53,33,57,9,
181	4	10	2.372	4,65,64,31,52,34,51,29,26,89,71,97,98,20,83,50,69,10,
181	4	11	2.36	4,27,80,82,26,89,71,97,98,20,83,84,88,67,68,39,96,45,11,
181	4	12	2.356	4,27,80,82,29,26,89,71,97,98,83,84,88,67,68,39,58,44,12,
181	4	13	2.426	4,27,80,82,29,47,26,89,71,97,98,20,83,84,88,67,37,35,13,
181	4	14	2.415	4,27,80,82,29,26,89,71,97,98,20,83,84,28,49,87,17,48,14,
181	4	15	2.48	4,27,80,52,34,51,29,26,89,71,97,98,20,85,54,90,32,22,15,
181	5	6	1.713	5,65,64,31,52,34,51,29,47,26,89,71,59,19,6,
181	5	7	1.438	5,65,64,31,52,34,51,82,29,47,72,19,74,62,78,7,
181	5	8	1.55	5,65,64,31,52,34,51,82,29,72,19,74,62,42,8,
181	5	9	2.121	5,65,64,31,52,34,51,29,26,89,71,97,98,20,83,50,57,9,
181	5	10	2.199	5,65,64,31,52,34,51,29,47,26,89,71,97,98,20,83,84,77,69,10,
181	5	11	2.16	5,64,31,34,51,29,26,89,71,97,98,83,84,88,67,68,39,96,45,11,
181	5	12	2.218	5,64,31,52,34,51,29,47,26,89,71,97,98,83,84,88,67,68,39,58,44,12,
181	5	13	2.215	5,64,31,52,34,51,29,47,26,89,71,97,98,83,84,88,67,37,35,13,
181	5	14	2.204	5,64,31,52,34,51,29,26,89,71,97,98,83,84,28,49,87,17,48,14,
181	5	15	2.237	5,64,31,52,34,51,29,47,26,89,71,97,98,20,85,54,90,32,22,15,
181	6	7	1.746	6,31,52,34,51,72,47,26,89,71,59,19,74,62,78,7,
181	6	8	1.859	6,64,65,31,52,34,51,82,29,72,19,74,62,42,8,
181	6	9	2.035	6,31,52,34,51,72,47,26,89,71,97,53,33,57,9,
181	6	10	2.119	6,51,72,47,26,89,71,97,98,20,83,84,77,69,10,
181	6	11	2.137	6,72,47,26,89,71,97,98,20,83,84,88,67,68,39,96,45,11,
181	6	12	2.214	6,72,47,26,89,71,53,97,98,20,83,84,88,67,68,39,58,44,12,
181	6	13	2.397	6,31,52,34,51,29,47,26,89,71,97,98,20,83,84,88,67,37,35,13,
181	6	14	2.373	6,31,52,34,51,29,47,26,89,71,97,98,83,84,28,49,87,17,48,14,
181	6	15	2.452	6,31,52,34,51,72,47,26,89,71,53,97,98,20,85,54,90,32,22,15,
181	7	8	1.988	7,74,19,72,51,34,52,82,29,26,89,71,33,42,8,
181	7	9	2.143	7,74,19,72,51,34,52,82,29,26,89,71,33,57,9,
181	7	10	2.145	7,78,62,74,19,59,89,71,97,98,20,83,84,77,69,10,
181	7	11	2.122	7,74,19,59,71,97,98,20,83,84,88,67,68,39,96,45,11,
181	7	12	2.214	7,78,74,19,59,89,71,97,98,20,83,84,88,67,68,39,58,44,12,
181	7	13	2.414	7,78,62,74,19,72,47,26,89,71,97,98,20,83,84,88,67,37,35,13,
181	7	14	2.433	7,78,62,74,19,72,47,26,89,71,97,98,20,83,84,28,49,87,17,48,14,
181	7	15	2.548	7,78,74,19,59,89,71,97,24,55,40,92,86,60,63,46,21,75,76,32,22,15,
181	8	9	2.263	8,42,62,74,19,72,51,29,47,26,89,71,33,57,9,
181	8	10	2.308	8,42,33,71,89,97,98,24,56,20,83,84,77,69,10,
181	8	11	2.171	8,42,33,53,97,98,20,83,84,88,67,58,39,96,45,11,
181	8	12	2.348	8,42,33,53,71,89,97,98,20,83,84,88,67,68,39,58,44,12,
181	8	13	2.498	8,42,33,71,97,98,20,83,84,88,67,68,39,58,44,37,35,13,
181	8	14	2.446	8,42,33,71,89,97,98,20,83,84,28,49,87,17,18,48,81,14,
181	8	15	2.612	8,42,33,71,89,97,98,24,55,40,92,86,60,63,36,25,76,32,22,15,
181	9	10	2.463	9,57,33,71,89,97,98,24,56,20,83,84,77,69,10,
181	9	11	2.346	9,57,33,71,97,98,20,83,84,88,67,68,39,45,11,
181	9	12	2.415	9,57,33,71,89,97,98,20,83,84,88,67,68,39,58,44,12,
181	9	13	2.587	9,69,93,96,45,39,68,58,44,37,35,67,88,49,87,17,48,81,13,
181	9	14	2.449	9,69,93,96,45,39,68,58,44,37,35,67,88,49,87,17,48,81,14,
181	9	15	2.662	9,57,33,71,89,26,55,40,92,86,60,63,46,21,75,76,32,22,15,
181	10	11	2.33	10,69,50,53,97,98,20,83,84,88,67,68,39,96,45,11,
181	10	12	2.16	10,11,45,96,93,68,39,58,67,88,28,87,49,35,37,44,12,
181	10	13	2.144	10,69,77,93,96,45,39,68,58,44,37,35,17,48,81,13,
181	10	14	2.006	10,69,77,93,96,45,39,68,58,44,37,35,17,48,81,14,
181	10	15	2.46	10,11,45,96,93,68,39,58,44,37,35,67,88,28,49,87,17,18,22,15,
181	11	12	1.77	11,45,96,93,68,39,58,67,88,28,87,49,35,37,44,12,
181	11	13	1.755	11,45,96,93,68,39,58,44,37,35,49,87,17,48,81,13,
181	11	14	1.617	11,45,96,93,68,39,58,44,37,35,49,87,17,48,81,14,
181	11	15	2.07	11,45,96,93,68,39,58,44,37,35,67,88,28,49,87,17,18,22,15,
181	12	13	1.889	12,45,96,93,68,39,58,44,37,35,49,87,17,48,81,13,
181	12	14	1.751	12,45,96,93,68,39,58,44,37,35,49,87,17,48,81,14,
181	12	15	1.936	12,44,58,39,68,67,88,28,49,87,90,25,76,32,22,15,
181	13	14	1.86	13,35,37,44,58,39,68,67,88,28,49,87,17,48,81,14,
181	13	15	2.051	13,35,37,44,58,39,68,67,88,28,49,87,17,43,22,15,
181	14	15	2.046	14,18,48,81,17,49,87,90,25,36,46,21,75,76,32,22,15,
