147	0	3	2.011	0,65,36,98,79,42,88,99,83,87,81,86,71,27,3,
147	0	2	2.042	0,65,36,98,49,58,87,83,81,26,99,88,42,79,2,
147	0	4	2.531	0,65,36,98,49,58,87,83,99,42,79,26,81,86,71,27,61,21,4,
147	0	1	2.169	0,65,36,98,49,58,87,83,81,26,99,88,42,79,1,
147	0	11	2.341	0,65,84,78,28,47,52,85,97,31,57,96,55,37,60,44,90,48,11,
147	0	9	2.582	0,65,84,78,28,47,52,39,91,24,16,19,41,77,76,72,73,25,9,
147	0	7	2.631	0,65,36,98,88,99,83,87,58,62,29,34,54,38,46,50,70,64,7,
147	0	10	2.382	0,65,84,78,28,47,52,91,24,16,19,41,56,77,76,72,25,73,10,
147	0	8	2.659	0,65,36,98,88,99,83,87,58,29,34,74,54,38,46,50,70,63,8,
147	0	5	2.323	0,65,36,98,88,79,42,99,26,83,87,81,86,71,27,61,21,30,5,
147	0	6	2.55	0,65,36,98,88,99,26,83,87,81,86,71,27,61,21,30,67,20,45,6,
147	1	3	1.963	1,36,98,88,42,99,87,83,81,86,71,27,61,21,4,3,
147	1	2	2.24	1,69,36,98,88,42,99,26,81,83,87,49,58,71,86,2,
147	0	15	2.185	0,65,84,78,28,47,52,39,85,96,57,31,97,95,68,15,
147	0	14	2.1	0,65,84,68,28,47,52,91,24,39,85,96,57,97,31,14,
147	0	13	2.123	0,65,84,78,28,47,52,39,85,97,31,57,96,55,60,37,13,
147	1	4	1.866	1,69,36,98,88,79,42,99,26,83,87,81,86,71,27,61,21,4,
147	1	7	2.46	1,79,42,99,26,83,87,58,62,29,34,74,54,38,46,50,70,64,7,
147	1	8	2.536	1,79,42,99,26,83,87,58,62,29,34,22,74,54,38,46,50,70,63,8,
147	0	12	2.384	0,65,84,78,28,47,52,91,24,39,85,97,31,57,96,55,37,60,44,12,
147	1	6	2.405	1,36,98,88,42,99,26,83,87,81,86,71,27,61,21,30,20,45,6,
147	1	5	2.503	1,36,98,88,42,99,26,83,87,81,86,71,27,61,21,59,67,20,30,5,
147	1	15	1.947	1,79,42,26,81,83,87,99,88,98,36,65,84,78,68,15,
147	1	14	2.075	1,79,42,88,98,36,65,84,78,28,47,52,85,57,31,14,
147	2	3	1.882	2,79,42,88,99,26,83,87,81,86,71,27,61,21,4,3,
147	2	4	2.064	2,79,42,88,49,58,87,83,99,26,81,71,27,61,21,4,
147	1	10	2.477	1,69,65,84,78,28,47,52,39,91,24,16,19,41,77,76,72,73,10,
147	1	11	2.355	1,69,65,84,78,28,47,52,91,24,16,19,76,77,41,75,94,92,11,
147	1	9	2.66	1,69,65,84,78,28,47,52,91,24,16,19,41,75,56,77,76,72,9,
147	1	13	2.343	1,69,65,84,78,28,47,52,91,24,39,85,97,57,96,55,60,37,13,
147	1	12	2.547	1,69,65,84,68,78,28,47,52,85,97,31,57,96,55,37,60,44,90,48,12,
147	2	5	2.332	2,79,42,99,26,81,83,87,58,29,34,54,74,22,43,67,30,5,
147	2	6	2.268	2,79,42,88,99,26,83,87,81,86,71,27,61,21,30,20,45,6,
147	2	14	1.937	2,79,42,88,98,36,65,84,78,28,47,52,97,57,31,14,
147	2	15	1.82	2,79,42,26,81,83,87,99,88,98,36,65,84,78,68,15,
147	3	4	1.886	3,71,86,81,87,83,26,42,99,49,58,27,61,21,4,
147	2	11	2.347	2,26,83,87,58,62,29,34,18,35,89,80,76,77,41,75,94,92,11,
147	2	13	2.297	2,26,83,87,99,42,88,98,36,65,84,78,28,47,52,85,97,57,13,
147	3	5	2.153	3,71,86,81,83,87,58,62,29,34,54,74,22,43,67,20,30,5,
147	2	12	2.361	2,79,42,88,98,36,65,84,78,28,47,52,85,97,57,96,55,37,60,12,
147	2	8	2.44	2,79,42,99,26,81,83,87,58,62,29,34,74,54,38,46,50,70,63,8,
147	2	7	2.415	2,79,42,99,26,83,87,58,62,29,34,22,74,54,38,46,50,70,64,7,
147	2	9	2.685	2,26,83,87,58,62,29,34,18,35,23,89,80,16,19,41,77,76,72,9,
147	2	10	2.587	2,79,42,99,26,83,87,58,62,29,34,18,53,35,89,80,76,77,56,73,10,
147	3	14	2.177	3,71,86,81,83,87,99,88,98,36,65,84,78,28,95,97,57,31,14,
147	4	5	2.103	4,21,61,27,71,86,81,26,83,87,58,59,67,20,30,5,
147	3	7	2.266	3,71,86,81,26,83,87,58,62,29,22,74,54,38,46,50,70,64,7,
147	3	8	2.323	3,71,86,81,83,87,49,58,62,29,34,74,54,38,46,50,70,63,8,
147	3	13	2.295	3,71,86,81,87,83,26,99,88,98,36,65,84,78,28,47,95,97,57,13,
147	3	6	2.226	3,71,86,81,83,87,58,62,29,34,54,74,22,43,67,20,45,6,
147	3	15	2.509	3,71,86,81,87,83,26,99,88,98,36,65,84,78,28,47,52,85,97,95,15,
147	3	11	2.42	3,71,81,83,87,58,29,34,18,35,89,80,76,77,41,75,94,92,11,
147	3	12	2.412	3,71,86,81,26,99,88,98,36,65,84,78,28,52,85,96,55,37,60,12,
147	3	9	2.578	3,71,86,81,83,87,58,62,29,34,18,35,89,80,19,76,77,72,9,
147	3	10	2.466	3,71,86,81,26,83,87,58,62,29,34,18,35,89,80,76,77,56,73,10,
147	4	7	2.162	4,21,61,59,43,22,74,54,34,18,35,53,38,46,50,70,32,7,
147	4	14	2.39	4,21,61,27,71,86,81,83,87,99,88,98,36,65,84,78,28,95,14,
147	4	15	2.075	4,21,61,27,71,86,81,87,83,26,99,88,98,36,65,84,68,15,
147	4	8	2.263	4,21,61,59,43,22,74,54,34,18,23,35,53,38,46,50,70,63,8,
147	4	6	2.008	4,21,61,59,43,22,74,54,38,46,33,50,70,32,45,6,
147	5	6	1.988	5,30,20,67,59,43,22,74,54,38,46,50,70,32,17,45,6,
147	4	9	2.302	4,21,61,59,43,22,74,54,18,35,89,80,16,19,77,76,72,9,
147	4	12	2.384	4,21,61,59,43,22,74,54,18,53,35,89,80,76,77,19,41,75,94,48,12,
147	4	13	2.462	4,61,59,43,22,74,54,18,35,89,80,19,41,75,94,90,44,60,37,13,
147	4	11	2.266	4,21,61,59,43,22,74,54,18,53,35,89,80,76,77,19,41,75,94,92,11,
147	4	10	2.348	4,21,61,59,43,22,74,54,18,35,89,80,16,19,41,77,76,72,25,73,10,
147	6	7	2.042	6,45,20,67,43,22,74,54,34,18,35,53,46,50,70,64,7,
147	5	7	2.067	5,30,20,67,43,22,74,54,34,18,35,53,38,46,50,70,64,7,
147	6	8	2.081	6,45,20,67,43,22,74,54,34,18,53,38,46,50,70,63,8,
147	5	8	2.125	5,30,20,67,43,22,74,54,34,18,35,53,38,46,50,70,64,8,
147	5	15	2.393	5,21,61,27,71,86,81,87,83,26,99,88,98,36,65,84,78,68,15,
147	5	9	2.271	5,30,20,67,43,22,74,54,18,35,89,80,76,77,56,73,25,9,
147	5	14	2.627	5,30,20,67,43,22,74,54,34,29,66,93,24,91,39,52,85,97,57,31,14,
147	5	10	2.183	5,30,20,67,43,22,74,54,18,35,89,80,19,77,76,72,25,73,10,
147	5	12	2.341	5,30,67,43,22,74,54,18,35,89,80,76,77,19,16,41,75,94,48,12,
147	5	13	2.445	5,30,20,67,22,74,54,18,35,89,80,76,77,41,75,94,90,44,60,37,13,
147	5	11	2.213	5,30,20,67,43,22,74,54,18,35,89,80,76,77,19,16,41,75,92,11,
147	7	11	1.838	7,64,70,50,46,33,89,80,76,77,19,41,75,94,92,11,
147	7	10	1.919	7,64,70,50,46,33,89,80,19,41,77,76,72,25,73,10,
147	7	8	2.27	7,64,70,50,46,33,89,80,16,19,41,77,76,72,63,8,
147	6	9	2.132	6,45,17,32,70,50,46,33,89,80,16,19,77,76,72,9,
147	7	9	2.108	7,64,70,50,46,33,89,80,16,19,41,56,77,76,72,9,
147	6	10	2.127	6,45,32,70,50,46,33,89,80,16,19,41,77,76,72,25,73,10,
147	6	14	2.657	6,45,32,70,50,46,33,89,80,76,77,41,75,94,90,44,96,57,31,14,
147	6	13	2.346	6,45,32,70,50,46,33,89,80,76,77,41,75,94,90,44,60,37,55,13,
147	6	15	2.769	6,45,30,21,61,27,71,86,81,87,83,26,99,88,98,36,65,84,68,15,
147	6	11	2.264	6,45,32,70,50,46,38,53,35,89,80,76,77,19,16,41,75,94,92,11,
147	6	12	2.388	6,45,17,32,70,50,46,33,89,80,76,77,19,16,41,75,94,48,90,44,12,
147	8	11	1.832	8,63,70,50,46,33,89,80,76,77,19,41,75,94,92,11,
147	8	10	1.913	8,63,70,50,46,33,89,80,19,41,77,76,72,25,73,10,
147	8	9	2.107	8,63,70,50,46,33,89,80,16,19,76,77,56,73,25,9,
147	8	12	2.193	8,63,70,50,46,33,89,80,76,77,19,16,41,75,94,48,90,44,12,
147	7	12	2.199	7,64,70,50,46,33,89,80,76,77,19,16,41,75,94,48,90,44,12,
147	7	14	2.553	7,64,70,50,46,33,89,80,19,16,90,44,60,37,55,96,57,31,14,
147	8	13	2.202	8,63,70,50,46,33,89,80,76,77,41,75,94,90,44,60,37,55,13,
147	7	15	2.715	7,64,70,50,46,38,54,74,34,29,66,93,24,91,39,52,47,28,78,68,15,
147	8	14	2.458	8,63,72,76,77,19,16,41,75,94,48,90,44,60,37,55,96,57,31,14,
147	7	13	2.285	7,64,70,50,46,33,89,80,76,77,19,41,75,94,90,44,60,37,55,13,
147	8	15	2.67	8,63,72,76,77,19,41,75,94,90,44,60,37,55,96,85,97,95,15,
147	9	12	1.727	9,72,76,77,19,16,41,75,94,48,90,44,60,37,12,
147	10	11	1.652	10,73,25,72,56,77,76,19,16,41,75,94,90,48,11,
147	9	11	1.842	9,25,73,56,77,76,19,16,41,75,94,90,48,92,11,
147	10	12	1.51	10,73,25,72,76,77,19,16,41,75,94,48,90,44,12,
147	9	10	2.046	9,25,73,56,77,76,19,16,41,75,94,90,48,92,10,
147	10	13	1.656	10,73,72,76,77,19,16,41,75,94,90,44,60,37,55,13,
147	9	13	1.941	9,25,73,56,77,76,19,16,41,75,94,48,90,44,60,37,55,13,
147	10	14	1.944	10,73,25,72,76,77,41,75,94,90,44,60,37,55,96,57,31,14,
147	10	15	2.245	10,56,77,76,19,41,75,94,90,44,60,37,55,96,57,97,95,15,
147	9	14	2.196	9,72,76,77,19,16,41,75,94,48,90,44,60,37,55,96,57,31,14,
147	9	15	2.445	9,72,76,77,19,16,41,75,94,90,44,60,37,55,96,57,97,95,15,
147	11	12	1.569	11,92,56,77,76,19,16,41,75,94,90,44,60,37,12,
147	11	13	1.535	11,92,56,77,76,19,41,75,94,90,44,60,37,55,13,
147	12	13	1.674	12,48,94,75,41,77,76,19,16,90,44,60,37,55,13,
147	13	14	2.03	13,37,60,44,90,94,75,41,19,16,39,85,57,31,14,
147	12	14	1.916	12,48,90,44,60,37,55,96,57,85,52,47,95,97,31,14,
147	13	15	1.937	13,37,60,55,96,57,31,97,85,39,52,47,28,78,68,15,
147	14	15	2.227	14,31,57,96,55,37,60,44,90,39,52,47,28,78,68,15,
147	12	15	1.885	12,44,60,37,55,96,57,31,97,85,52,47,28,78,68,15,
147	11	14	1.949	11,92,75,41,77,76,19,16,90,44,60,37,55,96,57,31,14,
147	11	15	2.222	11,92,94,75,41,56,77,76,19,16,24,91,39,52,47,28,78,68,15,
