159	0	1	2.08	0,93,39,89,31,29,33,28,50,25,27,87,81,54,65,1,
159	0	2	2.115	0,93,39,53,89,31,29,33,28,50,25,22,87,27,54,81,2,
159	0	3	2.078	0,75,31,29,33,28,50,25,27,87,88,58,59,30,96,3,
159	0	4	2.426	0,93,39,53,89,31,33,28,50,25,27,87,88,58,59,36,30,96,4,
159	0	5	2.506	0,75,31,29,33,28,50,25,27,87,88,59,58,98,17,20,86,60,18,5,
159	0	6	2.649	0,93,39,53,89,31,29,61,57,76,79,78,84,85,68,34,92,32,45,35,6,
159	0	7	2.625	0,93,39,53,89,31,29,61,57,76,79,78,84,68,34,92,32,45,55,7,
159	0	8	2.574	0,75,28,33,29,61,57,76,79,78,84,85,68,77,62,56,63,67,26,8,
159	0	9	2.502	0,75,31,29,61,57,76,79,66,72,16,21,43,19,77,62,56,63,67,38,9,
159	0	10	2.509	0,93,39,53,89,31,29,61,57,76,79,66,72,99,47,23,73,74,48,52,10,
159	0	11	2.391	0,93,39,75,28,33,29,61,57,76,79,66,72,99,16,23,73,74,48,11,
159	0	12	2.032	0,75,28,33,29,61,57,76,79,66,72,99,47,37,69,12,
159	0	13	1.943	0,93,39,75,28,33,29,61,57,76,79,66,72,46,40,13,
159	0	14	2.092	0,93,39,75,28,33,29,61,57,76,79,66,72,46,40,14,
159	0	15	1.994	0,75,28,33,83,85,84,78,79,76,57,61,31,89,53,15,
159	1	2	2.038	1,65,54,50,25,27,87,88,58,59,36,30,96,44,2,
159	1	3	1.978	1,65,81,54,50,25,27,87,22,70,88,58,59,30,96,3,
159	1	4	2.196	1,65,54,81,87,27,25,50,22,70,88,58,59,36,30,96,4,
159	1	5	2.093	1,65,54,50,25,27,87,88,59,58,98,17,20,86,60,18,5,
159	1	6	2.412	1,54,50,25,27,87,88,59,58,98,17,20,86,80,32,45,35,6,
159	1	7	2.54	1,65,54,50,25,27,87,88,59,58,98,17,20,86,80,32,45,55,7,
159	1	8	2.571	1,50,25,27,87,88,59,58,98,17,20,86,80,45,32,95,49,42,8,
159	1	9	2.514	1,50,25,27,87,88,70,85,84,78,43,19,62,56,63,67,51,38,9,
159	1	10	2.625	1,50,25,27,87,88,70,85,84,78,79,76,66,72,16,23,73,74,48,52,10,
159	1	11	2.484	1,65,54,25,50,28,33,29,61,57,76,79,66,72,16,23,73,74,48,11,
159	1	12	2.529	1,65,54,81,87,27,25,50,28,33,31,29,61,57,76,79,66,72,99,47,12,
159	1	13	2.064	1,54,27,87,88,70,85,84,78,79,76,66,72,46,40,13,
159	1	14	1.995	1,65,54,81,87,27,25,50,28,33,29,61,31,89,53,14,
159	1	15	1.901	1,65,54,81,87,27,25,50,28,33,29,61,31,89,53,15,
159	2	3	1.96	2,44,81,54,50,25,22,27,87,88,58,59,36,30,96,3,
159	2	4	2.182	2,81,54,50,25,27,87,88,59,58,98,17,20,86,60,91,4,
159	2	5	2.14	2,44,36,30,59,58,98,41,80,86,20,17,60,18,91,64,5,
159	2	6	2.38	2,44,96,30,36,59,58,98,17,20,86,80,24,34,92,32,45,35,6,
159	2	7	2.443	2,44,36,59,58,98,17,20,86,80,45,32,92,94,82,49,42,7,
159	2	8	2.429	2,44,36,30,59,58,98,17,20,86,80,45,32,92,94,82,49,42,8,
159	2	9	2.402	2,44,36,59,58,98,17,20,86,45,32,92,94,82,63,67,38,9,
159	2	10	2.556	2,81,54,25,50,28,33,29,61,57,76,79,66,72,16,23,73,48,52,10,
159	2	11	2.49	2,81,87,27,25,50,28,33,29,61,57,76,79,66,72,16,23,73,74,48,11,
159	2	12	2.486	2,65,54,81,87,27,25,50,28,33,29,61,57,76,79,66,72,99,47,12,
159	2	13	2.304	2,81,54,27,87,22,25,50,28,33,29,61,57,76,79,66,72,46,40,13,
159	2	14	2.009	2,81,54,27,87,88,22,25,50,28,33,29,61,89,53,14,
159	2	15	1.951	2,65,54,81,87,27,25,50,28,33,29,61,31,89,53,15,
159	3	4	1.892	3,96,30,36,59,58,98,41,17,20,86,60,18,91,64,4,
159	3	5	1.796	3,96,30,36,59,58,98,41,17,20,86,60,18,91,64,5,
159	3	6	1.801	3,96,30,36,59,58,98,17,20,86,80,32,45,35,6,
159	3	7	2.129	3,96,30,36,59,58,98,17,20,86,80,24,34,92,32,45,55,7,
159	3	8	2.175	3,96,30,36,59,58,98,17,20,86,80,45,32,94,82,49,42,8,
159	3	9	2.335	3,96,30,36,59,58,98,17,20,86,80,45,32,94,82,63,67,38,9,
159	3	10	2.517	3,96,30,36,59,58,98,17,20,86,45,32,92,94,82,63,67,51,10,
159	3	11	2.542	3,96,30,36,81,54,27,87,88,70,85,84,78,43,21,23,73,74,48,11,
159	3	12	2.495	3,96,30,59,58,88,87,27,25,50,28,33,29,79,76,66,72,99,47,12,
159	3	13	2.314	3,96,30,36,59,58,88,87,27,25,50,28,33,29,61,57,46,40,13,
159	3	14	2.279	3,96,30,36,59,58,88,87,27,22,25,50,28,33,29,61,89,53,14,
159	3	15	2.071	3,96,30,36,59,58,88,87,27,25,50,28,33,29,61,89,53,15,
159	4	5	1.937	4,96,30,36,59,58,98,41,17,20,86,60,18,91,64,5,
159	4	6	1.942	4,96,30,36,59,58,98,17,20,86,80,32,45,35,6,
159	4	7	2.193	4,96,30,36,59,58,98,17,20,86,80,34,92,32,45,55,7,
159	4	8	2.216	4,96,30,36,59,58,98,17,20,86,80,45,32,95,49,42,8,
159	4	9	2.338	4,96,30,36,59,58,98,17,20,86,80,34,92,94,82,67,38,9,
159	4	10	2.658	4,96,30,36,59,58,98,17,20,86,45,32,92,94,82,63,67,51,10,
159	4	11	2.692	4,91,17,20,86,80,24,68,84,78,79,76,66,72,99,47,73,74,48,11,
159	4	12	2.618	4,96,30,59,58,88,87,27,25,50,28,33,29,57,66,72,99,47,12,
159	4	13	2.455	4,96,30,36,59,58,88,87,27,25,50,28,33,29,61,57,46,40,13,
159	4	14	2.468	4,96,30,36,59,58,88,87,27,25,50,28,33,29,57,61,89,53,14,
159	4	15	2.265	4,96,30,36,59,58,88,87,27,25,50,28,33,29,61,31,89,53,15,
159	5	6	2.16	5,64,91,18,60,17,20,86,80,24,34,92,32,45,35,55,6,
159	5	7	2.025	5,18,60,20,86,80,45,32,92,94,82,95,49,42,7,
159	5	8	1.901	5,18,60,20,86,80,45,32,92,94,82,95,49,42,8,
159	5	9	2.162	5,18,60,17,20,86,80,45,32,92,94,82,63,67,51,38,9,
159	5	10	2.635	5,18,60,20,86,80,24,68,84,78,79,76,66,72,16,23,73,48,52,10,
159	5	11	2.577	5,18,60,20,86,80,24,68,84,78,79,76,66,72,99,47,73,74,48,11,
159	5	12	2.644	5,18,60,20,86,80,24,68,84,78,79,76,66,72,99,16,23,73,37,69,12,
159	5	13	2.642	5,18,60,86,20,17,98,58,59,88,87,27,25,50,28,33,29,57,46,40,13,
159	5	14	2.509	5,18,60,86,20,17,98,58,59,88,87,27,25,50,28,33,29,31,89,53,14,
159	5	15	2.336	5,18,60,86,20,17,98,59,58,88,87,27,25,50,28,33,31,89,53,15,
159	6	7	2.177	6,18,60,20,86,80,45,32,92,94,82,95,49,42,7,
159	6	8	2.053	6,18,60,20,86,80,45,32,92,94,82,95,49,42,8,
159	6	9	2.314	6,18,60,17,20,86,80,45,32,92,94,82,63,67,51,38,9,
159	6	10	2.397	6,35,45,32,92,94,82,56,62,77,19,43,21,90,71,97,52,10,
159	6	11	2.44	6,35,45,32,92,94,82,56,62,77,19,43,90,21,23,73,74,48,11,
159	6	12	2.557	6,35,45,32,94,82,56,62,77,19,43,90,21,23,73,74,48,37,69,12,
159	6	13	2.755	6,35,45,32,92,94,82,56,62,77,68,85,84,78,79,76,66,72,46,40,13,
159	6	14	2.612	6,18,60,20,17,98,58,59,88,87,27,25,50,28,33,29,61,89,53,14,
159	6	15	2.571	6,18,60,86,20,17,98,59,58,88,87,27,25,50,28,33,29,31,89,53,15,
159	7	8	2.242	7,55,35,18,60,17,20,86,80,34,92,94,82,49,42,8,
159	7	9	2.208	7,55,35,45,32,92,94,82,95,49,42,26,67,51,38,9,
159	7	10	2.348	7,42,49,82,63,56,62,77,19,43,21,23,73,74,48,52,10,
159	7	11	2.393	7,42,49,82,63,56,62,77,19,43,90,21,23,73,74,48,37,11,
159	7	12	2.493	7,42,49,26,67,63,56,62,77,19,43,90,21,23,73,74,48,37,69,12,
159	7	13	2.512	7,42,26,49,82,56,62,77,19,43,90,21,16,99,72,46,40,13,
159	7	14	2.69	7,42,49,82,56,62,77,19,68,84,78,79,76,57,61,29,31,89,53,14,
159	7	15	2.673	7,55,45,32,92,34,68,84,85,78,79,76,66,57,61,29,31,89,53,39,93,15,
159	8	9	2.031	8,42,26,49,95,82,94,92,77,62,56,63,67,51,38,9,
159	8	10	2.024	8,42,49,82,56,62,19,43,21,23,73,74,48,52,10,
159	8	11	2.156	8,42,49,82,63,56,62,77,19,43,90,21,23,73,74,48,11,
159	8	12	2.27	8,42,49,26,67,63,56,62,77,19,43,21,23,73,74,48,37,69,12,
159	8	13	2.424	8,42,49,82,63,56,62,77,19,43,90,21,16,99,72,46,40,13,
159	8	14	2.583	8,26,49,82,56,62,19,43,21,16,72,66,79,76,57,61,29,31,89,53,14,
159	8	15	2.499	8,42,49,82,56,62,77,68,84,78,79,76,57,61,29,31,89,53,39,93,15,
159	9	10	1.92	9,38,51,67,63,56,62,77,19,43,21,90,71,97,52,10,
159	9	11	1.864	9,38,51,67,63,56,62,77,19,43,21,23,73,74,48,11,
159	9	12	1.875	9,38,51,67,63,56,62,77,19,43,21,23,73,37,69,12,
159	9	13	2.202	9,38,51,67,63,56,62,77,68,84,78,79,76,66,72,46,40,13,
159	9	14	2.353	9,38,67,63,56,62,77,68,85,84,78,79,76,57,29,61,89,53,14,
159	9	15	2.29	9,38,51,67,63,56,62,77,68,84,78,79,76,57,61,29,31,89,53,15,
159	10	11	2.066	10,51,67,63,56,62,77,19,43,90,21,23,73,74,48,11,
159	10	12	2.091	10,51,67,63,56,62,19,43,21,23,73,74,48,37,69,12,
159	10	13	2.1	10,52,48,74,73,23,16,99,72,66,79,76,57,46,40,13,
159	10	14	2.392	10,52,48,74,73,23,16,99,46,72,66,79,76,57,61,29,31,89,53,14,
159	10	15	2.248	10,52,48,74,73,23,16,99,72,66,79,76,57,61,29,31,89,39,93,15,
159	11	12	2.209	11,48,74,73,23,90,43,21,16,72,46,99,47,37,69,12,
159	11	13	2.093	11,48,74,73,47,99,72,66,79,76,29,61,57,46,40,13,
159	11	14	1.97	11,48,74,73,23,16,72,66,79,76,57,61,29,31,89,53,14,
159	11	15	2.081	11,48,74,73,23,16,99,72,66,79,76,57,61,29,31,89,39,93,15,
159	12	13	2.115	12,69,37,48,74,73,23,16,99,72,66,79,76,57,46,40,13,
159	12	14	1.981	12,69,37,73,23,16,72,66,79,76,57,61,29,31,89,53,14,
159	12	15	1.887	12,69,37,73,23,16,72,66,79,76,57,61,29,31,89,53,15,
159	13	14	1.984	13,40,99,72,66,79,76,57,61,29,33,28,31,89,53,14,
159	13	15	1.79	13,40,46,72,66,79,76,57,61,29,33,28,75,39,93,15,
159	14	15	1.939	14,40,46,72,66,79,76,57,61,29,33,28,75,39,93,15,
