152	0	4	2.116	0,40,82,51,85,21,93,80,55,98,19,60,38,70,18,4,
152	0	2	2.272	0,43,51,85,93,21,29,49,71,77,53,45,55,98,76,61,2,
152	0	3	2.256	0,43,51,85,93,21,29,49,77,53,45,55,98,60,38,3,
152	0	6	2.612	0,40,82,81,56,20,37,63,30,24,87,69,96,25,46,26,90,99,66,6,
152	0	1	2.436	0,43,51,85,93,21,29,49,71,77,53,45,55,98,76,61,1,
152	0	10	2.477	0,40,82,81,56,20,37,63,30,24,69,87,84,73,47,44,34,74,94,58,10,
152	0	7	2.651	0,40,82,81,56,20,37,63,30,24,87,69,97,32,91,26,86,99,66,65,64,7,
152	0	9	2.377	0,43,51,85,21,20,63,37,30,24,87,69,97,32,67,42,35,57,9,
152	0	11	2.381	0,43,51,85,93,21,20,37,63,30,24,69,87,84,92,34,44,33,83,11,
152	0	8	2.572	0,43,51,85,93,21,20,37,63,30,24,87,69,97,32,91,54,39,59,17,8,
152	0	5	2.664	0,43,51,85,21,20,37,63,30,24,87,69,96,25,16,95,79,31,5,
152	1	3	2.46	1,43,51,85,93,21,29,49,77,53,45,55,98,60,38,3,
152	1	4	2.365	1,43,0,40,82,51,85,21,93,80,55,98,60,38,70,18,4,
152	0	15	2.296	0,40,82,43,51,85,93,21,81,56,20,63,37,89,28,23,15,
152	1	2	2.476	1,43,51,85,93,21,29,49,71,77,53,45,55,98,76,61,2,
152	0	14	2.356	0,43,51,85,93,21,20,37,63,30,88,68,48,52,78,14,
152	1	6	2.755	1,51,85,93,21,20,63,30,24,87,69,96,25,46,26,90,99,66,6,
152	0	13	2.314	0,43,51,85,21,20,37,63,30,73,47,68,88,48,52,13,
152	0	12	2.111	0,40,82,81,56,20,37,63,30,24,84,73,47,68,22,12,
152	1	8	2.673	1,51,85,93,21,20,37,63,30,24,87,69,97,32,91,54,39,59,17,8,
152	1	7	2.72	1,43,51,85,21,93,80,55,45,53,77,95,16,26,90,86,99,66,65,64,7,
152	1	5	2.801	1,51,85,93,21,20,37,63,30,24,87,69,96,25,16,95,79,31,5,
152	1	13	2.644	1,51,85,93,21,20,63,37,30,24,87,84,73,47,68,48,88,52,13,
152	1	14	2.589	1,80,55,45,53,77,71,25,96,69,87,24,30,63,37,89,28,14,
152	2	3	2.503	2,61,76,55,45,53,77,49,71,16,95,79,31,18,70,38,3,
152	2	4	2.332	2,61,76,98,45,53,77,49,71,25,16,95,79,31,18,4,
152	1	11	2.57	1,80,55,45,53,49,71,25,96,69,87,24,84,92,34,44,75,33,83,11,
152	1	12	2.469	1,80,55,45,53,77,71,25,96,69,87,24,84,73,47,68,88,48,22,12,
152	1	10	2.643	1,43,51,85,93,21,20,37,63,30,88,48,68,47,44,34,74,94,41,58,10,
152	1	9	2.682	1,51,85,93,21,20,63,30,24,87,69,97,32,91,54,36,67,42,35,57,9,
152	2	6	2.414	2,61,76,98,45,53,77,71,95,16,26,86,90,99,66,65,64,6,
152	2	5	2.792	2,61,76,98,19,38,60,45,53,77,49,71,25,16,95,79,31,5,
152	1	15	2.525	1,43,0,40,82,51,85,93,21,81,56,20,63,37,89,28,23,15,
152	2	14	2.518	2,61,76,55,45,53,77,71,25,96,69,87,24,30,63,37,89,28,14,
152	2	13	2.533	2,61,76,55,45,53,77,71,96,69,87,24,84,73,47,68,48,88,52,13,
152	3	4	2.362	3,19,98,55,45,53,77,49,71,25,16,95,79,31,18,4,
152	2	11	2.505	2,61,76,98,45,53,77,71,25,96,69,87,24,84,92,34,44,75,33,83,11,
152	2	10	2.484	2,61,76,55,45,53,49,71,25,96,69,87,24,84,92,34,74,94,41,58,10,
152	2	12	2.393	2,76,98,45,53,77,71,25,96,69,87,24,84,73,47,68,88,48,22,12,
152	2	9	2.577	2,76,55,45,53,77,71,25,96,69,97,32,91,54,36,62,67,42,35,57,9,
152	2	7	2.479	2,61,76,98,55,45,53,77,49,29,71,95,16,26,90,99,66,64,7,
152	3	5	2.433	3,19,98,55,45,53,77,49,29,71,25,16,95,79,31,5,
152	2	8	2.548	2,61,76,55,45,53,77,71,25,96,24,87,69,97,32,91,54,36,62,8,
152	2	15	2.337	2,61,76,98,55,80,93,21,85,51,43,0,40,82,81,56,23,15,
152	3	14	2.586	3,19,98,55,45,53,77,71,25,96,69,87,24,30,63,37,89,28,14,
152	3	13	2.583	3,38,60,45,53,77,71,25,96,69,87,24,84,73,47,68,48,88,52,13,
152	3	9	2.416	3,38,70,18,31,79,90,86,99,66,65,64,27,39,36,62,42,35,57,9,
152	3	6	2.395	3,38,60,45,53,49,71,95,16,26,86,90,99,66,65,64,6,
152	3	8	2.295	3,19,60,38,70,18,31,79,90,86,99,66,65,64,27,39,59,17,8,
152	4	5	2.363	4,18,70,38,60,98,55,45,53,77,71,16,95,79,31,5,
152	3	7	2.34	3,19,38,60,45,53,49,71,95,16,26,86,99,90,66,65,64,7,
152	3	12	2.417	3,38,60,45,53,49,71,25,96,69,87,24,84,73,47,68,88,48,22,12,
152	3	11	2.691	3,38,60,45,53,77,49,71,25,96,69,87,24,84,92,34,44,74,75,33,83,11,
152	3	10	2.525	3,38,60,45,53,49,71,25,96,69,87,24,84,92,34,44,74,94,41,58,10,
152	3	15	2.499	3,38,60,45,53,77,71,96,69,87,24,30,63,37,89,28,23,15,
152	4	14	2.594	4,18,79,95,16,25,96,69,87,24,84,73,47,68,48,88,52,78,14,
152	4	6	2.158	4,18,70,38,60,45,53,77,95,16,26,86,90,99,66,6,
152	5	6	2.387	5,18,70,38,60,45,53,77,95,16,26,86,90,99,66,6,
152	4	13	2.685	4,18,70,38,60,45,53,77,71,96,69,24,84,73,47,68,48,88,52,13,
152	4	9	2.215	4,18,31,79,90,86,99,66,65,64,27,39,59,17,62,67,42,35,57,9,
152	4	10	2.373	4,18,31,79,95,16,25,96,69,87,24,84,92,34,74,94,41,58,10,
152	4	8	2.305	4,18,31,79,90,86,99,66,65,64,27,39,36,62,67,42,35,57,8,
152	4	12	2.474	4,70,38,60,53,77,71,25,96,69,87,24,84,73,47,68,88,48,22,12,
152	4	11	2.515	4,18,70,38,60,45,53,77,71,25,96,69,87,24,84,92,34,44,33,83,11,
152	4	7	2.423	4,70,18,31,79,95,16,26,86,90,99,66,65,64,27,39,17,59,7,
152	4	15	2.609	4,70,18,31,79,95,16,25,96,69,87,24,30,63,37,89,28,23,15,
152	5	9	1.829	5,6,90,86,99,66,65,64,27,59,17,62,67,42,35,57,9,
152	6	8	1.613	6,90,86,99,66,65,64,27,59,17,62,67,42,35,57,8,
152	5	8	2.003	5,6,90,86,99,66,65,64,27,59,17,62,67,42,35,57,8,
152	5	7	2.117	5,6,90,86,99,66,65,64,27,39,54,36,67,62,17,59,7,
152	6	7	1.727	6,90,86,99,66,65,64,27,39,54,36,67,62,17,59,7,
152	5	13	2.792	5,31,79,95,16,25,96,69,87,24,84,92,34,44,47,68,88,48,22,13,
152	5	14	2.847	5,31,79,95,16,25,96,69,87,24,84,92,34,44,47,68,88,52,78,14,
152	5	10	2.275	5,6,90,86,99,66,65,64,27,39,36,62,67,42,35,57,72,94,41,58,10,
152	5	12	2.53	5,31,79,95,16,25,96,69,87,24,84,92,34,44,47,68,88,48,22,12,
152	5	11	2.528	5,6,90,99,66,65,64,27,39,36,62,67,42,35,57,72,94,74,75,33,83,11,
152	5	15	2.705	5,31,79,95,16,71,25,96,69,87,24,84,30,63,37,89,28,23,15,
152	7	9	1.409	7,64,65,66,99,90,86,27,59,17,62,67,42,35,57,9,
152	6	9	1.439	6,90,86,99,66,65,64,27,59,17,62,67,42,35,57,9,
152	7	8	1.583	7,64,65,66,99,90,86,27,59,17,62,67,42,35,57,8,
152	6	13	2.47	6,66,99,90,86,26,46,25,96,69,87,24,84,73,47,68,48,88,52,13,
152	6	14	2.55	6,90,86,99,66,65,27,39,54,91,32,97,69,87,24,30,37,89,28,14,
152	7	10	1.803	7,64,65,66,99,90,86,27,39,36,67,42,35,57,72,94,41,58,10,
152	6	11	2.105	6,90,86,99,66,65,64,27,39,36,62,42,35,57,72,94,74,75,33,83,11,
152	7	11	2.067	7,64,65,66,99,90,86,27,39,36,67,42,35,57,72,94,74,75,83,11,
152	6	10	1.885	6,90,86,99,66,65,64,27,39,36,62,67,42,35,57,72,94,41,58,10,
152	6	12	2.312	6,66,99,90,86,26,91,32,97,69,87,24,84,73,47,68,88,48,22,12,
152	6	15	2.489	6,66,99,90,86,26,91,32,97,69,87,24,30,63,37,89,28,23,15,
152	8	9	1.799	8,7,64,65,66,99,90,86,27,59,17,62,67,42,35,57,9,
152	8	10	1.637	8,17,59,27,39,54,36,62,67,42,35,57,72,94,41,58,10,
152	8	11	1.868	8,17,59,27,39,36,62,67,42,35,57,72,41,58,74,75,33,83,11,
152	7	13	2.43	7,64,27,39,54,91,32,97,69,87,24,84,73,47,68,88,48,52,78,13,
152	8	13	2.34	8,17,59,27,39,54,91,32,97,69,87,24,84,73,47,68,48,88,52,13,
152	8	12	2.103	8,17,59,39,54,91,32,97,69,87,24,84,73,47,68,88,48,22,12,
152	8	14	2.514	8,17,62,67,42,35,57,72,94,41,58,74,34,44,47,68,48,88,52,78,14,
152	7	14	2.589	7,64,65,66,99,90,86,27,39,54,91,32,97,69,87,24,30,63,37,89,28,14,
152	7	12	2.247	7,64,65,66,99,90,86,26,46,25,96,69,87,84,73,47,68,88,48,22,12,
152	8	15	2.579	8,57,35,42,67,62,36,54,91,32,97,69,87,24,30,63,37,89,28,23,15,
152	7	15	2.597	7,64,65,66,99,90,86,26,46,91,32,97,69,87,24,30,63,37,89,28,23,15,
152	10	11	1.694	10,58,41,94,74,34,44,47,68,88,48,22,50,33,83,11,
152	10	12	1.682	10,58,41,72,94,74,44,34,92,73,47,68,88,48,22,12,
152	9	11	1.656	9,57,35,42,62,36,67,72,94,41,58,74,75,33,83,11,
152	9	10	1.777	9,57,35,42,67,36,54,91,32,97,92,34,74,58,10,
152	10	13	2.127	10,58,41,94,74,75,83,33,44,34,92,73,47,68,88,48,22,13,
152	10	14	2.189	10,58,41,94,74,75,83,33,44,34,92,73,47,68,48,88,52,78,14,
152	9	13	2.227	9,57,35,42,67,32,97,69,87,24,84,73,47,68,48,88,52,78,13,
152	9	14	2.279	9,57,35,42,62,36,54,91,32,97,69,87,24,30,63,37,89,28,14,
152	9	12	2.019	9,57,35,42,67,91,32,97,69,87,24,84,73,47,68,48,22,12,
152	10	15	2.312	10,58,41,94,74,34,44,47,73,84,87,69,24,30,63,37,89,28,23,15,
152	9	15	2.313	9,57,35,42,62,36,54,91,32,97,69,87,24,30,37,89,28,23,15,
152	12	13	2.015	12,22,48,88,68,47,73,84,87,24,30,63,37,89,52,13,
152	13	14	2.185	13,52,88,48,68,47,73,84,87,24,30,63,37,89,28,14,
152	11	12	1.658	11,83,33,75,74,58,41,94,34,44,47,68,88,48,22,12,
152	12	14	1.987	12,22,48,88,68,47,73,84,87,24,30,63,37,89,28,14,
152	11	13	1.95	11,83,33,75,74,58,41,94,34,44,47,68,48,88,52,78,13,
152	11	14	2.159	11,83,33,75,74,58,41,94,92,34,44,47,68,88,48,52,78,14,
152	14	15	2.259	14,78,52,88,48,68,47,73,84,30,63,37,89,28,23,15,
152	13	15	2.195	13,52,88,48,68,47,73,84,24,30,63,37,89,28,23,15,
152	12	15	1.997	12,22,48,88,68,47,73,84,24,30,63,37,89,28,23,15,
152	11	15	2.328	11,83,33,75,74,44,34,92,84,87,69,24,30,63,37,89,28,23,15,
