11	0	1	1.704	0,31,93,20,97,78,99,55,80,43,68,92,49,61,57,1,
11	0	2	1.885	0,31,93,20,97,78,99,55,80,43,68,92,49,61,57,2,
11	0	3	1.898	0,31,93,43,68,92,61,57,77,67,35,41,39,26,36,3,
11	0	4	2.254	0,31,93,43,68,92,49,61,57,77,67,35,41,56,34,79,51,45,4,
11	0	5	2.344	0,31,93,43,68,92,49,61,57,77,67,35,41,56,79,34,23,52,5,
11	0	6	2.316	0,31,43,68,92,49,67,35,41,56,34,23,52,48,74,72,75,38,29,6,
11	0	7	2.302	0,31,93,43,68,92,49,67,35,41,56,34,23,52,48,74,72,75,64,7,
11	0	8	2.385	0,31,43,68,92,49,67,35,41,56,34,23,52,48,74,72,94,59,46,50,95,8,
11	0	9	2.412	0,31,43,68,92,49,67,35,53,16,19,65,98,90,82,30,84,89,44,9,
11	0	10	2.416	0,31,43,68,92,49,67,35,53,16,19,65,98,58,40,21,47,88,63,73,10,
11	0	11	2.406	0,31,93,43,68,92,80,55,99,78,86,66,25,18,70,32,54,91,11,
11	0	12	2.441	0,31,93,43,68,92,49,22,80,55,99,20,97,78,86,66,25,24,83,12,
11	0	13	2.313	0,31,93,43,68,92,61,57,49,22,80,55,99,78,20,97,86,66,13,
11	0	14	1.839	0,31,93,43,68,92,49,22,80,55,99,20,97,78,86,66,14,
11	0	15	1.678	0,31,93,43,68,92,61,57,49,22,80,55,99,20,97,15,
11	1	2	2.213	1,57,61,68,92,49,67,35,41,56,39,17,26,37,60,2,
11	1	3	2.2	1,57,61,68,43,93,80,92,49,67,35,41,39,26,36,3,
11	1	4	2.246	1,57,61,68,92,49,67,35,41,56,79,34,23,52,45,4,
11	1	5	2.382	1,57,61,68,92,49,67,35,41,39,56,79,34,23,52,5,
11	1	6	2.296	1,61,57,77,67,35,41,56,34,23,52,48,74,72,75,62,64,38,29,6,
11	1	7	2.301	1,61,57,77,67,35,41,56,34,23,52,48,74,72,75,62,64,28,7,
11	1	8	2.419	1,61,57,77,67,35,41,56,34,23,52,48,74,72,94,82,30,59,46,50,95,8,
11	1	9	2.46	1,57,77,67,35,41,56,34,23,52,48,74,72,94,82,69,30,84,89,44,9,
11	1	10	2.501	1,61,57,77,67,35,53,16,19,65,98,42,27,58,40,21,47,88,63,85,73,10,
11	1	11	2.634	1,61,57,77,67,35,53,16,19,65,98,42,58,40,21,47,88,63,73,85,11,
11	1	12	2.55	1,57,61,49,92,68,43,93,80,55,99,78,20,97,86,66,25,24,83,12,
11	1	13	2.4	1,57,61,49,92,68,43,93,80,55,99,20,97,78,86,66,25,24,13,
11	1	14	1.77	1,57,61,49,92,68,43,93,80,55,99,78,20,97,86,14,
11	1	15	1.731	1,57,61,49,92,68,43,93,80,55,99,78,20,97,86,15,
11	2	3	2.381	2,57,61,68,43,93,80,92,49,67,35,41,39,26,36,3,
11	2	4	2.341	2,60,37,26,39,56,34,23,74,72,75,48,52,51,45,4,
11	2	5	2.382	2,60,37,26,39,56,34,23,52,48,74,72,75,38,29,6,5,
11	2	6	1.992	2,60,37,26,39,56,34,23,52,48,74,72,75,38,29,6,
11	2	7	2.184	2,60,37,26,39,56,79,34,23,52,48,74,72,75,62,64,38,28,7,
11	2	8	2.331	2,60,37,26,39,56,79,34,23,52,48,74,72,94,82,69,30,59,46,50,95,8,
11	2	9	2.561	2,60,37,17,39,56,79,34,23,52,48,74,72,94,90,42,27,69,30,84,89,44,9,
11	2	10	2.394	2,60,37,26,39,56,34,23,52,48,74,72,94,82,69,87,47,88,63,73,10,
11	2	11	2.606	2,60,17,39,56,34,23,52,48,74,72,94,90,42,58,40,21,54,91,11,
11	2	12	2.632	2,57,61,49,92,68,43,93,55,99,20,97,78,86,66,25,24,83,12,
11	2	13	2.64	2,77,57,61,49,92,68,43,93,80,55,99,20,97,78,86,66,24,83,13,
11	2	14	2.416	2,60,37,26,39,17,77,57,61,49,92,68,43,93,20,97,78,86,14,
11	2	15	1.912	2,57,61,49,92,68,43,93,80,55,99,78,20,97,86,15,
11	3	4	2.354	3,36,26,17,39,56,34,23,74,72,75,48,52,79,51,4,
11	3	5	2.291	3,36,26,39,56,34,23,52,48,74,72,75,64,38,29,6,5,
11	3	6	1.901	3,36,26,39,56,34,23,52,48,74,72,75,64,38,29,6,
11	3	7	1.852	3,36,26,39,56,34,23,52,48,74,72,75,62,64,7,
11	3	8	2.144	3,36,26,39,56,34,23,52,48,74,72,94,82,69,30,59,46,50,95,8,
11	3	9	2.306	3,36,26,39,56,79,34,23,52,48,74,72,94,90,82,69,30,84,89,44,9,
11	3	10	2.327	3,36,26,39,56,79,34,23,52,48,74,72,94,82,69,87,47,88,63,73,10,
11	3	11	2.516	3,36,26,39,56,34,23,52,48,74,72,94,82,69,87,47,88,63,85,11,
11	3	12	2.687	3,36,26,39,56,34,23,52,48,74,72,90,42,58,40,21,54,91,12,
11	3	13	2.589	3,36,26,39,17,77,57,61,49,92,68,43,93,20,97,78,86,66,13,
11	3	14	2.445	3,36,26,39,41,35,67,49,92,68,43,93,80,55,99,20,97,78,86,14,
11	3	15	2.252	3,36,26,39,17,77,57,61,49,92,68,43,93,80,55,99,20,97,15,
11	4	5	2.21	4,45,51,79,34,23,52,48,74,72,75,62,64,38,29,6,5,
11	4	6	1.82	4,45,51,79,34,23,52,48,74,72,75,62,64,38,29,6,
11	4	7	1.817	4,51,79,34,23,52,48,74,72,75,62,64,38,28,7,
11	4	8	1.89	4,51,79,34,23,52,48,74,72,94,82,30,59,46,50,95,8,
11	4	9	2.387	4,36,26,39,56,79,34,23,52,48,74,72,94,90,82,69,30,84,89,44,9,
11	4	10	2.282	4,45,51,79,34,23,52,48,74,72,94,90,42,27,58,40,21,47,88,63,73,10,
11	4	11	2.483	4,51,79,34,23,52,48,74,72,90,42,27,58,40,21,47,88,63,73,85,11,
11	4	12	2.708	4,45,51,56,34,23,52,48,74,72,94,90,42,27,58,40,21,54,91,12,
11	4	13	2.648	4,51,79,34,23,52,48,74,72,94,90,42,27,58,40,70,18,25,24,13,
11	4	14	2.513	4,45,51,79,34,56,41,35,67,49,92,68,43,93,80,55,99,78,86,14,
11	4	15	2.359	4,36,26,17,77,57,61,49,92,68,43,93,80,55,99,86,78,20,97,15,
11	5	6	1.966	5,45,51,79,34,23,52,48,74,72,75,62,64,38,29,6,
11	5	7	1.995	5,52,48,74,72,94,90,82,69,30,59,46,50,95,33,7,
11	5	8	1.968	5,52,48,74,72,75,94,90,82,69,30,59,46,50,95,8,
11	5	9	2.035	5,52,48,74,72,94,90,42,58,27,69,30,84,89,44,9,
11	5	10	2.384	5,45,51,79,34,23,52,48,74,72,94,90,42,58,40,21,47,88,63,73,10,
11	5	11	2.576	5,52,48,74,72,94,90,42,58,27,69,30,84,87,47,88,63,73,85,11,
11	5	12	2.703	5,52,48,74,72,94,90,42,27,58,40,21,47,88,63,73,85,91,12,
11	5	13	2.744	5,52,48,74,72,75,94,90,42,27,58,40,32,70,18,25,24,83,13,
11	5	14	2.603	5,52,23,34,79,56,41,35,67,49,92,68,43,93,80,55,99,78,86,14,
11	5	15	2.451	5,52,23,34,79,56,41,35,67,49,92,68,43,80,55,99,78,20,97,15,
11	6	7	1.744	6,29,38,64,62,75,74,72,94,82,30,59,50,46,33,7,
11	6	8	1.664	6,29,38,64,62,75,74,72,94,82,30,59,46,50,95,8,
11	6	9	1.728	6,29,38,64,62,75,48,74,72,94,82,30,84,89,44,9,
11	6	10	1.979	6,29,38,64,62,75,74,72,90,42,27,58,40,21,47,88,63,73,10,
11	6	11	2.237	6,29,38,64,62,75,74,72,94,90,42,58,40,21,47,88,63,73,85,11,
11	6	12	2.522	6,29,28,38,64,62,75,48,74,72,94,90,42,27,58,40,21,54,91,12,
11	6	13	2.477	6,29,38,64,62,75,48,74,72,94,90,42,27,58,40,70,18,25,24,13,
11	6	14	2.588	6,29,38,64,62,75,48,74,72,94,90,42,27,58,40,32,70,18,25,66,14,
11	6	15	2.442	6,29,38,64,62,75,74,72,94,90,98,65,19,71,81,55,99,20,97,15,
11	7	8	1.673	7,64,62,75,48,74,72,94,82,69,30,59,50,95,8,
11	7	9	1.707	7,64,62,75,48,74,72,94,82,69,30,84,89,44,9,
11	7	10	1.864	7,64,62,75,74,72,94,90,42,58,40,21,47,88,63,73,10,
11	7	11	2.162	7,64,62,75,74,72,90,42,27,58,40,21,47,88,63,73,85,11,
11	7	12	2.43	7,28,38,64,62,75,48,74,72,90,42,27,58,40,21,54,91,12,
11	7	13	2.439	7,28,38,64,62,75,48,74,72,94,90,42,27,58,70,18,25,24,13,
11	7	14	2.573	7,28,38,64,62,75,48,74,72,94,90,42,27,58,40,70,18,25,66,14,
11	7	15	2.44	7,64,75,72,74,48,52,23,34,41,35,67,49,92,68,43,93,20,97,15,
11	8	9	1.792	8,95,46,50,59,75,74,72,94,82,69,30,84,89,44,9,
11	8	10	1.624	8,95,50,46,59,30,69,27,58,40,21,47,88,63,73,10,
11	8	11	2.049	8,95,50,46,59,30,69,82,27,58,40,21,47,88,63,73,85,11,
11	8	12	2.399	8,95,46,50,84,30,69,27,58,40,21,47,88,63,73,85,91,12,
11	8	13	2.39	8,95,50,46,59,30,69,82,90,42,27,58,40,32,70,18,25,24,13,
11	8	14	2.588	8,95,50,46,59,84,30,69,82,90,42,27,58,40,32,70,18,25,66,14,
11	8	15	2.523	8,95,50,59,82,90,98,65,19,16,53,35,67,49,92,68,43,93,20,97,15,
11	9	10	1.734	9,44,89,84,30,69,27,58,40,21,47,88,63,85,73,10,
11	9	11	1.911	9,44,89,84,30,69,27,58,40,21,47,88,63,73,85,11,
11	9	12	2.444	9,76,87,84,30,69,27,58,40,21,47,88,63,73,85,91,12,
11	9	13	2.399	9,44,89,84,30,69,82,90,42,27,58,40,32,70,18,25,24,13,
11	9	14	2.663	9,44,89,84,30,82,94,72,74,90,42,27,58,40,32,70,18,25,66,14,
11	9	15	2.551	9,44,89,84,30,82,90,98,65,19,53,67,49,92,68,43,93,20,97,15,
11	10	11	2.007	10,73,63,88,47,87,84,30,69,27,40,21,54,91,11,
11	10	12	2.165	10,73,63,88,47,87,21,40,32,70,18,25,24,83,12,
11	10	13	2.291	10,73,63,88,47,87,84,30,69,40,32,70,18,25,24,13,
11	10	14	2.361	10,73,63,88,47,87,84,30,69,27,58,40,70,18,25,66,14,
11	10	15	2.307	10,73,63,85,91,54,32,70,96,71,81,22,92,68,43,93,20,97,15,
11	11	12	2.371	11,85,73,63,88,47,21,40,27,58,70,18,25,24,83,12,
11	11	13	2.319	11,85,73,63,88,47,87,21,40,32,70,18,25,24,13,
11	11	14	2.348	11,91,54,32,70,96,71,81,22,80,55,99,20,97,78,86,14,
11	11	15	2.208	11,91,54,32,70,96,71,81,22,49,92,68,43,93,20,97,15,
11	12	13	2.509	12,91,85,73,63,88,47,21,40,32,70,18,25,24,13,
11	12	14	2.37	12,83,24,25,96,71,81,22,92,68,43,93,20,97,86,14,
11	12	15	2.228	12,83,24,25,18,96,71,81,22,49,92,68,43,93,20,97,15,
11	13	14	2.267	13,24,25,96,71,81,22,92,68,43,93,20,97,78,86,14,
11	13	15	2.093	13,24,25,18,96,71,81,22,49,92,68,43,93,20,15,
11	14	15	2.055	14,66,86,78,99,55,80,92,49,57,61,68,43,93,20,15,
