268	0	1	1.887	0,16,90,83,49,86,80,43,79,48,40,65,29,20,17,1,
268	0	2	2.109	0,16,90,83,49,86,80,43,79,48,40,65,29,17,94,2,
268	0	3	2.117	0,16,20,29,65,40,52,54,73,96,62,45,19,21,3,
268	0	4	2.119	0,20,29,17,57,33,45,44,89,30,78,75,87,37,26,66,31,4,
268	0	5	2.059	0,20,29,65,52,54,73,96,62,39,88,30,78,75,87,37,60,58,5,
268	0	6	2.394	0,20,29,65,40,52,54,73,96,62,39,88,30,78,75,87,37,60,76,34,6,
268	0	7	2.502	0,20,29,65,40,52,54,73,96,62,45,88,30,78,37,87,75,18,61,53,7,
268	0	8	2.691	0,20,29,65,40,52,54,73,96,62,45,88,30,78,75,18,72,24,74,8,
268	0	9	2.629	0,20,29,65,40,52,54,73,36,55,93,27,59,69,64,71,67,85,25,82,22,98,9,
268	0	10	2.485	0,16,20,29,65,40,52,54,73,36,55,93,27,59,69,64,67,85,25,82,22,10,
268	0	11	2.165	0,20,29,65,40,52,54,73,36,55,93,27,59,69,64,71,67,85,92,11,
268	0	12	2.156	0,20,29,65,40,52,54,73,36,55,93,27,59,69,64,71,67,85,38,12,
268	0	13	2.368	0,20,29,65,40,52,54,73,36,55,93,27,59,69,71,67,85,41,97,13,
268	0	14	2	0,16,20,29,65,40,52,54,73,36,46,42,79,43,48,86,80,14,
268	0	15	1.74	0,16,20,17,29,65,40,48,79,43,80,86,49,83,90,15,
268	1	2	2.151	1,17,20,29,65,52,54,73,96,62,45,33,57,94,2,
268	1	3	2.053	1,17,57,33,45,88,30,78,75,87,37,26,66,21,3,
268	1	4	1.919	1,17,57,33,45,88,30,78,75,87,37,26,66,31,4,
268	1	5	1.916	1,17,57,33,45,44,89,88,30,78,75,87,37,60,58,5,
268	1	6	2.33	1,17,29,65,40,52,54,73,96,62,39,88,30,78,75,87,37,60,76,6,
268	1	7	2.466	1,17,20,29,65,40,52,54,73,96,62,56,32,81,24,74,77,99,53,7,
268	1	8	2.599	1,17,20,29,65,40,52,54,73,96,62,39,56,32,81,72,24,77,74,8,
268	1	9	2.593	1,17,20,29,65,40,52,54,73,36,55,93,27,59,91,63,84,35,51,50,9,
268	1	10	2.431	1,17,29,65,40,52,54,73,36,55,93,59,69,64,71,67,85,25,82,22,10,
268	1	11	2.25	1,17,29,65,40,52,54,73,36,55,93,27,59,69,64,71,67,85,25,92,11,
268	1	12	2.188	1,17,65,40,52,54,73,36,55,93,69,64,71,67,85,25,92,38,12,
268	1	13	2.291	1,17,20,29,65,40,16,90,83,49,86,80,48,79,43,95,28,97,13,
268	1	14	2.11	1,17,20,29,65,40,16,90,83,49,86,80,48,43,79,28,95,14,
268	1	15	1.924	1,17,29,65,40,52,54,73,36,46,42,79,48,83,90,15,
268	2	3	1.848	2,57,33,45,88,30,89,78,75,87,37,26,66,21,3,
268	2	4	1.716	2,94,57,33,45,88,30,78,75,87,37,26,66,31,4,
268	2	5	1.715	2,94,57,33,45,44,88,30,89,78,75,87,37,60,58,5,
268	2	6	2.293	2,94,57,33,45,44,89,88,30,78,75,87,37,60,76,18,34,6,
268	2	7	2.36	2,57,33,45,44,89,30,78,37,87,75,18,72,24,74,77,99,61,53,7,
268	2	8	2.627	2,57,33,45,44,89,37,87,75,78,30,88,39,56,32,72,24,77,74,8,
268	2	9	2.665	2,94,57,33,45,44,89,30,78,37,87,75,18,72,24,77,74,35,50,9,
268	2	10	2.602	2,94,57,33,96,62,73,36,55,93,27,59,69,64,71,67,85,25,82,22,10,
268	2	11	2.484	2,94,17,65,40,52,54,73,36,55,93,27,59,69,64,71,67,85,25,92,11,
268	2	12	2.409	2,94,57,33,96,73,36,55,93,27,59,69,64,71,67,85,25,92,38,12,
268	2	13	2.583	2,94,17,20,29,65,40,16,90,83,49,86,80,48,79,43,95,28,97,13,
268	2	14	2.402	2,94,17,20,29,65,40,16,90,83,49,86,80,48,43,79,28,95,14,
268	2	15	2.286	2,94,17,20,29,65,40,52,54,73,36,46,42,79,48,83,90,15,
268	3	4	1.517	3,21,19,66,26,44,89,30,78,75,87,37,60,58,31,4,
268	3	5	1.772	3,21,19,44,89,30,78,75,87,37,60,26,66,31,58,5,
268	3	6	1.973	3,21,19,66,26,31,58,60,87,37,78,75,30,89,88,18,34,6,
268	3	7	2.071	3,21,66,26,60,87,37,89,30,78,75,18,72,24,74,77,99,61,53,7,
268	3	8	2.267	3,21,66,26,60,37,87,75,78,30,89,88,56,32,81,24,77,74,8,
268	3	9	2.372	3,21,66,26,60,87,37,89,30,78,75,18,72,24,74,35,51,50,9,
268	3	10	2.534	3,21,66,26,60,87,37,89,30,78,75,18,72,24,77,74,35,51,98,10,
268	3	11	2.472	3,21,66,26,37,87,75,78,30,88,56,32,91,59,69,71,67,25,92,11,
268	3	12	2.436	3,21,66,26,37,87,78,30,88,56,32,91,59,69,71,67,85,38,12,
268	3	13	2.544	3,21,66,26,37,87,75,78,30,88,39,62,96,73,36,46,28,95,13,
268	3	14	2.396	3,21,66,26,37,87,75,78,30,88,39,62,36,46,42,79,43,80,14,
268	3	15	2.267	3,21,19,45,62,96,73,36,46,42,79,48,80,86,49,83,90,15,
268	4	5	1.716	4,31,66,26,60,37,87,75,78,30,88,18,34,76,5,
268	4	6	1.607	4,31,66,26,60,37,87,75,78,30,89,44,88,18,34,6,
268	4	7	1.893	4,31,66,26,60,37,87,75,78,30,88,18,72,24,74,77,99,7,
268	4	8	1.986	4,31,66,26,60,37,87,75,78,30,89,88,18,72,24,77,74,8,
268	4	9	2.234	4,66,26,60,87,37,89,30,78,75,18,72,24,77,74,35,51,50,9,
268	4	10	2.4	4,31,66,26,60,87,37,89,30,78,75,18,72,24,77,74,35,51,98,10,
268	4	11	2.338	4,66,26,37,87,75,78,30,88,56,32,91,59,69,64,71,67,25,92,11,
268	4	12	2.332	4,31,66,26,37,87,75,78,30,88,56,32,91,59,69,71,67,85,38,12,
268	4	13	2.437	4,31,58,60,37,87,75,78,30,88,45,62,96,73,36,46,28,95,13,
268	4	14	2.261	4,66,26,37,87,75,78,30,88,39,62,36,46,42,79,43,48,86,80,14,
268	4	15	2.212	4,31,26,66,19,45,62,96,73,36,46,42,79,43,48,49,83,90,15,
268	5	6	1.804	5,58,60,37,87,75,78,30,89,44,88,39,56,18,34,6,
268	5	7	1.688	5,58,60,87,37,89,30,78,75,18,72,24,74,77,99,53,7,
268	5	8	1.771	5,58,60,87,37,89,88,30,78,75,18,72,24,77,74,8,
268	5	9	2.145	5,58,60,87,37,89,30,78,75,18,72,24,99,77,74,35,51,50,9,
268	5	10	2.352	5,58,60,87,37,89,88,30,78,75,18,72,24,99,77,74,35,51,98,10,
268	5	11	2.229	5,58,60,37,87,75,78,30,88,56,32,91,59,69,64,67,25,92,11,
268	5	12	2.304	5,58,60,37,87,75,78,30,88,56,32,91,59,69,64,71,67,25,92,38,12,
268	5	13	2.537	5,58,60,37,87,75,78,30,88,56,32,91,27,59,69,64,71,67,85,41,97,13,
268	5	14	2.222	5,58,60,37,87,75,78,30,88,39,62,96,73,36,46,42,79,43,80,86,14,
268	5	15	2.218	5,58,60,37,87,75,78,30,88,39,62,36,46,42,79,43,48,49,83,90,15,
268	6	7	1.891	6,76,60,87,37,78,89,88,30,75,18,72,24,77,99,7,
268	6	8	1.976	6,76,60,87,37,89,88,30,78,75,18,72,24,77,74,8,
268	6	9	1.998	6,34,18,72,24,99,77,74,35,84,63,70,47,51,50,9,
268	6	10	2.49	6,61,99,77,74,35,84,63,91,59,27,93,69,64,71,67,85,25,82,22,10,
268	6	11	2.358	6,34,61,99,77,74,35,84,63,91,27,59,69,71,64,67,85,25,92,11,
268	6	12	2.45	6,34,61,99,77,74,35,84,63,91,59,27,93,69,64,71,67,85,25,92,38,12,
268	6	13	2.576	6,61,99,77,74,35,84,63,91,59,27,93,69,71,64,67,25,85,41,97,13,
268	6	14	2.426	6,76,60,37,87,75,78,30,88,39,62,96,73,54,42,79,43,48,86,80,14,
268	6	15	2.429	6,34,18,75,78,30,88,39,62,96,73,36,46,42,79,43,48,49,83,90,15,
268	7	8	2.069	7,53,61,99,77,74,24,72,81,35,84,70,47,51,50,8,
268	7	9	1.885	7,53,61,99,77,74,24,72,81,35,84,70,47,51,50,9,
268	7	10	2.094	7,53,61,99,77,74,24,72,81,35,84,63,70,47,51,98,10,
268	7	11	2.149	7,53,99,77,74,35,84,63,91,59,27,93,69,64,71,67,85,25,92,11,
268	7	12	2.209	7,53,61,99,77,74,35,84,63,91,27,59,69,64,71,67,85,25,92,38,12,
268	7	13	2.394	7,53,61,99,77,74,35,84,63,91,59,69,64,71,67,25,85,41,97,13,
268	7	14	2.459	7,53,99,77,24,81,32,56,62,96,73,36,46,42,79,43,48,86,80,14,
268	7	15	2.504	7,53,61,99,77,74,35,84,63,59,27,93,55,46,42,79,43,80,86,49,83,90,15,
268	8	9	2.232	8,35,84,63,91,59,27,93,69,71,64,70,47,51,50,9,
268	8	10	2.071	8,35,84,63,91,59,27,93,69,64,71,67,85,25,82,22,10,
268	8	11	1.884	8,35,84,63,91,59,27,93,69,64,71,67,85,25,92,11,
268	8	12	2.225	8,50,51,35,84,63,91,59,27,93,69,64,71,67,85,25,92,38,12,
268	8	13	2.608	8,35,84,63,91,59,27,93,69,68,71,64,67,85,25,92,38,41,97,13,
268	8	14	2.613	8,35,84,63,91,59,69,64,71,67,25,85,41,23,28,79,43,48,86,80,14,
268	8	15	2.544	8,35,84,63,91,27,59,69,64,71,68,23,28,79,43,80,86,49,83,90,15,
268	9	10	2.013	9,50,51,47,70,59,27,93,69,71,64,67,85,25,82,22,10,
268	9	11	1.861	9,50,35,84,63,91,27,59,69,64,71,67,85,25,92,11,
268	9	12	1.95	9,50,51,84,63,91,59,27,93,69,64,71,67,85,25,92,38,12,
268	9	13	2.309	9,50,51,35,84,63,91,27,59,69,64,71,67,25,85,41,23,97,13,
268	9	14	2.33	9,50,51,47,22,82,25,85,67,64,71,68,23,28,79,43,48,86,80,14,
268	9	15	2.4	9,50,51,70,47,22,82,67,64,71,68,23,28,79,43,48,80,86,49,83,90,15,
268	10	11	2.053	10,22,82,25,67,71,64,69,59,27,93,55,68,41,85,92,11,
268	10	12	1.891	10,22,82,64,69,59,27,93,55,68,71,67,85,25,92,38,12,
268	10	13	2.089	10,22,82,25,85,67,71,64,69,59,27,93,55,68,41,23,97,13,
268	10	14	2.165	10,22,82,25,85,67,71,64,69,59,27,93,55,46,42,79,43,48,86,80,14,
268	10	15	2.268	10,22,82,25,85,67,71,64,69,59,27,93,55,46,42,79,43,48,86,49,83,90,15,
268	11	12	1.891	11,92,25,85,67,71,64,69,59,27,93,55,68,23,41,38,12,
268	11	13	1.902	11,92,25,85,67,71,64,69,59,27,93,55,68,41,23,97,13,
268	11	14	1.909	11,92,25,85,67,71,64,69,68,23,28,43,79,48,86,80,14,
268	11	15	1.971	11,92,25,85,67,64,71,68,23,28,95,43,79,48,86,49,83,90,15,
268	12	13	1.845	12,38,92,25,85,67,71,64,69,59,27,93,55,68,23,97,13,
268	12	14	1.786	12,38,92,25,67,64,71,68,23,28,79,43,48,86,80,14,
268	12	15	1.848	12,38,92,25,85,67,64,71,68,23,28,95,80,86,49,83,90,15,
268	13	14	2.048	13,97,41,85,25,67,64,71,68,23,28,79,43,48,86,80,14,
268	13	15	2.058	13,97,41,85,25,67,64,71,68,23,28,79,43,48,83,90,15,
268	14	15	2.171	14,80,86,48,43,79,42,46,36,54,52,65,29,20,16,15,
