131	0	2	2.231	0,21,24,28,16,34,76,26,69,44,74,52,83,32,2,
131	0	3	2.04	0,21,24,28,34,16,85,67,32,78,65,52,83,88,58,3,
131	0	4	2.635	0,21,24,28,34,76,26,31,47,90,77,40,84,43,36,46,82,27,4,
131	0	1	2.268	0,21,24,28,16,34,76,78,65,74,52,83,32,67,85,1,
131	0	5	2.553	0,21,24,28,34,76,26,31,47,90,77,40,84,43,36,46,82,27,5,
131	0	6	2.581	0,21,24,28,34,76,26,31,47,90,77,40,84,43,36,46,82,48,6,
131	0	7	2.523	0,21,24,28,34,76,26,31,47,90,77,40,84,43,92,56,91,97,99,7,
131	0	9	2.471	0,21,24,28,34,76,26,31,47,90,71,60,61,96,98,70,59,41,42,9,
131	0	8	2.58	0,21,24,28,34,76,26,31,47,77,90,71,61,60,57,17,89,93,30,8,
131	0	10	2.229	0,21,24,28,34,76,26,31,47,71,60,61,96,98,70,59,41,25,75,10,
131	0	11	2.231	0,21,24,28,34,76,26,31,47,90,71,60,61,96,70,59,98,22,11,
131	0	13	2.309	0,21,24,28,34,76,26,31,77,90,47,95,49,80,53,13,
131	0	15	2.506	0,21,24,28,16,34,76,37,55,95,49,35,29,50,20,15,
131	0	14	2.374	0,21,24,28,16,34,76,37,55,95,49,35,29,54,51,14,
131	0	12	2.429	0,21,24,28,34,76,26,31,47,71,60,61,96,70,59,98,38,45,12,
131	1	3	2.322	1,67,85,16,34,76,26,69,44,74,52,65,83,88,58,3,
131	1	4	2.438	1,67,85,78,65,83,52,74,39,68,94,36,46,82,27,4,
131	1	2	2.435	1,67,85,16,28,24,21,66,34,76,78,65,52,83,32,2,
131	1	5	2.696	1,16,34,76,26,31,47,90,77,40,84,43,36,46,48,82,27,5,
131	1	6	2.766	1,85,67,32,83,52,74,39,68,84,40,43,92,56,97,99,91,23,6,
131	1	7	2.595	1,85,67,32,83,52,74,39,68,84,40,43,63,92,56,23,91,97,99,7,
131	1	8	2.647	1,85,67,32,83,52,74,39,68,84,40,43,92,56,23,91,97,99,79,8,
131	2	5	2.343	2,32,65,83,52,74,44,69,84,40,43,36,46,48,5,
131	1	9	2.543	1,16,34,76,26,31,47,90,71,60,61,96,70,98,59,41,42,64,9,
131	2	3	2.392	2,32,78,65,83,52,74,44,39,68,94,72,73,18,88,58,3,
131	2	4	2.434	2,81,83,52,74,39,68,84,40,43,36,46,48,82,27,4,
131	1	14	2.505	1,16,34,76,26,31,47,71,60,61,95,49,35,29,54,14,
131	1	15	2.276	1,85,67,32,83,52,65,78,76,34,16,28,24,21,66,15,
131	2	6	2.68	2,32,65,52,74,44,69,31,47,90,77,40,84,43,36,46,48,6,
131	1	12	2.506	1,16,34,76,26,31,47,71,60,61,96,70,59,98,38,45,33,12,
131	1	13	2.61	1,16,34,76,26,31,77,90,47,71,60,61,95,49,35,80,53,13,
131	1	11	2.431	1,85,16,34,76,26,31,77,90,47,71,60,61,96,70,59,98,22,11,
131	1	10	2.475	1,67,85,16,34,76,26,31,47,90,71,60,61,96,98,70,59,41,25,75,10,
131	3	5	2.139	3,58,88,83,52,74,39,68,84,40,43,36,46,82,27,5,
131	3	4	2.221	3,58,88,83,52,74,39,68,84,40,43,36,46,82,27,4,
131	2	9	2.618	2,32,65,44,69,77,90,47,71,60,61,96,98,70,59,41,42,86,64,9,
131	2	7	2.505	2,81,83,52,74,39,68,84,40,43,36,63,92,56,23,91,97,99,7,
131	2	14	2.735	2,32,65,44,69,31,47,90,57,60,71,61,95,49,35,29,54,14,
131	2	15	2.716	2,32,65,52,74,44,69,26,76,34,16,28,24,21,66,20,15,
131	2	13	2.65	2,32,65,74,44,69,31,47,90,57,60,71,61,95,49,80,53,13,
131	2	12	2.601	2,32,65,44,69,77,90,47,71,60,61,96,70,59,98,38,45,33,12,
131	2	11	2.494	2,32,65,52,74,44,69,77,90,47,71,60,61,96,70,59,98,38,22,11,
131	2	10	2.47	2,32,65,44,69,31,47,90,57,60,71,61,96,98,70,59,41,25,75,10,
131	2	8	2.687	2,32,65,52,74,39,68,84,40,43,36,63,92,56,23,91,99,97,79,8,
131	4	5	2.352	4,58,88,83,52,74,39,68,84,40,43,36,46,82,27,5,
131	3	6	2.204	3,58,88,83,52,74,44,39,68,84,40,43,36,46,48,6,
131	3	9	2.489	3,58,88,83,52,74,44,69,77,90,60,61,96,98,70,59,41,42,9,
131	3	7	2.281	3,58,88,83,52,74,44,69,40,84,43,92,56,23,91,97,99,7,
131	3	13	2.497	3,58,88,83,52,74,44,69,77,90,47,71,60,61,95,49,80,53,13,
131	3	14	2.644	3,58,88,83,52,74,44,69,77,90,60,61,95,49,35,29,54,51,14,
131	3	15	2.568	3,58,88,83,52,65,78,32,67,85,16,76,34,28,24,21,66,20,15,
131	3	10	2.286	3,58,88,83,52,74,44,69,77,90,71,60,61,96,70,59,98,25,75,10,
131	3	12	2.56	3,58,88,83,52,74,44,69,77,90,71,60,61,96,70,59,98,22,33,12,
131	3	8	2.519	3,58,88,83,52,65,74,39,68,84,40,43,92,56,23,91,99,97,79,8,
131	3	11	2.501	3,58,88,83,52,74,44,69,77,47,90,57,60,71,61,96,70,59,98,22,11,
131	4	6	2.417	4,58,88,83,52,74,44,39,68,84,40,43,36,46,48,6,
131	5	6	2.4	5,27,82,48,46,94,68,84,40,43,36,63,92,56,23,6,
131	4	9	2.519	4,73,39,68,84,40,77,90,71,60,61,96,98,70,59,41,42,64,9,
131	4	7	2.384	4,27,72,94,39,68,84,40,43,36,63,92,56,23,91,97,99,7,
131	4	10	2.297	4,73,39,68,84,40,77,90,47,71,60,61,96,70,59,98,25,75,10,
131	4	14	2.698	4,27,82,46,36,43,84,40,77,90,71,60,61,95,49,35,29,54,14,
131	4	15	2.806	4,73,39,68,84,40,77,90,47,71,60,61,95,49,35,29,50,20,15,
131	4	13	2.682	4,27,72,94,68,84,40,77,90,47,71,60,61,95,49,35,29,54,51,13,
131	4	12	2.62	4,27,72,94,68,84,40,77,90,71,60,61,96,70,59,98,38,45,33,12,
131	4	11	2.467	4,27,82,46,36,43,84,40,77,90,47,71,60,61,96,70,59,98,38,22,11,
131	4	8	2.628	4,18,52,83,65,74,39,68,84,40,43,92,56,23,91,99,97,79,8,
131	5	9	2.355	5,82,46,36,43,84,40,77,90,60,61,96,98,70,59,41,42,9,
131	5	7	2.028	5,27,72,94,68,84,40,43,63,92,56,23,91,97,99,7,
131	5	8	2.052	5,27,72,94,68,84,40,43,63,56,23,91,99,97,79,8,
131	6	7	2.087	6,48,46,94,68,84,40,43,63,92,56,23,91,97,99,7,
131	6	8	2.227	6,48,46,94,68,84,40,43,63,92,56,23,91,97,79,8,
131	5	10	2.152	5,82,46,36,43,84,40,77,90,71,60,61,96,70,59,98,25,75,10,
131	5	11	2.367	5,48,46,36,43,84,40,77,90,47,71,60,61,96,98,70,59,41,25,11,
131	5	14	2.595	5,48,46,36,43,84,40,77,90,47,71,60,61,95,49,35,29,54,51,14,
131	5	12	2.492	5,48,46,36,43,84,40,77,90,47,71,60,61,96,70,59,98,22,33,12,
131	5	15	2.72	5,82,46,36,43,84,40,77,90,47,71,60,61,95,49,35,29,50,20,15,
131	5	13	2.635	5,27,82,46,36,43,84,40,77,90,47,71,60,61,95,49,35,80,53,13,
131	6	9	2.162	6,48,46,36,63,92,56,23,91,99,97,79,30,19,64,9,
131	7	9	1.923	7,99,97,79,30,93,89,86,59,70,98,41,42,64,9,
131	7	10	1.67	7,99,97,79,30,93,89,86,59,70,96,98,25,75,10,
131	7	8	2.114	7,99,97,91,23,56,92,63,43,84,40,62,89,93,30,8,
131	6	10	2.136	6,46,36,43,84,40,77,90,71,60,61,96,70,59,98,25,75,10,
131	6	11	2.238	6,23,91,99,97,79,30,93,89,86,42,41,98,59,70,96,38,22,11,
131	7	11	2.182	7,91,99,97,79,30,93,89,86,42,41,59,70,96,98,22,25,75,11,
131	6	12	2.464	6,23,91,99,97,79,30,93,89,86,42,41,59,70,98,38,22,33,12,
131	6	15	2.756	6,48,46,36,43,84,40,77,90,47,71,60,61,95,49,35,29,50,20,15,
131	6	14	2.68	6,48,46,36,43,84,40,77,90,57,60,71,61,95,49,35,29,54,51,14,
131	6	13	2.831	6,23,91,99,97,56,92,43,84,40,77,90,47,71,60,61,95,49,80,53,13,
131	8	9	2.016	8,30,93,89,86,59,70,98,96,38,22,25,41,42,64,9,
131	8	11	1.792	8,30,93,89,86,42,41,75,25,98,59,70,96,38,22,11,
131	8	10	1.686	8,30,93,89,86,42,41,59,70,98,96,38,22,25,75,10,
131	8	12	2.216	8,30,93,89,17,57,60,71,61,96,98,70,59,41,25,22,33,12,
131	7	12	2.295	7,91,99,97,79,30,93,89,86,42,41,25,98,70,59,96,45,33,12,
131	7	15	2.534	7,91,99,97,79,30,93,89,17,57,60,61,95,49,35,29,50,20,15,
131	8	15	2.619	8,79,97,99,91,56,92,62,17,57,60,61,95,49,35,29,50,20,15,
131	7	14	2.465	7,91,99,97,79,30,19,89,17,57,60,71,61,95,49,35,29,54,51,14,
131	8	13	2.532	8,79,97,99,91,23,56,92,62,17,57,60,71,61,95,49,35,29,54,51,13,
131	8	14	2.664	8,30,79,97,99,91,56,92,62,17,57,60,71,61,95,49,35,29,54,51,14,
131	7	13	2.63	7,91,99,97,79,30,93,89,86,59,70,98,96,61,60,71,95,49,80,53,13,
131	10	12	1.747	10,75,25,41,59,70,98,96,61,60,71,95,49,80,53,12,
131	10	11	1.751	10,75,25,41,59,70,98,96,61,60,71,95,45,38,22,11,
131	9	11	1.746	9,64,19,89,17,57,60,71,61,96,70,59,98,38,22,11,
131	10	13	1.711	10,75,25,41,59,70,98,96,61,60,71,95,49,80,53,13,
131	9	10	1.687	9,64,19,89,86,42,41,59,70,98,96,38,22,25,75,10,
131	9	12	2.174	9,64,86,42,41,59,70,98,96,57,60,71,61,95,49,80,53,12,
131	10	14	2.08	10,75,25,41,59,70,98,96,57,60,71,61,95,49,35,29,54,51,14,
131	9	13	2.241	9,64,86,42,75,25,41,59,70,98,96,61,60,71,95,49,80,53,13,
131	9	14	2.304	9,64,86,42,41,59,70,98,96,57,60,71,61,95,49,35,29,54,14,
131	10	15	2.329	10,75,25,98,59,70,96,57,60,71,61,95,49,80,35,29,50,20,15,
131	9	15	2.495	9,64,86,42,41,59,70,98,96,57,60,71,61,95,49,35,29,50,20,15,
131	14	15	2.537	14,54,29,35,49,95,61,60,71,90,47,31,37,87,20,15,
131	11	12	1.866	11,22,38,98,59,70,96,57,60,71,61,95,49,80,53,12,
131	11	13	1.83	11,22,38,98,59,70,96,57,60,71,61,95,49,80,53,13,
131	13	15	2.443	13,53,80,49,95,61,60,71,47,90,77,31,37,87,20,15,
131	12	13	1.978	12,33,22,38,98,59,70,96,61,60,71,95,49,80,53,13,
131	13	14	2.352	13,53,80,49,95,61,60,71,90,47,55,35,29,54,51,14,
131	11	14	1.996	11,22,38,98,59,70,96,57,60,71,61,95,49,35,29,54,14,
131	12	15	2.289	12,33,22,98,59,70,96,61,60,71,95,49,35,29,50,20,15,
131	12	14	2.157	12,33,22,98,59,70,96,61,60,71,95,49,35,29,54,51,14,
131	11	15	2.331	11,22,25,75,41,59,70,98,96,61,60,71,95,49,35,29,50,20,15,
