90	0	1	2.357	0,46,31,37,58,79,95,19,24,61,60,76,75,28,57,53,1,
90	0	2	2.236	0,46,53,57,31,37,58,64,79,95,19,24,61,60,76,75,2,
90	0	3	2.13	0,46,53,57,31,37,58,79,95,19,24,61,60,76,75,81,3,
90	0	4	2.235	0,46,53,31,37,95,19,24,61,60,65,77,51,26,92,22,55,29,4,
90	0	5	2.291	0,46,53,31,37,95,19,24,61,60,65,67,77,51,26,92,55,22,47,5,
90	0	6	2.418	0,46,31,37,95,19,24,61,60,65,67,77,51,26,44,92,55,22,47,63,6,
90	0	7	2.279	0,46,31,37,95,19,24,61,60,65,77,48,82,62,68,43,33,78,97,7,
90	0	8	2.407	0,46,31,37,95,19,24,61,60,65,77,51,48,82,62,68,43,33,74,91,8,
90	0	9	2.444	0,46,31,37,95,19,24,61,60,65,77,51,48,82,62,68,40,32,85,9,
90	0	10	2.454	0,46,31,37,95,19,24,61,60,65,89,52,69,45,90,23,72,88,10,
90	0	11	2.368	0,46,31,37,58,64,89,52,69,45,90,23,34,96,35,30,11,
90	0	12	2.36	0,46,31,37,58,64,69,45,90,23,34,96,80,35,30,87,12,
90	0	13	2.331	0,46,53,57,28,61,24,19,95,79,58,84,39,70,16,49,17,13,
90	0	14	2.26	0,46,31,37,95,19,61,60,24,79,58,84,39,70,16,49,14,
90	0	15	2.292	0,46,53,57,28,61,24,19,95,79,58,84,39,70,16,49,38,15,
90	1	2	2.303	1,46,53,57,31,37,58,64,79,95,19,24,61,60,76,75,2,
90	1	3	2.179	1,53,31,37,95,19,24,61,60,65,77,51,26,54,99,86,3,
90	1	4	2.057	1,53,31,37,95,19,24,61,60,65,77,51,54,55,29,4,
90	1	5	2.17	1,53,31,37,95,19,24,61,60,65,67,77,51,26,92,55,22,47,5,
90	1	6	2.344	1,53,31,37,95,19,24,61,60,65,67,48,51,26,92,55,22,47,63,6,
90	1	7	2.218	1,53,31,37,95,19,24,61,60,65,77,48,82,62,68,43,33,78,97,7,
90	1	8	2.387	1,53,31,37,95,19,24,61,60,65,67,77,51,48,82,62,68,43,33,91,8,
90	1	9	2.452	1,53,31,37,95,19,24,61,60,65,77,48,82,62,68,43,33,74,32,85,9,
90	1	10	2.526	1,53,31,37,95,19,24,61,60,65,89,52,69,42,45,90,23,34,72,88,10,
90	1	11	2.374	1,53,31,37,95,19,24,61,60,65,89,52,69,45,90,34,96,80,11,
90	1	12	2.351	1,53,31,37,58,64,89,52,69,45,90,23,34,96,35,30,87,12,
90	1	13	2.427	1,53,31,37,95,19,24,61,60,65,89,52,69,42,66,27,93,21,13,
90	1	14	2.29	1,53,57,28,61,60,24,19,95,79,58,37,84,39,70,16,49,14,
90	1	15	2.253	1,53,31,37,95,19,61,24,79,58,84,39,70,16,49,38,15,
90	2	3	2.178	2,75,76,61,19,24,60,65,77,51,26,54,99,86,81,3,
90	2	4	2.095	2,75,76,28,19,24,61,60,65,77,51,26,92,22,55,29,4,
90	2	5	2.246	2,75,76,28,95,19,24,61,60,65,67,77,51,26,92,22,55,29,5,
90	2	6	2.358	2,75,76,28,95,19,24,61,60,65,67,77,51,26,54,55,22,47,63,6,
90	2	7	2.231	2,75,76,28,19,24,61,60,65,77,51,48,82,62,68,43,33,78,97,7,
90	2	8	2.396	2,75,76,28,95,19,24,61,60,65,77,51,48,82,62,68,43,33,74,91,8,
90	2	9	2.51	2,75,76,61,19,24,60,65,67,77,51,48,82,62,68,43,33,74,32,85,9,
90	2	10	2.56	2,75,76,60,61,24,19,95,79,58,64,89,52,69,45,90,23,34,72,88,10,
90	2	11	2.414	2,75,76,61,24,19,95,79,64,89,52,69,45,90,23,34,96,35,30,11,
90	2	12	2.339	2,75,76,61,24,19,95,79,64,69,45,90,23,34,96,35,30,87,12,
90	2	13	2.466	2,75,76,60,61,24,19,95,37,79,58,84,39,70,16,83,27,93,21,13,
90	2	14	2.604	2,75,76,61,24,19,95,79,58,64,89,52,69,42,66,83,16,49,14,
90	2	15	2.152	2,75,76,60,61,24,19,95,79,58,84,39,70,16,49,38,15,
90	3	4	2.056	3,81,75,76,61,60,65,67,77,51,26,92,22,55,29,4,
90	3	5	2.039	3,81,75,76,28,19,24,61,60,65,77,51,26,92,55,22,5,
90	3	6	2.034	3,86,99,54,51,48,82,62,68,43,33,78,20,6,
90	3	7	2.121	3,86,99,29,55,22,92,26,51,48,82,62,68,43,33,78,97,7,
90	3	8	2.279	3,81,86,99,29,55,22,92,26,51,48,82,62,68,43,33,74,91,8,
90	3	9	2.482	3,81,86,99,29,55,22,92,26,51,48,82,62,68,43,33,74,32,85,56,9,
90	3	10	2.497	3,81,75,76,61,24,19,95,79,58,64,89,52,69,45,90,23,72,88,10,
90	3	11	2.483	3,81,86,99,54,26,51,77,67,89,52,69,45,90,23,34,96,35,30,11,
90	3	12	2.398	3,81,75,76,61,24,19,95,79,64,69,45,90,23,34,96,35,30,87,12,
90	3	13	2.525	3,81,75,76,60,61,24,19,95,37,79,58,84,39,70,16,83,27,93,21,13,
90	3	14	2.584	3,81,86,99,54,26,51,77,67,65,24,19,95,37,84,39,70,16,49,14,
90	3	15	2.334	3,81,75,76,60,61,24,19,95,37,79,58,84,39,70,16,49,38,15,
90	4	5	2.168	4,29,55,92,26,51,48,82,62,68,43,18,63,47,5,
90	4	6	1.951	4,29,54,26,48,82,62,68,43,33,78,97,20,6,
90	4	7	1.794	4,29,55,22,92,26,51,48,82,62,68,43,33,78,97,7,
90	4	8	2.183	4,29,55,22,92,54,26,51,48,82,62,68,43,33,78,97,91,8,
90	4	9	2.33	4,29,55,22,92,26,51,48,82,62,68,43,33,74,40,41,50,85,56,9,
90	4	10	2.402	4,29,55,22,92,26,51,48,82,62,68,43,33,74,40,41,50,73,59,10,
90	4	11	2.356	4,29,55,22,92,26,51,77,67,89,52,69,45,90,23,34,96,35,30,11,
90	4	12	2.331	4,29,54,26,51,77,67,89,52,69,45,90,23,34,96,35,30,87,12,
90	4	13	2.509	4,29,55,22,92,26,51,77,67,89,52,69,45,90,66,83,27,93,21,13,
90	4	14	2.414	4,29,55,22,92,26,51,77,65,60,61,24,19,95,37,84,39,70,16,49,14,
90	4	15	2.296	4,29,55,22,92,26,51,77,65,60,61,24,19,95,37,84,25,38,15,
90	5	6	1.88	5,22,92,26,51,48,82,62,68,43,33,78,97,20,6,
90	5	7	1.761	5,47,22,55,92,26,51,48,82,62,68,43,33,78,97,7,
90	5	8	1.992	5,47,22,55,92,26,51,48,82,62,68,43,33,78,97,91,8,
90	5	9	2.147	5,47,22,55,92,26,51,48,82,62,68,43,33,74,40,32,85,56,9,
90	5	10	2.242	5,47,22,55,92,26,51,77,67,89,52,69,45,90,23,72,88,10,
90	5	11	2.241	5,22,55,92,26,51,77,67,89,52,69,45,90,23,34,96,35,30,11,
90	5	12	2.352	5,22,55,92,26,51,77,67,89,52,69,45,90,23,34,96,80,35,30,87,12,
90	5	13	2.605	5,47,22,55,54,51,77,67,89,52,69,45,90,23,34,96,36,94,93,21,13,
90	5	14	2.46	5,47,22,55,92,26,51,77,65,60,61,24,19,95,79,58,84,39,70,16,49,14,
90	5	15	2.431	5,47,22,55,92,26,51,77,67,65,60,61,24,19,95,79,58,84,25,38,15,
90	6	7	1.819	6,63,47,22,55,92,26,51,48,82,43,33,78,97,7,
90	6	8	1.846	6,20,97,78,33,43,68,62,98,41,50,40,32,85,56,8,
90	6	9	2.053	6,20,78,97,91,74,33,43,68,62,98,41,50,40,32,85,56,9,
90	6	10	2.088	6,20,97,78,33,43,62,68,41,50,73,59,23,72,88,10,
90	6	11	2.236	6,20,97,78,33,43,62,68,41,50,73,59,23,34,96,80,35,30,11,
90	6	12	2.28	6,20,97,78,33,43,62,68,41,50,73,59,23,34,96,80,35,30,87,12,
90	6	13	2.451	6,20,97,78,33,43,62,68,41,50,73,71,23,34,36,94,27,93,21,13,
90	6	14	2.472	6,63,47,22,55,92,26,51,77,65,60,61,24,19,95,37,84,39,70,16,49,14,
90	6	15	2.443	6,63,47,22,55,92,26,51,77,67,65,60,61,24,19,95,37,84,25,38,15,
90	7	8	1.672	7,97,78,91,74,33,43,62,68,41,50,40,32,85,56,8,
90	7	9	1.719	7,97,78,33,43,68,62,82,98,41,50,40,32,85,56,9,
90	7	10	1.76	7,97,78,33,43,62,68,40,41,50,73,59,72,88,10,
90	7	11	1.887	7,97,78,33,43,62,68,41,50,73,59,23,34,96,35,30,11,
90	7	12	1.964	7,97,78,33,43,62,68,41,50,73,71,23,34,96,80,35,30,87,12,
90	7	13	2.232	7,97,78,33,43,62,68,41,50,73,71,23,34,96,36,94,27,93,21,13,
90	7	14	2.502	7,97,78,33,43,62,68,41,50,73,71,23,34,96,36,94,27,83,16,49,14,
90	7	15	2.432	7,97,78,33,43,68,62,82,48,51,77,65,60,61,24,19,95,37,84,25,38,15,
90	8	9	1.869	8,91,97,78,33,43,68,62,98,41,50,40,85,32,56,9,
90	8	10	1.894	8,91,97,78,33,43,62,68,40,41,50,73,59,88,10,
90	8	11	1.853	8,56,85,32,40,41,50,73,59,23,72,96,80,35,30,11,
90	8	12	2.06	8,91,74,33,43,62,68,41,50,73,71,23,34,96,80,35,30,87,12,
90	8	13	2.328	8,91,74,33,43,62,68,41,50,73,71,23,34,96,36,94,27,93,21,13,
90	8	14	2.55	8,91,33,43,62,68,41,50,73,71,23,34,96,36,94,27,83,16,49,14,
90	8	15	2.456	8,91,33,43,68,62,82,48,67,65,60,61,24,19,95,37,84,25,38,15,
90	9	10	1.979	9,56,85,32,74,33,43,62,68,41,50,73,59,72,88,10,
90	9	11	1.844	9,85,32,40,41,50,73,59,72,23,34,96,80,35,30,11,
90	9	12	1.788	9,56,85,32,40,41,50,73,59,23,34,96,35,30,87,12,
90	9	13	2.315	9,56,85,32,40,41,50,73,71,59,72,23,34,96,36,94,27,93,21,13,
90	9	14	2.5	9,56,85,32,40,41,50,73,59,23,34,96,36,94,93,21,27,83,16,49,14,
90	9	15	2.541	9,85,32,40,68,62,82,48,67,65,60,61,24,19,95,37,84,25,38,15,
90	10	11	2.189	10,59,73,71,45,90,23,34,72,96,36,94,35,80,11,
90	10	12	2.018	10,88,72,23,45,90,34,96,36,94,35,80,30,87,12,
90	10	13	2.169	10,88,72,23,45,90,34,96,80,35,36,94,27,21,13,
90	10	14	2.617	10,88,72,34,23,90,45,69,52,89,64,79,58,37,84,39,70,16,49,14,
90	10	15	2.575	10,88,72,23,90,45,69,52,89,65,60,61,24,19,95,37,84,25,38,15,
90	11	12	2.087	11,30,35,80,72,23,34,96,36,94,66,27,93,87,12,
90	11	13	2.034	11,30,35,36,96,72,34,23,45,90,66,83,27,21,13,
90	11	14	2.101	11,30,35,80,72,23,34,96,36,94,93,21,27,83,16,49,14,
90	11	15	2.426	11,30,35,80,96,34,23,90,45,69,52,89,64,79,58,84,25,38,15,
90	12	13	1.943	12,87,30,35,80,96,34,23,45,90,36,94,27,21,13,
90	12	14	2.031	12,87,30,35,80,72,23,34,96,36,94,27,93,21,17,14,
90	12	15	2.053	12,87,30,35,80,96,36,94,93,27,83,70,16,49,38,15,
90	13	14	2.34	13,21,93,27,94,36,96,72,34,23,90,66,83,16,49,14,
90	13	15	2.356	13,21,93,27,83,66,42,69,52,89,64,79,58,84,25,38,15,
90	14	15	2.45	14,49,16,70,39,58,79,24,61,19,95,37,31,84,25,38,15,
