299	0	1	2.093	0,31,79,37,41,63,33,55,81,17,75,30,88,62,60,1,
299	0	2	2.007	0,31,37,41,63,33,55,81,17,75,91,30,88,64,62,2,
299	0	3	1.994	0,31,37,41,63,33,39,64,62,88,30,75,17,91,20,3,
299	0	4	2.515	0,31,79,37,41,32,73,36,53,21,16,43,34,81,55,75,30,91,17,26,4,
299	0	5	2.819	0,31,37,41,32,73,89,27,38,45,23,42,68,99,22,71,95,84,83,5,
299	0	6	2.688	0,31,79,37,41,32,73,89,27,38,45,23,42,68,99,22,71,40,95,84,6,
299	0	7	2.668	0,31,79,37,41,52,32,73,89,27,38,45,23,42,68,99,22,48,92,7,
299	0	8	2.661	0,31,79,37,41,32,73,89,27,38,45,23,42,18,46,47,59,57,82,8,
299	0	9	2.462	0,31,79,37,41,52,32,73,89,27,38,45,23,42,68,99,80,49,57,82,9,
299	0	10	2.693	0,31,79,37,41,52,32,73,89,27,38,45,23,42,18,66,86,46,47,59,10,
299	0	11	2.551	0,31,79,37,41,52,32,73,89,27,38,45,23,42,18,66,86,56,35,11,
299	0	12	2.46	0,31,79,37,41,52,58,98,32,73,36,89,27,87,28,61,19,54,44,12,
299	0	13	2.483	0,31,79,37,41,52,58,98,32,73,89,27,87,28,61,19,44,54,13,
299	0	14	2.115	0,31,79,37,41,32,73,89,27,87,28,61,24,69,25,14,
299	0	15	2.109	0,31,37,41,32,73,89,27,87,24,69,74,65,70,15,
299	1	2	2.08	1,60,62,64,39,37,41,63,33,55,30,75,91,20,78,2,
299	1	3	2.086	1,31,79,37,41,63,33,55,81,75,30,91,17,26,20,3,
299	1	4	2.558	1,85,60,39,64,62,88,78,20,91,30,75,55,81,34,43,77,29,72,4,
299	1	5	2.5	1,85,60,62,88,30,91,75,55,81,34,43,29,77,72,40,95,84,83,5,
299	1	6	2.527	1,85,60,62,64,88,30,91,75,55,81,34,43,77,29,72,40,95,83,84,6,
299	1	7	2.643	1,85,39,64,62,88,30,91,75,55,81,34,43,77,29,72,50,22,48,92,7,
299	1	8	2.625	1,85,79,37,41,32,73,89,27,38,45,23,42,68,99,47,59,57,82,8,
299	1	9	2.583	1,85,79,37,41,52,32,73,89,27,38,45,42,23,68,99,80,49,96,57,82,9,
299	1	10	2.714	1,85,79,37,41,32,73,89,27,38,45,23,42,68,99,47,59,46,18,66,86,10,
299	1	11	2.661	1,85,79,37,41,32,73,89,27,38,45,23,68,99,42,18,66,86,56,35,11,
299	1	12	2.583	1,85,60,62,64,33,55,81,34,43,16,21,53,36,89,27,87,28,61,19,54,44,12,
299	1	13	2.524	1,85,60,62,64,33,55,81,34,43,16,21,53,36,89,27,87,28,61,19,13,
299	1	14	2.386	1,60,62,88,30,91,75,55,33,63,41,52,58,65,70,74,25,14,
299	1	15	2.136	1,85,79,37,41,32,73,89,27,87,98,58,65,70,74,15,
299	2	3	2.003	2,60,62,64,39,37,41,63,33,55,30,75,17,91,20,3,
299	2	4	2.396	2,62,64,88,78,20,26,17,75,91,30,55,81,34,77,29,72,4,
299	2	5	2.211	2,78,20,91,30,75,55,81,34,43,77,29,72,40,95,84,83,5,
299	2	6	2.426	2,78,20,26,17,75,91,30,55,81,34,43,77,29,72,40,95,83,84,6,
299	2	7	2.632	2,78,20,91,30,75,55,81,34,43,77,29,72,83,95,40,71,48,92,7,
299	2	8	2.581	2,78,20,91,30,75,55,81,34,43,77,29,72,50,22,48,51,80,49,96,8,
299	2	9	2.509	2,78,20,91,30,75,17,77,29,90,93,23,42,68,99,47,59,57,82,9,
299	2	10	2.615	2,78,20,91,30,75,55,81,34,16,21,53,36,89,27,38,45,18,66,86,10,
299	2	11	2.661	2,88,30,91,75,55,81,34,43,16,21,53,36,89,27,38,45,18,66,86,35,11,
299	2	12	2.456	2,78,20,91,30,75,55,81,34,43,16,21,53,36,89,27,87,28,61,19,54,44,12,
299	2	13	2.517	2,78,20,91,75,30,88,55,81,34,43,16,21,53,36,89,27,87,28,61,19,13,
299	2	14	2.33	2,88,30,91,75,55,81,34,43,16,21,53,36,89,27,87,24,69,25,14,
299	2	15	2.043	2,78,20,91,30,75,17,81,55,33,63,41,52,65,70,15,
299	3	4	2.132	3,20,26,17,75,91,30,88,33,55,81,34,43,77,29,72,4,
299	3	5	1.915	3,20,91,30,75,55,81,34,77,29,72,40,95,84,83,5,
299	3	6	1.797	3,20,91,30,75,55,81,34,43,77,29,72,83,95,84,6,
299	3	7	1.99	3,20,91,30,75,55,81,34,77,29,72,50,22,48,92,7,
299	3	8	2.285	3,20,91,30,75,55,81,34,77,29,72,50,22,48,51,80,49,96,8,
299	3	9	2.329	3,20,91,30,75,55,81,34,77,29,72,50,22,48,51,80,49,57,82,9,
299	3	10	2.401	3,20,91,30,75,55,81,34,43,16,21,53,36,89,27,38,45,18,66,86,10,
299	3	11	2.523	3,20,91,30,75,55,81,34,43,16,21,53,36,89,27,38,45,18,66,86,35,11,
299	3	12	2.477	3,20,78,88,30,91,75,55,81,34,43,16,21,53,36,89,27,87,28,61,19,54,44,12,
299	3	13	2.309	3,20,91,30,75,55,81,34,43,16,21,53,36,89,27,87,28,61,19,54,13,
299	3	14	2.303	3,20,91,30,75,55,81,34,43,16,21,53,36,73,32,58,65,70,74,25,14,
299	3	15	1.898	3,20,30,91,75,17,81,55,33,63,41,52,58,65,70,15,
299	4	5	2.164	4,26,17,75,30,91,20,78,88,55,81,34,77,29,72,94,5,
299	4	6	2.03	4,26,17,75,91,30,55,81,34,77,29,72,83,95,84,6,
299	4	7	2.233	4,26,17,75,91,30,55,81,34,77,29,90,22,48,92,7,
299	4	8	2.533	4,26,91,30,75,55,81,34,77,29,72,50,22,48,51,80,49,96,8,
299	4	9	2.539	4,17,75,91,30,55,81,34,77,29,90,22,48,51,80,49,57,82,9,
299	4	10	2.582	4,94,83,95,40,71,92,48,51,80,49,47,59,46,18,66,86,10,
299	4	11	2.715	4,94,83,84,95,71,92,48,51,80,49,47,59,46,18,66,86,35,11,
299	4	12	2.608	4,17,75,91,30,88,55,81,34,43,16,21,53,36,89,27,87,28,61,19,54,44,12,
299	4	13	2.576	4,17,75,91,30,88,55,81,34,43,16,21,53,36,89,27,87,28,61,97,13,
299	4	14	2.603	4,26,17,75,91,30,88,55,81,34,43,16,21,53,36,89,27,87,24,69,25,14,
299	4	15	2.566	4,26,17,75,91,30,88,55,81,34,43,16,21,53,36,73,32,98,58,65,70,15,
299	5	6	2.403	5,94,4,17,75,91,30,55,81,34,77,29,72,83,95,84,6,
299	5	7	2.199	5,83,84,95,40,71,50,22,48,92,51,80,49,96,67,7,
299	5	8	2.322	5,83,84,95,40,71,92,48,51,80,49,47,59,57,82,96,8,
299	5	9	2.313	5,83,95,40,71,48,51,80,49,47,46,18,66,86,59,57,82,9,
299	5	10	2.434	5,83,84,95,92,48,51,80,49,57,82,59,47,46,18,66,86,10,
299	5	11	2.407	5,83,84,95,92,48,51,80,49,47,59,46,18,66,86,56,35,11,
299	5	12	2.623	5,83,84,95,40,71,22,99,68,42,23,45,38,27,87,28,61,19,54,44,12,
299	5	13	2.775	5,83,84,95,40,71,92,48,99,68,42,23,45,38,27,89,87,28,61,19,13,
299	5	14	2.702	5,83,84,95,40,71,92,48,99,68,42,23,45,38,27,87,24,69,25,14,
299	5	15	2.733	5,83,84,95,71,48,99,68,42,23,45,38,27,89,73,32,58,65,70,15,
299	6	7	2.134	6,84,83,95,40,71,50,22,48,92,51,80,49,96,67,7,
299	6	8	1.941	6,84,83,95,40,71,92,48,51,80,49,57,82,96,8,
299	6	9	1.74	6,84,83,95,40,71,92,48,51,80,49,96,57,82,9,
299	6	10	2.251	6,84,83,95,40,71,92,48,51,80,49,47,59,46,18,66,86,10,
299	6	11	2.31	6,84,95,40,71,92,48,51,80,49,47,59,46,18,66,86,56,35,11,
299	6	12	2.471	6,84,95,40,50,22,99,68,42,23,45,38,89,27,87,28,61,19,54,44,12,
299	6	13	2.67	6,84,95,40,71,92,48,22,99,68,42,23,45,38,89,27,87,28,61,19,13,
299	6	14	2.577	6,84,95,40,71,92,48,99,68,42,23,45,38,27,89,87,24,69,25,14,
299	6	15	2.544	6,84,95,40,71,22,99,68,42,23,45,38,27,89,73,32,58,65,70,15,
299	7	8	2.098	7,67,51,80,49,47,46,18,66,86,59,57,82,96,8,
299	7	9	1.931	7,92,48,51,80,49,47,46,18,66,86,59,57,82,9,
299	7	10	1.982	7,67,51,80,49,96,57,82,59,47,46,18,66,86,10,
299	7	11	2.335	7,92,48,51,80,49,96,57,82,59,47,46,18,66,86,56,35,11,
299	7	12	2.499	7,92,48,51,80,99,68,42,23,45,38,89,27,87,28,61,19,54,44,12,
299	7	13	2.785	7,67,51,80,49,57,82,59,47,46,18,66,86,56,35,76,44,54,13,
299	7	14	2.719	7,67,96,49,80,99,68,42,23,45,38,27,89,73,32,58,65,70,74,25,14,
299	7	15	2.638	7,92,48,51,80,99,68,42,23,45,38,27,89,73,32,98,58,65,70,15,
299	8	9	1.743	8,96,49,80,99,68,23,42,18,66,86,59,57,82,9,
299	8	10	1.923	8,67,51,80,49,96,57,82,59,47,46,18,66,86,10,
299	8	11	1.863	8,96,80,49,57,82,59,47,46,18,66,86,56,35,11,
299	8	12	2.068	8,96,49,80,99,68,42,23,45,38,27,87,28,61,19,54,44,12,
299	8	13	2.479	8,96,57,82,59,47,99,68,42,23,45,38,27,89,87,28,61,19,13,
299	8	14	2.534	8,96,49,80,99,68,42,23,45,38,27,89,73,32,98,58,65,70,74,25,14,
299	8	15	2.622	8,82,57,59,47,99,68,42,23,45,38,27,89,73,32,58,65,70,74,15,
299	9	10	2.036	9,82,57,59,47,46,99,68,42,23,45,18,66,86,10,
299	9	11	1.749	9,82,57,59,47,46,99,68,23,42,18,66,86,35,11,
299	9	12	2.027	9,82,57,47,46,42,23,45,38,27,87,28,61,19,54,44,12,
299	9	13	2.169	9,82,57,59,47,46,99,68,42,23,45,38,27,87,28,61,97,13,
299	9	14	2.163	9,82,57,59,47,46,99,68,42,23,45,38,27,87,24,69,25,14,
299	9	15	2.341	9,82,57,59,47,46,99,68,42,23,45,38,27,89,73,32,58,65,70,15,
299	10	11	2.139	10,9,82,57,59,47,46,99,68,23,42,18,66,86,35,11,
299	10	12	2.078	10,86,66,18,42,23,45,38,89,27,87,28,61,19,54,44,12,
299	10	13	2.382	10,86,66,18,46,47,99,68,42,23,45,38,89,27,87,28,61,19,13,
299	10	14	2.313	10,86,66,18,46,47,99,68,42,23,45,38,27,87,24,69,25,14,
299	10	15	2.37	10,86,66,18,46,99,68,42,23,45,38,27,89,73,32,58,65,70,15,
299	11	12	2.051	11,35,86,66,18,45,38,89,27,87,28,61,19,54,44,12,
299	11	13	2.333	11,35,56,86,66,18,42,99,68,23,45,38,27,87,28,61,19,13,
299	11	14	2.253	11,35,56,86,66,18,42,23,45,38,89,27,87,24,69,25,14,
299	11	15	2.43	11,35,56,86,66,18,42,23,45,38,27,89,73,32,98,58,65,70,15,
299	12	13	2.109	12,44,54,19,61,28,87,27,89,73,32,58,24,97,13,
299	12	14	1.971	12,44,54,19,61,28,87,27,89,73,32,58,74,25,14,
299	12	15	1.897	12,44,54,19,61,28,87,27,89,73,32,98,58,65,70,15,
299	13	14	2.075	13,19,61,28,87,27,89,73,32,98,58,65,70,74,25,14,
299	13	15	2.112	13,54,44,19,61,28,87,27,89,73,32,98,58,65,70,15,
299	14	15	1.985	14,25,69,24,87,27,89,73,32,98,58,65,70,74,15,
