332	0	1	1.635	0,28,73,33,30,39,89,34,25,67,43,51,85,79,65,1,
332	0	2	1.672	0,28,73,33,30,39,89,34,25,43,51,85,79,65,26,2,
332	0	3	2.012	0,28,73,33,30,39,89,34,25,43,51,85,79,48,72,74,27,45,3,
332	0	4	2.253	0,28,73,89,34,25,43,51,85,23,79,48,72,74,27,45,83,78,4,
332	0	5	2.388	0,28,43,67,25,34,89,39,50,76,38,59,63,95,92,24,99,5,
332	0	6	2.527	0,28,73,33,30,39,89,34,25,67,50,97,76,38,59,63,95,92,75,6,
332	0	7	2.626	0,28,73,33,30,39,89,34,25,67,50,76,38,59,63,37,62,58,70,7,
332	0	8	2.559	0,28,73,33,30,39,89,34,25,67,50,97,76,38,59,63,37,62,58,70,8,
332	0	9	2.448	0,28,73,33,30,39,89,34,25,67,50,76,38,59,63,62,58,98,82,77,9,
332	0	10	2.351	0,28,43,67,25,34,50,97,76,38,59,63,37,88,68,64,35,20,10,
332	0	11	2.286	0,28,43,67,25,34,50,76,38,59,63,37,88,68,49,61,21,81,11,
332	0	12	2.29	0,28,73,33,30,39,89,34,25,67,50,76,59,38,46,57,53,84,12,
332	0	13	1.878	0,28,43,67,25,34,89,39,30,32,96,69,36,66,22,13,
332	0	14	1.699	0,28,43,67,25,34,89,39,30,33,32,47,96,69,36,14,
332	0	15	1.693	0,28,23,85,51,43,67,25,34,89,39,30,33,32,47,15,
332	1	2	1.892	1,23,85,51,43,25,34,67,71,31,72,48,79,65,26,2,
332	1	3	1.927	1,23,85,51,43,25,34,67,71,48,72,74,27,45,83,3,
332	1	4	2.191	1,65,79,48,72,91,74,27,45,83,87,19,60,54,55,16,29,4,
332	1	5	2.27	1,65,79,48,72,74,27,45,83,87,19,60,54,55,16,29,99,5,
332	1	6	2.543	1,65,79,23,85,51,43,67,25,34,50,76,38,59,63,95,92,75,6,
332	1	7	2.684	1,65,79,23,85,51,43,67,25,34,50,97,76,38,59,63,62,58,70,7,
332	1	8	2.608	1,23,85,51,43,67,25,34,89,39,50,97,76,38,63,37,62,58,70,8,
332	1	9	2.513	1,23,85,51,43,67,25,34,89,39,50,76,38,59,63,62,58,98,82,77,9,
332	1	10	2.408	1,65,79,85,51,43,67,50,76,38,59,63,37,88,68,64,35,20,10,
332	1	11	2.404	1,23,85,51,43,67,25,34,50,97,76,59,38,46,57,52,42,40,21,81,11,
332	1	12	2.467	1,23,85,51,43,67,25,34,50,97,76,59,38,46,57,52,40,42,18,84,12,
332	1	13	2.244	1,65,79,23,85,51,43,67,25,34,89,39,30,33,32,96,69,36,66,22,13,
332	1	14	1.67	1,65,79,85,51,43,67,25,34,89,39,30,32,96,69,14,
332	1	15	1.526	1,65,79,23,85,51,43,67,25,34,89,39,30,32,47,15,
332	2	3	1.913	2,26,65,79,48,72,31,60,19,91,74,27,45,83,78,3,
332	2	4	2.012	2,26,65,23,85,79,48,72,91,74,27,45,83,78,86,29,4,
332	2	5	2.266	2,26,65,79,48,72,74,27,45,83,87,19,60,54,55,16,99,5,
332	2	6	2.422	2,26,65,79,48,72,74,27,45,83,87,19,60,54,55,24,75,6,
332	2	7	2.645	2,26,65,79,48,72,74,27,45,83,87,19,60,54,55,24,75,94,7,
332	2	8	2.58	2,26,65,79,23,85,51,43,67,25,34,50,76,38,59,63,62,58,70,8,
332	2	9	2.561	2,26,65,79,23,85,51,43,67,50,97,76,38,59,63,62,58,98,82,77,9,
332	2	10	2.461	2,26,65,79,85,51,67,50,76,38,59,63,37,88,68,64,35,20,10,
332	2	11	2.444	2,26,65,79,23,85,51,43,67,50,97,76,59,38,46,57,52,40,21,81,11,
332	2	12	2.575	2,26,65,79,23,85,51,43,67,25,34,89,39,30,32,47,96,69,36,66,22,44,12,
332	2	13	2.326	2,26,65,79,23,85,51,43,67,25,34,89,39,30,32,47,96,69,36,66,22,13,
332	2	14	1.826	2,26,65,79,85,51,43,67,25,34,89,39,30,32,47,96,69,14,
332	2	15	1.697	2,26,65,79,23,85,51,43,67,25,34,89,39,30,33,32,47,15,
332	3	4	2.009	3,78,83,45,27,74,91,19,60,90,54,55,16,29,86,4,
332	3	5	2.061	3,78,83,45,27,74,91,19,60,90,54,55,16,29,99,5,
332	3	6	2.492	3,78,83,87,19,60,54,90,97,76,38,59,63,95,92,75,6,
332	3	7	2.642	3,78,83,87,19,60,90,97,76,38,59,63,37,62,58,41,94,7,
332	3	8	2.562	3,78,83,87,19,60,90,97,76,46,38,59,63,37,62,58,70,8,
332	3	9	2.577	3,83,87,19,60,90,97,76,38,59,63,37,88,68,64,35,20,56,9,
332	3	10	2.524	3,78,83,87,19,60,90,97,76,38,59,63,37,88,68,64,49,35,20,10,
332	3	11	2.502	3,78,83,87,19,60,90,97,76,38,59,63,37,88,68,64,49,61,21,81,11,
332	3	12	2.426	3,45,27,74,72,48,79,23,85,51,43,67,25,34,89,39,17,80,84,12,
332	3	13	2.264	3,45,27,74,72,48,79,23,85,51,43,67,25,34,89,39,17,80,22,13,
332	3	14	2.141	3,45,27,74,72,48,79,23,85,51,43,67,25,34,89,39,30,32,96,69,14,
332	3	15	1.929	3,45,27,74,72,48,79,85,51,43,67,25,34,89,39,30,32,47,15,
332	4	5	2.236	4,86,78,83,45,27,74,91,60,19,54,55,16,29,99,5,
332	4	6	2.443	4,29,86,78,83,45,27,74,91,19,60,54,55,24,75,6,
332	4	7	2.483	4,86,78,83,45,27,74,91,19,60,54,55,24,75,94,7,
332	4	8	2.722	4,29,16,55,54,19,60,90,97,76,38,59,63,37,62,58,70,8,
332	4	9	2.626	4,86,87,19,60,90,97,76,38,59,63,37,88,68,64,35,56,9,
332	4	10	2.623	4,29,16,55,54,90,97,76,38,59,63,37,88,68,64,49,35,20,10,
332	4	11	2.696	4,86,87,19,60,90,97,76,46,38,59,63,37,88,68,64,49,61,21,81,11,
332	4	12	2.736	4,78,83,45,27,74,72,48,79,85,51,43,67,25,34,89,39,17,80,84,12,
332	4	13	2.532	4,78,83,45,27,74,72,48,79,23,85,51,43,25,34,89,39,17,66,22,13,
332	4	14	2.42	4,78,83,45,27,74,72,48,79,85,51,43,67,25,34,89,30,32,96,69,14,
332	4	15	2.139	4,78,83,45,27,74,72,48,51,43,67,25,34,89,39,30,32,47,15,
332	5	6	2.519	5,29,86,78,83,45,27,74,91,19,60,54,55,24,75,6,
332	5	7	2.614	5,99,24,92,95,63,59,38,46,37,62,58,41,94,7,
332	5	8	2.477	5,99,75,41,58,62,37,88,68,64,35,56,77,93,8,
332	5	9	2.408	5,99,24,75,92,41,58,62,37,88,68,64,35,20,56,77,9,
332	5	10	2.554	5,99,24,75,92,95,63,59,38,46,57,52,68,64,49,35,20,10,
332	5	11	2.693	5,99,24,75,92,95,63,59,38,46,57,52,40,68,64,49,61,21,81,11,
332	5	12	2.737	5,99,24,75,92,95,63,59,38,46,37,88,68,64,49,61,21,18,12,
332	5	13	2.607	5,99,24,92,95,63,59,38,76,50,67,25,34,89,39,17,80,22,13,
332	5	14	2.484	5,99,24,92,95,63,59,38,76,50,67,25,34,89,39,30,32,96,69,14,
332	5	15	2.306	5,99,24,92,95,63,59,38,76,50,67,25,34,89,39,30,32,47,15,
332	6	7	2.738	6,75,24,92,95,63,59,38,46,37,62,58,41,94,7,
332	6	8	2.49	6,75,41,58,62,37,88,68,64,35,20,56,77,93,8,
332	6	9	2.437	6,75,24,92,41,58,62,37,88,68,64,35,20,56,77,9,
332	6	10	2.583	6,75,24,92,95,63,59,38,46,57,52,68,64,49,35,20,10,
332	6	11	2.598	6,75,24,92,95,63,59,38,46,37,88,68,64,49,61,21,81,11,
332	6	12	2.818	6,75,24,92,95,63,59,38,46,37,88,68,64,49,61,21,18,84,12,
332	6	13	2.685	6,75,92,95,63,59,38,76,97,50,67,25,34,89,39,17,80,22,13,
332	6	14	2.554	6,75,92,95,63,59,38,76,50,67,25,34,89,39,30,32,47,96,69,14,
332	6	15	2.458	6,75,92,95,63,59,38,76,97,50,67,25,34,89,39,30,33,32,47,15,
332	7	8	2.538	7,94,41,58,62,37,88,68,64,35,20,56,77,82,93,8,
332	7	9	2.327	7,94,41,58,62,37,88,68,64,49,35,20,56,77,9,
332	7	10	2.391	7,94,75,92,41,58,62,37,88,68,64,49,35,20,10,
332	7	11	2.614	7,70,58,62,37,63,59,38,46,57,52,68,64,49,61,21,81,11,
332	7	12	2.788	7,94,75,24,92,41,58,62,37,88,68,64,49,61,21,81,18,84,12,
332	7	13	2.759	7,70,58,62,63,59,38,76,97,50,67,25,34,89,39,17,80,22,13,
332	7	14	2.58	7,94,41,95,63,59,38,76,50,67,25,34,89,39,30,32,96,69,14,
332	7	15	2.532	7,70,58,62,63,59,38,76,97,50,67,25,34,89,39,30,33,32,47,15,
332	8	9	2.289	8,70,58,62,37,88,52,68,64,49,35,20,56,77,9,
332	8	10	2.293	8,70,58,62,37,88,52,53,42,40,68,64,35,20,10,
332	8	11	2.049	8,93,82,77,56,20,35,64,68,52,42,40,61,21,81,11,
332	8	12	2.592	8,93,82,77,56,20,35,49,64,68,52,53,42,40,61,21,81,18,84,12,
332	8	13	2.701	8,70,58,62,37,63,59,38,76,97,50,67,25,34,89,39,17,66,22,13,
332	8	14	2.435	8,70,58,62,63,59,38,76,50,67,25,34,89,39,30,32,96,69,14,
332	8	15	2.416	8,70,58,62,37,63,59,38,76,97,50,67,25,34,89,39,30,32,47,15,
332	9	10	2.244	9,77,56,20,35,49,64,68,52,53,42,40,21,81,61,10,
332	9	11	2.089	9,77,82,56,20,35,49,64,68,52,57,53,42,21,81,11,
332	9	12	2.458	9,56,20,35,64,68,88,37,63,59,38,46,57,52,42,18,12,
332	9	13	2.534	9,77,56,20,35,64,68,88,37,63,59,38,46,57,53,80,22,13,
332	9	14	2.506	9,77,82,98,58,62,63,59,76,50,67,25,34,89,39,30,32,47,96,69,14,
332	9	15	2.372	9,77,82,98,58,62,63,59,38,76,97,50,67,25,34,89,39,30,32,47,15,
332	10	11	2	10,20,56,77,82,98,58,62,37,88,68,64,49,61,81,11,
332	10	12	2.063	10,20,35,49,64,68,52,53,42,40,21,61,81,18,84,12,
332	10	13	2.258	10,20,56,77,82,98,58,62,37,88,68,52,42,53,80,22,13,
332	10	14	2.33	10,20,35,64,68,88,46,38,59,76,50,34,89,30,96,69,14,
332	10	15	2.241	10,20,35,64,68,88,37,63,59,38,76,50,34,89,30,32,47,15,
332	11	12	2.033	11,81,21,61,49,64,68,52,40,42,53,80,22,44,84,12,
332	11	13	1.958	11,81,21,61,49,35,64,68,52,40,42,53,80,22,66,13,
332	11	14	1.95	11,81,21,61,49,64,68,52,40,42,53,80,22,66,36,14,
332	11	15	2.157	11,81,21,40,52,57,46,38,59,76,50,67,25,34,89,30,32,47,15,
332	12	13	2.079	12,84,18,81,21,61,49,64,68,52,40,42,53,80,22,66,13,
332	12	14	2.056	12,84,80,17,39,89,34,25,67,43,73,33,32,96,69,14,
332	12	15	2.121	12,84,44,22,80,17,39,89,34,25,67,43,73,33,30,32,47,15,
332	13	14	1.894	13,22,80,17,39,89,34,25,67,43,73,33,32,96,69,14,
332	13	15	1.78	13,22,80,17,39,89,34,25,67,43,73,33,30,32,47,15,
332	14	15	1.829	14,36,17,39,89,34,25,67,51,43,73,33,30,32,47,15,
