49	0	1	2.159	0,38,59,83,36,26,82,16,63,95,72,24,51,55,66,1,
49	0	2	1.946	0,38,59,83,26,82,16,63,95,72,51,24,27,93,2,
49	0	3	1.965	0,38,59,83,26,82,16,63,95,72,51,24,27,93,3,
49	0	4	2.113	0,38,36,26,82,16,63,95,51,24,27,29,90,60,62,4,
49	0	5	2.256	0,38,36,26,82,16,63,99,45,73,91,33,50,20,28,75,19,5,
49	0	6	2.418	0,38,36,26,82,16,63,99,45,73,74,40,76,43,42,94,69,96,49,22,6,
49	0	7	2.344	0,38,36,26,82,16,63,99,45,73,74,40,76,43,42,94,69,96,52,41,7,
49	0	8	2.275	0,38,36,26,82,16,63,99,45,73,74,40,76,43,42,94,69,52,37,8,
49	0	9	2.512	0,38,36,26,82,16,63,18,99,79,45,73,74,56,40,76,43,42,44,53,9,
49	0	10	2.321	0,38,36,26,82,16,63,99,45,73,74,40,56,61,80,81,54,65,10,
49	0	11	2.263	0,38,36,26,82,16,63,99,45,73,74,56,61,80,32,58,85,64,25,11,
49	0	12	2.175	0,38,36,26,82,16,63,99,79,17,32,58,67,85,64,98,12,
49	0	13	2.168	0,38,36,26,82,16,63,99,45,73,74,79,97,86,87,13,
49	0	14	2.291	0,38,36,59,83,26,82,16,63,18,99,30,47,92,14,
49	0	15	2.291	0,38,36,26,55,51,24,72,95,16,63,18,82,83,59,15,
49	1	2	2.124	1,36,83,26,82,16,63,95,72,51,24,27,29,93,2,
49	1	3	2.076	1,36,83,26,82,16,63,95,72,51,24,27,29,39,3,
49	1	4	2.176	1,36,26,82,16,63,95,72,51,24,27,29,90,60,62,4,
49	1	5	2.262	1,55,82,16,63,99,45,73,91,33,46,50,20,28,75,19,5,
49	1	6	2.304	1,55,82,16,63,99,45,73,74,91,33,46,50,20,28,75,22,6,
49	1	7	2.288	1,55,26,82,16,63,99,45,73,74,40,76,43,42,94,69,52,41,7,
49	1	8	2.292	1,55,26,82,16,63,99,45,73,74,40,76,43,42,94,69,52,37,8,
49	1	9	2.65	1,36,26,82,16,63,99,45,73,74,40,76,43,42,94,69,96,52,78,53,9,
49	1	10	2.417	1,55,26,82,16,63,99,45,73,74,40,56,61,80,17,32,81,65,10,
49	1	11	2.277	1,55,82,16,63,99,45,73,74,56,61,80,17,32,58,67,85,64,25,11,
49	1	12	2.274	1,55,82,16,63,99,45,73,74,56,61,80,32,58,67,85,64,98,12,
49	1	13	2.381	1,55,82,16,63,99,45,73,74,56,61,80,17,32,68,86,87,13,
49	1	14	2.215	1,66,24,72,51,55,26,82,16,63,18,83,59,92,14,
49	1	15	2.357	1,66,24,72,51,55,26,82,16,63,18,30,47,83,59,15,
49	2	3	2.124	2,93,27,24,51,55,26,82,16,63,95,72,90,29,39,3,
49	2	4	2.184	2,27,24,51,55,36,26,82,16,63,95,31,60,71,62,4,
49	2	5	2.274	2,27,24,51,82,16,63,57,33,46,50,20,28,75,19,5,
49	2	6	2.349	2,27,24,51,82,16,63,99,45,73,91,33,50,20,28,75,22,6,
49	2	7	2.324	2,27,24,72,95,63,99,45,73,74,40,76,43,42,94,69,52,41,7,
49	2	8	2.349	2,27,24,51,82,16,63,99,45,73,74,40,76,43,42,94,69,52,37,8,
49	2	9	2.376	2,27,24,72,51,82,16,63,99,45,73,74,40,76,43,42,44,53,9,
49	2	10	2.52	2,27,24,51,82,16,63,99,45,73,74,40,56,61,17,32,54,81,65,10,
49	2	11	2.337	2,27,24,51,82,16,63,99,45,73,74,56,61,80,32,58,85,64,25,11,
49	2	12	2.372	2,27,24,51,82,16,63,99,45,73,74,56,61,80,32,58,85,64,98,12,
49	2	13	2.466	2,27,24,51,82,16,63,99,45,73,74,56,61,80,32,68,86,87,13,
49	2	14	2.646	2,27,24,51,82,16,63,99,45,73,74,56,61,80,32,68,86,87,14,
49	2	15	2.231	2,27,24,51,72,95,63,16,82,26,36,83,59,92,15,
49	3	4	2.19	3,93,27,24,51,55,26,82,16,63,95,31,60,71,62,4,
49	3	5	2.362	3,29,90,31,57,45,73,74,91,33,46,50,20,28,75,19,5,
49	3	6	2.231	3,39,29,90,31,35,50,33,46,21,69,52,96,49,22,6,
49	3	7	2.412	3,39,29,90,31,57,91,73,74,40,76,43,42,94,69,52,41,7,
49	3	8	2.405	3,39,60,71,48,19,75,28,20,50,33,46,21,69,96,52,37,8,
49	3	9	2.452	3,93,27,24,51,82,16,63,99,45,73,74,40,76,43,42,44,53,9,
49	3	10	2.563	3,93,27,24,51,82,16,63,99,45,73,74,40,56,61,80,81,54,65,10,
49	3	11	2.485	3,29,90,72,95,16,63,99,45,73,74,56,61,80,17,32,58,85,64,25,11,
49	3	12	2.52	3,29,90,31,57,45,73,74,40,56,61,80,17,32,34,67,58,85,64,98,12,
49	3	13	2.601	3,29,90,31,57,45,73,74,40,56,61,80,17,32,58,67,34,68,86,87,13,
49	3	14	2.772	3,29,90,31,57,45,73,74,40,56,61,17,32,58,67,34,68,86,87,14,
49	3	15	2.514	3,39,90,29,93,27,24,51,72,95,16,63,18,82,26,83,59,15,
49	4	5	2.108	4,62,71,48,19,75,28,20,21,69,52,96,49,22,5,
49	4	6	1.859	4,62,71,48,19,75,28,20,21,69,52,96,49,22,6,
49	4	7	2.123	4,62,71,48,19,75,28,20,50,33,46,21,69,96,52,37,41,7,
49	4	8	2.192	4,62,71,48,19,75,28,20,35,50,33,46,21,69,52,37,23,8,
49	4	9	2.511	4,62,71,48,19,75,28,20,50,46,33,91,73,74,40,76,43,42,44,53,9,
49	4	10	2.525	4,71,48,89,28,20,50,33,46,42,43,76,40,56,61,80,17,32,81,65,10,
49	4	11	2.392	4,62,71,48,89,28,20,50,33,91,40,56,61,80,17,32,58,67,85,64,25,11,
49	4	12	2.409	4,71,48,89,28,20,50,33,91,40,56,61,80,17,32,58,67,85,64,98,12,
49	4	13	2.551	4,62,71,48,89,28,20,50,46,42,43,76,40,56,61,80,17,32,58,67,70,13,
49	4	14	2.709	4,62,71,48,89,28,20,50,33,91,74,73,45,99,63,16,18,30,47,92,14,
49	4	15	2.553	4,71,48,89,28,20,50,33,91,74,73,45,99,63,16,82,83,59,15,
49	5	6	1.865	5,19,75,28,20,50,33,46,21,69,52,96,49,22,6,
49	5	7	1.942	5,19,75,28,20,50,33,46,43,42,94,69,96,52,41,7,
49	5	8	1.84	5,19,75,28,20,50,33,46,21,96,69,52,37,23,8,
49	5	9	2.281	5,19,75,28,20,50,46,33,91,45,73,74,40,76,43,42,44,53,9,
49	5	10	2.313	5,19,75,28,20,50,46,42,43,76,40,56,61,80,17,32,81,65,10,
49	5	11	2.263	5,19,75,28,20,50,46,42,43,76,40,56,61,80,32,58,67,85,64,25,11,
49	5	12	2.256	5,19,75,28,20,50,33,91,40,56,61,80,17,32,58,67,85,64,98,12,
49	5	13	2.38	5,19,75,28,20,50,46,42,43,76,40,56,61,80,17,32,58,67,70,13,
49	5	14	2.548	5,19,75,28,20,50,33,91,40,56,61,80,32,58,67,34,68,86,87,14,
49	5	15	2.431	5,19,75,28,20,50,33,91,73,45,99,63,16,82,26,83,59,15,
49	6	7	1.855	6,22,75,28,20,50,33,46,94,69,96,52,37,41,7,
49	6	8	1.787	6,22,75,28,20,50,33,46,21,69,52,37,23,8,
49	6	9	2.006	6,22,49,96,52,69,94,42,43,76,40,56,61,44,53,9,
49	6	10	2.143	6,22,49,96,52,69,94,42,43,76,40,56,61,80,17,32,81,65,10,
49	6	11	2.048	6,22,49,96,69,94,42,43,76,40,56,61,80,32,58,67,85,64,25,11,
49	6	12	2.121	6,22,49,96,69,94,42,43,76,40,56,61,80,17,32,58,67,85,64,98,12,
49	6	13	2.254	6,22,49,96,52,69,94,42,43,76,40,56,61,80,17,32,58,67,34,70,13,
49	6	14	2.413	6,22,49,96,69,94,42,43,76,40,56,61,80,32,58,67,34,68,86,87,14,
49	6	15	2.528	6,22,75,28,20,50,46,33,91,74,73,45,99,63,16,82,26,83,59,15,
49	7	8	1.947	7,41,37,52,69,96,49,21,94,42,43,44,78,23,8,
49	7	9	1.986	7,41,37,52,96,69,94,42,43,76,40,56,61,44,53,9,
49	7	10	2.078	7,49,96,52,69,94,42,43,76,40,56,61,80,17,32,81,65,10,
49	7	11	1.901	7,41,52,69,94,42,43,76,40,56,61,80,32,58,67,85,64,25,11,
49	7	12	1.949	7,41,52,69,94,42,43,76,40,56,61,80,17,32,58,85,64,98,12,
49	7	13	2.115	7,41,52,69,94,42,43,76,40,56,61,17,32,58,67,34,68,86,87,13,
49	7	14	2.403	7,41,37,52,69,94,42,43,76,40,56,61,80,17,32,58,67,34,68,86,87,14,
49	7	15	2.439	7,41,52,69,94,42,43,76,40,74,73,45,99,63,16,82,26,36,38,15,
49	8	9	1.909	8,23,37,52,69,94,42,43,76,40,56,61,44,53,9,
49	8	10	1.873	8,37,52,96,69,94,42,43,76,40,56,61,80,81,65,10,
49	8	11	1.832	8,23,78,42,43,76,40,56,61,80,17,32,58,67,85,64,25,11,
49	8	12	1.936	8,23,78,42,43,76,40,56,61,80,17,32,34,67,58,85,64,98,12,
49	8	13	2.09	8,37,52,69,94,42,43,76,40,56,61,80,32,58,67,34,68,86,87,13,
49	8	14	2.27	8,37,52,69,94,42,43,76,40,56,61,80,32,58,67,34,68,86,87,14,
49	8	15	2.396	8,37,52,69,94,42,43,76,40,74,73,45,99,63,16,82,83,59,15,
49	9	10	2.034	9,53,44,42,43,76,40,56,61,80,17,32,54,81,84,65,10,
49	9	11	1.818	9,53,44,43,76,40,56,61,80,17,32,58,85,64,25,11,
49	9	12	1.799	9,53,44,76,40,56,61,80,17,32,58,67,85,64,98,12,
49	9	13	2.063	9,53,44,42,43,76,40,56,61,80,17,32,58,67,34,68,86,87,13,
49	9	14	2.403	9,53,44,42,43,76,40,56,61,17,32,58,67,34,68,86,87,92,14,
49	9	15	2.385	9,53,44,42,43,76,40,74,73,45,99,63,16,82,26,83,59,15,
49	10	11	1.966	10,65,84,44,42,43,76,40,56,61,80,32,58,85,64,25,11,
49	10	12	2.041	10,65,54,81,80,61,56,17,32,58,34,67,85,64,25,98,12,
49	10	13	2.084	10,65,84,44,76,56,61,80,17,32,58,67,34,68,86,87,13,
49	10	14	2.451	10,65,81,54,32,17,80,61,56,40,74,73,45,99,30,47,92,14,
49	10	15	2.409	10,65,81,61,56,40,74,73,45,99,63,16,82,26,83,59,15,
49	11	12	1.931	11,25,64,85,54,81,61,80,17,32,58,67,34,68,70,98,12,
49	11	13	1.891	11,25,64,85,54,81,61,17,32,58,67,34,68,86,87,13,
49	11	14	2.249	11,25,64,85,54,81,61,80,17,32,58,67,34,68,86,87,92,14,
49	11	15	2.315	11,25,64,85,67,58,32,17,79,99,63,16,82,26,83,59,15,
49	12	13	1.947	12,25,64,85,54,81,61,17,32,58,67,34,68,86,87,13,
49	12	14	2.127	12,25,64,85,54,81,61,17,32,58,67,34,68,86,87,14,
49	12	15	2.325	12,98,64,85,58,32,17,79,99,63,16,82,26,83,59,15,
49	13	14	2.326	13,87,86,68,34,67,58,32,80,61,17,88,97,30,47,92,14,
49	13	15	2.289	13,87,86,97,79,74,73,45,99,63,16,82,83,59,15,
49	14	15	2.447	14,92,59,83,26,82,16,63,95,72,24,51,55,36,38,15,
