71	0	1	1.893	0,35,58,81,84,68,16,98,32,31,29,33,88,75,66,1,
71	0	2	1.925	0,35,58,81,84,68,16,98,32,31,29,33,88,75,66,2,
71	0	3	2.208	0,35,58,81,84,68,16,98,55,32,31,29,90,37,77,18,62,3,
71	0	4	2.593	0,35,58,81,84,68,16,98,32,31,33,29,90,37,18,62,3,85,23,4,
71	0	5	2.487	0,35,58,81,84,68,16,98,32,55,65,39,50,46,63,78,27,96,5,
71	0	6	2.539	0,35,58,81,84,16,98,32,65,39,50,69,92,99,24,41,45,30,80,6,
71	0	7	2.473	0,35,58,81,84,68,16,98,32,65,39,50,46,69,93,92,99,24,41,7,
71	0	8	2.507	0,35,58,81,84,16,98,55,19,89,20,91,54,49,21,64,70,36,72,25,8,
71	0	9	2.521	0,35,58,81,84,68,16,98,32,55,74,89,20,91,54,49,21,28,82,34,9,
71	0	10	2.464	0,35,58,81,84,16,98,55,74,89,57,61,26,53,52,17,43,48,10,
71	0	11	2.177	0,35,58,81,84,16,98,55,74,89,57,61,26,53,52,17,43,11,
71	0	12	2.146	0,35,58,81,84,16,98,55,19,89,57,61,26,53,94,51,40,12,
71	0	13	2.224	0,35,58,81,84,68,16,98,32,55,74,89,57,61,59,13,
71	0	14	2.408	0,35,58,81,84,68,16,98,32,55,74,89,57,61,59,14,
71	0	15	2.242	0,35,81,58,66,75,88,33,29,31,32,98,16,97,38,15,
71	1	2	1.897	1,35,58,81,84,68,16,98,32,31,29,33,88,75,66,2,
71	1	3	1.958	1,35,81,58,66,75,88,33,29,77,62,18,37,23,85,3,
71	1	4	2.565	1,35,58,81,84,68,16,98,32,31,33,29,90,37,18,62,3,85,23,4,
71	1	5	2.453	1,66,75,88,33,29,31,68,16,98,32,65,39,50,46,78,27,96,5,
71	1	6	2.546	1,58,81,84,16,68,98,32,65,39,50,46,69,92,99,24,41,45,42,30,80,6,
71	1	7	2.539	1,66,75,88,33,29,31,68,16,98,32,65,39,50,46,69,92,99,24,41,7,
71	1	8	2.55	1,58,81,84,16,68,98,32,55,74,89,20,71,91,54,49,21,64,70,36,72,25,8,
71	1	9	2.604	1,58,81,84,16,68,98,32,55,74,89,20,91,87,54,49,21,64,70,95,44,9,
71	1	10	2.53	1,58,81,84,68,16,98,32,55,19,74,89,57,61,26,53,52,17,43,48,10,
71	1	11	2.411	1,66,75,88,33,29,31,68,16,98,55,74,89,57,61,26,53,52,17,43,11,
71	1	12	2.142	1,35,58,81,84,16,98,32,55,74,89,57,61,26,53,94,51,40,12,
71	1	13	2.129	1,58,81,84,16,98,55,74,89,57,61,26,53,51,94,13,
71	1	14	2.368	1,58,81,84,68,16,98,32,55,19,74,89,57,61,59,14,
71	1	15	2.214	1,35,81,58,66,75,88,33,29,31,32,98,16,97,38,15,
71	2	3	1.953	2,66,75,58,81,84,16,68,31,29,90,37,18,62,3,
71	2	4	2.023	2,66,75,88,33,29,31,56,90,77,62,18,37,23,85,4,
71	2	5	2.19	2,66,75,88,33,29,56,65,39,50,46,63,78,27,96,5,
71	2	6	2.463	2,66,75,88,33,29,56,65,39,50,46,69,92,99,24,41,42,30,6,
71	2	7	2.438	2,66,75,88,33,29,31,56,65,39,50,46,69,93,92,99,24,41,7,
71	2	8	2.597	2,62,18,77,90,60,96,27,79,80,30,42,45,41,24,99,22,36,72,25,8,
71	2	9	2.627	2,66,75,88,33,29,56,65,39,50,69,92,99,22,36,70,64,95,44,9,
71	2	10	2.612	2,75,88,33,29,31,32,98,55,19,89,57,61,26,53,52,17,43,48,10,
71	2	11	2.426	2,75,88,33,29,31,68,16,98,32,55,74,89,57,61,26,53,52,17,43,11,
71	2	12	2.305	2,66,75,88,33,29,31,32,98,55,74,89,57,61,26,53,94,51,40,12,
71	2	13	2.397	2,75,88,33,29,31,32,98,55,74,89,57,61,26,53,51,94,13,
71	2	14	2.622	2,66,75,88,33,29,31,68,16,98,32,55,74,89,57,61,59,14,
71	2	15	2.257	2,66,75,88,33,29,31,68,16,84,81,58,35,97,38,15,
71	3	4	2.235	3,62,18,77,33,29,31,68,16,98,32,56,90,37,85,4,
71	3	5	2.081	3,62,18,77,37,90,56,65,39,50,46,63,78,27,96,5,
71	3	6	2.007	3,62,18,77,37,85,23,60,96,27,79,80,30,42,45,6,
71	3	7	2.203	3,62,18,37,90,60,63,78,27,96,79,80,30,42,24,41,7,
71	3	8	2.389	3,62,18,37,90,60,96,27,79,80,30,42,45,41,24,99,22,72,25,8,
71	3	9	2.447	3,62,18,77,37,90,56,39,50,46,69,92,22,36,70,64,95,44,9,
71	3	10	2.562	3,62,18,77,29,31,32,98,55,74,89,57,61,26,53,52,17,43,48,10,
71	3	11	2.352	3,62,18,77,29,31,68,16,98,55,74,89,57,61,26,53,52,17,43,11,
71	3	12	2.435	3,62,18,37,90,29,31,68,16,98,55,74,89,57,61,26,53,51,40,12,
71	3	13	2.56	3,62,18,77,29,31,68,16,98,32,55,74,89,57,61,26,53,40,51,13,
71	3	14	2.701	3,62,18,77,37,90,29,31,68,16,98,55,74,89,57,61,59,14,
71	3	15	2.537	3,62,18,77,37,90,29,33,88,75,66,58,81,84,68,16,97,38,15,
71	4	5	2.213	4,85,23,37,18,62,77,90,56,65,39,63,78,27,96,5,
71	4	6	2.191	4,85,23,37,18,62,77,90,60,27,79,80,30,42,45,6,
71	4	7	2.233	4,96,27,79,80,30,42,45,41,24,99,92,22,36,72,25,67,7,
71	4	8	2.085	4,96,27,79,80,30,42,45,41,24,99,92,22,64,70,36,25,8,
71	4	9	2.232	4,96,27,79,80,30,42,45,41,24,99,92,22,36,70,64,95,44,9,
71	4	10	2.458	4,96,27,79,80,30,45,41,24,99,92,22,36,70,64,82,34,76,10,
71	4	11	2.576	4,85,23,37,90,29,31,32,98,55,74,89,57,61,26,53,52,17,43,11,
71	4	12	2.57	4,85,23,37,18,77,29,31,32,98,55,74,89,57,61,26,53,94,51,40,12,
71	4	13	2.684	4,23,37,18,77,29,31,32,98,55,74,89,57,61,26,53,51,94,13,
71	4	14	2.881	4,85,23,37,18,62,77,33,29,31,68,16,98,32,55,74,89,19,86,14,
71	4	15	2.729	4,85,23,37,18,62,77,29,33,88,75,66,58,81,84,68,16,97,38,15,
71	5	6	1.973	5,96,27,60,63,78,46,69,92,99,24,41,45,30,80,6,
71	5	7	1.831	5,96,27,79,80,30,42,45,41,24,99,22,36,72,67,7,
71	5	8	1.818	5,96,27,79,80,30,42,45,41,24,99,92,93,22,36,72,25,8,
71	5	9	2.022	5,96,27,79,80,30,42,45,41,24,99,92,22,36,70,64,95,44,9,
71	5	10	2.249	5,96,27,79,80,30,42,45,41,24,99,22,36,70,64,28,82,34,76,10,
71	5	11	2.462	5,96,27,79,80,30,42,24,99,22,36,70,64,28,82,47,73,83,17,43,11,
71	5	12	2.663	5,79,80,30,42,24,99,22,36,70,64,21,49,91,20,57,61,26,53,40,12,
71	5	13	2.74	5,96,27,78,63,46,50,87,54,91,71,20,57,61,26,53,52,40,51,94,13,
71	5	14	2.949	5,96,27,78,46,50,87,54,91,71,20,57,61,26,53,40,51,94,59,14,
71	5	15	2.906	5,96,27,78,63,46,50,39,65,32,98,16,68,84,81,58,35,97,38,15,
71	6	7	1.74	6,80,30,42,41,24,99,92,22,36,70,95,25,72,67,7,
71	6	8	1.611	6,80,30,42,45,41,24,99,92,22,70,64,95,36,72,25,8,
71	6	9	2.047	6,80,30,42,45,41,24,92,99,22,36,70,64,21,28,82,34,95,44,9,
71	6	10	2.194	6,80,30,42,45,41,24,92,93,22,36,70,64,21,28,82,34,76,48,10,
71	6	11	2.24	6,80,30,42,45,41,24,99,22,36,70,64,21,28,82,34,47,73,83,17,43,11,
71	6	12	2.281	6,80,30,42,45,41,24,99,92,93,54,91,20,57,61,26,53,94,51,40,12,
71	6	13	2.414	6,80,30,42,24,99,22,36,70,64,21,49,54,91,20,57,61,59,13,
71	6	14	2.598	6,80,30,42,24,99,22,36,70,64,21,49,54,91,20,57,61,59,14,
71	6	15	2.683	6,80,30,42,45,41,24,99,22,36,70,64,21,49,91,20,89,19,86,15,
71	7	8	1.649	7,41,24,92,99,22,36,70,64,28,82,34,95,25,8,
71	7	9	1.578	7,41,24,92,99,22,36,70,64,21,28,82,34,44,9,
71	7	10	1.699	7,41,24,92,99,22,36,70,64,28,82,34,76,48,10,
71	7	11	2.143	7,41,24,99,92,93,22,36,70,64,21,28,82,34,47,73,83,17,43,11,
71	7	12	2.147	7,41,24,99,22,36,70,64,21,49,91,20,57,61,26,53,94,51,40,12,
71	7	13	2.351	7,41,24,99,22,36,70,64,21,49,71,20,57,61,26,53,51,94,13,
71	7	14	2.562	7,41,24,99,92,22,36,70,64,21,49,54,87,91,20,57,61,59,14,
71	7	15	2.59	7,41,24,99,92,22,36,70,64,21,49,54,87,91,20,89,19,86,15,
71	8	9	1.593	8,25,72,22,36,70,64,21,49,28,82,34,95,44,9,
71	8	10	1.684	8,25,72,22,36,95,70,64,21,28,82,34,76,48,10,
71	8	11	1.656	8,25,72,22,36,70,64,28,82,34,47,73,83,17,43,11,
71	8	12	1.889	8,25,72,36,70,64,21,49,54,91,20,57,61,26,53,94,51,40,12,
71	8	13	2.292	8,25,72,36,70,64,82,28,21,49,54,91,20,57,61,26,53,40,51,94,13,
71	8	14	2.56	8,25,72,36,70,64,82,28,21,49,54,87,91,71,20,57,61,26,59,14,
71	8	15	2.673	8,25,72,36,70,64,21,49,54,87,91,20,89,74,55,32,98,68,16,97,38,15,
71	9	10	1.799	9,44,95,36,22,70,64,21,28,82,34,47,76,48,10,
71	9	11	1.781	9,44,95,36,70,64,21,28,82,34,47,73,83,17,43,11,
71	9	12	1.776	9,34,82,28,49,54,91,20,57,61,26,53,94,51,40,12,
71	9	13	2.204	9,44,34,82,28,21,49,54,87,91,20,57,61,26,53,40,51,94,13,
71	9	14	2.437	9,44,95,36,70,64,82,28,21,49,54,91,20,57,61,59,14,
71	9	15	2.717	9,44,95,36,70,64,82,28,21,49,54,87,91,71,20,89,74,19,86,15,
71	10	11	1.896	10,76,34,82,28,49,91,20,57,61,26,53,52,17,43,11,
71	10	12	1.876	10,76,34,82,28,49,71,20,57,61,26,53,94,51,40,12,
71	10	13	2.113	10,76,34,82,28,21,49,91,20,57,61,26,53,40,51,94,13,
71	10	14	2.567	10,76,34,82,28,21,49,54,91,20,57,61,26,53,40,51,94,59,14,
71	10	15	2.588	10,48,43,17,52,53,26,61,57,89,74,55,32,98,68,16,97,38,15,
71	11	12	2.133	11,17,83,73,47,82,28,49,91,20,57,61,26,53,51,40,12,
71	11	13	2.258	11,43,17,83,73,49,54,91,20,57,61,26,53,40,51,94,13,
71	11	14	2.349	11,43,17,52,53,26,61,57,89,74,55,98,16,97,86,14,
71	11	15	2.342	11,43,17,52,53,26,61,57,89,74,19,55,32,98,16,97,38,15,
71	12	13	2.471	12,40,51,94,53,26,61,57,20,91,54,87,74,89,19,59,13,
71	12	14	2.288	12,40,51,94,53,26,61,57,89,74,55,98,16,97,86,14,
71	12	15	2.117	12,40,51,94,53,26,61,57,89,74,55,98,16,97,38,15,
71	13	14	2.515	13,94,51,40,53,26,61,57,89,74,55,98,16,97,86,14,
71	13	15	2.344	13,94,51,40,53,26,61,57,89,74,55,98,16,97,38,15,
71	14	15	2.658	14,86,97,16,68,31,29,33,88,75,66,58,81,35,0,38,15,
