257	0	1	1.936	0,22,87,50,74,59,57,33,34,73,77,81,26,38,51,1,
257	0	2	1.857	0,22,87,50,74,59,57,77,81,26,23,98,82,60,62,2,
257	0	3	2.203	0,87,50,74,59,57,33,34,99,78,63,58,21,55,66,69,18,3,
257	0	4	2.181	0,87,50,74,59,57,33,73,99,78,63,58,21,55,66,16,69,45,72,4,
257	0	5	2.505	0,87,50,74,59,57,33,34,73,99,78,40,24,58,21,55,44,17,5,
257	0	6	2.644	0,87,50,74,59,57,33,34,73,86,21,55,58,24,40,76,47,75,6,
257	0	7	2.531	0,87,50,74,59,57,33,73,86,21,55,58,24,76,47,93,92,39,91,79,7,
257	0	8	2.687	0,87,50,74,59,57,33,73,99,78,85,35,54,30,52,90,53,46,64,88,28,8,
257	0	9	2.634	0,87,50,74,59,57,33,73,99,78,85,35,54,30,46,64,88,28,65,97,9,
257	0	10	2.389	0,87,50,74,59,57,33,73,99,78,85,35,54,30,52,53,90,67,56,10,
257	0	11	2.369	0,87,50,74,59,57,33,73,99,78,85,54,35,37,70,49,20,11,
257	0	12	2.651	0,87,50,74,59,57,33,34,99,78,85,54,35,37,70,49,20,43,12,
257	0	13	2.407	0,87,50,22,51,38,26,81,77,57,59,74,29,32,42,83,96,13,
257	0	14	2.233	0,22,51,38,26,81,77,57,32,29,74,50,87,25,48,80,31,14,
257	0	15	1.85	0,22,51,38,26,81,77,57,59,74,29,50,87,25,48,80,15,
257	1	2	1.953	1,51,38,26,81,77,57,33,34,73,61,23,98,82,60,62,2,
257	1	3	1.95	1,38,26,81,77,23,98,82,68,21,55,66,16,69,18,3,
257	1	4	1.88	1,38,26,81,77,23,98,82,68,21,55,66,69,45,72,4,
257	1	5	2.42	1,38,26,81,77,23,98,82,68,69,16,66,55,21,58,24,44,17,5,
257	1	6	2.546	1,38,26,81,23,98,82,68,16,66,55,21,58,24,40,76,47,75,6,
257	1	7	2.541	1,38,26,81,23,98,82,68,16,66,55,21,58,24,76,47,93,92,39,79,7,
257	1	8	2.598	1,38,26,81,23,98,82,68,16,66,55,21,58,24,47,76,36,64,88,28,8,
257	1	9	2.614	1,38,26,81,77,33,34,99,78,85,35,54,30,46,64,88,28,65,97,9,
257	1	10	2.527	1,38,26,81,77,57,33,73,99,78,85,35,54,30,46,52,53,90,67,56,10,
257	1	11	2.396	1,38,26,81,77,57,33,73,99,78,85,54,35,37,70,49,20,11,
257	1	12	2.571	1,38,26,81,77,57,59,74,50,87,25,48,80,95,84,83,96,27,12,
257	1	13	2.426	1,51,38,26,81,77,57,59,74,50,87,25,48,80,95,84,83,96,13,
257	1	14	2.292	1,51,38,26,81,77,73,34,33,57,59,74,50,87,25,48,80,31,14,
257	1	15	2.013	1,38,26,81,77,57,33,34,32,29,74,50,87,25,48,80,15,
257	2	3	1.917	2,62,60,98,23,61,86,63,58,21,55,66,16,69,18,3,
257	2	4	1.843	2,62,60,82,98,23,61,86,21,55,66,16,69,45,89,72,4,
257	2	5	2.031	2,62,60,41,18,69,16,66,55,21,58,24,44,17,94,5,
257	2	6	2.421	2,41,18,69,16,66,55,21,58,24,47,76,93,92,39,91,79,6,
257	2	7	2.298	2,62,60,98,82,68,16,66,55,21,58,24,76,47,93,92,39,91,79,7,
257	2	8	2.533	2,62,60,41,18,69,16,66,55,21,58,24,47,76,36,64,88,28,65,8,
257	2	9	2.599	2,62,60,98,82,68,16,66,55,21,58,24,47,76,36,64,88,28,65,97,9,
257	2	10	2.615	2,62,60,82,98,23,61,73,33,34,99,78,85,35,54,30,52,53,90,67,56,10,
257	2	11	2.528	2,62,60,98,23,61,73,33,34,99,78,85,54,35,37,70,49,20,11,
257	2	12	2.715	2,62,60,82,68,16,66,55,21,58,24,40,19,54,35,37,70,43,12,
257	2	13	2.534	2,62,60,82,98,23,81,77,57,59,74,50,87,25,48,80,95,83,96,13,
257	2	14	2.297	2,62,60,82,98,23,26,38,81,77,57,59,74,50,87,25,48,80,31,14,
257	2	15	1.938	2,62,60,82,98,23,61,73,33,57,59,74,50,87,25,48,80,15,
257	3	4	1.912	3,18,41,60,62,98,82,68,21,55,66,16,69,45,72,4,
257	3	5	1.89	3,18,69,16,66,55,21,58,24,40,76,47,44,17,5,
257	3	6	2.003	3,18,69,66,55,21,58,24,76,47,93,39,91,79,6,
257	3	7	2.131	3,18,69,16,66,55,21,58,24,40,76,47,75,93,92,39,79,7,
257	3	8	2.375	3,18,69,66,55,21,58,24,76,47,75,79,91,39,92,64,88,28,8,
257	3	9	2.651	3,18,69,16,66,21,55,24,76,47,75,79,91,39,92,64,88,28,65,97,9,
257	3	10	2.459	3,18,69,16,66,55,21,58,24,40,19,85,35,54,30,52,90,67,56,10,
257	3	11	2.482	3,18,69,66,55,21,58,24,40,19,54,35,52,53,90,67,56,49,20,11,
257	3	12	2.46	3,18,69,16,66,55,21,58,24,40,19,30,54,35,37,70,43,12,
257	3	13	2.625	3,18,69,16,66,55,21,58,24,40,19,30,54,35,37,71,96,13,
257	3	14	2.435	3,18,41,60,62,98,23,26,81,77,59,74,50,87,25,48,80,31,14,
257	3	15	2.272	3,18,69,66,55,21,58,63,78,99,34,33,57,59,74,50,25,48,15,
257	4	5	1.78	4,72,45,69,16,66,55,21,58,24,76,47,44,17,94,5,
257	4	6	1.922	4,72,89,45,69,16,66,55,21,58,24,40,76,47,75,6,
257	4	7	1.842	4,72,45,69,16,66,55,21,58,24,47,76,93,92,39,91,79,7,
257	4	8	2.1	4,72,45,69,16,66,55,21,58,24,76,47,93,92,64,88,28,8,
257	4	9	2.252	4,72,45,69,16,66,55,21,58,24,76,47,93,64,88,28,65,97,9,
257	4	10	2.293	4,72,45,69,66,55,21,58,24,40,19,30,54,35,52,53,90,67,56,10,
257	4	11	2.342	4,72,45,69,16,66,55,21,58,24,40,19,30,54,35,37,70,49,20,11,
257	4	12	2.355	4,72,45,69,16,66,55,21,58,24,40,19,54,35,37,70,43,12,
257	4	13	2.578	4,72,45,69,16,66,55,21,58,24,40,19,30,54,35,37,71,27,13,
257	4	14	2.435	4,72,45,69,66,55,21,86,73,33,57,59,74,50,87,25,48,80,31,14,
257	4	15	2.231	4,72,45,69,16,66,55,21,86,73,34,33,57,59,74,50,87,25,48,15,
257	5	6	2.065	5,94,89,72,45,69,16,66,55,21,58,24,76,47,75,6,
257	5	7	1.983	5,94,66,55,21,58,24,76,47,75,93,92,39,91,79,7,
257	5	8	2.16	5,94,89,72,45,69,16,66,55,58,24,76,36,64,88,28,8,
257	5	9	2.189	5,17,44,55,21,58,24,47,76,36,64,88,65,97,9,
257	5	10	2.574	5,94,89,72,45,69,16,66,55,58,24,40,19,54,35,52,90,67,56,10,
257	5	11	2.604	5,94,89,72,45,69,16,66,55,58,24,40,19,54,35,37,70,49,20,11,
257	5	12	2.718	5,94,89,72,45,69,16,66,55,21,58,24,40,19,54,35,37,70,43,12,
257	5	13	2.821	5,94,89,72,45,69,16,66,55,21,58,24,40,78,99,34,42,83,96,13,
257	5	14	2.662	5,94,17,44,24,40,78,99,34,33,57,59,74,50,87,25,48,80,31,14,
257	5	15	2.482	5,94,89,72,45,69,16,66,55,21,86,73,33,57,59,74,50,87,25,48,15,
257	6	7	2.16	6,17,44,55,21,58,24,40,76,47,93,92,39,79,7,
257	6	8	2.238	6,79,91,39,93,92,28,88,64,36,46,53,52,90,97,65,8,
257	6	9	2.112	6,79,91,39,92,28,88,64,36,46,30,54,35,52,53,90,9,
257	6	10	2.07	6,79,91,39,92,28,88,64,46,30,54,52,53,90,67,56,10,
257	6	11	2.304	6,79,91,39,92,28,88,64,46,30,54,35,52,53,90,67,56,49,20,11,
257	6	12	2.575	6,79,91,39,92,28,88,64,46,30,54,35,52,90,67,56,49,20,43,12,
257	6	13	2.711	6,79,91,39,92,28,88,64,36,46,30,54,35,37,70,71,96,83,84,13,
257	6	14	2.78	6,79,91,39,93,92,28,88,64,36,46,30,54,35,37,70,71,96,83,84,14,
257	6	15	2.707	6,79,91,39,92,93,47,76,40,78,99,73,33,57,59,74,50,87,25,48,15,
257	7	8	1.992	7,79,39,91,92,28,88,64,36,46,30,52,53,90,97,65,8,
257	7	9	1.881	7,79,91,39,92,28,88,64,36,46,30,54,35,52,53,90,9,
257	7	10	1.804	7,91,39,92,28,88,64,46,30,54,35,52,53,90,67,56,10,
257	7	11	2.042	7,79,91,39,92,28,88,64,46,30,54,35,52,53,90,67,56,20,11,
257	7	12	2.268	7,79,91,39,92,28,88,64,36,46,30,54,35,37,70,49,20,43,12,
257	7	13	2.612	7,79,91,39,92,28,88,64,36,46,53,90,52,30,54,35,37,70,71,27,13,
257	7	14	2.549	7,79,91,39,93,92,28,88,64,36,46,30,54,35,37,70,71,96,83,84,14,
257	7	15	2.48	7,79,91,39,92,93,47,76,40,78,99,34,33,57,59,74,50,87,25,48,15,
257	8	9	2.271	8,7,79,91,39,92,28,88,64,36,46,30,54,35,52,53,90,9,
257	8	10	2.038	8,65,97,88,28,64,36,46,30,54,35,52,90,67,56,10,
257	8	11	1.932	8,28,88,64,36,46,30,54,35,52,90,67,56,49,20,11,
257	8	12	2.217	8,28,88,64,36,46,30,54,35,52,53,90,67,56,49,20,43,12,
257	8	13	2.547	8,28,88,64,36,46,53,90,52,30,54,35,37,70,71,96,83,84,13,
257	8	14	2.613	8,65,28,88,64,36,46,90,52,30,54,35,37,70,71,96,83,84,14,
257	8	15	2.532	8,28,88,64,46,30,54,35,85,78,99,34,33,57,59,74,50,25,48,80,15,
257	9	10	1.974	9,97,65,28,88,64,36,46,30,54,35,52,90,67,56,10,
257	9	11	2.004	9,97,65,28,88,64,36,46,30,54,35,37,70,49,20,11,
257	9	12	2.314	9,97,65,28,88,64,46,30,54,35,52,53,90,67,56,49,43,12,
257	9	13	2.394	9,97,65,28,88,64,46,30,54,35,37,70,71,96,83,84,13,
257	9	14	2.557	9,97,65,28,88,64,90,53,52,30,54,35,37,70,71,96,83,84,14,
257	9	15	2.415	9,90,53,52,30,54,35,85,99,34,33,57,59,74,50,87,25,48,15,
257	10	11	2.173	10,56,67,90,52,53,46,30,54,35,37,71,70,49,20,11,
257	10	12	2.355	10,56,67,90,53,52,46,30,54,35,37,70,71,96,27,12,
257	10	13	2.149	10,56,67,90,53,52,30,54,35,37,70,71,96,83,84,13,
257	10	14	2.595	10,56,67,90,53,52,54,35,85,78,99,34,33,57,59,74,29,95,14,
257	10	15	2.349	10,56,67,90,53,52,54,35,85,99,73,33,57,59,74,50,25,48,15,
257	11	12	2.243	11,20,49,56,67,90,53,52,46,30,54,35,37,70,71,12,
257	11	13	2.186	11,20,49,56,67,90,53,52,30,54,35,37,70,71,27,13,
257	11	14	2.156	11,20,49,56,67,90,53,52,54,35,37,71,96,83,84,14,
257	11	15	2.379	11,20,49,70,37,35,54,85,99,73,33,57,59,74,50,25,48,15,
257	12	13	2.382	12,43,20,49,56,67,90,53,52,30,54,35,37,71,96,13,
257	12	14	2.375	12,27,96,83,42,32,29,59,74,50,87,25,48,80,31,14,
257	12	15	2.255	12,27,96,83,42,34,33,57,59,74,50,87,25,48,80,15,
257	13	14	2.238	13,84,83,96,42,32,29,59,74,50,87,25,48,80,31,14,
257	13	15	2.139	13,96,83,42,32,34,73,33,57,59,74,50,25,48,80,15,
257	14	15	2.158	14,31,80,48,25,50,74,59,57,77,81,26,38,51,22,87,15,
