270	0	2	1.968	0,67,37,75,52,94,64,46,77,21,89,91,72,22,95,2,
270	0	3	2.027	0,67,37,97,75,52,49,85,58,94,64,46,77,21,89,91,72,22,3,
270	0	4	2.207	0,38,67,37,97,75,52,49,85,58,94,64,46,77,21,89,91,72,4,
270	0	1	2.058	0,67,37,97,75,52,49,53,68,19,18,58,85,94,57,38,1,
270	0	11	2.498	0,67,37,97,75,52,49,85,58,19,68,53,90,81,73,96,40,56,69,11,
270	0	9	2.618	0,67,37,97,75,49,19,68,53,81,73,96,40,56,92,65,20,54,78,9,
270	0	10	2.586	0,67,37,97,75,49,19,68,53,81,73,96,40,56,92,65,20,54,98,10,
270	0	5	2.24	0,67,37,97,75,49,85,58,64,46,77,21,72,89,91,87,88,35,39,5,
270	0	8	2.564	0,67,37,97,75,49,85,58,64,46,71,50,34,79,16,59,83,29,44,8,
270	0	7	2.553	0,67,37,97,75,52,94,64,46,77,21,89,91,87,88,34,79,16,30,42,7,
270	0	6	2.397	0,67,37,97,75,52,94,64,46,77,21,89,91,88,34,79,16,99,63,74,6,
270	1	2	2.001	1,38,67,37,75,52,94,64,77,21,89,91,72,22,95,2,
270	0	15	1.903	0,67,37,97,75,49,52,94,85,58,19,68,53,45,93,26,15,
270	1	3	1.853	1,38,67,37,97,75,52,94,64,46,77,21,89,91,72,3,
270	0	13	1.938	0,67,37,97,75,52,49,19,68,53,90,43,61,76,62,60,82,13,
270	1	4	1.879	1,38,67,37,97,75,52,94,64,46,77,21,89,91,72,4,
270	0	14	1.793	0,67,37,97,75,52,49,19,68,53,90,43,61,76,62,60,14,
270	0	12	2.291	0,67,75,37,97,45,93,26,61,76,62,60,82,33,23,73,96,51,12,
270	1	6	2.286	1,38,52,75,37,97,49,85,58,94,64,46,50,34,79,16,99,63,74,6,
270	1	5	2.185	1,38,67,37,97,75,52,94,64,46,77,21,89,91,87,88,35,39,5,
270	1	7	2.514	1,38,67,37,97,75,49,85,58,94,64,46,50,34,79,16,99,55,41,32,7,
270	1	8	2.627	1,38,52,75,37,97,49,85,58,18,71,50,34,79,16,59,83,29,44,8,
270	1	15	1.86	1,38,67,37,97,75,52,49,85,58,19,68,53,45,93,26,15,
270	2	5	2.034	2,80,95,22,72,91,89,21,77,87,88,34,79,16,99,5,
270	2	3	2.008	2,48,57,52,75,49,85,58,64,46,77,21,89,72,22,3,
270	2	4	2.016	2,48,57,52,75,37,97,49,94,64,46,77,21,89,91,4,
270	1	12	2.404	1,38,67,52,75,37,97,45,93,26,90,43,61,76,62,60,82,33,66,51,12,
270	2	6	2.174	2,80,95,22,72,91,89,21,77,87,88,34,79,16,99,55,31,74,63,6,
270	1	11	2.576	1,38,67,37,97,75,52,49,85,58,19,68,53,90,81,73,96,40,56,69,11,
270	1	14	1.757	1,38,52,75,37,97,45,93,26,90,43,61,76,62,60,14,
270	1	9	2.619	1,38,67,37,97,75,49,19,68,53,81,40,56,92,65,20,54,98,78,9,
270	1	13	2.117	1,38,67,37,97,75,49,85,58,19,68,53,90,43,61,76,62,60,82,33,13,
270	1	10	2.633	1,38,52,75,37,97,45,93,26,61,76,23,73,96,40,56,69,86,28,10,
270	2	15	1.948	2,48,57,52,75,37,97,45,93,26,90,43,61,76,70,15,
270	3	5	1.951	3,22,72,91,89,21,87,88,34,79,16,99,55,31,74,63,5,
270	3	4	2.218	3,80,95,22,72,91,89,21,77,87,88,34,79,35,39,4,
270	2	12	2.475	2,48,57,52,75,37,97,45,93,26,90,43,61,76,62,60,82,33,66,51,12,
270	2	11	2.57	2,48,57,52,75,37,97,45,93,26,61,76,23,73,96,40,56,69,11,
270	2	10	2.441	2,80,95,22,72,91,89,21,87,88,34,25,24,27,36,20,54,98,10,
270	2	7	2.319	2,80,95,22,72,91,89,21,87,88,34,79,16,99,55,63,74,31,41,32,7,
270	2	9	2.526	2,80,95,22,72,89,21,87,88,34,79,16,59,24,27,36,54,78,9,
270	2	14	2.216	2,48,57,52,75,37,97,49,85,58,18,19,68,53,90,43,61,76,62,60,14,
270	2	13	2.226	2,48,57,52,75,37,97,49,85,58,19,68,53,90,43,61,76,62,60,82,13,
270	2	8	2.471	2,80,95,22,72,91,89,21,87,88,34,79,16,59,30,42,83,44,29,8,
270	3	6	1.752	3,22,72,91,89,21,87,88,34,79,16,99,55,31,74,63,6,
270	4	5	2.093	4,91,89,72,22,21,87,88,34,79,16,99,55,31,74,63,5,
270	3	15	2.169	3,22,72,21,89,91,88,87,77,46,64,58,85,49,75,37,97,45,93,15,
270	3	12	2.52	3,22,72,91,89,21,77,46,64,94,85,58,19,68,53,90,81,73,96,66,51,12,
270	3	11	2.537	3,72,91,89,21,87,88,34,79,16,59,24,27,36,20,54,98,28,11,
270	3	7	2.279	3,22,72,91,89,21,87,88,34,79,16,59,24,83,42,30,32,41,7,
270	3	9	2.426	3,22,72,91,89,21,87,88,34,79,16,59,24,27,36,20,54,98,78,9,
270	3	14	2.168	3,22,72,89,21,77,46,64,94,52,75,37,97,45,93,26,61,76,62,14,
270	3	10	2.468	3,22,72,91,89,21,87,88,34,79,16,59,24,27,36,20,54,98,28,10,
270	3	13	2.301	3,72,91,89,21,77,64,94,52,75,37,97,45,93,26,61,76,62,60,82,13,
270	3	8	2.577	3,22,72,91,89,21,87,88,34,79,16,99,55,63,74,31,41,32,30,42,44,8,
270	4	6	1.898	4,72,91,89,21,77,87,88,34,79,16,99,55,31,74,63,6,
270	5	6	1.882	5,39,35,91,89,72,21,87,88,34,79,16,99,55,63,74,6,
270	4	12	2.485	4,91,89,21,77,46,64,94,85,58,18,19,68,53,90,81,73,96,51,12,
270	4	15	2.261	4,72,21,89,91,88,87,77,46,64,94,58,85,49,75,37,97,45,93,26,15,
270	4	7	2.229	4,39,35,91,89,72,21,87,88,34,79,16,99,63,74,31,41,32,7,
270	4	11	2.563	4,72,91,89,21,87,88,34,79,16,59,24,27,36,20,54,98,28,11,
270	4	9	2.426	4,91,89,21,87,88,34,79,16,59,24,27,47,36,20,54,98,78,9,
270	4	8	2.445	4,72,91,89,21,87,88,34,79,16,99,55,31,41,32,30,42,44,29,8,
270	4	13	2.295	4,72,89,21,77,64,94,52,75,37,97,45,93,26,61,76,62,60,82,13,
270	4	10	2.596	4,72,91,89,21,87,88,34,79,16,59,24,27,47,36,54,20,98,28,10,
270	4	14	2.213	4,91,89,21,77,46,64,58,85,49,75,37,97,45,93,26,61,76,62,60,14,
270	5	7	2.046	5,39,35,91,89,21,87,88,34,79,16,99,55,31,41,32,7,
270	6	7	1.967	6,74,63,55,99,16,79,34,25,59,83,30,42,32,41,7,
270	5	12	2.582	5,39,35,91,89,21,77,46,64,94,85,58,19,68,53,90,81,73,96,51,12,
270	5	15	2.298	5,39,35,88,87,91,89,21,77,46,64,58,85,49,75,37,97,45,93,26,15,
270	6	8	1.917	6,63,74,31,41,32,30,42,83,24,27,36,47,29,44,8,
270	5	8	2.085	5,39,35,91,89,21,87,88,34,79,16,59,83,29,44,8,
270	5	11	2.561	5,63,74,31,41,32,30,42,83,24,27,47,36,54,98,28,86,69,11,
270	5	10	2.463	5,39,35,91,89,21,87,88,34,79,16,59,24,27,36,20,54,98,10,
270	5	9	2.495	5,39,35,91,89,21,87,88,34,79,16,59,24,27,36,20,54,78,9,
270	5	13	2.44	5,39,35,88,87,77,46,64,58,85,19,68,53,90,43,61,76,62,60,82,13,
270	5	14	2.362	5,39,35,88,87,77,46,64,94,52,75,37,97,45,93,26,61,76,62,60,14,
270	7	10	2.009	7,41,32,30,42,83,24,27,47,36,54,20,98,28,10,
270	7	9	2.118	7,32,41,31,55,30,42,83,27,47,36,20,54,98,78,9,
270	6	9	1.876	6,74,31,41,32,30,42,83,27,47,36,20,54,98,78,9,
270	7	8	2.104	7,32,41,31,74,63,99,16,79,34,25,59,83,29,44,8,
270	7	11	2.483	7,41,32,42,30,59,83,24,27,47,36,20,54,98,28,86,69,11,
270	6	12	2.652	6,31,41,32,30,42,83,27,47,36,54,20,65,92,56,40,73,96,51,12,
270	6	11	2.362	6,63,74,31,41,32,30,42,83,24,27,47,36,54,98,28,86,69,11,
270	6	15	2.489	6,74,63,99,16,79,34,88,87,91,89,21,77,46,64,94,52,75,97,45,93,15,
270	6	10	2.483	6,63,74,31,41,32,30,42,83,59,25,24,27,47,36,20,54,98,28,10,
270	6	14	2.332	6,74,63,99,16,79,34,50,71,58,85,49,75,37,97,45,93,26,70,14,
270	6	13	2.432	6,74,63,99,16,79,34,50,71,18,19,68,53,90,43,61,76,62,60,82,13,
270	8	11	2.071	8,44,29,83,24,27,47,36,20,54,98,28,86,69,11,
270	8	10	2.027	8,44,29,47,36,54,20,65,92,17,56,69,86,28,10,
270	8	9	2.06	8,29,44,42,30,83,24,27,47,36,54,20,98,78,9,
270	7	15	2.387	7,42,30,16,79,34,50,46,64,58,85,49,75,37,97,45,93,26,15,
270	8	15	2.47	8,44,29,83,59,25,50,46,64,58,85,49,75,37,97,45,93,26,15,
270	8	12	2.402	8,44,29,47,36,20,54,98,28,86,69,56,40,73,96,66,51,12,
270	7	12	2.614	7,41,32,30,42,83,47,36,54,20,65,92,56,40,73,96,66,51,12,
270	7	14	2.475	7,42,30,59,25,50,71,58,85,49,75,37,97,45,93,26,61,76,62,14,
270	8	13	2.387	8,44,29,47,36,54,20,65,92,56,40,96,73,23,62,60,82,33,13,
270	7	13	2.562	7,42,30,16,79,34,50,71,18,19,68,53,90,43,61,76,62,60,82,13,
270	8	14	2.444	8,44,29,47,36,54,20,65,92,56,17,40,73,96,66,33,82,60,62,14,
270	9	10	1.992	9,78,98,54,20,36,47,27,65,92,56,69,86,28,10,
270	10	12	2	10,98,54,20,36,27,65,92,56,40,73,96,66,51,12,
270	10	11	2.064	10,28,98,54,20,36,47,27,65,92,17,40,56,69,11,
270	9	11	2.022	9,78,98,54,20,36,47,27,65,92,17,40,56,69,11,
270	9	12	2.361	9,78,98,54,20,36,47,27,65,92,17,56,40,73,96,66,51,12,
270	9	15	2.462	9,78,98,54,20,65,92,56,40,73,96,66,33,82,60,62,76,61,70,15,
270	10	15	2.485	10,28,98,54,20,65,92,56,40,73,96,66,33,82,60,62,76,70,15,
270	10	13	2.153	10,98,54,20,36,47,27,65,92,56,40,73,96,66,33,82,13,
270	9	13	2.26	9,78,98,54,20,36,47,27,65,92,56,40,73,96,66,33,82,13,
270	10	14	2.307	10,98,54,20,36,47,27,65,92,56,40,73,96,66,33,82,60,62,14,
270	9	14	2.414	9,78,98,54,20,36,47,27,65,92,56,40,73,96,66,33,82,60,62,14,
270	14	15	1.928	14,62,76,61,43,90,53,68,19,58,94,52,75,97,45,93,15,
270	11	12	2.113	11,69,86,28,98,54,20,65,92,56,40,73,96,51,12,
270	11	15	2.332	11,69,56,40,17,84,18,58,85,49,75,37,97,45,93,26,15,
270	12	15	2.289	12,51,66,96,73,81,90,53,68,19,58,85,94,52,75,97,45,93,15,
270	13	15	2.071	13,33,82,60,62,76,61,43,90,53,68,19,58,85,49,97,45,93,15,
270	11	13	2.072	11,28,98,54,20,65,92,56,40,96,73,23,33,82,13,
270	12	13	2.279	12,51,96,73,81,53,49,75,37,97,45,26,61,76,62,60,13,
270	13	14	1.965	13,33,23,43,90,53,49,75,37,97,45,93,26,61,76,62,14,
270	12	14	2.151	12,51,96,73,81,53,68,49,75,37,97,45,26,61,76,62,14,
270	11	14	2.146	11,69,86,56,40,96,73,23,33,82,60,62,76,61,70,14,
