19	0	3	1.881	0,47,75,19,87,80,99,79,43,23,45,48,31,33,3,
19	0	4	2.102	0,75,19,99,79,43,45,23,71,25,53,41,38,91,65,62,4,
19	0	1	2.116	0,47,75,19,87,80,99,79,56,26,43,23,45,48,1,
19	0	7	2.682	0,47,75,19,99,79,43,45,23,71,25,53,38,41,69,20,42,22,7,
19	0	5	2.323	0,75,19,87,80,99,79,43,45,23,71,25,53,38,41,69,20,16,74,5,
19	0	6	2.502	0,47,75,19,99,79,43,45,23,71,25,53,38,41,69,20,42,22,6,
19	0	8	2.726	0,57,55,45,23,71,25,53,38,41,69,20,42,22,37,94,59,97,8,
19	0	9	2.556	0,47,75,19,87,40,58,73,35,95,93,34,28,90,50,21,98,76,61,9,
19	0	2	1.844	0,47,75,19,99,79,56,26,43,45,23,48,82,60,2,
19	0	11	2.279	0,47,75,19,99,80,87,18,85,40,58,73,95,35,93,34,28,27,11,
19	0	10	2.411	0,47,75,19,87,18,85,40,58,73,95,35,93,34,67,28,90,70,63,10,
19	1	2	1.967	1,48,45,23,71,25,53,41,38,91,65,24,31,60,2,
19	1	3	1.871	1,2,60,82,48,45,23,71,25,53,41,38,91,65,24,3,
19	0	14	1.721	0,47,75,19,80,87,18,85,40,58,95,35,73,96,14,
19	1	4	2.076	1,2,60,82,48,45,23,31,71,25,53,41,38,91,24,65,62,4,
19	0	13	1.905	0,47,75,19,80,87,18,85,40,58,73,95,35,93,34,39,92,13,
19	0	15	1.843	0,47,75,19,80,87,18,85,58,95,35,73,96,17,15,
19	1	8	2.507	1,48,45,23,71,25,53,38,41,69,20,42,22,32,37,94,72,59,8,
19	1	5	2.154	1,48,45,23,31,24,65,91,71,25,53,38,41,20,69,16,74,5,
19	0	12	1.93	0,47,75,99,80,87,18,85,40,58,73,95,35,93,34,67,81,12,
19	1	6	2.486	1,48,45,23,31,33,24,65,91,71,25,53,38,41,69,20,42,22,6,
19	1	7	2.71	1,82,48,45,23,71,25,53,38,41,69,20,42,22,32,37,94,59,72,7,
19	1	14	2.048	1,55,79,99,80,87,18,85,40,58,73,95,35,93,39,77,14,
19	2	3	1.482	2,60,82,48,45,23,71,25,53,41,38,91,65,24,3,
19	1	13	2.011	1,55,79,99,19,80,87,18,85,40,58,73,95,35,93,39,92,13,
19	2	4	1.417	2,60,82,48,45,23,71,25,53,41,38,91,65,62,4,
19	1	11	2.329	1,55,79,99,19,80,87,18,85,40,58,73,95,35,93,34,67,27,11,
19	1	10	2.511	1,55,79,99,80,87,18,85,40,58,73,35,93,34,28,90,70,63,10,
19	1	9	2.69	1,48,45,23,71,25,53,38,41,69,20,42,32,37,94,59,97,88,86,9,
19	2	5	1.848	2,60,82,31,33,24,65,91,71,25,53,38,41,20,69,16,74,5,
19	1	15	1.959	1,55,79,99,80,87,18,85,58,95,35,73,96,17,15,
19	1	12	2.214	1,55,79,99,19,80,87,18,46,85,40,58,73,95,35,93,34,67,81,12,
19	2	6	2.168	2,60,82,48,45,23,31,24,91,71,25,53,38,41,69,20,42,22,6,
19	2	14	1.904	2,60,82,48,45,23,43,79,99,80,87,18,85,40,96,14,
19	3	4	1.696	3,33,31,71,25,53,38,41,20,69,16,62,91,65,4,
19	3	5	1.615	3,33,31,48,45,23,71,25,53,38,41,69,16,74,5,
19	2	10	2.536	2,60,82,48,45,23,71,25,53,38,41,52,29,54,78,44,50,70,63,10,
19	2	11	2.407	2,60,82,48,45,23,43,56,18,85,40,58,73,35,93,34,67,27,11,
19	2	13	2.085	2,60,82,48,45,23,43,79,99,80,87,18,85,40,58,73,95,35,39,13,
19	2	8	2.247	2,60,82,48,45,23,71,25,53,38,41,69,20,42,22,37,94,59,8,
19	2	9	2.483	2,60,82,48,45,23,71,25,53,38,41,69,20,42,32,37,51,84,88,86,9,
19	2	15	1.817	2,60,82,48,45,23,43,26,56,79,99,80,87,17,15,
19	2	12	2.178	2,60,82,48,45,23,43,79,99,80,87,40,58,95,35,93,34,67,81,12,
19	2	7	2.388	2,60,82,48,45,23,71,25,53,38,41,69,20,42,22,32,37,94,72,7,
19	4	5	1.62	4,62,65,91,71,25,53,38,41,52,30,20,16,74,5,
19	3	6	1.863	3,33,31,24,65,91,71,25,53,38,41,69,20,42,22,6,
19	3	14	2.324	3,33,31,48,45,23,43,79,99,80,87,40,85,58,73,95,35,77,14,
19	3	10	2.581	3,24,65,91,71,25,53,38,41,52,29,54,78,44,50,90,89,70,63,10,
19	3	13	2.25	3,33,31,23,45,43,79,99,80,87,18,85,40,58,73,95,35,93,39,13,
19	3	11	2.524	3,33,31,23,45,43,79,99,80,87,40,58,73,95,35,93,34,67,27,11,
19	3	8	2.305	3,24,65,91,71,25,53,38,41,69,20,42,22,32,37,94,72,59,97,8,
19	3	9	2.432	3,24,71,25,53,38,41,69,20,42,32,37,94,72,59,97,88,86,76,61,9,
19	3	7	2.233	3,33,31,60,82,48,45,23,71,25,53,38,41,69,20,42,22,7,
19	3	12	2.298	3,33,31,23,45,43,79,99,80,87,40,58,73,95,35,93,34,67,81,12,
19	3	15	2.299	3,33,31,60,82,48,45,23,43,26,56,79,99,80,87,19,75,47,15,
19	4	6	1.706	4,62,65,24,91,71,25,53,38,41,20,69,16,42,22,6,
19	4	13	2.303	4,62,38,53,25,71,49,43,79,99,80,87,40,58,73,95,35,39,13,
19	5	6	1.893	5,74,62,65,24,91,38,71,53,41,69,20,42,22,6,
19	4	14	2.428	4,62,65,91,38,41,53,25,71,49,43,79,99,80,87,18,85,40,96,14,
19	4	8	2.139	4,62,65,91,71,25,53,38,41,69,20,42,22,32,37,94,72,59,8,
19	4	10	2.54	4,62,65,24,91,38,41,53,25,71,52,29,54,68,66,78,44,50,70,63,10,
19	4	9	2.305	4,62,91,71,25,53,38,41,69,20,42,32,37,94,72,59,97,88,86,9,
19	4	11	2.616	4,62,65,24,91,38,41,53,25,71,52,29,54,68,66,78,44,50,90,89,11,
19	4	7	2.162	4,62,65,91,71,25,53,38,41,69,20,42,22,32,37,94,72,7,
19	4	12	2.47	4,62,38,53,25,71,49,26,56,18,85,58,73,95,35,93,34,67,81,12,
19	4	15	2.305	4,62,65,91,38,41,53,25,71,23,45,48,55,79,99,80,87,17,15,
19	5	8	2.095	5,74,16,69,41,38,71,25,53,52,30,32,37,94,59,8,
19	6	8	2.352	6,22,42,20,41,38,71,25,53,52,30,32,37,94,59,8,
19	5	13	2.392	5,74,16,69,20,30,52,49,26,56,18,85,40,58,73,95,35,39,13,
19	5	7	2.097	5,74,16,69,20,41,38,71,25,53,52,29,30,42,22,7,
19	5	10	2.375	5,74,16,69,20,41,38,71,25,53,52,29,54,78,44,50,70,63,10,
19	5	11	2.451	5,74,16,69,20,41,38,71,25,53,52,29,54,78,44,50,90,89,11,
19	6	7	2.355	6,22,42,20,69,41,38,71,25,53,52,29,54,83,37,7,
19	5	9	2.262	5,74,16,69,20,42,22,37,94,72,59,97,51,84,88,86,76,61,9,
19	5	14	2.508	5,74,16,69,20,41,38,53,25,71,49,43,79,99,80,87,18,85,40,96,14,
19	5	12	2.533	5,74,16,20,30,52,49,26,46,85,58,73,95,35,93,34,67,81,12,
19	5	15	2.404	5,74,16,69,20,41,38,53,25,71,23,45,43,79,99,80,87,19,75,47,15,
19	7	8	2.302	7,37,83,68,66,78,44,36,21,98,76,61,86,88,84,51,97,8,
19	7	9	2.129	7,72,59,97,51,84,68,66,78,44,36,21,98,61,76,88,86,9,
19	6	9	2.004	6,22,42,32,37,94,72,59,97,51,84,88,86,76,98,61,9,
19	6	14	2.699	6,22,42,20,69,41,38,53,25,71,23,45,43,79,99,80,87,40,96,14,
19	6	13	2.634	6,22,42,30,52,49,43,79,99,80,87,18,85,40,58,73,95,35,39,13,
19	6	10	2.544	6,22,37,94,72,59,97,51,84,88,86,61,76,98,21,50,90,70,63,10,
19	7	10	2.301	7,94,72,59,97,51,84,88,86,61,76,98,21,36,44,50,90,89,70,63,10,
19	7	11	2.328	7,94,72,59,97,51,84,88,86,61,76,98,21,36,78,44,50,90,89,11,
19	6	11	2.662	6,22,32,37,94,72,59,97,51,84,88,86,76,98,21,36,44,50,90,89,11,
19	6	12	2.727	6,22,42,30,52,49,43,79,99,80,87,40,58,95,35,93,34,67,81,12,
19	6	15	2.55	6,22,42,20,69,41,38,53,25,71,49,43,79,99,80,87,19,75,47,15,
19	8	9	2.119	8,59,72,94,37,83,68,66,84,51,97,88,86,76,98,61,9,
19	8	10	1.995	8,72,94,59,97,51,84,88,86,61,76,98,21,50,90,70,63,10,
19	8	11	2.027	8,59,72,94,97,88,86,61,76,98,21,36,44,50,90,70,89,11,
19	7	14	2.691	7,72,59,97,51,84,21,50,90,28,34,93,35,95,73,58,85,40,96,14,
19	7	13	2.652	7,72,59,97,51,84,21,36,78,64,46,18,85,40,58,73,95,35,39,13,
19	8	13	2.474	8,59,97,51,84,21,36,44,78,64,46,85,40,58,73,95,35,39,92,13,
19	8	14	2.57	8,59,97,51,84,21,50,90,28,67,34,93,35,95,73,58,85,40,96,14,
19	8	12	2.388	8,72,94,59,97,51,84,88,86,76,98,21,36,44,50,90,28,67,81,12,
19	7	12	2.481	7,94,72,59,97,84,88,86,61,76,98,21,36,44,50,90,28,67,81,12,
19	7	15	2.73	7,22,42,20,69,41,38,53,25,71,49,43,79,99,80,87,19,75,47,15,
19	8	15	2.705	8,88,86,61,76,98,21,50,90,28,34,93,35,95,73,58,85,40,96,17,15,
19	9	10	2.023	9,61,76,86,88,97,59,72,94,51,84,21,50,90,70,63,10,
19	9	11	2.091	9,61,76,86,88,84,51,68,66,78,44,36,21,50,90,70,89,11,
19	10	11	2.281	10,63,98,76,61,86,88,97,51,84,21,36,44,50,90,70,89,11,
19	10	13	2.226	10,63,70,90,28,67,34,93,35,95,73,58,40,96,77,39,92,13,
19	10	12	2.099	10,63,70,89,90,28,34,93,95,58,73,35,39,92,81,12,
19	10	14	2.449	10,63,89,90,28,67,34,93,35,95,73,58,40,85,18,87,96,14,
19	9	12	2.172	9,61,76,98,21,50,90,28,67,34,93,95,35,39,92,81,12,
19	9	13	2.343	9,61,76,98,21,36,44,78,64,85,40,58,73,95,35,93,34,39,92,13,
19	9	14	2.331	9,61,76,98,21,36,50,90,28,67,34,93,35,95,73,58,85,40,96,14,
19	10	15	2.466	10,63,70,89,90,28,34,93,35,95,73,58,40,85,18,87,19,75,47,15,
19	9	15	2.509	9,61,76,98,21,36,50,90,28,67,34,93,35,95,73,58,85,40,96,17,15,
19	13	14	1.804	13,92,39,34,93,35,95,73,58,40,85,18,87,96,14,
19	12	13	1.721	12,81,67,34,93,35,95,73,58,85,40,96,77,39,92,13,
19	12	14	1.763	12,81,67,34,93,35,95,73,58,40,85,18,87,96,14,
19	11	13	1.947	11,27,67,34,93,35,95,73,58,85,40,96,77,39,92,13,
19	11	14	2.298	11,27,67,34,93,35,95,73,58,40,85,18,80,99,19,87,96,14,
19	11	12	1.931	11,27,28,64,46,85,40,58,73,95,35,93,34,67,81,12,
19	13	15	1.614	13,39,35,95,73,58,40,85,18,87,80,19,75,47,15,
19	14	15	1.721	14,96,73,35,95,58,40,85,18,87,80,19,75,47,15,
19	12	15	1.641	12,81,67,34,93,35,95,73,58,40,85,18,87,17,15,
19	11	15	2.315	11,27,81,67,34,93,35,95,73,58,40,85,18,87,80,99,19,75,47,15,
