9	0	4	2.159	0,50,17,60,26,36,75,18,91,58,29,88,96,99,33,71,52,4,
9	0	3	2.353	0,86,35,59,78,93,19,17,60,26,36,75,18,91,29,58,16,3,
9	0	1	1.942	0,86,35,17,60,26,36,75,18,91,29,58,19,93,59,78,1,
9	0	10	2.453	0,45,28,84,53,47,77,48,30,64,40,97,72,87,21,62,56,10,
9	0	9	2.616	0,86,17,60,58,29,91,18,75,36,65,32,34,37,66,73,85,74,9,
9	0	6	2.724	0,45,50,17,60,26,36,65,75,18,58,29,91,88,25,54,70,67,95,24,49,6,
9	0	7	2.606	0,50,17,60,26,36,75,18,91,58,29,88,25,54,70,68,23,55,79,20,44,7,
9	0	8	2.567	0,50,17,60,26,36,75,18,91,58,29,88,25,54,70,68,23,44,20,79,27,63,8,
9	0	2	1.99	0,86,35,17,60,26,36,75,18,91,29,58,19,93,51,76,2,
9	0	5	2.358	0,86,35,17,60,26,36,75,18,91,58,29,88,96,90,52,71,99,33,5,
9	0	11	2.573	0,45,50,28,84,53,47,77,48,80,57,22,89,43,64,40,97,72,87,11,
9	1	3	2.131	1,78,35,17,60,26,36,75,18,91,58,29,88,96,42,16,3,
9	0	13	1.932	0,50,45,92,84,28,53,47,77,48,30,64,40,97,83,13,
9	0	15	2.183	0,86,35,59,19,58,29,91,18,36,26,60,17,28,84,92,15,
9	1	2	1.871	1,78,59,35,17,60,26,36,75,18,91,29,58,19,51,76,2,
9	0	14	2.235	0,50,17,60,58,29,91,18,75,36,26,31,80,48,77,47,14,
9	1	4	1.893	1,78,35,17,60,26,36,75,18,91,58,29,88,96,90,52,4,
9	1	6	2.374	1,93,19,58,29,91,18,75,36,65,32,25,54,70,67,95,24,49,6,
9	1	7	2.452	1,78,59,93,19,58,29,91,18,75,25,54,70,68,23,55,79,20,44,7,
9	0	12	2.22	0,45,92,84,28,53,47,77,48,30,80,57,22,89,43,40,97,72,87,12,
9	1	5	2.357	1,78,59,35,17,60,26,36,75,18,91,58,29,88,96,90,52,99,71,33,5,
9	1	8	2.426	1,78,93,19,58,29,91,18,75,25,54,70,68,23,44,20,55,79,27,63,8,
9	1	14	2.077	1,93,19,58,29,91,18,75,65,32,31,80,48,77,47,14,
9	2	3	2.204	2,76,51,93,19,58,29,91,18,75,88,96,42,16,46,3,
9	1	15	1.961	1,78,59,19,58,29,91,18,75,36,26,31,28,84,92,15,
9	1	12	2.139	1,78,59,35,86,50,45,28,84,53,47,77,48,30,64,40,97,72,87,12,
9	1	13	2.207	1,78,59,35,86,50,45,92,84,28,53,77,48,30,64,40,97,83,13,
9	1	10	2.385	1,93,19,58,29,91,18,75,36,65,32,34,37,66,73,85,62,10,
9	2	4	2.034	2,76,51,93,19,58,18,91,29,88,96,99,33,71,52,4,
9	1	9	2.454	1,93,19,58,29,91,18,75,36,65,32,81,82,37,66,73,85,74,9,
9	2	6	2.378	2,76,51,19,58,29,91,18,75,36,65,32,25,54,95,67,24,49,6,
9	2	5	2.046	2,76,51,19,58,18,91,29,88,96,90,52,99,71,33,5,
9	1	11	2.428	1,78,59,35,86,50,45,92,84,28,53,77,48,30,64,40,97,72,87,11,
9	2	12	2.203	2,76,51,19,59,35,86,50,28,84,53,77,48,30,64,40,97,72,87,12,
9	2	15	1.977	2,76,51,19,58,29,91,18,75,36,26,60,17,28,84,92,15,
9	2	13	2.285	2,76,51,19,35,86,50,28,84,53,77,48,30,64,40,97,83,13,
9	3	4	2.146	3,46,16,51,76,93,19,58,18,91,29,88,96,90,52,4,
9	3	5	2.145	3,46,16,58,29,91,18,36,75,88,96,90,52,71,33,5,
9	2	10	2.492	2,76,51,19,58,29,91,18,75,65,32,34,37,66,73,85,62,56,10,
9	2	14	2.371	2,76,51,19,58,29,91,18,75,36,65,32,81,22,57,80,48,77,53,47,14,
9	2	7	2.468	2,76,51,19,58,29,91,18,36,75,25,54,70,68,23,55,79,20,44,7,
9	2	9	2.608	2,76,51,19,58,18,91,29,88,75,36,65,32,34,37,66,73,85,74,9,
9	2	11	2.533	2,76,51,19,59,35,86,50,28,84,53,77,48,30,64,40,97,72,87,11,
9	2	8	2.42	2,76,51,19,58,29,91,18,75,25,54,70,68,23,44,20,55,79,27,63,8,
9	3	6	2.196	3,16,58,29,91,18,75,36,65,32,25,54,95,67,49,6,
9	3	12	2.252	3,46,16,58,29,91,18,75,36,65,32,81,22,89,64,40,97,72,87,12,
9	3	14	2.416	3,46,16,58,29,91,18,75,36,65,32,81,22,57,80,30,48,77,53,47,14,
9	3	13	2.361	3,46,16,58,29,91,18,75,36,65,32,81,22,89,64,40,97,83,13,
9	4	5	2.221	4,52,90,96,88,29,58,91,18,75,25,98,41,99,71,5,
9	3	15	2.362	3,16,58,29,91,18,75,36,65,32,31,80,48,77,53,84,28,92,15,
9	3	7	2.404	3,46,16,58,29,91,18,36,75,25,54,70,68,23,55,79,20,44,7,
9	3	10	2.454	3,46,16,58,29,91,18,75,36,65,32,34,37,66,73,85,62,56,10,
9	3	9	2.622	3,90,52,71,33,99,41,24,95,67,70,68,23,44,20,79,27,63,61,9,
9	3	11	2.512	3,46,16,58,29,91,18,75,36,65,32,81,22,64,40,97,72,87,11,
9	3	8	2.408	3,16,58,29,91,18,36,75,25,54,70,68,23,44,20,55,79,27,63,8,
9	5	6	2.25	5,33,99,96,88,29,58,91,18,75,25,54,95,67,49,6,
9	4	14	2.256	4,52,90,96,88,29,58,91,18,75,36,26,31,80,30,48,77,47,14,
9	4	6	2.131	4,52,90,96,88,29,58,91,18,75,25,54,95,67,49,6,
9	4	12	2.284	4,52,90,96,88,29,58,91,18,75,65,32,81,22,64,40,97,72,87,12,
9	4	7	1.977	4,52,71,33,99,41,24,95,67,68,23,55,79,27,20,44,7,
9	4	15	2.265	4,52,90,96,88,29,58,91,18,75,36,26,65,32,31,28,84,92,15,
9	4	13	2.391	4,52,90,96,88,29,91,18,75,36,65,32,81,22,64,40,97,83,13,
9	4	10	2.412	4,52,71,33,99,41,24,95,67,70,34,82,37,66,73,85,62,56,10,
9	4	9	2.542	4,52,90,96,88,29,58,91,18,75,36,65,32,34,37,66,73,85,74,9,
9	4	11	2.39	4,52,71,33,99,41,24,95,67,70,34,37,66,73,85,62,56,11,
9	4	8	2.457	4,52,71,33,41,24,67,95,70,38,68,23,44,20,27,79,55,63,61,8,
9	5	12	2.399	5,33,99,96,88,29,58,18,75,65,32,81,22,64,40,97,72,87,12,
9	6	7	2.072	6,49,24,95,67,70,68,23,44,20,79,55,61,63,27,7,
9	5	7	1.986	5,33,71,99,41,24,95,67,68,23,44,20,79,55,63,27,7,
9	5	14	2.426	5,33,71,99,96,88,29,58,91,18,75,36,65,32,31,80,48,77,47,14,
9	6	8	1.861	6,49,24,67,95,70,68,23,44,20,55,79,27,63,61,8,
9	5	13	2.495	5,33,71,99,96,88,29,58,91,18,75,65,32,81,22,64,40,83,13,
9	5	8	1.835	5,33,71,99,41,24,95,67,70,68,23,44,20,79,27,63,8,
9	5	9	2.267	5,33,71,99,41,24,95,67,70,68,23,44,20,55,79,27,63,61,9,
9	5	15	2.431	5,33,71,99,96,88,29,58,91,18,75,36,26,65,32,31,28,84,92,15,
9	5	10	2.328	5,33,71,99,41,24,95,67,70,38,34,37,66,73,85,62,56,10,
9	5	11	2.425	5,33,71,99,41,24,95,67,70,38,34,37,66,73,85,62,56,11,
9	6	12	2.516	6,49,67,70,34,37,66,73,85,62,56,21,43,40,97,72,87,12,
9	6	14	2.532	6,49,67,95,98,88,29,58,91,18,75,36,26,31,80,48,77,53,47,14,
9	7	9	2.097	7,44,20,79,27,63,61,94,69,38,34,37,66,73,85,74,9,
9	7	8	1.91	7,44,20,27,79,55,69,38,34,37,66,94,61,63,8,
9	6	9	2.354	6,49,24,95,67,70,68,23,69,38,34,82,37,66,73,85,74,9,
9	7	10	1.983	7,44,20,27,63,79,55,69,38,34,37,66,73,85,62,56,10,
9	6	10	2.267	6,49,24,95,67,70,68,38,34,82,37,66,73,85,62,56,10,
9	6	13	2.648	6,49,67,95,70,34,37,66,73,85,62,56,21,87,72,97,40,83,13,
9	6	15	2.614	6,49,24,67,95,54,25,88,29,58,91,18,75,65,32,31,28,84,92,15,
9	7	11	2.234	7,44,20,79,27,63,61,94,69,38,34,37,66,73,85,62,56,11,
9	6	11	2.49	6,49,24,95,67,68,23,69,38,34,82,37,66,73,85,62,56,21,11,
9	8	10	1.644	8,63,27,79,55,69,38,34,37,66,73,85,62,56,10,
9	8	12	2.186	8,63,27,79,55,23,68,38,34,37,66,73,85,62,56,21,87,72,12,
9	8	9	1.725	8,63,27,79,20,44,23,68,38,34,37,66,73,85,74,9,
9	7	12	2.304	7,44,20,79,55,23,68,38,34,37,66,73,85,62,56,21,87,72,12,
9	8	11	1.741	8,63,27,79,55,69,38,34,37,66,73,85,62,56,11,
9	7	14	2.48	7,44,20,79,55,69,38,34,37,66,39,89,22,57,80,48,77,47,14,
9	7	13	2.475	7,20,44,23,68,38,34,37,66,73,85,62,56,21,87,72,97,83,13,
9	8	14	2.404	8,63,27,79,55,23,68,38,34,37,66,39,89,22,57,80,48,77,47,14,
9	8	13	2.271	8,63,27,79,55,69,66,73,85,62,56,21,87,72,97,40,83,13,
9	7	15	2.588	7,44,23,68,38,34,37,66,39,89,22,57,80,48,77,53,84,28,92,15,
9	8	15	2.556	8,63,27,79,55,94,66,37,82,39,89,22,57,80,48,77,53,84,28,92,15,
9	10	12	1.984	10,56,62,85,73,66,37,82,39,89,64,40,97,72,12,
9	9	12	2.036	9,74,85,73,66,37,82,39,89,43,64,40,97,72,12,
9	9	10	1.937	9,61,63,27,79,55,69,38,37,66,73,85,62,56,10,
9	10	13	2.129	10,56,62,85,73,66,37,82,39,89,22,64,40,83,13,
9	10	11	2.186	10,56,62,85,73,66,37,82,39,43,40,97,72,87,11,
9	9	11	2.034	9,61,63,27,79,55,69,38,37,66,73,85,62,56,11,
9	10	14	2.209	10,56,62,85,73,66,37,82,39,89,22,57,80,48,77,53,47,14,
9	9	14	2.43	9,74,73,85,62,56,21,87,72,97,40,83,64,30,48,77,47,14,
9	9	13	2.456	9,74,66,37,82,39,73,85,62,56,21,87,72,97,40,64,83,13,
9	9	15	2.476	9,74,85,73,66,37,82,39,89,22,57,80,48,77,47,53,84,28,92,15,
9	10	15	2.469	10,56,62,85,73,66,37,82,39,89,22,57,80,48,77,47,53,84,92,15,
9	11	12	1.882	11,21,43,89,22,57,80,48,30,64,40,97,72,87,12,
9	11	14	1.817	11,87,72,97,40,43,89,22,57,80,48,77,53,47,14,
9	12	14	1.487	12,87,72,97,40,43,89,22,57,80,48,77,53,47,14,
9	13	14	1.676	13,83,97,40,64,43,89,22,57,80,48,77,53,47,14,
9	11	13	2.063	11,87,72,97,40,64,43,89,22,57,80,48,77,30,13,
9	12	13	1.733	12,87,72,97,40,64,43,89,22,57,80,48,77,30,13,
9	12	15	1.439	12,87,72,97,40,83,64,30,48,77,47,53,84,92,15,
9	13	15	1.63	13,83,72,97,40,64,30,48,77,47,53,28,84,92,15,
9	14	15	2.02	14,13,83,72,97,40,64,30,48,77,47,53,28,84,92,15,
9	11	15	2.405	11,87,72,97,40,83,64,43,89,22,57,80,30,48,77,47,53,84,92,15,
