369	0	1	1.971	0,32,51,53,89,57,79,42,63,50,94,23,97,81,45,1,
369	0	2	1.914	0,32,57,53,89,74,96,31,64,99,85,63,50,94,23,2,
369	0	3	1.918	0,32,57,53,89,74,96,31,64,99,85,63,50,94,62,3,
369	0	4	2.163	0,32,57,53,89,60,74,96,31,64,99,85,76,47,44,88,41,19,4,
369	0	5	2.261	0,32,57,53,89,16,60,61,74,96,31,64,99,86,21,48,17,40,5,
369	0	6	2.455	0,32,57,53,89,16,60,61,74,96,31,99,64,21,48,25,35,80,6,
369	0	7	2.526	0,32,57,53,89,16,60,61,74,96,31,99,64,69,37,39,87,59,34,7,
369	0	8	2.584	0,32,57,53,89,16,60,61,74,96,31,99,64,69,37,39,87,59,22,8,
369	0	9	2.647	0,32,57,53,89,60,61,74,96,31,99,64,71,95,93,78,54,66,73,9,
369	0	10	2.523	0,32,51,49,84,90,24,56,82,38,30,70,33,18,20,91,36,52,10,
369	0	11	2.575	0,32,51,49,83,84,90,24,56,82,38,30,70,33,18,20,91,36,52,11,
369	0	12	2.375	0,32,57,53,89,60,16,49,83,84,90,29,56,82,38,30,20,18,70,33,12,
369	0	13	2.239	0,32,51,49,83,84,90,24,56,82,29,68,38,30,20,18,70,13,
369	0	14	2.027	0,32,57,53,89,60,16,49,83,84,90,29,82,56,24,14,
369	0	15	2.154	0,32,57,79,42,85,99,64,31,96,74,89,53,51,15,
369	1	2	1.941	1,26,57,53,89,74,96,31,64,99,85,63,50,94,23,2,
369	1	3	1.945	1,26,57,53,89,74,96,31,64,99,85,63,50,94,62,3,
369	1	4	2.159	1,26,57,53,89,60,74,96,31,64,99,85,76,47,44,88,41,4,
369	1	5	2.361	1,26,57,53,16,60,74,96,31,64,99,85,76,86,21,48,17,40,5,
369	1	6	2.488	1,45,81,97,23,94,50,47,76,85,99,31,64,21,48,25,35,80,67,58,6,
369	1	7	2.566	1,45,81,97,23,94,50,63,85,96,31,99,64,21,48,25,35,80,72,67,58,7,
369	1	8	2.596	1,45,81,97,23,94,50,63,47,76,86,21,48,25,35,80,72,67,58,34,22,8,
369	1	9	2.51	1,45,81,97,23,94,50,63,85,99,31,64,71,95,93,78,54,66,73,9,
369	1	10	2.721	1,26,57,53,89,60,16,55,75,68,38,30,70,18,20,91,36,52,10,
369	1	11	2.618	1,45,26,57,53,89,60,16,55,75,68,38,30,77,91,36,92,52,11,
369	1	12	2.396	1,45,26,57,53,89,60,16,55,75,68,29,56,82,38,30,20,18,70,33,12,
369	1	13	2.339	1,45,81,26,57,53,89,60,16,55,75,68,38,30,18,70,33,13,
369	1	14	1.983	1,26,57,53,89,60,16,55,75,68,82,56,29,90,84,14,
369	1	15	2.046	1,45,81,97,23,94,50,63,42,79,57,53,89,16,49,15,
369	2	3	1.993	2,23,94,50,63,42,79,96,31,99,85,76,47,44,62,3,
369	2	4	1.912	2,23,94,50,63,85,96,31,64,99,76,47,44,88,41,19,4,
369	2	5	2.007	2,45,81,97,23,94,50,63,76,86,21,48,25,35,17,40,5,
369	2	6	2.192	2,81,97,23,94,50,63,47,76,86,21,48,25,35,80,72,67,58,6,
369	2	7	2.473	2,23,94,50,47,76,85,96,31,64,99,86,21,48,25,35,80,72,67,58,7,
369	2	8	2.636	2,23,94,50,47,76,85,96,31,99,64,71,95,93,78,28,66,73,8,
369	2	9	2.604	2,97,23,94,50,63,76,85,96,31,99,64,71,95,93,78,54,66,73,9,
369	2	10	2.688	2,23,94,50,63,42,79,57,53,89,60,16,55,75,65,77,91,36,92,52,10,
369	2	11	2.455	2,97,81,26,57,53,89,60,16,55,75,68,38,70,33,18,20,11,
369	2	12	2.452	2,23,94,50,63,42,79,57,53,89,60,55,75,68,38,30,20,18,70,33,12,
369	2	13	2.421	2,97,81,26,57,53,89,60,16,55,75,68,38,30,20,18,70,33,13,
369	2	14	2.315	2,97,81,26,57,53,89,60,16,55,75,68,29,82,56,24,90,84,14,
369	2	15	2.097	2,23,94,50,63,85,99,64,31,96,74,61,60,16,89,53,51,15,
369	3	4	1.916	3,62,94,50,63,85,96,31,64,99,76,47,44,88,41,19,4,
369	3	5	2.028	3,23,94,50,47,76,85,99,31,64,21,48,25,35,17,40,5,
369	3	6	2.276	3,62,23,94,50,63,85,99,31,64,21,48,25,35,80,72,67,58,6,
369	3	7	2.284	3,44,62,23,94,50,63,47,76,86,21,48,25,35,80,72,67,58,34,7,
369	3	8	2.537	3,62,44,47,94,50,63,76,85,99,31,64,71,93,78,54,66,73,8,
369	3	9	2.645	3,62,44,47,94,50,63,76,85,96,31,99,64,71,95,93,78,54,66,73,9,
369	3	10	2.692	3,62,94,50,63,42,79,57,53,89,60,16,55,75,65,77,91,36,92,52,10,
369	3	11	2.584	3,62,94,50,63,42,79,57,53,89,60,16,55,75,68,38,30,20,11,
369	3	12	2.352	3,62,94,50,63,42,79,57,53,89,60,16,55,75,68,30,18,70,33,12,
369	3	13	2.399	3,62,94,50,63,42,79,57,53,89,60,16,55,75,68,38,82,56,24,13,
369	3	14	2.384	3,62,94,50,63,85,99,64,31,96,74,61,60,89,53,57,51,49,83,14,
369	3	15	2.091	3,62,44,47,76,85,99,31,96,74,61,60,16,89,53,51,15,
369	4	5	1.842	4,41,88,44,62,94,50,63,76,86,21,48,25,35,17,40,5,
369	4	6	2.044	4,41,88,44,62,94,50,47,76,86,21,48,25,35,80,67,58,6,
369	4	7	2.057	4,41,88,44,62,94,50,47,76,86,21,48,25,35,80,67,58,7,
369	4	8	2.4	4,19,41,88,44,62,23,94,50,47,76,86,21,48,25,35,80,72,59,22,8,
369	4	9	2.479	4,19,41,88,44,62,47,76,85,99,31,64,71,95,93,78,54,66,73,9,
369	4	10	2.596	4,19,41,88,44,62,94,50,63,85,99,31,96,64,71,93,78,28,46,10,
369	4	11	2.658	4,19,41,88,44,47,76,85,99,64,31,96,74,61,55,75,68,30,20,11,
369	4	12	2.343	4,19,41,88,44,47,76,85,99,31,96,61,55,75,68,38,70,33,12,
369	4	13	2.382	4,19,41,88,44,47,76,85,99,64,31,96,74,61,55,75,68,29,82,13,
369	4	14	2.35	4,19,41,88,44,62,94,50,63,85,99,31,64,96,74,61,60,16,49,83,14,
369	4	15	2.252	4,19,41,88,44,47,76,85,99,64,31,96,74,61,60,16,89,53,51,15,
369	5	6	2.207	5,40,17,19,41,88,44,47,76,86,21,48,35,80,67,58,6,
369	5	7	2.219	5,40,17,19,41,88,44,86,21,48,25,35,80,72,67,58,34,7,
369	5	8	2.46	5,40,17,19,41,88,44,47,76,86,21,48,25,35,80,72,59,22,8,
369	5	9	2.583	5,40,17,48,21,86,76,85,96,31,99,64,71,93,78,54,66,73,9,
369	5	10	2.652	5,40,17,48,21,86,76,85,99,96,31,64,71,95,93,78,28,46,10,
369	5	11	2.689	5,40,17,48,21,64,99,31,96,74,61,55,75,65,77,91,36,92,52,11,
369	5	12	2.445	5,40,17,48,21,64,99,31,96,74,61,55,75,68,38,30,18,70,33,12,
369	5	13	2.546	5,40,17,48,21,86,76,85,99,64,31,96,74,61,55,75,68,82,56,24,13,
369	5	14	2.571	5,40,17,48,21,86,76,85,99,64,31,96,74,61,60,16,49,83,84,90,14,
369	5	15	2.433	5,40,17,48,21,86,76,85,99,64,31,96,74,60,16,53,89,57,51,15,
369	6	7	2.357	6,98,40,17,19,41,88,44,86,21,48,25,35,80,67,58,7,
369	6	8	2.481	6,58,67,80,72,87,39,37,69,93,95,78,28,54,66,73,8,
369	6	9	2.426	6,58,67,80,72,87,39,37,69,93,95,78,28,54,66,73,9,
369	6	10	2.552	6,58,67,80,72,87,39,37,69,93,95,78,54,66,73,28,46,10,
369	6	11	2.771	6,58,67,72,87,39,37,69,93,95,71,43,27,65,77,91,36,92,52,11,
369	6	12	2.58	6,58,67,80,72,87,39,37,69,93,95,92,36,91,77,20,18,70,33,12,
369	6	13	2.739	6,58,67,72,87,39,37,93,95,92,36,91,77,65,30,38,82,29,56,24,13,
369	6	14	2.669	6,80,35,25,48,21,64,99,31,96,74,61,60,16,89,53,51,49,83,14,
369	6	15	2.559	6,58,67,80,35,25,48,21,64,99,31,96,74,61,60,16,89,53,51,15,
369	7	8	2.256	7,34,58,67,72,87,39,37,69,93,95,78,54,66,73,8,
369	7	9	2.195	7,58,67,80,72,87,39,37,69,93,95,78,54,66,73,9,
369	7	10	2.52	7,34,58,67,80,72,87,39,37,93,95,78,54,66,73,28,46,10,
369	7	11	2.589	7,34,59,87,39,37,69,93,95,71,43,27,65,77,91,36,92,52,11,
369	7	12	2.457	7,34,59,87,39,37,69,93,95,92,36,91,77,30,20,18,70,33,12,
369	7	13	2.653	7,34,59,87,39,37,93,95,92,36,91,20,18,30,38,82,29,56,24,13,
369	7	14	2.626	7,34,59,39,37,93,95,92,36,91,77,30,38,82,56,29,90,84,83,14,
369	7	15	2.553	7,58,67,72,80,35,25,48,21,64,99,31,96,74,61,60,89,53,51,15,
369	8	9	2.368	8,22,59,87,39,37,69,71,95,93,78,28,54,66,73,9,
369	8	10	2.334	8,22,59,87,39,37,69,93,95,78,54,66,73,28,46,10,
369	8	11	2.327	8,73,66,54,78,92,36,91,77,30,20,18,70,33,12,11,
369	8	12	2.281	8,73,66,54,28,92,36,91,77,65,68,38,30,20,18,70,33,12,
369	8	13	2.384	8,73,66,54,78,92,36,91,20,18,33,70,30,38,82,29,56,24,13,
369	8	14	2.463	8,73,66,28,92,36,91,20,18,33,70,30,38,82,56,29,90,84,83,14,
369	8	15	2.601	8,73,66,28,92,36,91,20,18,33,70,38,82,56,24,90,84,83,15,
369	9	10	2.38	9,73,66,54,78,93,95,71,43,27,77,91,36,92,52,10,
369	9	11	2.277	9,73,66,54,78,92,36,91,77,65,68,38,30,20,11,
369	9	12	1.926	9,73,66,28,46,52,92,36,91,77,20,18,70,33,12,
369	9	13	2.342	9,73,66,54,78,92,36,91,77,20,18,70,30,38,82,56,24,13,
369	9	14	2.304	9,28,92,36,91,77,20,18,33,70,30,38,82,56,29,90,84,83,14,
369	9	15	2.414	9,28,92,36,91,20,18,33,70,30,38,82,56,24,90,84,83,15,
369	10	11	2.254	10,52,92,36,91,77,65,68,29,24,56,82,38,30,20,11,
369	10	12	2.093	10,52,92,36,91,77,65,30,38,82,29,56,24,13,70,33,12,
369	10	13	1.797	10,52,92,36,91,20,18,33,70,30,38,82,56,24,13,
369	10	14	2.125	10,52,36,91,77,20,18,33,70,30,38,82,56,24,90,84,83,14,
369	10	15	2.251	10,52,92,36,91,20,18,33,70,30,38,82,56,24,90,84,83,15,
369	11	12	2.15	11,52,92,36,91,20,18,33,70,30,38,82,56,24,13,12,
369	11	13	1.76	11,52,92,36,91,20,18,33,70,30,38,82,56,24,13,
369	11	14	2.088	11,52,36,91,77,20,18,33,70,30,38,82,56,24,90,84,83,14,
369	11	15	2.348	11,52,36,91,20,18,33,70,30,38,68,29,82,56,24,90,84,83,15,
369	12	13	1.777	12,33,70,18,20,30,38,68,82,29,90,84,83,14,24,13,
369	12	14	1.426	12,33,70,18,20,30,38,68,82,56,24,90,84,83,14,
369	12	15	1.594	12,33,70,18,20,30,38,68,82,56,24,90,84,83,15,
369	13	14	1.608	13,70,33,18,20,30,38,68,82,56,24,90,84,83,14,
369	13	15	1.942	13,70,33,18,30,38,68,29,82,56,24,90,84,83,49,15,
369	14	15	2.014	14,24,56,82,38,70,33,18,20,30,68,29,90,84,83,15,
