167	0	2	1.742	0,19,83,25,59,62,38,42,82,57,93,65,90,51,53,2,
167	0	5	2.067	0,19,83,25,62,38,42,82,93,65,53,51,90,84,72,43,92,79,5,
167	0	1	2.131	0,19,83,25,59,62,38,42,82,57,93,65,90,51,53,2,1,
167	0	6	2.319	0,19,83,25,62,38,42,82,93,65,53,51,90,84,72,43,92,79,91,6,
167	0	8	2.731	0,19,83,25,59,70,26,55,77,75,50,47,34,33,98,58,41,52,27,8,
167	0	11	2.231	0,19,83,25,59,70,26,55,73,24,36,20,87,35,81,95,85,60,48,11,
167	0	3	1.583	0,19,83,25,62,38,42,88,82,57,93,65,53,51,90,3,
167	0	7	2.477	0,19,88,82,93,65,53,51,90,84,72,43,92,22,68,17,80,67,94,7,
167	0	4	1.977	0,19,83,25,62,38,42,82,57,93,65,53,51,90,84,72,43,32,4,
167	0	9	2.522	0,19,83,25,59,70,26,55,73,77,75,50,47,33,98,58,27,52,41,69,9,
167	0	10	2.532	0,19,83,25,59,70,26,55,73,24,36,20,87,37,35,81,95,85,60,10,
167	1	2	1.993	1,19,83,25,59,62,38,42,82,57,93,65,90,51,53,2,
167	1	3	1.79	1,88,42,38,82,93,65,53,51,90,84,72,43,54,3,
167	0	13	2.056	0,19,83,25,59,70,26,55,73,37,87,20,36,89,45,13,
167	0	14	1.866	0,19,83,25,59,70,26,55,73,37,87,20,36,89,45,14,
167	0	15	1.975	0,19,83,25,62,59,70,26,75,77,55,73,24,36,89,45,31,15,
167	0	12	2.355	0,19,83,25,59,70,26,55,73,24,36,20,87,37,35,81,95,74,12,
167	1	8	2.467	1,57,93,65,53,51,90,84,72,43,92,22,68,17,80,67,94,30,8,
167	1	4	1.89	1,88,42,38,82,57,93,65,53,51,90,54,84,72,43,92,32,4,
167	1	7	2.164	1,88,82,93,65,53,51,90,84,72,43,92,22,68,17,80,67,94,7,
167	1	5	1.956	1,88,82,57,93,65,53,51,90,54,84,72,43,92,22,68,91,5,
167	1	6	2.178	1,57,82,93,65,53,51,90,54,84,72,43,92,22,68,17,16,67,80,6,
167	2	3	1.706	2,57,82,93,65,53,51,90,71,28,84,72,43,54,3,
167	2	4	1.446	2,57,82,93,65,53,51,90,54,84,72,43,92,32,4,
167	1	12	2.492	1,88,42,38,62,83,25,59,70,26,77,55,73,24,36,20,87,97,96,12,
167	2	5	1.784	2,57,82,93,65,53,51,90,54,84,72,43,92,22,68,91,5,
167	1	15	2.051	1,88,42,38,62,25,59,70,26,55,73,24,36,89,45,31,15,
167	1	13	2.499	1,57,82,88,42,38,62,83,25,59,70,26,55,73,24,36,89,45,13,
167	2	6	1.985	2,57,93,65,53,51,90,54,84,72,43,92,79,22,68,17,16,80,6,
167	1	14	1.876	1,88,42,38,62,25,59,70,26,77,55,73,24,36,89,45,14,
167	1	9	2.55	1,57,93,65,53,51,90,71,28,29,76,18,21,33,98,58,41,52,69,9,
167	1	10	2.704	1,57,93,65,53,51,90,84,72,28,29,76,18,21,33,98,58,41,40,10,
167	1	11	2.582	1,88,42,38,62,25,59,70,26,24,36,20,87,37,35,81,95,85,60,48,11,
167	3	5	1.655	3,51,53,65,90,54,84,72,28,29,76,43,92,79,5,
167	3	4	1.57	3,51,53,65,90,54,84,72,28,29,76,43,92,32,4,
167	2	12	2.497	2,53,51,90,54,84,72,28,29,76,18,34,47,49,37,87,97,96,12,
167	2	13	2.446	2,57,82,88,42,38,62,83,25,59,70,26,77,55,73,24,36,89,45,13,
167	2	15	2.288	2,65,53,51,90,71,93,57,82,88,42,38,62,83,25,59,70,15,
167	2	8	2.298	2,93,65,53,51,90,54,84,72,43,92,22,68,17,80,67,16,94,30,8,
167	2	7	2.05	2,93,65,53,51,90,54,84,72,43,92,79,22,68,56,17,80,67,16,94,7,
167	2	14	2.239	2,57,82,88,42,38,62,25,59,70,26,75,77,55,73,24,36,89,45,14,
167	2	11	2.491	2,65,53,51,90,71,28,29,76,18,34,47,46,64,35,81,85,60,48,11,
167	2	9	2.428	2,93,65,53,51,90,54,84,72,28,29,76,18,21,33,98,58,27,52,69,9,
167	2	10	2.537	2,65,53,51,90,54,84,72,28,29,76,18,21,33,98,58,41,52,69,40,10,
167	4	5	1.882	4,32,54,84,72,28,29,76,43,92,79,22,68,91,5,
167	3	6	1.558	3,53,51,90,84,72,43,92,22,68,17,16,67,80,6,
167	3	12	2.369	3,53,51,90,54,84,72,28,29,76,18,34,47,49,37,87,97,96,12,
167	3	7	2.038	3,51,53,65,90,54,84,72,43,92,79,91,68,22,56,17,80,67,94,7,
167	3	13	2.426	3,53,51,90,54,84,72,28,29,76,18,34,47,49,37,87,20,13,
167	3	8	2.228	3,51,53,65,90,54,84,72,43,92,79,22,68,17,80,67,16,94,30,8,
167	3	15	2.252	3,54,43,72,84,90,51,53,65,93,57,82,42,38,62,25,83,15,
167	3	14	2.268	3,53,51,90,84,72,28,29,76,66,78,75,77,55,73,24,36,89,45,14,
167	3	11	2.375	3,53,51,90,84,72,28,29,76,18,21,33,98,39,64,35,81,85,48,11,
167	3	9	2.339	3,53,51,90,54,84,72,28,29,76,18,61,21,33,98,58,27,52,69,9,
167	3	10	2.468	3,53,51,90,54,84,72,28,29,76,18,21,33,98,58,27,52,69,41,40,10,
167	4	6	1.871	4,32,43,72,84,28,29,76,22,68,17,16,67,80,6,
167	5	6	2.014	5,79,92,43,72,84,28,29,76,22,68,17,16,80,6,
167	4	7	2.109	4,32,92,43,72,84,28,29,76,22,68,56,17,80,67,16,94,7,
167	4	8	2.475	4,32,92,43,72,84,28,29,76,22,68,56,17,80,67,16,94,30,8,
167	4	13	2.588	4,32,92,43,72,84,28,29,76,66,78,75,77,55,73,24,36,89,45,13,
167	4	15	2.211	4,32,92,43,72,84,54,90,51,53,65,93,57,82,42,38,62,59,15,
167	4	12	2.757	4,32,92,43,72,84,90,71,28,29,76,18,34,47,49,37,87,97,96,12,
167	4	9	2.294	4,32,92,43,72,84,28,29,76,18,21,33,98,58,52,41,69,9,
167	4	14	2.462	4,32,43,72,84,54,90,51,53,65,93,57,82,42,38,62,59,70,31,14,
167	4	10	2.544	4,32,92,43,72,84,28,29,76,18,21,33,98,58,27,52,69,41,40,10,
167	4	11	2.509	4,32,43,72,84,28,29,76,18,21,33,98,39,63,64,35,81,85,60,48,11,
167	6	7	2.322	6,91,79,92,43,72,84,28,29,76,22,68,17,16,94,7,
167	5	7	2.082	5,79,92,43,72,84,28,29,76,22,68,17,80,67,94,7,
167	5	8	2.181	5,91,68,22,56,17,80,67,16,44,99,58,41,52,27,8,
167	6	8	2.4	6,80,67,16,17,56,86,44,99,23,33,98,39,63,58,27,8,
167	5	15	2.296	5,79,92,43,72,84,54,90,51,53,65,93,57,82,42,38,62,59,15,
167	5	12	2.758	5,79,92,43,72,84,28,29,76,18,61,21,34,47,49,37,87,97,96,12,
167	5	9	2.379	5,79,92,43,72,84,28,29,76,18,21,33,98,58,52,41,69,9,
167	5	13	2.817	5,79,92,43,72,84,28,29,76,18,34,47,50,77,55,73,24,36,89,45,13,
167	5	10	2.629	5,79,92,43,72,84,28,29,76,18,21,33,98,58,27,52,69,41,40,10,
167	5	11	2.511	5,91,68,22,56,17,80,67,16,86,23,33,98,39,63,64,35,81,85,60,48,11,
167	5	14	2.606	5,79,92,43,72,84,54,90,51,53,65,93,57,82,42,38,62,59,70,31,14,
167	7	8	2.164	7,94,16,67,80,17,56,86,44,99,58,52,41,69,27,8,
167	7	9	1.897	7,94,16,67,80,17,56,86,44,99,58,27,52,41,69,9,
167	6	9	2.255	6,80,67,16,17,56,86,44,99,23,33,98,39,63,41,69,9,
167	7	10	1.933	7,94,16,67,80,17,86,44,99,58,27,69,52,41,40,10,
167	7	11	1.975	7,94,44,99,27,69,52,41,81,35,95,85,60,48,11,
167	6	12	2.611	6,80,67,16,44,99,58,27,69,52,41,81,35,95,85,60,48,74,12,
167	6	15	2.524	6,91,68,22,92,43,72,84,90,51,53,65,93,82,42,38,62,59,15,
167	6	13	2.716	6,80,67,16,17,68,22,61,21,34,47,50,75,77,55,73,24,36,89,45,13,
167	6	10	2.601	6,80,67,16,86,44,99,58,27,69,52,41,81,35,95,85,60,40,10,
167	6	14	2.526	6,80,67,16,17,68,22,61,21,34,47,50,75,77,55,73,24,36,89,45,14,
167	6	11	2.404	6,80,67,16,44,99,27,69,52,41,58,39,63,64,35,81,85,60,48,11,
167	8	9	2.138	8,30,94,16,67,80,17,86,44,99,58,27,52,41,69,9,
167	8	10	2.181	8,27,69,52,41,58,39,63,64,35,81,95,85,60,40,10,
167	8	11	1.87	8,27,69,52,41,58,39,64,35,81,95,85,60,48,11,
167	8	12	2.56	8,27,69,52,41,58,39,63,64,35,81,95,85,60,48,74,97,96,12,
167	7	12	2.531	7,94,80,67,16,86,23,33,98,39,63,64,35,81,95,85,60,48,74,12,
167	8	13	2.698	8,27,69,52,41,58,63,39,46,49,37,87,20,36,24,89,45,13,
167	8	15	2.742	8,27,69,52,41,58,98,33,46,49,37,87,20,36,89,45,31,15,
167	7	15	2.715	7,94,16,17,68,22,92,43,72,84,90,51,53,65,93,82,42,83,15,
167	7	13	2.67	7,94,16,67,80,17,56,61,21,34,47,50,75,77,55,73,24,36,89,45,13,
167	8	14	2.674	8,27,69,52,41,58,63,39,98,33,46,49,37,87,20,36,89,45,14,
167	7	14	2.63	7,94,16,67,80,17,68,22,61,21,34,47,50,75,77,55,73,24,36,89,45,14,
167	10	12	2.083	10,40,41,52,69,27,58,63,64,35,81,85,60,48,74,12,
167	9	12	2.044	9,69,52,41,58,39,63,64,35,81,95,85,60,48,74,96,12,
167	9	10	1.939	9,69,52,41,58,63,64,35,81,95,74,85,48,60,10,
167	9	11	1.636	9,69,52,41,58,63,64,35,81,95,74,85,60,48,11,
167	10	11	1.733	10,40,41,52,69,27,58,39,64,35,81,85,60,48,11,
167	10	13	2.407	10,40,41,52,69,27,58,39,63,64,37,87,20,36,89,45,13,
167	9	13	2.357	9,69,41,52,27,58,39,63,64,35,81,95,85,60,48,74,96,13,
167	10	15	2.547	10,40,41,52,69,27,58,63,39,46,49,37,87,20,36,89,45,31,15,
167	10	14	2.406	10,40,41,52,69,27,58,98,33,46,49,37,87,20,36,89,45,14,
167	9	15	2.615	9,69,41,52,27,58,39,63,64,81,35,37,87,20,36,89,45,31,15,
167	9	14	2.499	9,69,41,52,27,58,39,98,23,33,46,49,37,87,20,36,89,45,14,
167	11	12	1.88	11,48,60,85,74,95,81,35,64,37,87,20,97,96,12,
167	12	15	2.149	12,74,48,60,85,95,81,35,87,20,36,89,45,31,15,
167	12	13	2.097	12,74,48,60,85,81,35,37,87,20,36,89,45,13,
167	14	15	2.166	14,45,89,36,20,87,37,73,55,77,26,70,59,25,83,15,
167	13	15	2.338	13,45,89,36,24,20,87,37,73,55,77,75,26,70,31,15,
167	11	13	1.911	11,48,60,85,74,95,81,35,37,87,20,36,89,45,13,
167	12	14	1.907	12,74,48,60,85,81,35,37,87,20,36,89,45,14,
167	13	14	2.154	13,20,87,37,49,47,50,75,77,55,73,24,36,89,45,14,
167	11	14	1.721	11,48,60,85,74,95,81,35,37,87,20,36,89,45,14,
167	11	15	2.263	11,48,60,85,74,95,81,35,64,49,37,87,20,36,89,45,31,15,
