46	0	1	2.175	0,53,78,16,30,69,37,66,25,88,89,65,72,73,1,
46	0	2	2.109	0,53,16,30,69,37,66,25,88,89,65,72,80,19,2,
46	0	3	2.229	0,71,58,65,76,35,33,32,24,77,60,18,85,56,3,
46	0	4	2.36	0,71,58,65,76,35,33,32,24,77,92,97,49,39,21,60,18,4,
46	0	5	2.302	0,71,58,65,72,98,43,56,85,35,33,32,24,77,92,97,49,39,5,
46	0	6	2.536	0,71,58,65,72,98,43,56,85,35,33,32,24,77,92,97,49,39,59,6,
46	0	7	2.643	0,71,58,65,76,35,33,32,77,60,92,97,49,39,59,62,44,95,7,
46	0	8	2.747	0,53,78,22,69,37,30,16,66,90,83,61,29,64,70,84,81,51,8,
46	0	9	2.417	0,71,28,89,88,45,29,61,64,70,99,57,41,26,79,68,55,47,9,
46	0	10	2.544	0,71,28,89,88,45,29,61,64,70,99,57,41,26,79,68,55,47,10,
46	0	11	2.695	0,53,78,22,69,37,30,16,66,45,29,61,83,90,20,50,27,40,96,11,
46	0	12	2.569	0,53,22,69,37,30,16,66,45,29,61,83,90,20,50,27,40,96,12,
46	0	13	2.283	0,71,28,88,45,29,61,83,90,66,16,30,69,37,75,94,87,13,
46	0	14	2.068	0,71,28,88,25,45,29,61,83,90,66,16,30,37,69,14,
46	0	15	2.129	0,71,58,28,89,88,45,29,61,83,90,66,16,78,22,15,
46	1	2	2.253	1,73,80,98,35,33,32,24,77,60,18,56,43,19,2,
46	1	3	2.092	1,73,72,65,76,35,33,32,24,77,92,60,18,56,3,
46	1	4	1.913	1,73,80,72,65,76,35,33,32,24,77,92,60,18,4,
46	1	5	2.081	1,73,80,72,98,43,56,85,35,33,32,24,77,92,97,49,39,5,
46	1	6	2.318	1,73,80,98,43,56,85,35,33,32,24,77,60,92,97,49,39,59,6,
46	1	7	2.459	1,73,72,65,76,35,33,32,24,77,92,97,49,39,59,62,44,95,7,
46	1	8	2.659	1,73,80,98,35,33,32,24,77,92,97,49,39,59,62,44,74,51,8,
46	1	9	2.51	1,58,28,88,45,29,61,90,83,64,70,99,57,41,26,79,68,46,55,47,9,
46	1	10	2.607	1,73,80,72,65,76,86,82,38,70,99,57,41,26,79,68,46,55,47,10,
46	1	11	2.806	1,73,72,65,89,45,29,61,90,83,64,70,99,57,41,26,79,91,34,11,
46	1	12	2.572	1,73,80,72,65,76,89,28,88,25,45,29,61,83,90,20,50,40,27,12,
46	1	13	2.215	1,73,80,98,72,65,89,88,25,66,16,30,69,37,75,94,87,13,
46	1	14	2.173	1,73,72,65,89,88,45,29,61,90,66,16,30,37,69,14,
46	1	15	1.875	1,73,72,65,89,88,25,66,16,30,37,69,78,22,15,
46	2	3	2.032	2,19,43,85,35,33,32,24,77,97,92,60,18,56,3,
46	2	4	1.819	2,19,43,85,35,33,32,24,77,92,97,49,39,21,42,4,
46	2	5	1.921	2,19,80,72,98,85,35,33,32,24,77,60,92,97,49,39,5,
46	2	6	2.371	2,19,80,72,65,76,35,33,32,24,77,60,92,97,49,39,59,62,6,
46	2	7	2.384	2,19,43,56,85,35,33,32,24,77,92,97,49,39,59,62,44,74,95,7,
46	2	8	2.499	2,19,43,56,85,35,33,32,24,77,97,49,39,59,62,44,74,51,8,
46	2	9	2.491	2,19,80,72,65,89,45,29,61,64,70,99,57,41,26,79,68,46,55,47,9,
46	2	10	2.594	2,19,80,72,65,89,88,45,29,61,90,83,64,70,99,57,41,26,79,68,10,
46	2	11	2.791	2,19,80,72,65,89,45,29,61,90,83,64,70,99,57,41,26,79,91,34,11,
46	2	12	2.663	2,19,80,72,65,76,89,88,25,45,29,61,64,83,90,20,50,27,40,96,12,
46	2	13	2.386	2,80,72,65,89,88,45,29,61,83,90,66,16,30,69,37,94,87,13,
46	2	14	2.183	2,19,80,72,65,89,88,45,29,61,83,90,66,16,30,37,69,14,
46	2	15	1.824	2,19,80,72,65,89,88,25,66,16,30,37,69,22,15,
46	3	4	1.576	3,56,85,35,33,32,24,77,92,97,49,39,21,42,4,
46	3	5	1.506	3,43,56,85,35,33,32,24,77,60,92,97,49,39,5,
46	3	6	1.62	3,43,56,85,35,33,32,24,77,92,97,49,39,59,6,
46	3	7	2.193	3,43,56,85,35,33,32,24,77,92,97,49,39,59,62,44,74,95,7,
46	3	8	2.482	3,43,56,85,35,33,32,24,77,60,92,97,49,39,59,62,44,74,51,8,
46	3	9	2.483	3,56,85,35,33,36,17,63,84,81,70,99,57,41,26,79,68,46,55,47,9,
46	3	10	2.682	3,56,85,35,33,32,77,24,93,48,63,84,81,99,57,41,26,79,68,55,47,10,
46	3	11	2.802	3,56,85,18,60,92,77,32,24,93,48,17,70,99,57,41,26,79,91,34,11,
46	3	12	2.75	3,56,43,98,72,65,76,89,28,88,25,45,29,61,90,83,20,50,40,27,12,
46	3	13	2.459	3,56,43,98,72,65,76,89,28,88,25,66,16,30,69,37,75,94,87,13,
46	3	14	2.474	3,56,43,98,72,65,89,88,45,29,61,83,90,66,16,30,37,69,14,
46	3	15	2.372	3,56,43,98,80,72,65,76,89,88,25,66,16,30,37,69,22,15,
46	4	5	1.645	4,18,35,33,32,24,77,60,42,21,92,97,49,39,5,
46	4	6	1.73	4,18,35,33,32,24,93,77,60,92,97,49,39,59,6,
46	4	7	1.729	4,18,60,77,24,93,97,49,39,59,62,44,74,95,7,
46	4	8	2.448	4,18,60,35,33,32,24,93,77,92,97,49,39,59,62,44,74,51,8,
46	4	9	2.208	4,18,60,77,32,24,93,48,63,84,81,99,57,41,26,79,68,55,47,9,
46	4	10	2.452	4,18,60,77,24,93,48,63,84,81,70,99,57,41,26,79,68,46,55,47,10,
46	4	11	2.573	4,18,60,92,77,32,24,93,48,63,84,81,70,99,57,41,26,79,91,34,11,
46	4	12	2.624	4,18,60,92,77,32,24,93,48,17,38,64,29,61,83,90,20,50,40,27,12,
46	4	13	2.53	4,18,60,77,32,33,35,86,89,88,25,66,16,30,69,37,94,87,13,
46	4	14	2.511	4,18,60,77,32,24,93,48,17,38,29,61,83,90,66,16,30,37,69,14,
46	4	15	2.467	4,18,60,77,32,24,93,48,17,38,29,61,83,90,66,16,78,22,15,
46	5	6	1.815	5,39,49,97,92,77,60,18,35,33,32,24,93,59,6,
46	5	7	1.752	5,21,92,77,32,24,93,97,49,39,59,62,44,74,95,7,
46	5	8	2.121	5,42,21,92,60,77,32,24,93,97,49,39,59,62,44,74,51,8,
46	5	9	2.032	5,39,49,97,77,32,24,48,63,70,99,57,41,26,79,68,55,47,9,
46	5	10	2.19	5,39,49,97,92,60,77,32,24,93,48,63,70,99,57,41,26,79,68,10,
46	5	11	2.453	5,39,49,97,92,60,77,32,24,93,48,63,70,99,57,41,26,79,91,34,11,
46	5	12	2.492	5,39,49,97,92,77,32,24,93,48,17,38,64,29,61,83,90,20,50,27,12,
46	5	13	2.535	5,39,49,97,92,77,32,33,35,86,89,88,25,66,16,30,69,37,75,87,13,
46	5	14	2.457	5,39,49,97,92,77,24,32,36,82,45,29,61,83,90,66,16,30,37,69,14,
46	5	15	2.321	5,39,49,97,92,77,24,32,33,35,86,89,88,25,66,16,78,22,15,
46	6	7	1.806	6,59,39,49,97,92,60,77,32,24,93,62,44,74,95,7,
46	6	8	1.975	6,59,39,49,97,92,60,77,32,24,93,62,44,74,51,8,
46	6	9	2.114	6,59,62,44,74,81,84,70,99,57,41,26,79,68,46,55,47,9,
46	6	10	2.25	6,59,39,49,97,77,32,24,93,48,63,70,99,57,41,26,79,68,10,
46	6	11	2.467	6,59,39,49,97,77,32,24,48,63,70,99,57,41,26,79,91,34,11,
46	6	12	2.58	6,59,39,49,97,92,77,24,32,36,82,29,61,90,83,20,50,40,27,12,
46	6	13	2.635	6,59,39,49,97,92,77,32,24,93,48,17,38,29,61,90,83,20,50,13,
46	6	14	2.541	6,59,39,49,97,92,77,32,33,35,86,89,88,25,66,16,30,37,69,14,
46	6	15	2.454	6,59,39,49,97,92,77,24,32,33,35,86,89,88,25,53,78,22,15,
46	7	8	2.147	7,95,44,74,81,84,70,99,57,41,26,79,68,46,55,47,9,8,
46	7	9	1.758	7,95,44,74,81,84,70,99,57,41,26,79,68,46,55,47,9,
46	7	10	2.136	7,95,44,74,81,84,70,99,57,41,26,46,55,47,68,79,91,23,10,
46	7	11	2.301	7,95,44,74,81,84,70,99,57,41,26,46,55,47,68,79,91,34,11,
46	7	12	2.586	7,95,44,74,81,84,63,17,38,64,61,29,45,90,83,20,50,40,27,12,
46	7	13	2.487	7,95,74,63,17,38,29,61,83,90,66,16,30,69,37,75,94,87,13,
46	7	14	2.607	7,95,44,74,81,84,63,17,38,64,83,90,61,29,45,66,16,30,37,69,14,
46	7	15	2.608	7,95,44,74,81,84,63,17,38,64,29,61,83,90,66,16,30,69,22,15,
46	8	9	1.787	8,51,52,81,84,70,99,57,41,26,79,68,46,55,47,9,
46	8	10	1.914	8,51,52,81,84,70,99,57,41,26,79,68,46,55,47,10,
46	8	11	2.417	8,51,81,84,70,99,57,41,46,55,47,68,79,26,91,54,34,11,
46	8	12	2.361	8,51,52,46,55,47,68,79,26,41,57,99,67,54,31,96,40,27,12,
46	8	13	2.421	8,51,81,84,70,64,29,61,83,90,66,16,30,69,37,75,87,13,
46	8	14	2.338	8,51,81,84,63,17,38,64,29,61,83,90,66,16,30,37,69,14,
46	8	15	2.593	8,51,81,84,63,17,38,64,83,90,61,29,45,66,16,30,69,78,22,15,
46	9	10	1.947	9,47,55,46,68,79,26,41,57,81,84,70,99,67,91,23,10,
46	9	11	2.006	9,47,55,46,68,79,26,41,57,99,67,54,31,40,27,96,11,
46	9	12	1.79	9,47,55,46,68,79,26,41,57,99,67,54,31,96,40,27,12,
46	9	13	2.322	9,47,55,46,68,79,26,41,57,99,70,64,61,29,45,90,83,20,50,13,
46	9	14	2.168	9,47,55,68,79,26,41,57,99,70,64,61,29,45,66,16,30,69,14,
46	9	15	2.232	9,47,55,68,79,26,41,57,99,70,64,29,61,83,90,66,16,78,22,15,
46	10	11	2.133	10,47,55,46,68,79,26,41,57,99,67,54,31,40,27,96,11,
46	10	12	1.917	10,47,55,46,68,79,26,41,57,99,67,54,31,96,40,27,12,
46	10	13	2.286	10,23,34,54,31,83,90,61,29,45,66,16,30,69,37,94,87,13,
46	10	14	2.157	10,68,79,26,41,57,99,70,64,29,61,83,90,66,16,30,69,14,
46	10	15	2.359	10,47,55,68,79,26,41,57,99,70,64,29,61,83,90,66,16,78,22,15,
46	11	12	2.203	11,23,79,68,47,55,46,26,41,57,99,67,54,96,40,27,12,
46	11	13	2.231	11,34,54,31,83,90,61,29,45,66,16,30,37,94,87,13,
46	11	14	2.125	11,96,27,40,50,20,90,83,61,29,45,66,16,30,69,14,
46	11	15	2.485	11,96,40,27,50,20,90,83,61,29,45,66,16,30,37,69,78,53,15,
46	12	13	2.076	12,27,40,50,20,90,83,61,29,45,66,16,30,37,75,87,13,
46	12	14	1.889	12,27,40,50,20,90,83,61,29,45,66,16,30,37,69,14,
46	12	15	1.968	12,27,40,50,20,90,83,61,29,45,66,30,16,78,22,15,
46	13	14	2.043	13,27,40,50,20,90,83,61,29,45,66,16,30,37,69,14,
46	13	15	1.966	13,87,94,37,69,30,16,66,25,88,89,28,53,78,22,15,
46	14	15	1.907	14,69,37,30,16,66,90,83,61,29,45,25,53,78,22,15,
