451	0	1	1.821	0,65,26,27,96,90,88,34,60,59,62,43,66,61,29,1,
451	0	2	1.784	0,27,96,26,65,19,29,91,60,34,59,62,43,66,61,2,
451	0	3	2.007	0,65,26,27,96,90,88,34,60,59,62,43,61,66,23,83,55,71,3,
451	0	4	2.137	0,65,26,27,96,90,88,34,60,59,62,43,61,66,23,83,44,51,4,
451	0	5	2.423	0,65,26,27,96,90,88,34,60,62,43,66,61,93,55,83,44,51,80,5,
451	0	6	2.612	0,65,27,96,90,88,34,60,59,62,43,23,83,44,51,80,84,76,74,54,6,
451	0	7	2.567	0,65,26,27,96,90,88,34,60,59,35,63,20,28,81,53,99,50,22,7,
451	0	8	2.501	0,65,26,27,96,90,88,34,60,59,35,63,20,72,47,48,18,64,78,79,69,8,
451	0	9	2.65	0,65,26,27,96,90,88,34,60,59,35,63,20,86,39,75,89,45,77,9,
451	0	10	2.686	0,65,26,27,96,90,88,34,60,59,35,63,20,86,39,75,89,45,33,10,
451	0	11	2.646	0,65,26,27,96,90,88,34,59,35,63,20,86,39,97,52,46,32,42,11,
451	0	12	2.587	0,27,96,90,88,34,60,59,35,63,20,86,21,98,70,95,24,58,12,
451	0	13	2.399	0,19,91,60,34,88,35,63,20,86,21,98,70,95,92,31,13,
451	0	14	2.254	0,19,29,61,66,43,62,59,60,34,88,90,49,40,41,14,
451	0	15	2.171	0,19,29,61,66,43,62,59,60,34,88,90,68,49,37,15,
451	1	2	1.891	1,29,91,60,88,34,59,62,43,23,83,55,93,66,61,2,
451	1	3	1.807	1,29,91,60,34,59,62,43,66,61,93,55,23,83,71,3,
451	1	4	1.837	1,29,91,60,34,88,59,62,43,61,66,23,83,44,51,4,
451	1	5	2.291	1,29,61,66,43,62,59,60,34,88,35,63,20,28,81,53,99,76,74,5,
451	1	6	2.43	1,29,91,60,34,59,62,43,61,66,23,83,44,51,80,84,76,74,54,6,
451	1	7	2.472	1,29,61,66,43,62,59,60,34,88,35,63,20,28,81,53,99,50,22,7,
451	1	8	2.322	1,29,91,60,34,88,35,63,20,86,39,75,82,36,25,18,64,78,79,69,8,
451	1	9	2.555	1,29,61,66,43,62,59,60,34,88,35,63,20,86,39,75,89,45,77,9,
451	1	10	2.57	1,29,61,66,43,62,59,60,34,88,35,63,20,86,39,97,45,52,46,10,
451	1	11	2.476	1,29,91,60,34,88,35,63,20,86,39,75,89,45,52,46,32,42,11,
451	1	12	2.403	1,29,91,60,34,88,35,63,20,86,39,17,21,98,70,95,24,58,12,
451	1	13	2.373	1,29,91,60,34,88,35,63,20,86,39,17,21,98,70,95,92,31,13,
451	1	14	2.021	1,29,61,66,43,62,59,60,34,88,90,68,49,40,41,14,
451	1	15	2.033	1,29,38,61,66,43,62,59,60,34,88,90,68,49,37,15,
451	2	3	1.79	2,38,29,91,60,34,59,62,43,61,66,23,83,55,71,3,
451	2	4	1.891	2,61,66,43,62,59,60,34,88,35,87,23,83,44,51,4,
451	2	5	1.95	2,61,66,43,62,23,55,83,44,51,80,84,76,74,54,5,
451	2	6	2.268	2,61,66,43,62,59,60,34,88,35,63,20,28,81,53,99,76,74,54,6,
451	2	7	2.256	2,61,66,43,62,59,60,34,88,35,63,20,28,81,53,99,50,22,7,
451	2	8	2.189	2,61,66,43,62,59,60,34,88,35,63,20,72,75,18,64,78,79,69,8,
451	2	9	2.411	2,61,66,43,62,59,60,34,88,35,63,20,86,39,75,89,45,77,16,9,
451	2	10	2.573	2,61,66,43,62,60,88,34,59,87,35,63,20,86,39,75,89,45,52,46,10,
451	2	11	2.481	2,61,66,43,62,59,60,34,88,35,63,20,86,39,17,97,52,46,32,42,11,
451	2	12	2.426	2,61,66,43,62,59,60,34,88,35,63,20,86,39,17,21,98,70,95,58,12,
451	2	13	2.334	2,61,66,43,62,59,60,34,88,35,63,20,86,21,98,70,95,92,31,13,
451	2	14	2.373	2,61,66,43,62,59,34,88,60,91,19,65,26,27,96,37,40,41,14,
451	2	15	2.404	2,61,66,93,71,55,83,23,43,62,59,60,34,88,90,68,49,37,15,
451	3	4	1.955	3,93,61,66,43,62,59,34,60,88,35,87,30,44,51,4,
451	3	5	1.887	3,71,55,23,83,44,51,80,84,81,56,53,99,76,74,5,
451	3	6	1.949	3,71,55,83,44,51,80,84,99,53,81,56,22,50,67,6,
451	3	7	2.313	3,71,55,83,44,51,80,84,99,53,81,56,48,18,25,36,64,78,7,
451	3	8	2.14	3,71,55,83,44,51,80,84,99,53,81,56,48,18,25,64,78,79,69,8,
451	3	9	2.491	3,71,55,83,44,51,80,76,84,99,53,81,56,48,18,25,36,82,77,16,9,
451	3	10	2.532	3,71,55,83,44,51,80,84,99,53,56,48,18,25,36,82,89,45,52,46,10,
451	3	11	2.528	3,93,61,66,43,62,59,60,34,88,35,63,20,86,39,97,52,46,32,42,11,
451	3	12	2.503	3,71,55,23,43,62,59,60,34,88,35,63,20,86,39,17,98,70,95,58,12,
451	3	13	2.456	3,71,55,23,43,62,59,60,34,88,35,63,20,86,21,98,70,95,92,31,13,
451	3	14	2.484	3,71,55,83,23,93,61,66,43,62,59,60,34,88,90,49,68,94,40,41,14,
451	3	15	2.177	3,71,55,83,23,66,61,43,62,59,34,60,91,19,65,26,27,96,15,
451	4	5	2.133	4,51,44,83,23,43,62,60,34,59,87,30,84,76,74,5,
451	4	6	2.294	4,80,84,99,53,81,56,47,48,18,25,36,64,22,50,6,
451	4	7	2.095	4,80,84,99,53,81,56,48,18,25,36,64,78,69,79,7,
451	4	8	2.193	4,80,84,99,53,81,56,47,75,89,82,36,25,18,64,78,79,69,8,
451	4	9	2.638	4,51,44,80,76,84,99,53,81,56,47,48,18,25,36,82,89,45,77,16,9,
451	4	10	2.675	4,51,44,80,74,76,84,99,53,81,56,48,18,25,36,82,89,45,52,46,10,
451	4	11	2.454	4,80,84,99,53,81,56,47,48,18,25,36,82,89,45,52,46,32,42,11,
451	4	12	2.687	4,51,44,83,23,43,62,59,60,34,88,35,63,20,86,21,98,70,24,58,12,
451	4	13	2.639	4,80,76,84,99,53,81,56,47,72,86,39,17,21,98,70,95,92,31,13,
451	4	14	2.544	4,51,44,83,23,55,93,61,66,43,62,59,60,34,88,90,68,49,40,41,14,
451	4	15	2.307	4,51,44,83,23,66,61,43,62,59,34,60,91,19,65,26,27,96,15,
451	5	6	2.063	5,74,76,84,99,53,81,56,48,18,25,36,64,22,50,6,
451	5	7	1.893	5,74,76,84,99,53,56,48,18,25,36,64,78,69,79,7,
451	5	8	1.585	5,74,76,84,99,53,56,48,18,25,36,64,78,79,69,8,
451	5	9	2.169	5,74,76,84,99,53,81,56,47,48,18,25,36,82,89,45,77,16,9,
451	5	10	2.288	5,54,74,76,84,99,53,81,56,47,48,18,25,36,82,89,45,52,46,10,
451	5	11	2.223	5,74,76,84,99,53,81,56,48,18,25,36,82,89,45,52,46,32,42,11,
451	5	12	2.637	5,74,76,84,99,53,81,56,48,18,25,36,82,89,45,52,46,32,42,73,57,12,
451	5	13	2.745	5,54,74,76,84,99,53,81,56,47,72,86,39,17,21,98,70,95,24,58,92,31,13,
451	5	14	2.552	5,74,76,84,99,53,81,56,47,72,86,39,17,21,98,70,95,94,40,41,14,
451	5	15	2.513	5,80,51,44,83,23,66,61,43,62,59,34,60,91,19,65,26,27,96,15,
451	6	7	1.976	6,54,74,76,84,99,53,81,56,48,18,25,36,64,78,7,
451	6	8	1.722	6,54,74,76,84,99,53,81,56,48,18,64,78,79,69,8,
451	6	9	2.025	6,54,74,76,84,99,53,81,56,48,18,25,36,82,77,16,9,
451	6	10	2.266	6,54,74,76,84,99,53,81,56,48,18,25,36,82,89,45,52,46,10,
451	6	11	2.292	6,54,74,76,99,53,56,48,18,25,36,82,89,45,52,46,32,42,11,
451	6	12	2.499	6,54,74,76,84,99,53,81,56,47,72,39,86,21,98,70,95,58,12,
451	6	13	2.475	6,54,74,76,84,99,53,81,56,47,72,39,17,21,98,70,95,92,31,13,
451	6	14	2.577	6,54,74,76,84,99,53,56,47,72,39,17,21,98,70,95,94,40,41,14,
451	6	15	2.667	6,54,74,76,84,80,51,44,83,23,43,62,59,60,34,88,90,49,37,15,
451	7	8	1.813	7,22,50,53,81,56,47,48,18,25,36,64,78,79,69,8,
451	7	9	1.957	7,79,69,78,64,18,25,36,82,89,45,52,46,33,9,
451	7	10	2.194	7,79,69,78,64,18,25,36,82,89,45,33,52,46,32,42,10,
451	7	11	2.252	7,79,69,78,64,18,25,36,82,75,89,45,33,52,46,32,42,11,
451	7	12	2.45	7,79,69,78,64,18,25,36,82,75,89,45,52,46,42,32,73,57,12,
451	7	13	2.498	7,79,69,78,64,18,25,36,82,89,45,97,17,21,98,70,95,92,31,13,
451	7	14	2.593	7,79,69,78,64,18,25,36,82,89,97,17,21,98,70,95,94,40,41,14,
451	7	15	2.714	7,79,69,78,64,18,25,36,82,75,39,86,20,63,85,68,49,37,15,
451	8	9	1.649	8,69,79,78,64,18,25,36,82,89,45,52,46,33,9,
451	8	10	1.6	8,69,79,78,64,18,25,36,82,89,45,33,52,46,10,
451	8	11	1.514	8,69,79,78,64,18,25,36,82,89,45,52,46,42,11,
451	8	12	2.073	8,69,79,78,64,18,25,36,82,89,45,33,46,32,42,73,57,12,
451	8	13	2.19	8,69,79,78,64,18,25,36,82,89,45,97,17,21,98,70,95,92,31,13,
451	8	14	2.245	8,69,79,78,64,18,25,36,82,89,97,17,21,98,70,94,40,41,14,
451	8	15	2.406	8,69,79,78,64,18,25,36,82,75,39,86,20,63,85,68,49,37,15,
451	9	10	1.973	9,77,16,69,79,78,64,18,25,36,82,89,45,52,46,10,
451	9	11	1.903	9,8,69,79,78,64,18,25,36,82,89,45,52,46,42,11,
451	9	12	2.331	9,8,69,79,78,64,18,25,36,82,89,45,52,46,32,42,73,57,12,
451	9	13	2.417	9,77,16,36,25,18,48,47,72,86,39,17,21,98,70,95,92,31,13,
451	9	14	2.576	9,77,16,36,25,18,75,39,86,17,21,98,70,95,92,94,40,41,14,
451	9	15	2.749	9,77,16,36,25,75,39,86,20,63,35,59,60,34,88,90,68,49,37,15,
451	10	11	2.049	10,33,77,16,82,36,25,18,75,89,45,52,46,32,42,11,
451	10	12	2.185	10,33,77,16,36,25,82,89,45,52,46,32,42,73,57,12,
451	10	13	2.275	10,46,52,45,89,82,75,39,17,21,98,70,95,92,31,13,
451	10	14	2.546	10,46,52,45,89,75,39,86,17,21,98,70,95,92,94,40,41,14,
451	10	15	2.703	10,46,52,97,39,86,20,63,35,87,59,60,34,88,90,68,49,37,15,
451	11	12	2.152	11,42,32,46,52,45,89,97,17,21,98,70,95,24,58,12,
451	11	13	2.228	11,42,32,46,52,45,89,97,17,21,98,70,95,58,31,13,
451	11	14	2.233	11,42,32,46,52,45,97,17,21,98,70,95,94,40,41,14,
451	11	15	2.669	11,42,32,46,52,45,89,97,17,39,86,20,63,85,68,49,37,15,
451	12	13	2.454	12,57,73,32,46,52,45,89,97,17,21,98,70,95,92,31,13,
451	12	14	2.484	12,58,24,95,70,98,21,86,20,63,85,68,49,40,41,14,
451	12	15	2.487	12,58,24,95,70,98,21,17,39,86,20,63,85,68,49,37,15,
451	13	14	2.468	13,31,92,95,70,98,21,17,39,86,85,68,49,40,41,14,
451	13	15	2.412	13,31,92,95,70,98,17,39,86,20,63,85,68,49,37,15,
451	14	15	2.352	14,41,40,49,68,90,88,34,59,60,91,19,65,26,27,96,15,
