21	0	1	2.199	0,44,69,94,75,54,74,32,90,41,31,80,45,95,97,1,
21	0	2	2.241	0,69,94,75,54,74,32,90,41,31,80,47,24,92,46,2,
21	0	3	2.393	0,1,97,95,45,47,24,23,51,48,85,79,21,73,49,19,65,88,3,
21	0	4	2.323	0,44,97,95,45,80,31,47,24,23,51,48,85,79,21,19,49,65,4,
21	0	5	2.603	0,1,97,95,45,80,31,47,92,24,23,51,48,85,79,21,19,49,73,58,5,
21	0	6	2.535	0,44,97,95,45,47,24,23,51,48,85,79,21,73,58,61,78,76,27,6,
21	0	7	2.704	0,94,69,74,32,90,41,48,85,79,21,73,58,61,78,27,76,83,20,7,
21	0	8	2.78	0,50,98,70,59,52,71,18,16,86,82,33,39,17,89,53,66,30,8,
21	0	9	2.613	0,50,26,67,59,52,71,18,86,16,82,33,93,63,17,89,53,9,
21	0	10	2.334	0,50,26,67,59,52,71,18,16,86,82,33,93,39,17,63,22,28,36,10,
21	0	11	2.285	0,50,26,67,98,70,59,52,71,18,16,86,82,33,93,39,17,63,22,11,
21	0	12	2.13	0,50,26,67,98,70,59,52,91,71,18,16,86,82,33,93,35,12,
21	0	13	2.06	0,69,94,34,26,67,70,59,52,91,71,18,16,86,43,13,
21	0	14	2.078	0,50,26,67,98,70,59,52,71,18,16,86,43,91,84,14,
21	0	15	2.294	0,50,26,67,52,71,18,16,82,86,43,91,59,70,98,15,
21	1	2	2.038	1,97,95,44,69,94,75,74,32,90,41,31,80,47,46,2,
21	1	3	1.868	1,97,95,45,47,24,23,51,85,79,21,73,49,65,88,3,
21	1	4	2.021	1,97,95,45,80,31,47,92,24,23,51,48,85,79,21,73,49,65,4,
21	1	5	2.358	1,97,95,45,80,31,47,24,23,51,48,85,79,21,19,49,73,58,61,96,5,
21	1	6	2.362	1,97,95,45,80,31,47,24,23,51,48,85,79,21,19,49,73,58,61,78,27,6,
21	1	7	2.353	1,97,95,45,80,31,51,48,85,79,21,73,58,61,78,27,76,83,20,7,
21	1	8	2.717	1,97,95,45,80,31,41,32,90,29,42,38,64,77,37,56,40,66,30,8,
21	1	9	2.687	1,97,95,45,80,31,41,32,90,29,38,64,77,37,56,40,66,53,9,
21	1	10	2.456	1,44,69,94,34,26,67,52,71,18,16,86,82,33,39,17,63,22,28,36,10,
21	1	11	2.328	1,97,44,69,94,34,26,67,59,52,71,18,16,86,82,33,39,17,63,22,11,
21	1	12	2.281	1,97,44,69,94,34,26,67,70,59,52,71,18,86,16,82,33,93,35,12,
21	1	13	2.398	1,44,69,94,34,50,26,67,70,59,52,71,18,86,16,82,33,93,43,13,
21	1	14	2.032	1,97,95,45,80,31,41,32,74,75,34,50,26,67,70,84,14,
21	1	15	2.14	1,97,44,69,94,34,26,67,52,71,18,91,59,70,98,15,
21	2	3	1.697	2,46,92,24,23,51,48,85,79,21,73,49,19,65,88,3,
21	2	4	1.564	2,46,47,92,24,23,51,48,85,79,21,73,49,19,65,4,
21	2	5	2.179	2,46,92,24,23,51,48,85,79,21,19,49,73,58,61,78,76,27,96,5,
21	2	6	2.219	2,46,47,92,24,23,51,48,85,79,21,19,49,73,58,61,68,78,76,27,6,
21	2	7	2.23	2,46,92,24,23,51,48,85,79,21,19,49,73,58,61,78,27,76,83,20,7,
21	2	8	2.518	2,46,92,24,23,51,85,79,21,19,49,73,58,61,78,27,76,83,20,25,8,
21	2	9	2.792	2,46,47,80,31,41,32,74,75,54,60,87,64,77,37,56,40,66,53,9,
21	2	10	2.707	2,46,47,80,31,41,32,90,29,60,87,62,39,17,63,22,89,28,36,10,
21	2	11	2.596	2,95,97,44,69,94,34,50,26,67,59,52,71,18,16,86,82,33,39,17,63,22,11,
21	2	12	2.515	2,46,47,80,31,32,74,75,34,26,67,52,71,18,16,86,82,33,93,35,12,
21	2	13	2.421	2,46,47,80,31,32,74,75,34,50,26,67,59,52,71,18,16,86,43,13,
21	2	14	2.081	2,46,47,80,31,41,32,74,75,34,26,67,52,59,70,98,84,14,
21	2	15	2.043	2,45,80,31,32,74,75,54,26,67,52,59,70,98,15,
21	3	4	1.894	3,23,24,47,45,80,31,51,85,79,21,73,49,19,65,4,
21	3	5	1.796	3,24,23,51,48,85,79,21,73,58,61,78,76,27,96,5,
21	3	6	1.632	3,24,23,51,48,85,79,21,19,49,73,58,61,78,27,6,
21	3	7	2.248	3,24,23,51,88,65,49,19,85,79,21,73,58,61,96,27,78,76,83,20,7,
21	3	8	2.457	3,23,51,48,85,79,21,19,49,73,58,61,96,27,78,76,83,20,25,8,
21	3	9	2.719	3,92,47,80,31,41,32,90,29,42,38,64,77,37,56,40,66,53,9,
21	3	10	2.68	3,23,24,47,80,31,41,32,90,29,60,87,62,39,17,89,28,36,10,
21	3	11	2.685	3,23,24,47,80,31,41,90,29,60,16,86,82,33,93,39,17,63,22,11,
21	3	12	2.569	3,23,51,41,32,74,75,34,26,67,52,71,18,16,86,82,33,93,35,12,
21	3	13	2.582	3,24,23,51,41,32,74,75,34,50,98,70,59,52,71,18,16,86,43,13,
21	3	14	2.306	3,23,24,47,80,31,41,32,74,75,34,50,26,67,52,59,70,98,84,14,
21	3	15	2.198	3,92,47,80,31,32,74,75,34,50,26,67,52,59,70,98,15,
21	4	5	1.777	4,65,19,49,73,21,79,85,48,81,55,72,68,78,27,96,5,
21	4	6	1.669	4,65,19,49,73,21,79,85,48,81,55,72,68,78,27,76,6,
21	4	7	2.18	4,65,88,23,51,48,85,79,21,19,49,73,58,61,78,27,76,20,7,
21	4	8	2.45	4,65,19,49,73,21,79,85,48,81,57,38,64,77,37,56,40,66,30,8,
21	4	9	2.587	4,65,19,49,73,21,79,85,48,55,81,57,38,64,77,37,56,40,66,53,9,
21	4	10	2.638	4,49,19,21,79,85,48,41,90,29,60,87,62,39,17,89,28,36,10,
21	4	11	2.565	4,65,19,49,73,21,79,85,48,41,90,29,60,87,62,39,17,63,22,11,
21	4	12	2.627	4,65,19,49,73,21,79,85,48,41,90,29,60,87,62,82,33,93,35,12,
21	4	13	2.602	4,65,19,49,73,21,79,85,48,41,90,32,74,75,34,26,67,52,59,91,13,
21	4	14	2.346	4,65,19,21,79,85,48,41,32,74,75,34,26,67,52,59,70,98,84,14,
21	4	15	2.426	4,65,49,21,79,85,48,41,32,74,75,34,26,67,52,59,70,98,15,
21	5	6	1.865	5,61,58,73,49,19,21,79,85,48,81,55,72,68,78,27,6,
21	5	7	2.021	5,58,73,21,49,19,79,85,48,81,55,72,68,78,76,83,20,7,
21	5	8	2.488	5,73,49,19,21,79,85,48,81,57,38,64,77,37,56,40,66,30,8,
21	5	9	2.497	5,73,49,19,21,79,85,48,81,57,38,64,77,37,56,40,66,53,9,
21	5	10	2.622	5,58,73,49,19,21,79,85,48,57,38,64,77,37,56,40,66,53,10,
21	5	11	2.653	5,73,21,79,85,48,41,32,74,75,54,60,87,62,39,17,63,22,11,
21	5	12	2.686	5,73,21,49,19,79,85,48,41,90,29,60,16,86,82,33,93,35,12,
21	5	13	2.657	5,73,21,79,85,48,41,32,74,75,34,26,67,52,71,18,16,86,43,13,
21	5	14	2.393	5,73,21,79,85,48,41,32,74,75,34,50,26,67,52,59,70,98,84,14,
21	5	15	2.621	5,73,49,19,21,79,85,48,41,32,74,75,34,50,26,67,52,59,70,98,15,
21	6	7	1.974	6,27,78,61,58,73,21,79,85,48,81,55,72,68,83,20,7,
21	6	8	2.289	6,27,78,76,68,72,55,81,57,64,77,37,56,40,66,30,8,
21	6	9	2.244	6,27,78,76,68,72,55,81,57,38,64,77,37,56,40,66,9,
21	6	10	2.522	6,27,78,76,68,37,56,40,66,53,89,17,39,63,22,28,36,10,
21	6	11	2.615	6,27,78,76,68,72,37,56,40,66,53,36,28,89,17,39,63,22,11,
21	6	12	2.629	6,27,78,76,68,72,37,56,40,66,53,89,17,39,33,82,93,35,12,
21	6	13	2.661	6,27,78,76,68,37,56,40,66,53,89,17,39,33,82,16,86,43,13,
21	6	14	2.486	6,27,78,76,68,37,77,62,82,86,16,18,71,52,59,70,98,84,14,
21	6	15	2.585	6,27,78,76,68,72,57,38,42,29,54,75,34,26,67,52,59,70,98,15,
21	7	8	2.394	7,20,83,76,27,78,68,72,57,38,64,77,37,56,99,25,8,
21	7	9	2.451	7,20,83,76,27,78,68,72,55,81,57,37,56,40,66,53,9,
21	7	10	2.436	7,20,83,76,27,78,68,37,56,40,66,53,89,28,36,10,
21	7	11	2.617	7,25,30,66,53,89,17,39,33,82,86,16,18,43,93,63,22,11,
21	7	12	2.575	7,25,30,66,53,89,17,39,63,93,33,82,86,16,18,43,35,12,
21	7	13	2.525	7,25,30,66,53,89,17,39,33,82,86,16,18,71,52,59,91,13,
21	7	14	2.417	7,25,30,66,53,89,17,39,33,82,86,16,18,71,52,59,70,84,14,
21	7	15	2.56	7,25,30,66,53,89,17,39,33,82,86,16,18,71,52,59,70,98,15,
21	8	9	2.636	8,30,66,53,89,17,39,33,82,93,63,22,28,36,10,9,
21	8	10	2.246	8,30,66,53,89,17,39,33,82,93,63,22,28,36,10,
21	8	11	2.197	8,30,66,53,89,17,39,33,82,16,86,93,63,22,11,
21	8	12	2.473	8,30,66,53,89,22,63,17,39,33,82,16,86,18,43,93,35,12,
21	8	13	2.421	8,30,66,53,89,17,39,93,33,82,86,16,18,71,52,59,91,13,
21	8	14	2.271	8,30,66,53,89,17,39,33,82,86,16,18,71,52,59,70,98,14,
21	8	15	2.456	8,30,66,53,89,17,39,93,33,82,86,16,18,71,52,59,70,98,15,
21	9	10	2.201	9,53,89,17,39,33,82,16,86,93,63,22,28,36,10,
21	9	11	2.151	9,53,89,17,39,33,82,86,16,18,43,93,63,22,11,
21	9	12	2.102	9,10,36,28,22,63,17,39,33,82,16,18,86,93,35,12,
21	9	13	2.162	9,53,89,17,39,93,33,82,86,16,18,71,52,59,91,13,
21	9	14	2.137	9,53,89,17,39,93,33,82,86,16,18,71,52,59,70,98,84,14,
21	9	15	2.398	9,53,89,22,63,17,39,93,33,82,86,16,18,71,52,59,70,98,15,
21	10	11	1.81	10,36,28,89,17,39,33,82,16,18,86,93,63,22,11,
21	10	12	1.712	10,36,28,22,63,17,39,33,82,16,18,86,93,35,12,
21	10	13	1.832	10,36,28,89,17,39,93,33,82,16,86,18,71,52,91,13,
21	10	14	1.767	10,36,28,89,17,39,33,82,86,16,18,71,52,59,70,98,84,14,
21	10	15	2.161	10,36,28,89,17,39,63,93,33,82,86,16,18,71,91,52,59,70,98,15,
21	11	12	1.697	11,28,36,89,17,39,63,93,33,82,16,86,43,35,12,
21	11	13	1.678	11,22,63,17,39,93,33,82,86,16,18,71,52,59,91,13,
21	11	14	1.467	11,22,63,17,39,33,82,86,16,18,71,52,59,70,84,14,
21	11	15	1.844	11,22,63,17,39,93,33,82,86,16,18,71,52,67,59,70,98,15,
21	12	13	1.653	12,35,93,33,82,86,16,18,71,52,67,70,59,91,13,
21	12	14	1.393	12,35,93,33,82,86,16,18,71,52,59,70,98,84,14,
21	12	15	1.558	12,35,93,33,82,86,16,18,71,91,52,59,70,98,15,
21	13	14	1.622	13,43,93,33,82,86,16,18,71,91,52,59,70,98,14,
21	13	15	1.742	13,43,93,33,82,86,16,18,71,52,91,59,70,98,15,
21	14	15	1.8	14,84,91,18,86,93,33,82,16,71,52,59,70,98,15,
