481	0	1	2.512	0,82,70,97,29,26,23,17,50,74,75,21,99,16,40,22,1,
481	0	2	2.209	0,82,70,97,29,26,23,17,50,74,75,21,41,99,16,40,2,
481	0	3	2.443	0,82,70,22,29,26,25,93,85,79,39,49,50,75,74,21,41,3,
481	0	4	2.427	0,82,70,22,29,26,25,96,37,64,93,85,79,39,49,90,44,4,
481	0	5	2.561	0,82,54,38,73,19,76,27,84,77,37,96,93,85,79,39,56,80,60,5,
481	0	6	2.448	0,82,70,97,29,26,25,96,37,64,93,85,79,39,56,46,78,18,6,
481	0	7	2.509	0,82,70,97,29,26,25,96,37,64,93,85,79,39,56,46,78,83,81,7,
481	0	8	2.656	0,82,70,97,29,26,25,79,85,93,64,96,37,91,94,53,67,33,8,
481	0	9	2.511	0,82,54,38,73,19,69,52,98,95,71,30,86,43,35,45,57,55,59,28,9,
481	0	10	2.405	0,82,54,38,73,19,69,52,98,95,36,89,30,86,71,43,35,45,57,10,
481	0	11	2.72	0,82,54,38,73,19,69,52,47,68,88,87,48,42,51,98,95,36,71,86,30,11,
481	0	12	2.688	0,82,54,38,73,19,69,52,47,87,48,42,51,98,95,36,71,86,30,89,12,
481	0	13	2.141	0,82,54,38,73,19,69,52,98,95,36,51,42,48,87,88,13,
481	0	14	2.245	0,82,54,38,73,19,69,52,47,51,42,87,88,68,92,65,14,
481	0	15	2.311	0,82,54,38,73,19,69,47,51,87,88,68,92,65,58,15,
481	1	2	2.311	1,22,29,26,25,93,64,85,79,49,74,75,99,16,40,2,
481	1	3	2.246	1,22,29,26,25,96,64,93,85,79,49,74,75,21,41,3,
481	1	4	2.245	1,22,29,26,25,96,37,64,93,85,79,39,49,90,44,4,
481	1	5	2.3	1,22,23,17,75,74,49,79,85,93,64,39,56,80,60,5,
481	1	6	2.664	1,22,29,26,23,17,50,75,74,49,79,85,93,64,39,56,80,46,78,18,6,
481	1	7	2.566	1,22,29,26,25,96,37,64,93,85,79,39,56,46,18,78,83,81,31,7,
481	1	8	2.751	1,22,29,26,25,79,85,93,64,39,56,46,78,83,81,31,53,67,33,8,
481	1	9	2.676	1,22,29,97,38,73,19,69,52,98,95,36,71,43,35,45,57,55,59,28,9,
481	1	10	2.708	1,22,29,97,38,73,19,69,52,98,95,36,71,89,30,86,43,35,45,57,10,
481	1	11	2.768	1,22,29,26,25,79,85,93,64,37,77,84,27,76,98,95,36,71,86,30,11,
481	1	12	2.67	1,22,29,26,25,79,85,93,64,37,77,84,27,76,95,98,51,42,48,12,
481	1	13	2.511	1,22,29,97,54,38,73,19,69,52,98,95,36,51,42,48,87,88,13,
481	1	14	2.405	1,22,29,97,38,73,19,69,52,47,51,42,48,87,88,68,14,
481	1	15	2.489	1,22,29,26,97,38,73,19,69,52,47,68,92,65,58,15,
481	2	3	2.235	2,40,16,17,50,25,96,93,85,79,49,74,75,21,41,3,
481	2	4	2.126	2,40,99,75,74,49,79,85,93,64,39,56,80,66,44,4,
481	2	5	1.991	2,40,16,99,17,75,74,49,79,93,85,39,56,80,60,5,
481	2	6	2.375	2,40,16,99,17,75,74,49,79,85,93,64,39,56,80,46,78,83,18,24,6,
481	2	7	2.33	2,40,16,99,17,50,75,74,49,79,85,93,64,39,56,46,18,78,83,81,7,
481	2	8	2.44	2,40,16,99,17,50,75,74,49,79,85,93,64,94,91,20,53,67,33,8,
481	2	9	2.515	2,40,16,99,75,74,49,79,85,93,64,37,84,77,62,63,72,34,55,59,28,9,
481	2	10	2.5	2,40,16,99,75,74,49,79,85,93,64,37,84,77,62,72,34,35,45,57,10,
481	2	11	2.499	2,40,16,99,75,74,49,79,85,93,64,37,96,84,77,62,63,71,86,30,11,
481	2	12	2.49	2,40,16,99,75,74,49,79,85,93,64,37,77,84,27,76,98,51,42,48,12,
481	2	13	2.361	2,40,16,99,75,50,17,23,26,29,97,38,73,19,69,47,68,88,13,
481	2	14	2.235	2,40,16,99,75,74,50,17,23,26,29,97,38,73,19,92,65,14,
481	2	15	2.359	2,40,16,99,75,50,17,23,26,29,97,38,73,19,92,65,58,15,
481	3	4	2.035	3,41,21,75,74,49,79,85,93,64,39,56,80,66,44,4,
481	3	5	2.005	3,41,21,75,74,49,79,85,93,64,39,56,80,66,60,5,
481	3	6	1.912	3,41,21,75,74,49,79,85,93,64,39,56,46,78,18,6,
481	3	7	1.958	3,41,21,75,74,49,79,85,93,64,39,56,46,78,81,7,
481	3	8	2.319	3,41,21,75,74,49,39,79,85,93,64,96,37,91,94,53,67,33,8,
481	3	9	2.446	3,41,21,75,17,50,49,79,85,93,64,37,84,77,62,72,34,55,59,28,9,
481	3	10	2.472	3,41,21,75,74,49,79,85,93,64,37,96,84,77,62,63,43,35,45,57,10,
481	3	11	2.445	3,41,21,75,74,49,79,85,93,64,37,77,84,27,76,95,36,71,86,30,11,
481	3	12	2.399	3,41,21,75,74,50,17,23,26,29,97,38,73,19,69,52,47,51,42,48,12,
481	3	13	2.421	3,41,21,75,74,49,79,85,93,64,37,77,84,27,76,98,51,87,88,13,
481	3	14	2.483	3,41,21,75,74,49,79,85,93,64,37,77,84,27,76,69,19,92,65,14,
481	3	15	2.363	3,41,21,75,50,17,23,26,29,97,38,73,19,69,92,65,58,15,
481	4	5	2.091	4,44,66,90,49,79,85,93,96,37,64,39,56,80,60,5,
481	4	6	1.985	4,44,90,49,79,85,93,64,39,56,80,46,78,83,18,24,6,
481	4	7	1.951	4,44,90,49,79,85,93,64,39,56,80,46,18,78,83,81,7,
481	4	8	2.245	4,44,66,80,56,39,79,85,93,64,37,91,94,53,67,33,8,
481	4	9	2.421	4,44,90,49,39,79,85,93,64,37,96,84,77,62,63,72,34,55,59,28,9,
481	4	10	2.588	4,44,66,60,24,18,78,83,81,31,53,67,33,32,28,59,55,57,45,10,
481	4	11	2.582	4,44,90,49,39,79,85,93,64,96,37,77,84,27,76,95,98,36,71,86,30,11,
481	4	12	2.518	4,44,66,90,49,79,85,93,64,96,37,77,84,27,76,95,98,51,42,48,12,
481	4	13	2.603	4,44,66,90,49,39,79,85,93,64,37,77,84,27,76,95,98,51,42,87,88,13,
481	4	14	2.577	4,44,66,80,56,39,79,85,93,64,37,77,84,27,76,69,19,92,65,14,
481	4	15	2.449	4,44,90,49,79,85,93,64,37,77,84,27,76,19,92,65,58,15,
481	5	6	1.961	5,60,66,44,90,49,79,93,85,39,56,80,46,78,18,6,
481	5	7	1.97	5,60,80,56,39,79,85,93,64,94,61,78,18,83,81,7,
481	5	8	2.11	5,60,80,56,39,79,85,93,64,96,37,91,94,53,67,33,8,
481	5	9	2.258	5,60,80,56,39,79,85,93,64,37,84,77,62,63,72,34,55,59,28,9,
481	5	10	2.399	5,60,80,56,39,79,85,93,64,37,77,84,27,76,62,63,72,34,57,45,10,
481	5	11	2.396	5,60,80,56,39,79,85,93,64,37,77,84,27,76,98,95,36,71,86,30,11,
481	5	12	2.443	5,60,80,56,39,79,85,93,64,37,77,84,27,76,95,98,51,87,42,48,12,
481	5	13	2.499	5,60,80,56,39,79,85,64,93,96,37,77,84,27,76,95,98,51,87,88,13,
481	5	14	2.435	5,60,80,56,39,79,85,93,64,37,77,84,27,76,69,19,73,92,65,14,
481	5	15	2.4	5,60,80,56,39,79,85,93,64,37,77,84,27,19,92,65,58,15,
481	6	7	1.987	6,24,80,56,39,79,85,93,64,94,61,78,18,83,81,7,
481	6	8	1.893	6,18,78,46,56,39,79,85,93,64,94,53,67,33,8,
481	6	9	2.222	6,18,46,56,39,79,85,93,64,37,84,77,62,72,34,55,59,28,9,
481	6	10	2.089	6,18,78,83,81,31,53,67,33,32,28,59,55,34,35,45,57,10,
481	6	11	2.203	6,18,78,83,81,31,53,67,33,32,28,59,55,57,45,35,43,86,11,
481	6	12	2.375	6,18,78,46,56,39,79,85,93,64,37,77,84,76,95,98,51,42,48,12,
481	6	13	2.455	6,18,78,46,56,39,79,85,93,64,37,77,84,27,76,95,98,51,42,87,13,
481	6	14	2.454	6,18,78,46,56,39,79,85,93,64,37,77,84,27,76,69,19,92,65,14,
481	6	15	2.469	6,24,80,56,39,79,85,93,64,37,77,84,27,76,19,92,65,58,15,
481	7	8	1.939	7,81,78,46,56,39,79,85,93,64,94,53,67,33,8,
481	7	9	1.976	7,81,83,18,78,31,53,67,33,32,20,55,59,28,9,
481	7	10	1.983	7,81,83,18,78,31,53,67,33,32,28,59,55,34,57,10,
481	7	11	2.008	7,31,53,67,33,32,28,59,55,57,45,35,43,71,86,30,89,11,
481	7	12	2.311	7,31,53,67,33,32,28,59,55,57,45,35,43,71,36,51,42,48,12,
481	7	13	2.397	7,31,53,67,33,32,28,59,55,57,45,35,43,71,36,42,51,87,88,13,
481	7	14	2.559	7,81,83,78,18,46,80,56,39,79,85,93,64,37,77,84,27,76,19,92,65,14,
481	7	15	2.549	7,81,78,46,56,39,79,85,93,64,37,77,84,27,19,92,65,58,15,
481	8	9	2.135	8,67,53,94,91,77,84,27,76,62,72,34,55,59,28,9,
481	8	10	2.194	8,31,53,67,33,32,9,28,59,55,34,72,35,43,45,57,10,
481	8	11	2.075	8,31,53,67,33,32,28,59,55,57,45,35,43,71,86,30,11,
481	8	12	2.228	8,33,32,28,59,55,57,45,35,43,86,71,36,95,98,51,42,48,12,
481	8	13	2.299	8,33,32,28,59,55,57,45,35,43,71,95,98,51,42,48,87,88,13,
481	8	14	2.385	8,33,32,28,59,55,57,45,35,43,71,36,48,42,51,87,88,68,14,
481	8	15	2.596	8,33,32,28,59,55,57,45,35,43,71,95,98,52,69,92,65,58,15,
481	9	10	1.906	9,28,59,55,32,33,67,53,20,72,34,35,45,57,10,
481	9	11	1.855	9,28,59,55,34,57,45,35,43,71,95,98,36,89,11,
481	9	12	1.655	9,28,59,55,57,45,35,43,71,95,98,51,42,48,12,
481	9	13	2.224	9,28,59,55,34,57,45,35,43,71,86,30,89,36,95,98,51,42,87,88,13,
481	9	14	2.372	9,28,59,55,57,45,35,43,71,86,30,89,36,95,98,51,42,87,88,68,14,
481	9	15	2.396	9,28,59,55,34,57,45,35,43,71,95,98,52,69,19,92,65,58,15,
481	10	11	1.931	10,57,45,35,43,71,36,95,98,51,42,48,12,89,30,86,11,
481	10	12	1.711	10,57,45,35,43,71,86,30,89,36,95,98,51,42,48,12,
481	10	13	1.765	10,57,45,35,43,71,86,30,89,36,95,98,51,42,87,13,
481	10	14	2.315	10,57,45,35,43,71,86,30,89,36,95,98,52,69,19,38,73,92,65,14,
481	10	15	2.401	10,57,45,35,43,71,86,30,89,36,95,98,52,69,19,73,92,65,58,15,
481	11	12	1.897	11,30,86,43,35,45,57,34,72,63,95,98,51,42,48,12,
481	11	13	1.977	11,89,30,86,71,95,98,52,47,51,42,48,87,88,68,13,
481	11	14	1.864	11,89,30,86,71,36,95,98,52,69,19,38,73,92,65,14,
481	11	15	2.442	11,89,30,86,71,36,95,98,51,42,87,47,52,69,19,73,92,65,58,15,
481	12	13	1.932	12,48,42,51,47,52,69,19,73,38,54,92,65,68,88,13,
481	12	14	1.829	12,48,42,51,87,88,68,47,52,69,19,38,73,92,65,14,
481	12	15	1.915	12,48,42,51,87,88,68,47,52,69,19,73,92,65,58,15,
481	13	14	1.891	13,88,87,51,42,36,95,98,52,69,19,38,73,92,65,14,
481	13	15	1.977	13,88,87,51,42,36,95,98,52,69,19,73,92,65,58,15,
481	14	15	2.212	14,65,92,68,88,87,42,51,98,52,69,19,73,38,54,15,
