371	0	1	1.991	0,53,43,73,31,25,87,47,20,92,57,35,98,81,1,
371	0	2	1.826	0,43,35,67,62,37,78,29,56,90,55,38,23,44,2,
371	0	3	2.104	0,53,43,57,46,34,59,67,62,37,29,78,44,23,38,55,3,
371	0	4	2.288	0,53,43,57,46,34,66,36,59,67,62,37,78,29,56,90,70,99,4,
371	0	5	2.357	0,53,43,35,37,78,29,62,67,34,59,36,66,32,93,27,86,42,5,
371	0	6	2.36	0,53,43,35,67,62,37,78,29,59,36,66,32,93,27,86,71,76,40,6,
371	0	7	2.566	0,53,43,57,46,67,62,37,78,29,59,36,66,32,27,58,45,41,7,
371	0	8	2.598	0,53,43,35,37,78,29,59,36,66,32,93,27,45,63,96,16,68,8,
371	0	9	2.67	0,53,43,73,31,25,87,47,28,60,33,77,79,22,24,82,94,9,
371	0	10	2.613	0,53,43,73,31,25,87,47,28,60,33,77,79,17,88,24,65,10,
371	0	11	2.632	0,53,43,73,31,25,87,47,28,60,33,77,79,22,24,65,91,11,
371	0	12	2.627	0,53,43,57,73,31,25,87,47,28,60,33,77,79,17,64,72,12,
371	0	13	2.1	0,53,43,57,92,20,31,73,25,87,47,28,60,74,13,
371	0	14	1.938	0,53,43,69,98,35,57,92,20,31,73,25,87,28,14,
371	0	15	1.928	0,53,43,69,98,81,35,57,92,31,73,25,47,87,15,
371	1	2	1.706	1,98,35,67,62,37,78,29,56,90,55,38,23,44,2,
371	1	3	1.84	1,98,35,67,62,37,29,78,44,23,38,56,90,55,3,
371	1	4	1.869	1,81,37,67,62,29,78,44,23,38,56,90,70,99,4,
371	1	5	2.185	1,81,37,78,29,62,67,46,34,59,36,66,32,93,27,86,61,5,
371	1	6	2.299	1,98,81,37,78,29,62,67,46,34,59,36,66,32,27,86,76,40,6,
371	1	7	2.453	1,81,37,78,29,62,67,46,34,59,36,66,32,27,58,45,63,41,7,
371	1	8	2.52	1,81,78,37,62,67,59,36,66,32,93,27,45,58,63,96,16,68,84,8,
371	1	9	2.607	1,81,78,37,62,67,59,36,66,32,93,27,58,45,63,96,16,68,49,9,
371	1	10	2.65	1,81,37,78,29,62,67,59,36,66,32,93,18,85,48,30,22,24,65,10,
371	1	11	2.65	1,81,78,37,62,67,59,36,66,32,93,18,85,48,30,22,24,65,91,11,
371	1	12	2.652	1,81,37,78,29,59,36,66,32,93,18,85,75,52,51,79,77,33,72,12,
371	1	13	2.644	1,81,78,37,62,67,59,36,66,34,46,92,31,25,47,28,74,13,
371	1	14	2.313	1,98,35,37,78,29,62,67,46,92,73,31,25,87,47,28,14,
371	1	15	2.073	1,81,37,78,29,62,67,46,57,73,31,25,47,87,15,
371	2	3	1.694	2,44,23,78,37,62,67,34,66,36,59,29,56,90,3,
371	2	4	1.739	2,44,23,78,37,62,67,34,59,29,56,90,70,99,4,
371	2	5	2.002	2,44,23,78,37,62,67,46,34,59,36,66,32,93,27,86,61,5,
371	2	6	2.116	2,44,23,78,29,37,62,67,46,34,59,36,66,32,27,86,76,40,6,
371	2	7	2.313	2,23,44,78,29,37,62,67,34,59,36,66,32,93,27,45,58,63,41,7,
371	2	8	2.386	2,44,23,78,37,62,67,59,36,66,32,93,27,45,58,63,16,68,84,8,
371	2	9	2.516	2,44,23,78,37,62,67,59,36,66,32,93,27,45,58,63,96,16,68,49,9,
371	2	10	2.562	2,44,23,78,37,62,67,34,59,36,66,32,93,18,85,48,30,22,24,65,10,
371	2	11	2.548	2,44,23,78,37,62,67,59,36,32,93,18,85,48,30,22,24,65,91,11,
371	2	12	2.505	2,44,23,38,78,29,37,62,67,46,97,75,52,51,79,77,33,72,12,
371	2	13	2.425	2,44,23,38,78,29,37,62,67,46,92,31,25,87,47,28,74,13,
371	2	14	2.151	2,44,23,38,78,29,37,62,67,46,92,31,25,87,47,28,14,
371	2	15	2.064	2,44,23,38,78,37,62,67,46,92,20,31,73,25,47,87,15,
371	3	4	1.591	3,55,38,23,44,78,37,67,62,29,56,90,70,99,4,
371	3	5	1.818	3,55,38,23,44,78,29,59,36,66,32,27,86,61,5,
371	3	6	1.96	3,55,38,23,44,78,37,62,67,59,36,66,32,27,86,76,40,6,
371	3	7	2.155	3,55,38,23,44,78,37,62,67,59,36,66,32,27,58,45,41,7,
371	3	8	2.326	3,55,38,78,37,62,59,36,66,32,93,27,45,58,63,96,16,68,8,
371	3	9	2.411	3,55,38,23,44,78,37,62,67,59,36,66,32,93,18,85,48,89,54,9,
371	3	10	2.465	3,55,38,23,44,78,29,37,62,67,46,97,75,52,51,22,24,65,10,
371	3	11	2.503	3,55,38,23,44,78,29,62,67,46,97,75,52,51,22,24,65,91,11,
371	3	12	2.603	3,55,38,23,44,78,29,59,36,66,32,93,18,75,52,51,79,77,33,72,12,
371	3	13	2.468	3,55,38,23,44,78,29,37,62,67,46,92,31,25,87,47,28,74,13,
371	3	14	2.262	3,55,38,23,44,78,29,37,62,67,46,92,20,31,25,87,47,28,14,
371	3	15	2.213	3,55,38,23,44,78,29,37,62,67,46,92,20,31,73,25,47,87,15,
371	4	5	1.938	4,99,70,90,56,78,29,59,36,66,32,93,27,86,42,5,
371	4	6	1.942	4,99,70,90,56,29,59,36,66,32,93,27,86,76,71,6,
371	4	7	2.235	4,99,70,90,56,78,29,59,36,66,32,93,27,58,45,63,41,7,
371	4	8	2.393	4,99,70,90,56,59,36,66,32,93,27,45,58,63,96,89,16,68,8,
371	4	9	2.486	4,99,70,90,56,59,36,66,32,93,27,45,58,63,96,89,16,49,9,
371	4	10	2.516	4,99,70,90,56,29,78,37,62,67,46,97,75,52,51,22,24,65,10,
371	4	11	2.552	4,99,70,90,56,78,37,62,67,46,97,75,52,51,22,24,65,91,11,
371	4	12	2.599	4,99,70,90,56,29,78,37,62,67,46,97,75,52,51,79,77,33,72,12,
371	4	13	2.414	4,99,70,90,56,29,78,37,62,67,57,73,31,25,47,28,74,13,
371	4	14	2.448	4,99,70,90,56,29,78,37,62,67,46,57,92,73,31,25,87,47,28,14,
371	4	15	2.352	4,99,70,90,56,38,23,44,78,37,62,67,46,92,31,25,47,87,15,
371	5	6	2.19	5,39,50,99,70,90,56,59,36,66,32,93,27,86,76,40,6,
371	5	7	2.158	5,61,80,71,76,40,83,41,45,58,63,96,16,68,84,7,
371	5	8	2.193	5,42,61,80,71,76,40,83,41,45,58,63,96,89,16,68,84,8,
371	5	9	2.354	5,61,80,71,76,40,83,41,45,58,63,96,48,30,89,16,68,49,9,
371	5	10	2.447	5,61,80,71,76,40,83,41,45,58,63,96,16,89,30,22,24,65,10,
371	5	11	2.532	5,61,80,71,76,40,83,41,45,58,63,96,48,30,22,24,65,88,91,11,
371	5	12	2.58	5,61,80,71,76,45,58,63,96,48,85,18,75,52,51,79,77,33,72,12,
371	5	13	2.78	5,42,86,27,93,32,66,36,59,34,46,92,73,31,25,87,47,28,74,13,
371	5	14	2.51	5,42,86,27,93,32,66,36,59,34,46,92,20,31,25,87,47,28,14,
371	5	15	2.465	5,61,86,27,93,32,66,36,59,34,46,92,20,31,73,25,47,87,15,
371	6	7	2.172	6,71,76,40,83,41,45,58,63,96,89,16,49,68,84,7,
371	6	8	1.959	6,71,76,40,83,41,45,58,63,96,89,16,49,68,84,8,
371	6	9	2.333	6,40,76,71,80,61,42,86,27,45,58,63,96,89,16,68,49,9,
371	6	10	2.354	6,40,76,45,58,63,96,89,16,68,49,54,95,21,22,24,65,10,
371	6	11	2.501	6,71,76,45,58,63,96,89,16,68,49,54,95,21,22,24,65,91,11,
371	6	12	2.719	6,40,76,71,80,61,86,27,45,58,63,96,48,75,52,51,79,77,33,72,12,
371	6	13	2.815	6,40,76,71,86,27,93,32,66,36,59,34,46,92,73,31,25,47,28,74,13,
371	6	14	2.457	6,40,76,86,27,93,32,66,36,59,34,46,92,73,31,25,47,28,14,
371	6	15	2.452	6,71,76,86,27,93,32,66,36,59,34,46,92,73,31,25,47,87,15,
371	7	8	2.135	7,41,45,58,63,96,48,75,52,51,30,89,16,68,84,8,
371	7	9	2.229	7,41,45,58,63,96,48,75,52,51,22,24,21,95,54,9,
371	7	10	2.212	7,41,45,58,63,96,89,16,68,49,54,95,21,24,65,10,
371	7	11	2.188	7,41,45,58,63,96,89,54,95,21,22,24,65,88,91,11,
371	7	12	2.769	7,41,45,58,63,96,48,75,52,51,22,24,65,88,17,79,77,33,72,12,
371	7	13	2.92	7,41,63,58,45,27,93,32,66,36,34,46,92,73,31,25,47,28,74,13,
371	7	14	2.626	7,41,63,58,45,27,32,66,36,59,34,46,92,31,25,47,28,14,
371	7	15	2.593	7,41,63,58,45,27,93,32,66,36,59,34,46,92,31,25,47,87,15,
371	8	9	2.236	8,84,68,16,89,96,63,45,58,85,48,30,21,95,54,9,
371	8	10	2.17	8,84,68,16,89,30,48,85,18,75,52,51,22,24,65,10,
371	8	11	2.113	8,84,68,49,54,95,94,82,21,22,24,65,88,17,64,91,11,
371	8	12	2.639	8,84,68,16,89,30,48,85,18,75,52,51,22,24,65,88,17,64,72,12,
371	8	13	2.756	8,84,68,16,89,96,63,45,58,18,85,48,75,52,51,79,77,33,19,13,
371	8	14	2.69	8,84,68,16,89,30,48,75,52,51,26,92,20,31,73,25,87,47,28,14,
371	8	15	2.718	8,68,16,63,58,45,27,32,66,36,59,34,46,92,31,25,87,15,
371	9	10	2.327	9,94,95,21,22,24,65,88,17,79,77,33,72,64,91,10,
371	9	11	2.086	9,94,95,21,22,24,65,88,17,79,77,33,72,64,91,11,
371	9	12	2.317	9,49,16,89,95,21,22,24,65,88,17,79,77,33,72,12,
371	9	13	2.819	9,94,82,21,95,54,49,68,16,89,30,22,24,65,88,17,72,33,19,13,
371	9	14	2.76	9,54,95,21,22,24,65,88,17,64,72,33,60,20,31,25,47,87,14,
371	9	15	2.788	9,54,95,21,22,24,65,88,17,64,72,33,60,28,47,87,25,31,73,15,
371	10	11	2.12	10,94,95,21,22,24,65,88,17,79,77,33,72,64,91,11,
371	10	12	2.398	10,94,82,95,54,49,68,16,89,30,22,24,65,88,17,72,12,
371	10	13	2.655	10,65,24,22,79,77,33,60,20,31,25,87,47,28,74,13,
371	10	14	2.661	10,82,95,21,22,24,65,88,17,64,72,33,60,28,47,25,87,14,
371	10	15	2.757	10,82,95,21,22,24,65,88,17,79,77,33,60,28,47,25,31,73,15,
371	11	12	2.418	11,91,65,24,22,30,48,75,52,51,79,77,33,72,64,12,
371	11	13	2.427	11,91,65,24,22,30,48,75,52,51,79,77,33,72,19,13,
371	11	14	2.666	11,91,64,17,88,65,24,21,22,79,77,33,60,28,47,87,14,
371	11	15	2.76	11,91,64,72,33,60,28,47,87,25,73,31,20,92,57,43,53,15,
371	12	13	2.6	12,64,17,88,65,24,22,30,48,75,52,51,79,77,33,19,13,
371	12	14	2.557	12,72,64,17,88,65,24,22,79,77,33,60,28,47,87,14,
371	12	15	2.458	12,72,33,60,28,47,87,25,31,73,92,57,43,53,15,
371	13	14	2.644	13,74,28,47,25,31,73,57,35,98,69,43,53,15,87,14,
371	13	15	2.261	13,74,28,47,87,25,31,73,57,35,98,69,43,53,15,
371	14	15	2.098	14,28,47,87,25,31,73,92,57,35,98,69,43,53,15,
