83	0	2	2.484	0,26,68,42,16,64,29,75,92,66,73,24,87,90,89,2,
83	0	1	2.147	0,26,68,42,16,64,29,75,92,66,52,73,24,88,1,
83	0	9	2.55	0,52,66,32,80,99,48,25,35,57,86,62,91,47,20,38,61,94,98,9,
83	0	11	2.339	0,26,68,42,29,64,16,41,27,59,84,83,65,85,17,77,56,31,67,11,
83	0	10	2.442	0,52,92,75,29,64,16,41,40,27,59,84,83,65,17,77,31,67,97,10,
83	0	7	2.73	0,52,66,32,80,99,48,25,35,57,86,62,91,47,20,38,43,61,94,50,7,
83	0	6	2.694	0,24,87,73,52,66,32,80,99,25,35,57,86,62,91,47,20,55,82,6,
83	0	4	2.392	0,52,73,24,87,88,69,90,34,30,21,72,44,49,63,78,4,
83	0	3	2.476	0,52,73,24,87,88,69,90,34,30,21,72,44,49,63,78,3,
83	0	5	2.614	0,52,66,32,80,99,48,25,35,57,86,62,91,47,20,55,45,22,37,5,
83	0	8	2.557	0,52,73,66,32,80,99,25,35,57,86,62,91,47,20,38,61,94,33,93,8,
83	0	13	1.972	0,24,87,73,52,92,66,32,75,29,64,16,41,27,40,13,
83	1	3	2.04	1,69,88,24,87,90,34,30,21,72,44,49,63,78,3,
83	0	15	2.132	0,24,87,73,52,66,92,75,29,64,16,42,68,26,15,
83	1	2	2.263	1,88,24,87,90,34,30,21,72,44,49,63,78,36,2,
83	1	4	2.292	1,88,69,87,90,34,30,21,74,71,76,51,46,49,63,78,4,
83	0	14	2.036	0,24,87,73,52,66,92,75,29,23,64,16,41,27,40,14,
83	0	12	2.083	0,24,73,52,92,75,29,64,16,41,40,27,59,84,83,65,17,85,12,
83	1	5	2.351	1,88,69,90,34,30,21,74,86,62,91,47,20,55,82,37,5,
83	1	8	2.379	1,88,69,90,34,30,21,74,57,86,62,91,47,20,38,61,94,33,93,8,
83	1	6	2.528	1,88,69,87,73,66,32,80,99,48,25,35,57,86,62,91,47,55,82,6,
83	1	7	2.496	1,88,24,73,52,66,32,80,99,48,25,57,86,62,91,47,20,38,50,7,
83	2	3	2.276	2,69,88,24,87,90,34,30,21,72,44,49,63,78,3,
83	2	4	2.192	2,69,88,24,87,90,34,30,21,72,44,49,63,78,4,
83	1	12	2.087	1,88,24,73,52,92,75,29,64,16,41,40,27,59,84,83,65,17,85,12,
83	2	5	2.502	2,89,90,34,30,21,74,57,86,62,91,47,20,55,82,37,5,
83	2	6	2.64	2,89,90,34,30,21,74,57,86,62,91,47,20,55,45,22,82,6,
83	1	9	2.573	1,88,69,90,34,30,21,74,57,86,62,91,47,20,38,43,61,94,98,9,
83	1	11	2.374	1,88,24,73,52,92,75,29,64,16,41,40,27,59,84,83,65,77,31,67,11,
83	1	15	1.925	1,88,69,87,24,73,52,92,75,29,64,16,42,68,15,
83	1	10	2.522	1,88,24,73,52,92,75,29,64,16,41,27,59,84,65,77,31,67,97,10,
83	1	13	2.227	1,88,69,90,30,34,87,24,73,52,66,92,75,29,64,16,41,27,13,
83	1	14	2.124	1,88,69,90,30,34,87,24,73,52,92,75,29,64,16,41,40,14,
83	3	4	2.372	3,78,63,49,44,71,74,57,86,62,91,47,45,22,46,4,
83	3	5	2.149	3,78,63,49,44,71,74,86,62,91,47,45,22,37,5,
83	2	12	2.352	2,89,90,34,66,92,75,29,64,16,41,40,27,59,84,83,65,17,85,12,
83	2	8	2.462	2,89,90,34,30,21,74,57,86,62,91,47,20,38,61,94,33,93,8,
83	2	10	2.772	2,89,90,34,66,92,75,29,64,16,23,83,65,17,77,31,67,97,10,
83	2	11	2.599	2,89,90,34,66,92,75,29,64,16,41,27,59,84,83,65,77,31,67,11,
83	2	9	2.698	2,36,78,63,49,44,76,71,74,86,62,91,47,20,38,61,94,98,9,
83	2	7	2.566	2,36,78,63,49,44,76,71,74,57,86,62,91,47,20,38,50,7,
83	2	15	2.297	2,89,90,34,87,24,73,52,92,75,29,64,16,42,68,15,
83	2	14	2.355	2,89,90,30,34,87,24,73,52,66,92,75,29,64,16,41,27,40,14,
83	2	13	2.588	2,89,30,34,90,69,88,87,24,73,52,66,92,75,29,64,16,41,27,13,
83	4	5	2.065	4,78,63,49,44,71,74,86,62,91,47,45,22,37,5,
83	3	6	2.304	3,78,63,49,44,76,71,74,86,57,62,91,47,20,55,82,6,
83	3	12	2.577	3,36,89,90,34,66,92,75,29,64,16,41,40,27,59,84,83,65,17,85,12,
83	3	8	2.278	3,78,63,49,44,71,74,57,86,62,91,47,20,38,61,94,33,93,8,
83	3	9	2.582	3,78,63,49,44,51,46,76,71,74,57,86,62,91,47,20,38,61,94,98,9,
83	3	11	2.594	3,78,63,49,44,71,47,91,62,86,57,35,54,96,79,18,56,31,67,11,
83	3	10	2.653	3,78,63,49,44,76,22,45,47,91,62,86,57,35,54,43,70,81,60,10,
83	3	7	2.448	3,78,63,49,44,76,71,74,86,62,35,54,91,47,20,38,50,7,
83	3	15	2.672	3,78,63,49,44,76,71,47,91,62,86,57,99,80,32,66,92,68,15,
83	3	14	2.58	3,36,89,90,30,34,87,24,73,52,66,92,75,29,64,16,41,27,40,14,
83	3	13	2.691	3,36,89,30,34,90,69,88,87,24,73,52,92,75,29,64,16,41,27,40,13,
83	4	6	2.049	4,78,63,49,44,76,71,74,86,62,91,47,55,82,6,
83	5	6	2.173	5,46,51,76,71,74,86,62,91,47,20,55,45,22,82,6,
83	4	7	2.004	4,78,63,49,44,71,74,86,62,91,47,20,38,50,7,
83	4	8	2.079	4,78,63,49,44,71,74,86,62,47,20,38,61,94,33,93,8,
83	4	12	2.555	4,78,63,49,44,76,71,74,86,57,35,54,95,58,53,83,65,17,85,12,
83	4	9	2.276	4,78,63,49,44,76,71,74,86,62,91,47,20,38,61,94,98,9,
83	4	10	2.569	4,78,63,49,44,76,22,45,47,91,62,86,57,35,54,43,70,81,60,10,
83	4	15	2.524	4,78,63,49,44,72,21,30,34,90,69,88,87,24,73,52,26,15,
83	4	11	2.558	4,78,63,49,44,71,47,91,62,86,57,35,54,95,79,18,56,31,67,11,
83	4	14	2.584	4,46,51,76,71,47,91,62,86,57,25,48,39,23,29,64,16,41,27,40,14,
83	4	13	2.636	4,46,51,76,71,47,91,62,86,57,25,99,80,32,75,29,64,16,41,27,40,13,
83	5	8	1.94	5,37,22,45,47,62,86,57,35,54,43,61,94,33,93,8,
83	6	8	1.899	6,82,55,47,91,62,86,57,35,54,43,61,94,33,93,8,
83	5	7	2.116	5,46,51,76,71,74,86,62,57,35,91,47,20,38,50,7,
83	6	7	2.14	6,82,55,20,47,91,62,86,57,35,54,43,61,94,50,7,
83	5	9	2.268	5,37,22,45,55,20,47,91,62,86,57,35,54,43,61,94,98,9,
83	5	12	2.485	5,37,82,55,20,47,91,62,86,57,35,54,95,58,53,83,65,17,85,12,
83	5	10	2.471	5,37,82,55,20,47,91,62,86,57,35,54,43,61,94,98,81,60,10,
83	5	11	2.444	5,37,82,55,20,47,91,62,86,57,35,54,95,58,18,56,31,67,11,
83	5	14	2.53	5,37,22,45,47,91,62,86,57,25,99,80,32,75,29,64,16,41,27,40,14,
83	5	15	2.551	5,37,82,55,20,47,91,62,86,57,35,25,48,99,80,32,66,92,68,15,
83	5	13	2.571	5,37,22,45,47,91,62,86,57,35,25,99,80,32,75,29,64,16,41,27,40,13,
83	7	8	1.876	7,50,38,20,91,62,86,57,35,54,43,61,94,33,93,8,
83	6	10	2.134	6,55,47,91,62,86,57,35,54,95,79,96,28,81,60,10,
83	7	10	2.077	7,50,38,20,47,91,62,86,57,35,54,96,28,81,60,10,
83	6	9	2.026	6,55,20,47,91,62,86,57,35,54,43,61,94,98,9,
83	7	9	2.004	7,50,38,20,47,91,62,86,57,35,54,43,61,94,98,9,
83	6	12	2.395	6,82,55,20,47,91,62,86,57,35,54,95,58,53,83,65,17,85,12,
83	7	11	2.317	7,50,38,20,47,91,62,86,57,35,54,96,79,18,56,77,31,67,11,
83	6	11	2.389	6,82,55,20,47,91,62,86,57,35,54,96,79,18,56,77,31,67,11,
83	6	13	2.497	6,55,20,47,91,62,86,57,25,48,99,80,32,75,29,64,16,41,27,40,13,
83	6	14	2.497	6,55,47,91,62,86,57,35,25,48,99,80,32,75,29,64,16,41,27,40,14,
83	6	15	2.689	6,82,22,45,55,20,47,91,62,86,57,35,25,48,99,80,32,66,92,68,15,
83	8	10	2.05	8,93,33,94,61,38,20,47,91,35,54,96,28,81,60,10,
83	8	9	1.989	8,93,33,94,61,38,20,47,62,35,54,43,70,98,9,
83	7	12	2.294	7,50,38,20,47,91,62,86,57,35,54,95,58,53,83,65,85,12,
83	8	12	2.31	8,33,94,61,38,20,47,91,62,35,54,95,58,53,83,65,85,12,
83	8	11	2.192	8,93,33,94,61,38,20,47,91,35,54,96,79,18,56,31,67,11,
83	7	14	2.458	7,50,38,20,47,91,62,86,57,35,25,48,39,23,29,64,16,41,27,40,14,
83	7	13	2.428	7,50,38,20,47,62,86,57,25,48,99,80,32,75,29,64,16,41,27,40,13,
83	8	13	2.408	8,93,33,94,61,43,91,62,86,57,99,80,32,75,29,64,16,41,27,40,13,
83	8	14	2.432	8,93,33,94,61,38,20,47,62,86,57,99,80,32,75,29,64,16,41,14,
83	7	15	2.653	7,50,94,61,38,20,47,91,62,86,57,35,25,48,99,80,32,66,92,68,15,
83	8	15	2.511	8,93,33,94,61,38,20,47,91,62,86,57,35,25,48,99,80,32,66,92,68,15,
83	10	12	2.012	10,97,67,31,77,65,83,23,29,64,16,41,27,59,84,12,
83	9	12	2.087	9,98,94,61,43,70,28,96,79,18,56,31,77,65,17,85,12,
83	9	10	2.188	9,98,94,61,38,20,47,91,54,95,79,96,28,81,60,10,
83	9	11	2.196	9,98,94,61,38,20,47,91,54,96,79,18,56,31,67,11,
83	10	11	2.255	10,60,81,98,94,61,43,70,28,96,79,18,56,77,31,67,11,
83	10	13	1.865	10,97,67,31,77,65,83,84,59,23,29,64,16,41,27,13,
83	9	13	2.433	9,60,97,67,31,56,77,17,85,65,83,84,59,23,29,64,16,41,27,13,
83	9	14	2.507	9,98,94,61,38,20,91,62,86,57,99,80,32,75,29,64,16,41,14,
83	10	15	2.276	10,97,67,31,77,17,85,65,83,84,59,27,40,41,16,64,29,42,68,15,
83	10	14	2.374	10,97,67,31,17,85,65,83,84,59,27,40,41,16,64,29,75,42,19,14,
83	9	15	2.519	9,98,94,61,38,20,47,91,62,86,57,25,48,99,80,32,66,92,68,15,
83	11	12	1.825	11,67,31,77,65,83,23,29,64,16,41,27,59,84,85,12,
83	13	15	2.016	13,59,84,85,17,65,83,23,16,64,29,75,42,68,26,15,
83	12	13	2.014	12,17,31,56,77,83,65,85,84,59,23,29,64,16,41,27,13,
83	13	14	1.996	13,59,84,83,65,85,17,31,77,53,23,29,64,16,41,14,
83	14	15	2.106	14,40,27,59,84,85,17,65,83,23,29,64,42,68,26,15,
83	11	13	1.775	11,67,31,17,85,65,83,84,59,23,29,64,16,41,27,13,
83	12	14	1.735	12,85,17,65,83,84,59,27,40,41,16,64,29,75,42,19,14,
83	12	15	1.936	12,85,17,65,83,84,59,27,40,41,16,64,29,75,92,68,26,15,
83	11	14	2.147	11,67,31,56,77,17,85,65,83,84,59,27,40,41,16,64,29,42,19,14,
83	11	15	2.184	11,67,31,77,17,85,65,83,84,59,27,40,41,16,64,29,75,42,68,15,
