217	0	2	1.889	0,82,63,56,64,44,91,16,22,38,58,69,66,29,81,2,
217	0	1	1.97	0,82,28,63,56,64,44,91,16,22,38,58,71,69,79,1,
217	0	9	2.471	0,63,56,64,16,53,75,62,60,67,23,46,18,99,92,32,72,93,94,41,9,
217	0	5	2.65	0,82,63,56,64,44,16,53,75,35,62,60,67,46,18,99,32,92,89,55,5,
217	0	8	2.453	0,64,16,53,75,62,67,23,46,18,99,92,32,59,27,50,70,30,31,87,8,
217	0	3	1.965	0,82,63,56,64,44,91,16,38,58,71,17,88,90,3,
217	0	6	2.563	0,64,16,53,75,62,60,67,23,46,18,99,92,32,59,50,70,30,31,21,73,6,
217	0	11	2.341	0,82,63,56,64,44,91,20,78,40,37,74,85,19,54,83,24,57,11,
217	0	7	2.339	0,56,64,16,53,75,62,67,23,46,18,99,92,32,59,27,50,70,30,31,87,7,
217	0	10	2.559	0,63,56,64,44,91,84,96,37,40,78,42,35,62,60,45,61,68,10,
217	0	4	2.509	0,82,28,63,56,64,44,91,16,22,38,58,47,71,17,88,33,95,48,4,
217	0	14	1.704	0,82,63,56,64,44,91,84,80,52,96,37,74,85,39,14,
217	0	15	1.863	0,82,63,56,64,44,91,84,96,37,74,85,39,52,80,15,
217	1	2	1.943	1,79,28,63,56,64,44,16,22,38,58,69,66,29,81,2,
217	0	13	1.919	0,82,28,63,56,64,44,91,84,80,96,37,40,74,85,39,13,
217	1	4	2.073	1,82,63,56,64,16,22,38,58,71,17,88,33,95,48,4,
217	1	3	2.053	1,28,63,56,64,44,16,22,38,58,47,17,88,90,3,
217	1	8	2.37	1,79,69,58,26,49,18,46,23,99,92,32,59,27,50,70,30,31,87,8,
217	1	5	2.572	1,79,69,58,38,22,53,75,62,60,67,23,46,18,99,32,92,89,55,5,
217	1	6	2.404	1,79,69,58,47,49,46,18,99,92,32,59,27,50,70,30,31,21,73,6,
217	0	12	2.269	0,82,63,56,64,44,91,84,80,96,37,40,78,42,77,57,24,12,
217	1	7	2.229	1,79,69,58,47,49,18,46,23,99,92,32,59,27,50,70,30,31,87,7,
217	2	5	2.408	2,29,81,51,88,17,47,49,46,18,99,32,92,89,55,5,
217	2	4	2.081	2,81,29,66,69,71,58,38,26,47,17,88,33,95,48,4,
217	2	3	2.102	2,81,29,66,69,58,38,26,47,17,88,33,95,90,3,
217	1	10	2.597	1,79,69,58,47,26,49,67,23,46,18,99,92,32,72,93,94,41,43,10,
217	2	6	2.385	2,81,29,17,47,49,46,18,92,32,59,27,50,70,30,31,21,73,6,
217	1	11	2.412	1,79,28,63,56,64,44,91,84,80,52,39,85,19,54,83,24,57,11,
217	1	15	1.935	1,79,28,82,63,56,64,44,91,84,96,37,74,52,80,15,
217	1	14	1.748	1,79,28,82,63,56,64,44,91,84,96,37,74,85,39,14,
217	1	12	2.525	1,79,28,82,63,56,64,44,91,84,80,96,37,40,78,42,77,57,24,12,
217	1	13	2.373	1,79,28,82,63,56,64,44,91,20,78,40,37,74,96,84,80,52,39,85,13,
217	1	9	2.565	1,79,69,58,38,22,53,75,62,60,67,46,18,99,92,32,72,93,94,41,9,
217	3	5	2.376	3,51,81,29,66,69,71,58,47,17,88,33,95,34,5,
217	3	4	2.112	3,90,51,81,29,66,69,58,47,17,88,33,95,48,4,
217	2	10	2.607	2,29,81,51,88,17,47,49,46,18,99,92,32,72,93,94,41,43,10,
217	2	15	1.899	2,81,29,66,69,28,82,63,56,64,44,91,84,80,15,
217	2	12	2.494	2,81,29,66,69,28,82,63,56,64,44,91,84,80,52,39,85,19,54,12,
217	2	8	2.381	2,81,29,17,47,49,46,18,99,92,32,72,59,27,50,70,30,87,8,
217	2	11	2.663	2,81,29,66,69,58,38,22,53,75,20,78,40,37,74,85,19,54,83,57,11,
217	2	13	2.304	2,81,29,51,90,88,17,71,58,38,22,53,75,20,78,40,37,74,85,13,
217	2	7	2.239	2,81,29,17,47,49,18,46,23,99,92,32,59,27,50,70,30,31,87,7,
217	2	14	2.338	2,81,29,66,69,28,63,56,64,44,91,84,80,96,37,40,74,85,39,14,
217	2	9	2.51	2,81,29,51,90,88,17,47,49,46,18,99,92,32,72,93,94,41,43,9,
217	3	6	2.23	3,90,33,95,34,89,27,59,50,70,30,31,87,21,73,6,
217	4	5	2.408	4,48,95,33,88,17,47,49,46,18,99,92,32,89,55,5,
217	3	8	2.349	3,90,88,17,47,49,46,18,92,32,59,27,50,70,30,31,87,8,
217	3	7	2.121	3,90,88,17,47,49,92,32,59,27,50,70,30,87,7,
217	3	12	2.674	3,90,88,17,71,58,38,22,53,75,20,78,40,37,74,19,54,83,57,24,12,
217	3	11	2.677	3,90,88,17,47,49,46,18,99,92,32,72,93,94,65,45,61,68,11,
217	3	10	2.785	3,90,88,17,71,47,26,49,67,23,46,18,99,92,32,72,93,94,41,43,10,
217	3	13	2.498	3,51,81,29,66,69,28,82,63,56,64,44,91,84,80,96,37,74,85,39,13,
217	3	15	2.493	3,90,88,17,71,58,38,22,53,75,35,42,78,40,37,74,96,84,80,15,
217	3	14	2.482	3,90,88,17,47,58,38,22,53,75,35,42,78,40,37,74,96,84,80,52,14,
217	3	9	2.521	3,90,88,17,47,26,49,67,23,46,18,99,92,32,72,93,94,41,43,9,
217	4	6	2.263	4,48,95,34,25,92,32,72,59,50,70,30,31,21,73,6,
217	5	6	2.257	5,34,25,92,32,72,59,27,50,70,30,31,87,21,73,6,
217	4	8	2.413	4,48,95,33,25,49,46,18,99,92,32,59,50,27,70,30,31,87,8,
217	4	12	2.535	4,48,95,33,88,17,71,58,38,22,53,75,20,78,40,37,74,19,54,12,
217	4	10	2.598	4,48,95,33,88,17,47,49,18,99,92,32,72,93,94,41,43,10,
217	4	7	2.151	4,34,25,49,46,18,99,92,32,59,27,50,70,30,31,87,7,
217	4	11	2.754	4,48,95,33,88,17,47,26,49,46,18,23,99,92,32,98,65,61,68,11,
217	4	9	2.412	4,48,95,33,88,17,47,49,46,18,99,92,32,72,93,94,41,9,
217	4	15	2.551	4,48,95,33,88,17,71,58,38,22,53,75,35,42,78,40,37,96,84,80,15,
217	4	13	2.591	4,48,95,33,88,17,47,26,58,38,22,53,75,35,42,78,40,37,74,85,39,13,
217	4	14	2.54	4,48,95,33,88,17,47,58,38,22,53,75,35,42,78,40,37,96,84,80,52,14,
217	6	8	2.121	6,73,21,87,31,30,70,50,27,59,32,72,93,94,76,97,8,
217	6	7	2.192	6,86,55,89,92,32,99,18,46,23,98,72,59,50,70,87,7,
217	5	8	2.436	5,55,89,92,32,99,18,46,23,67,98,72,59,27,50,70,30,87,8,
217	5	10	2.56	5,86,73,21,87,31,30,70,50,27,59,72,93,94,65,45,61,68,10,
217	5	7	2.151	5,34,25,49,46,18,99,92,32,59,27,50,70,30,31,87,7,
217	5	9	2.452	5,86,73,21,31,30,70,50,59,32,92,99,98,93,94,41,43,9,
217	5	11	2.613	5,86,73,21,31,30,70,50,27,59,72,32,92,99,98,65,45,61,68,11,
217	5	13	2.409	5,55,89,92,32,99,18,46,23,67,60,62,42,78,40,37,74,85,39,13,
217	5	12	2.711	5,86,73,21,31,30,70,50,27,59,32,92,99,18,46,23,67,60,77,54,12,
217	5	14	2.322	5,55,89,92,32,99,18,46,23,67,60,62,35,42,78,40,37,96,52,14,
217	5	15	2.476	5,55,89,92,32,99,18,46,23,67,60,62,35,42,78,40,37,96,84,15,
217	7	11	1.796	7,87,31,30,70,50,27,59,72,93,94,65,45,61,68,11,
217	7	10	1.895	7,87,31,30,70,50,27,59,72,93,94,65,45,61,68,10,
217	7	8	1.913	7,87,31,30,70,50,27,59,32,92,99,98,93,94,76,8,
217	7	9	1.853	7,87,31,30,70,50,27,59,32,92,99,98,93,94,41,9,
217	6	9	2.053	6,73,21,87,31,30,70,50,27,59,32,72,93,94,41,43,9,
217	6	10	2.369	6,73,21,87,31,30,70,50,27,59,72,93,94,65,45,36,61,68,10,
217	6	11	2.357	6,73,21,31,30,70,50,27,59,32,92,99,18,46,23,98,65,61,68,11,
217	6	12	2.436	6,73,21,31,30,70,50,27,59,32,92,99,18,46,23,67,60,77,83,54,12,
217	6	13	2.397	6,86,55,89,92,32,99,18,46,23,67,60,62,35,42,78,40,37,74,85,13,
217	6	15	2.462	6,73,55,89,92,32,99,18,46,23,67,62,35,42,78,40,37,96,84,15,
217	6	14	2.423	6,73,21,31,30,70,50,59,32,92,18,46,23,67,62,42,78,40,37,74,52,14,
217	8	10	2.049	8,87,31,30,70,50,27,59,72,93,94,65,45,61,68,10,
217	8	11	1.95	8,87,31,30,70,50,27,59,72,93,94,65,45,61,68,11,
217	8	9	2.007	8,87,31,30,70,50,27,59,32,92,99,98,93,94,41,9,
217	8	12	2.376	8,87,31,30,70,50,27,59,32,92,99,18,46,23,67,62,60,77,54,12,
217	8	13	2.323	8,70,50,27,59,32,92,18,46,23,67,62,35,42,78,40,37,74,85,13,
217	8	14	2.304	8,70,50,27,59,32,92,99,18,46,23,67,62,35,42,78,40,37,96,52,14,
217	7	12	2.302	7,87,30,70,50,27,59,32,92,99,18,46,23,67,60,65,45,36,57,24,12,
217	7	13	2.216	7,87,30,70,50,27,59,32,92,18,46,23,67,62,42,78,40,37,74,85,13,
217	8	15	2.43	8,70,50,27,59,32,92,99,18,46,23,67,62,42,78,40,37,96,84,15,
217	7	14	2.197	7,87,30,70,50,27,59,32,92,99,18,46,23,67,62,42,78,40,37,96,52,14,
217	7	15	2.323	7,87,30,70,50,59,32,92,99,18,46,23,67,62,42,78,40,37,96,84,15,
217	9	12	2.113	9,41,94,93,72,32,92,99,98,65,45,36,57,24,12,
217	10	12	2.29	10,43,41,94,93,72,32,99,98,65,45,36,57,24,12,
217	9	11	2.138	9,41,94,93,72,32,92,99,18,46,23,98,65,61,68,11,
217	10	11	2.303	10,43,41,94,93,72,32,92,18,46,23,98,65,61,68,11,
217	9	10	2.227	9,41,94,93,72,32,92,99,18,46,23,98,65,45,61,10,
217	9	13	2.271	9,41,94,93,72,32,92,18,46,23,67,62,42,78,40,37,74,85,13,
217	10	13	2.382	10,68,61,45,65,60,62,35,42,78,40,37,96,80,52,39,85,13,
217	10	14	2.392	10,68,61,36,45,65,60,62,35,42,78,40,37,74,96,84,80,52,14,
217	9	14	2.251	9,41,94,93,72,32,92,18,46,23,67,62,35,42,78,40,37,96,52,14,
217	10	15	2.529	10,68,61,45,65,60,62,35,42,78,40,37,74,85,39,52,80,84,15,
217	9	15	2.405	9,41,94,93,72,32,92,18,46,23,67,62,35,42,78,40,37,96,84,15,
217	11	12	2.27	11,24,57,77,40,37,96,84,80,52,39,85,19,54,12,
217	12	14	1.94	12,24,57,83,77,42,78,40,37,96,84,80,52,39,14,
217	13	14	1.841	13,39,85,74,37,40,78,42,35,75,53,20,84,80,52,14,
217	12	13	1.948	12,24,57,77,42,78,40,37,96,84,80,52,39,85,13,
217	13	15	1.969	13,39,85,74,37,40,78,42,35,75,53,22,16,91,44,15,
217	11	13	2.072	11,24,57,77,42,78,40,37,96,84,80,52,39,85,13,
217	14	15	1.907	14,52,80,84,96,37,40,78,42,35,75,53,16,64,44,15,
217	11	14	2.341	11,68,61,45,65,98,99,18,46,23,67,60,62,35,42,40,37,96,52,14,
217	12	15	2.337	12,24,57,36,61,45,65,60,62,35,42,78,40,37,96,84,80,15,
217	11	15	2.43	11,68,61,45,65,60,62,35,42,78,40,37,74,85,39,52,80,84,15,
