119	0	1	2.034	0,85,44,97,98,22,89,27,47,74,96,52,51,45,28,1,
119	0	2	1.908	0,85,44,97,52,51,45,28,53,62,37,79,64,86,2,
119	0	3	1.9	0,85,45,51,53,62,37,79,64,86,66,34,59,87,3,
119	0	4	2.317	0,85,44,97,52,51,45,53,62,37,79,64,86,66,34,59,87,4,
119	0	5	2.477	0,85,44,97,98,96,74,88,72,46,77,50,60,83,20,41,39,75,5,
119	0	6	2.47	0,85,44,97,98,96,74,88,72,46,77,50,60,26,83,20,41,49,39,75,6,
119	0	7	2.549	0,85,45,51,53,62,37,82,50,60,26,83,20,41,49,39,75,31,32,7,
119	0	8	2.641	0,85,44,97,98,96,74,33,88,72,46,18,69,81,48,17,92,61,29,23,8,
119	0	9	2.584	0,85,44,97,98,96,74,33,88,72,46,18,69,81,48,17,92,61,29,90,25,9,
119	0	10	2.474	0,85,44,97,98,96,74,22,89,27,84,54,56,94,99,40,16,57,70,10,
119	0	11	2.32	0,85,44,97,98,96,74,22,89,27,84,54,56,93,78,63,16,40,57,11,
119	0	12	2.347	0,85,44,97,98,22,96,74,88,46,72,33,47,89,84,54,56,93,12,
119	0	13	2.045	0,85,44,97,98,96,74,88,72,33,47,27,84,54,56,42,13,
119	0	14	1.992	0,85,44,97,98,96,74,33,47,89,27,84,54,56,42,14,
119	0	15	2.148	0,85,44,97,98,96,74,88,46,72,33,47,27,89,22,35,15,
119	1	2	2.021	1,28,45,51,52,96,74,88,72,46,77,37,79,64,2,
119	1	3	1.774	1,28,45,51,53,62,37,79,64,86,66,34,59,87,3,
119	1	4	2.275	1,28,45,51,53,62,37,82,79,64,86,66,34,87,59,73,4,
119	1	5	2.203	1,28,45,51,53,62,37,82,50,60,26,83,20,41,49,39,75,5,
119	1	6	2.368	1,28,45,51,53,62,79,37,82,77,50,60,26,83,20,41,39,75,31,6,
119	1	7	2.423	1,28,45,51,53,62,37,82,50,60,26,83,20,41,49,39,75,31,32,7,
119	1	8	2.55	1,28,45,51,53,62,37,82,50,60,26,83,20,30,17,92,61,29,23,8,
119	1	9	2.461	1,28,45,51,53,62,37,82,50,60,83,20,30,17,92,61,29,90,25,9,
119	1	10	2.555	1,28,45,51,52,96,74,89,27,84,54,56,94,24,99,16,57,70,10,
119	1	11	2.406	1,28,45,51,52,96,74,22,89,27,84,54,56,94,24,99,16,40,57,11,
119	1	12	2.405	1,28,45,51,52,98,22,89,27,84,54,56,94,99,40,57,16,63,12,
119	1	13	2.045	1,28,45,51,52,97,98,96,74,22,89,27,84,54,56,13,
119	1	14	1.937	1,28,45,51,52,98,96,74,89,27,84,54,56,42,14,
119	1	15	2.138	1,28,45,51,52,96,74,88,72,33,47,27,89,22,35,15,
119	2	3	2.072	2,28,45,51,53,62,37,79,64,86,66,34,59,87,3,
119	2	4	2.286	2,86,64,79,37,82,50,60,26,83,20,41,49,39,75,71,73,4,
119	2	5	2.182	2,86,64,79,62,37,82,77,50,60,26,83,20,41,49,39,75,5,
119	2	6	2.161	2,86,64,79,62,37,82,77,50,60,26,83,20,41,49,39,75,31,6,
119	2	7	2.344	2,86,64,79,62,37,82,50,60,26,83,20,41,49,39,75,31,91,32,7,
119	2	8	2.495	2,86,64,79,37,82,50,60,26,83,20,18,69,81,48,17,92,61,67,8,
119	2	9	2.494	2,86,64,79,37,82,50,60,26,83,20,18,69,81,48,17,92,61,29,23,9,
119	2	10	2.575	2,86,64,79,37,82,50,60,83,20,18,69,81,48,17,92,55,43,21,10,
119	2	11	2.543	2,64,79,37,77,46,72,88,33,47,89,27,84,54,56,94,99,16,40,57,11,
119	2	12	2.449	2,86,64,79,62,37,82,77,46,72,88,33,47,89,27,84,54,56,93,12,
119	2	13	2.379	2,86,64,79,37,82,77,46,72,88,74,96,22,89,27,84,54,56,13,
119	2	14	2.458	2,86,64,79,62,37,82,77,46,72,88,33,47,89,27,84,54,56,42,14,
119	2	15	2.102	2,86,64,79,37,77,46,72,88,33,74,96,98,97,44,15,
119	3	4	2.16	3,34,66,86,64,79,62,37,82,77,50,60,68,71,73,4,
119	3	5	2.042	3,66,86,64,79,37,82,50,60,83,20,41,49,39,75,5,
119	3	6	1.985	3,66,86,64,79,37,82,50,60,83,20,41,49,39,75,6,
119	3	7	2.333	3,66,86,64,79,37,82,50,60,26,83,20,41,49,39,75,31,91,32,7,
119	3	8	2.48	3,66,86,64,79,62,37,82,50,60,83,20,30,17,92,61,29,23,8,
119	3	9	2.513	3,66,86,64,79,37,82,50,60,83,20,69,81,48,17,92,61,29,90,25,9,
119	3	10	2.615	3,34,66,86,64,79,37,82,50,60,26,83,20,18,69,81,48,55,43,21,10,
119	3	11	2.624	3,34,66,86,64,79,37,82,77,46,72,88,33,47,19,80,94,99,40,16,57,11,
119	3	12	2.505	3,34,66,86,64,79,37,82,77,46,72,88,33,47,89,27,84,54,56,93,12,
119	3	13	2.441	3,34,66,86,64,79,62,37,82,77,46,72,88,33,47,89,27,84,54,56,13,
119	3	14	2.424	3,34,66,86,64,79,37,77,46,72,88,33,47,89,27,84,54,56,42,14,
119	3	15	2.43	3,34,66,86,64,79,62,37,82,77,46,72,88,33,74,96,98,97,44,15,
119	4	5	2.267	4,73,71,68,50,60,26,83,20,30,65,95,41,49,39,75,5,
119	4	6	2.087	4,73,71,68,50,60,26,83,20,41,49,39,75,31,91,32,6,
119	4	7	2.358	4,73,71,68,50,60,26,83,20,18,69,81,48,17,92,65,58,76,7,
119	4	8	2.393	4,73,71,68,50,60,26,83,20,18,69,81,48,17,92,61,29,90,23,8,
119	4	9	2.335	4,73,71,68,50,60,26,83,20,18,69,81,48,17,92,61,29,90,23,9,
119	4	10	2.546	4,73,71,68,50,60,26,83,20,18,69,81,30,17,92,61,29,90,25,21,10,
119	4	11	2.688	4,73,71,68,50,60,26,83,20,18,69,81,48,17,92,61,55,70,40,57,11,
119	4	12	2.645	4,87,34,66,86,64,79,37,77,46,72,88,33,47,27,84,54,56,93,12,
119	4	13	2.648	4,87,34,66,86,64,79,37,82,77,46,72,88,33,47,89,27,84,54,56,13,
119	4	14	2.635	4,87,34,66,86,64,79,62,37,77,46,72,88,33,74,96,22,35,38,14,
119	4	15	2.553	4,87,34,66,86,64,79,62,37,77,46,72,88,74,96,98,97,44,15,
119	5	6	2.128	5,71,68,50,60,26,83,20,30,65,95,41,49,39,75,31,6,
119	5	7	2.132	5,71,68,50,60,83,20,18,69,81,48,17,92,65,76,7,
119	5	8	2.085	5,71,68,60,83,20,18,69,81,48,17,92,61,29,23,8,
119	5	9	2.215	5,75,39,49,41,20,83,60,26,18,69,81,48,17,92,61,29,90,25,9,
119	5	10	2.451	5,75,39,49,41,20,83,60,26,18,69,81,48,17,92,61,29,90,25,21,10,
119	5	11	2.447	5,75,39,49,41,20,83,60,50,26,18,69,81,48,36,70,57,40,16,11,
119	5	12	2.662	5,75,39,49,41,20,83,60,50,26,18,69,81,48,36,70,57,16,63,12,
119	5	13	2.564	5,75,39,49,41,20,83,26,60,50,77,46,72,88,33,47,27,84,54,56,13,
119	5	14	2.671	5,75,39,49,41,20,83,60,26,18,69,81,46,72,88,74,96,22,35,38,14,
119	5	15	2.621	5,75,39,49,41,20,83,26,60,50,77,46,72,88,33,74,96,98,97,44,15,
119	6	7	2.075	6,31,75,39,49,41,20,18,69,81,48,17,92,65,58,7,
119	6	8	2.012	6,31,75,39,49,41,20,83,18,69,81,48,17,92,67,8,
119	6	9	1.96	6,31,49,41,20,83,26,18,69,81,17,92,61,29,90,25,9,
119	6	10	2.306	6,31,75,39,49,41,20,83,60,26,18,69,81,48,17,92,55,43,21,10,
119	6	11	2.398	6,31,75,39,49,41,20,83,60,50,26,18,69,81,48,36,70,40,57,11,
119	6	12	2.493	6,31,75,39,49,41,20,83,26,18,69,81,48,36,70,57,40,16,63,12,
119	6	13	2.474	6,31,75,39,49,41,20,83,26,18,46,72,88,33,47,89,27,84,54,56,13,
119	6	14	2.597	6,31,75,39,49,41,20,83,26,60,50,77,46,72,88,33,74,96,22,35,38,14,
119	6	15	2.6	6,31,75,39,49,41,20,83,26,60,50,77,46,72,88,33,74,96,98,97,44,15,
119	7	8	2.158	7,32,91,31,75,39,49,41,20,30,17,92,61,29,23,8,
119	7	9	2.021	7,32,91,31,75,39,49,41,95,30,17,92,61,29,90,25,9,
119	7	10	2.133	7,32,91,31,75,39,49,41,95,30,17,92,55,43,21,10,
119	7	11	2.384	7,76,95,20,83,60,50,26,18,69,81,48,36,70,57,40,16,11,
119	7	12	2.639	7,32,91,31,75,39,49,41,20,83,26,18,69,81,48,36,24,99,78,12,
119	7	13	2.569	7,76,95,20,83,26,60,50,77,46,72,88,33,47,89,27,84,54,56,13,
119	7	14	2.63	7,32,91,41,20,83,26,60,50,77,46,72,88,33,74,96,22,35,38,14,
119	7	15	2.651	7,32,31,75,39,49,41,20,83,60,50,77,46,72,88,74,96,98,97,15,
119	8	9	2.231	8,23,29,61,92,17,30,69,81,48,36,55,43,90,25,9,
119	8	10	2.292	8,23,25,90,29,61,92,17,30,69,81,48,55,43,21,10,
119	8	11	2.435	8,23,29,61,92,17,30,69,81,48,36,24,99,16,40,57,11,
119	8	12	2.665	8,23,29,61,92,17,30,69,81,48,36,24,40,57,16,63,78,12,
119	8	13	2.63	8,23,29,61,92,17,48,81,69,18,46,72,33,47,89,27,84,54,56,13,
119	8	14	2.748	8,23,90,29,61,92,17,48,81,69,18,46,72,88,33,74,96,22,35,38,14,
119	8	15	2.65	8,23,29,61,92,17,48,81,69,18,46,72,88,33,74,96,98,97,44,15,
119	9	10	2.142	9,25,90,23,29,61,92,17,30,69,81,48,55,43,21,10,
119	9	11	2.263	9,25,90,23,29,61,92,17,30,69,81,48,36,70,57,11,
119	9	12	2.505	9,25,90,29,61,92,17,48,81,72,88,33,47,27,84,54,56,93,12,
119	9	13	2.479	9,25,90,29,61,92,17,48,81,46,72,88,33,47,19,27,84,54,56,13,
119	9	14	2.59	9,25,90,29,61,92,17,48,81,69,18,46,72,88,33,74,96,22,35,38,14,
119	9	15	2.508	9,25,90,29,61,92,17,48,81,69,18,46,72,88,74,96,98,97,44,15,
119	10	11	2.279	10,21,43,55,92,17,30,69,81,48,36,70,40,57,11,
119	10	12	2.328	10,70,57,40,16,99,24,94,80,19,47,27,84,56,93,12,
119	10	13	2.414	10,70,57,40,16,99,94,56,54,84,27,89,22,35,38,42,13,
119	10	14	2.35	10,70,57,40,16,99,94,56,54,84,27,89,74,96,22,35,38,14,
119	10	15	2.419	10,70,57,40,16,99,24,94,56,54,84,27,89,74,96,98,97,15,
119	11	12	2.183	11,16,40,24,80,19,47,89,27,84,54,56,94,99,78,12,
119	11	13	2.292	11,16,40,24,94,80,19,47,74,96,22,89,27,84,54,56,13,
119	11	14	2.092	11,57,40,16,99,94,56,54,84,27,89,74,96,22,35,38,14,
119	11	15	2.328	11,57,40,16,99,24,94,56,54,84,27,89,22,74,96,98,97,44,15,
119	12	13	2.281	12,63,99,24,94,56,54,84,27,89,22,35,38,42,13,
119	12	14	2.059	12,63,16,57,40,24,94,56,54,84,27,89,35,38,14,
119	12	15	2.223	12,63,16,57,40,99,94,56,54,84,27,89,22,98,97,44,15,
119	13	14	1.99	13,56,54,84,27,89,47,33,72,88,74,96,22,35,38,14,
119	13	15	2.122	13,42,56,54,84,27,89,47,33,72,88,74,96,98,97,44,15,
119	14	15	2.084	14,42,56,54,84,27,89,47,33,72,88,74,96,98,97,15,
