203	0	2	2.078	0,98,20,39,59,17,34,92,87,72,24,96,35,88,80,2,
203	0	3	2.539	0,98,20,39,73,37,59,17,34,92,72,24,96,88,80,35,3,
203	0	4	2.584	0,98,20,39,73,37,59,17,34,92,87,72,99,22,45,77,4,
203	0	6	2.765	0,98,20,39,59,17,21,33,54,71,40,67,31,75,65,66,49,74,6,
203	0	9	2.475	0,20,39,73,37,69,21,33,54,95,93,29,90,53,91,30,89,97,84,9,
203	0	1	2.182	0,98,20,39,59,17,34,92,87,72,24,96,35,88,80,1,
203	0	10	2.431	0,98,20,39,59,21,33,54,95,93,29,56,94,52,16,23,83,53,91,30,89,10,
203	0	7	2.667	0,98,20,39,59,21,33,54,93,95,57,81,40,67,31,75,65,66,49,7,
203	0	5	2.762	0,98,20,39,17,21,33,54,93,95,57,71,43,26,86,82,79,5,
203	0	8	2.587	0,98,20,39,59,21,33,54,93,95,57,81,40,67,31,28,75,63,47,64,8,
203	0	11	2.202	0,98,20,39,73,37,59,17,21,33,54,95,93,29,90,94,52,23,11,
203	0	15	2.427	0,44,46,88,80,35,96,24,72,87,92,34,39,20,98,15,
203	0	13	2.157	0,98,20,39,17,21,33,54,95,93,29,38,18,60,48,13,
203	1	3	2.594	1,44,46,20,98,39,73,37,59,17,34,92,87,72,24,96,3,
203	1	2	2.216	1,44,46,20,98,39,34,92,87,72,24,96,35,88,80,2,
203	1	5	2.643	1,80,88,35,96,24,72,87,92,55,43,26,86,82,79,85,45,5,
203	0	12	2.098	0,98,20,39,59,17,21,33,54,95,93,29,56,52,23,16,12,
203	0	14	2.246	0,98,20,39,73,37,69,42,38,18,60,58,48,19,27,14,
203	1	4	2.367	1,80,88,35,96,24,72,51,61,32,86,82,79,45,77,4,
203	1	6	2.631	1,80,88,35,96,24,72,51,61,26,67,31,28,75,65,66,49,74,6,
203	1	7	2.578	1,80,88,35,96,24,72,51,61,26,67,31,28,75,65,63,47,64,78,7,
203	1	8	2.698	1,80,88,35,96,24,72,87,92,55,43,26,67,31,28,75,65,63,62,47,64,8,
203	1	15	2.151	1,80,88,35,96,24,72,87,92,34,17,59,39,20,98,15,
203	2	5	2.249	2,80,88,35,96,24,72,51,61,32,86,82,79,85,45,5,
203	2	3	2.533	2,80,88,35,96,24,72,51,61,32,86,82,79,85,99,3,
203	1	13	2.267	1,44,46,34,17,21,33,54,95,93,29,38,18,60,48,13,
203	2	6	2.437	2,80,88,35,96,24,72,51,99,77,22,45,85,79,82,74,6,
203	2	4	2.229	2,80,88,96,24,72,51,61,32,86,82,79,45,77,4,
203	1	11	2.468	1,44,46,34,17,59,37,69,21,33,54,95,93,29,90,56,52,23,16,11,
203	1	10	2.583	1,44,46,34,17,21,33,54,93,95,29,56,16,23,52,83,53,91,30,89,10,
203	1	9	2.607	1,80,88,35,96,24,72,51,61,26,67,31,28,75,65,63,62,25,84,9,
203	1	12	2.49	1,44,46,34,17,59,37,69,21,33,54,57,95,93,29,56,52,23,16,12,
203	1	14	2.154	1,80,88,35,96,24,72,92,34,17,59,37,73,41,27,14,
203	2	15	2.047	2,80,88,35,96,24,72,87,92,34,17,59,39,20,98,15,
203	3	5	2.555	3,35,80,88,96,24,72,51,61,32,86,82,79,85,45,5,
203	3	4	2.408	3,24,72,87,92,55,61,32,86,82,79,85,45,22,77,4,
203	2	10	2.486	2,35,96,24,72,87,92,34,17,59,21,33,93,95,29,90,53,91,30,89,10,
203	2	11	2.483	2,35,96,24,72,87,92,34,17,21,33,54,95,93,29,90,94,52,23,16,11,
203	2	13	2.544	2,80,88,35,96,24,72,87,92,34,17,59,37,69,42,38,18,60,48,13,
203	2	9	2.628	2,80,88,35,96,24,72,87,92,55,43,26,67,31,28,75,63,62,25,84,9,
203	2	14	2.05	2,80,88,35,96,24,72,92,34,17,59,37,73,41,27,14,
203	2	12	2.501	2,35,96,24,87,92,34,17,59,21,33,54,95,93,29,56,94,52,23,16,12,
203	2	7	2.474	2,80,88,35,96,24,72,51,61,26,67,31,28,75,65,63,47,64,78,7,
203	2	8	2.594	2,80,88,35,96,24,72,87,92,55,43,26,67,31,28,75,65,63,62,47,64,8,
203	4	5	2.367	4,77,22,45,85,32,26,67,31,75,28,50,86,82,79,5,
203	3	15	2.508	3,35,80,88,96,24,72,92,34,17,59,37,73,39,20,98,15,
203	3	10	2.569	3,24,72,87,92,34,17,59,21,33,54,95,93,29,90,53,91,30,89,10,
203	3	6	2.477	3,99,22,45,85,79,82,86,67,31,28,75,65,66,49,74,6,
203	3	11	2.619	3,96,24,72,87,92,34,17,59,21,33,54,95,93,29,56,52,23,16,11,
203	3	9	2.559	3,99,22,45,85,79,82,86,50,67,31,28,75,65,63,62,25,84,9,
203	3	7	2.441	3,99,22,45,85,79,82,86,50,31,28,75,65,63,47,64,78,7,
203	3	13	2.731	3,24,72,87,92,55,43,71,57,95,93,54,33,21,69,42,36,19,48,13,
203	3	8	2.392	3,99,22,45,85,79,82,86,50,67,31,75,28,66,65,63,47,64,8,
203	3	12	2.683	3,24,72,87,92,34,17,21,33,54,95,93,29,56,94,52,23,16,68,12,
203	3	14	2.786	3,35,80,88,96,24,72,87,92,34,17,59,37,73,41,36,48,19,27,14,
203	5	6	2.129	5,79,82,86,50,67,31,28,75,63,65,66,49,74,6,
203	4	6	2.052	4,77,22,45,85,79,82,86,50,28,75,65,66,49,74,6,
203	4	7	1.891	4,77,22,45,79,82,86,50,31,28,75,65,66,49,7,
203	4	15	2.705	4,77,22,45,85,79,82,86,32,61,55,17,59,37,73,39,20,98,15,
203	4	10	2.459	4,77,22,45,85,32,26,43,71,54,33,21,93,95,29,90,53,91,30,89,10,
203	4	9	2.415	4,77,22,45,79,82,86,50,31,28,66,65,75,63,47,64,62,25,84,9,
203	4	11	2.517	4,77,22,45,79,32,26,43,71,54,33,21,93,95,29,56,94,52,23,16,11,
203	4	13	2.592	4,77,22,45,85,79,82,86,26,43,71,54,33,21,69,42,38,60,48,13,
203	4	8	2.131	4,77,22,45,85,79,82,86,50,67,31,28,75,65,63,62,47,64,8,
203	4	12	2.539	4,77,22,45,85,32,26,43,71,54,33,21,93,95,29,90,94,52,23,16,12,
203	4	14	2.704	4,77,22,45,79,82,86,26,43,71,57,95,54,33,21,69,42,41,27,14,
203	6	7	2.058	6,74,49,50,67,31,28,66,65,75,63,62,47,64,78,7,
203	5	7	1.948	5,79,82,86,50,67,31,28,75,65,63,47,64,78,7,
203	6	8	1.986	6,74,49,50,67,31,28,66,65,75,63,62,47,64,78,8,
203	5	8	1.851	5,45,85,79,82,86,50,31,28,65,75,63,47,64,8,
203	5	15	2.859	5,79,82,86,26,43,71,57,95,93,54,33,21,17,59,37,39,20,98,15,
203	5	9	2.371	5,77,22,45,85,79,82,86,50,28,75,65,63,47,64,62,25,84,9,
203	5	10	2.468	5,79,82,86,32,26,43,71,54,33,21,93,95,29,90,53,91,30,89,10,
203	5	11	2.526	5,79,82,86,50,28,75,65,63,62,25,70,97,89,30,91,53,94,52,23,16,11,
203	5	12	2.575	5,79,82,86,26,43,71,54,33,21,93,95,29,90,94,52,23,16,68,12,
203	5	13	2.733	5,45,85,79,82,86,32,26,43,71,57,95,93,54,33,21,69,42,36,19,48,13,
203	5	14	2.784	5,79,82,86,26,43,71,57,95,93,54,33,21,69,42,60,48,19,36,27,14,
203	6	9	2.006	6,74,49,66,65,63,75,28,31,67,40,81,70,97,84,9,
203	7	9	1.825	7,78,64,47,63,65,75,28,31,67,40,81,70,97,84,9,
203	7	8	1.93	7,49,66,65,63,75,28,31,67,40,81,70,25,62,64,8,
203	7	10	2.093	7,78,64,47,63,62,25,70,97,89,30,91,53,94,52,16,23,83,76,10,
203	7	11	2.091	7,49,66,65,28,75,63,62,25,70,97,89,30,91,53,94,52,16,23,83,11,
203	6	15	2.772	6,74,49,66,65,75,28,31,67,40,71,54,33,21,17,59,39,20,98,15,
203	6	10	2.39	6,74,49,66,65,75,63,62,25,97,89,30,91,53,94,52,16,23,83,76,10,
203	6	11	2.411	6,74,49,66,28,31,75,65,63,62,25,70,97,89,30,91,53,94,52,23,16,11,
203	6	13	2.531	6,74,49,66,65,75,31,67,40,81,57,54,33,21,69,42,36,19,48,13,
203	6	12	2.311	6,74,49,66,65,28,75,63,62,25,70,97,89,30,91,53,94,52,23,16,12,
203	6	14	2.691	6,74,49,66,65,75,31,67,40,81,57,95,93,54,33,21,69,42,41,27,14,
203	8	9	1.677	8,64,47,63,75,65,66,28,31,67,40,81,70,97,84,9,
203	8	11	1.707	8,64,47,63,62,25,70,97,89,30,91,53,94,52,23,83,76,11,
203	8	10	1.801	8,64,47,63,62,25,70,97,89,30,91,53,94,52,23,83,76,10,
203	7	15	2.626	7,49,66,65,75,31,67,40,71,57,95,93,54,33,21,59,39,20,98,15,
203	8	13	2.162	8,64,47,63,62,25,97,89,30,91,53,94,52,23,16,56,18,38,60,48,13,
203	8	15	2.546	8,64,47,63,75,28,31,67,40,71,57,95,93,54,33,21,59,39,20,98,15,
203	8	12	2.013	8,64,47,65,66,28,75,63,62,25,70,97,89,30,91,53,94,52,23,16,12,
203	7	12	2.21	7,49,66,65,75,63,62,25,70,97,89,30,91,53,94,52,23,16,56,68,12,
203	7	13	2.359	7,78,64,47,63,62,25,70,97,89,30,91,53,94,52,23,16,56,18,60,48,13,
203	8	14	2.359	8,64,47,63,62,25,97,89,30,91,53,94,52,23,16,56,18,38,42,41,27,14,
203	7	14	2.587	7,78,64,47,63,62,25,97,89,30,91,53,90,29,93,95,54,33,21,69,41,27,14,
203	9	10	1.94	9,84,25,62,63,75,65,66,28,31,67,40,81,70,97,10,
203	9	11	1.875	9,84,97,89,30,91,53,90,95,54,93,29,56,52,23,11,
203	10	11	1.66	10,89,30,91,53,90,95,54,33,21,93,29,56,52,23,11,
203	10	12	1.665	10,89,30,91,53,90,29,95,93,33,21,69,42,38,18,68,12,
203	9	12	1.816	9,84,97,89,30,91,53,90,95,93,29,56,52,23,16,12,
203	10	13	1.863	10,89,30,91,53,90,29,93,95,54,33,21,69,42,38,18,60,48,13,
203	9	13	2.023	9,84,97,89,30,91,83,23,16,52,94,56,18,38,42,36,19,48,13,
203	9	15	2.423	9,84,97,89,30,91,53,90,29,93,95,57,54,33,21,17,39,20,98,15,
203	10	15	2.287	10,76,83,23,16,52,94,56,29,93,95,54,33,21,17,59,39,20,98,15,
203	10	14	2.121	10,89,30,91,53,90,29,93,95,54,33,21,69,42,38,18,60,48,19,14,
203	9	14	2.342	9,84,97,89,30,91,53,90,29,93,95,54,33,21,69,42,38,60,36,27,14,
203	12	13	1.71	12,16,23,52,94,56,29,95,93,33,21,69,42,36,48,13,
203	11	13	1.591	11,76,83,23,16,52,94,56,18,38,42,60,36,19,48,13,
203	14	15	2.179	14,27,36,19,48,60,18,38,42,69,37,73,39,20,98,15,
203	11	12	1.603	11,23,52,94,56,29,95,93,33,21,69,42,38,18,68,12,
203	13	15	2.142	13,19,48,60,38,29,93,95,54,33,21,17,39,20,98,15,
203	12	15	2.047	12,16,23,52,94,56,29,93,95,54,33,21,17,39,20,98,15,
203	13	14	1.904	13,19,48,60,68,16,23,52,94,56,18,38,42,41,27,14,
203	11	15	2.013	11,16,23,52,94,56,29,93,95,54,33,21,17,59,39,20,98,15,
203	12	14	1.939	12,16,23,52,94,56,29,93,95,57,54,33,21,69,42,41,27,14,
203	11	14	1.917	11,16,23,52,94,56,90,29,93,95,54,33,21,69,42,41,27,14,
