320	0	1	1.663	0,65,28,30,39,50,66,92,85,88,21,96,84,59,1,
320	0	2	1.69	0,65,28,30,39,50,66,92,88,21,96,84,59,76,2,
320	0	3	1.786	0,65,28,30,39,50,66,92,88,21,96,84,94,45,24,3,
320	0	4	1.919	0,65,28,30,39,50,66,92,88,21,96,84,94,47,49,56,36,4,
320	0	5	2.129	0,65,28,30,39,50,66,92,88,21,96,22,20,83,19,95,80,5,
320	0	6	2.273	0,65,28,30,39,90,50,92,66,99,18,79,98,82,23,44,40,16,25,74,6,
320	0	7	2.457	0,65,28,30,85,88,21,84,96,22,68,79,98,18,82,23,44,40,64,93,7,
320	0	8	2.441	0,65,28,30,85,88,21,84,96,22,68,98,79,18,82,37,86,34,55,54,57,8,
320	0	9	2.424	0,65,28,30,85,88,21,84,96,22,68,98,79,18,82,23,37,86,97,71,9,
320	0	10	2.337	0,65,28,30,85,88,21,79,98,18,82,37,86,53,35,69,48,75,17,10,
320	0	11	2.294	0,65,28,85,88,21,79,98,18,82,23,37,86,53,35,69,48,11,
320	0	12	2.137	0,65,28,30,39,90,50,66,99,79,98,18,63,43,61,12,
320	0	13	2.032	0,29,28,65,30,39,85,88,92,66,50,90,73,87,60,13,
320	0	14	1.775	0,29,28,65,30,39,85,88,92,66,50,90,73,87,89,14,
320	0	15	1.713	0,29,28,65,30,39,85,88,92,66,50,90,87,89,73,15,
320	1	2	1.89	1,29,28,65,30,39,50,92,88,21,96,84,94,76,2,
320	1	3	1.91	1,29,28,65,30,39,85,88,21,84,96,22,94,45,24,3,
320	1	4	1.967	1,29,28,65,30,85,88,21,96,84,94,47,95,56,36,4,
320	1	5	2.305	1,29,28,65,30,39,85,88,21,84,96,22,20,58,83,19,70,38,5,
320	1	6	2.32	1,59,84,96,22,68,98,79,18,82,23,44,27,51,72,16,25,74,6,
320	1	7	2.51	1,59,84,96,22,68,98,79,18,82,23,44,27,51,72,16,25,93,7,
320	1	8	2.46	1,29,28,65,30,39,85,88,21,79,98,18,82,37,86,55,54,57,8,
320	1	9	2.516	1,29,28,65,30,39,90,50,92,66,99,18,79,98,82,37,86,97,71,9,
320	1	10	2.394	1,59,84,96,22,68,98,79,18,82,23,37,86,53,35,69,48,75,17,10,
320	1	11	2.392	1,59,84,96,22,68,98,79,18,82,23,37,86,53,35,69,52,48,11,
320	1	12	2.532	1,29,28,65,30,39,85,88,21,84,96,22,68,79,18,63,43,61,12,
320	1	13	2.554	1,29,28,65,30,39,90,50,66,92,88,21,79,98,18,99,26,78,13,
320	1	14	2.36	1,29,28,65,30,39,85,88,21,79,98,18,99,66,50,90,87,89,14,
320	1	15	1.844	1,29,28,65,30,39,85,88,92,66,50,90,87,89,73,15,
320	2	3	1.954	2,76,94,84,96,22,20,58,83,19,95,56,36,24,45,3,
320	2	4	2.075	2,76,94,20,68,79,98,82,23,58,83,19,95,56,36,4,
320	2	5	2.305	2,76,59,84,96,22,20,68,98,79,18,82,23,44,27,51,70,38,5,
320	2	6	2.397	2,59,84,96,22,20,68,98,79,18,82,23,44,27,40,72,16,25,74,6,
320	2	7	2.451	2,76,94,84,96,22,68,98,79,18,82,23,44,40,72,16,25,93,7,
320	2	8	2.405	2,76,94,84,96,22,68,98,79,18,82,23,37,86,34,55,46,57,8,
320	2	9	2.586	2,76,59,84,96,22,68,98,79,18,82,37,86,53,35,69,52,77,62,71,9,
320	2	10	2.409	2,76,94,20,68,98,79,18,82,23,37,86,53,35,69,52,48,75,17,10,
320	2	11	2.42	2,76,59,84,96,22,68,98,79,18,82,37,86,53,35,69,52,48,11,
320	2	12	2.516	2,76,59,84,96,22,68,79,98,18,82,23,37,86,53,91,61,12,
320	2	13	2.474	2,76,94,20,22,96,84,21,88,85,92,66,50,90,73,89,14,60,13,
320	2	14	2.166	2,76,94,22,96,84,21,88,85,92,66,50,90,39,73,89,14,
320	2	15	1.808	2,76,94,20,22,96,84,21,88,85,92,66,50,90,73,15,
320	3	4	2.018	3,24,45,49,47,94,84,96,22,20,58,83,19,95,56,36,4,
320	3	5	2.021	3,45,24,36,56,49,95,19,83,58,44,27,51,70,38,5,
320	3	6	1.874	3,45,24,36,56,49,95,19,70,38,32,72,16,25,74,6,
320	3	7	2.46	3,24,45,47,83,58,68,98,79,18,82,23,44,40,72,16,25,93,7,
320	3	8	2.413	3,24,45,49,95,19,83,58,68,98,79,18,82,23,37,86,55,54,57,8,
320	3	9	2.494	3,24,45,49,95,19,83,58,68,79,98,18,82,23,37,86,97,62,71,9,
320	3	10	2.439	3,24,45,94,20,68,98,79,18,82,37,86,53,35,69,52,48,75,17,10,
320	3	11	2.473	3,24,45,49,95,19,83,58,68,98,79,18,82,37,86,53,35,69,48,11,
320	3	12	2.544	3,24,45,49,95,19,83,58,68,79,18,98,23,37,86,31,43,61,12,
320	3	13	2.523	3,24,45,49,95,19,83,20,22,96,84,21,88,92,66,50,90,87,60,13,
320	3	14	2.266	3,24,45,49,95,19,83,20,22,96,84,21,88,92,66,50,90,87,89,14,
320	3	15	2.005	3,24,45,49,95,19,83,58,68,98,79,18,99,66,50,90,73,15,
320	4	5	2.079	4,36,56,24,45,49,95,19,51,72,16,25,32,70,38,5,
320	4	6	1.95	4,36,56,24,45,49,95,19,70,38,32,72,16,25,74,6,
320	4	7	2.258	4,36,56,24,45,49,95,19,51,70,38,32,72,16,25,93,7,
320	4	8	2.359	4,36,56,49,95,19,83,58,68,98,79,18,82,37,86,55,46,57,8,
320	4	9	2.443	4,36,56,49,95,19,83,58,68,98,79,18,82,23,37,86,77,62,71,9,
320	4	10	2.446	4,36,56,95,19,83,58,68,98,79,18,82,37,86,53,35,69,48,75,17,10,
320	4	11	2.546	4,36,56,49,95,19,83,58,68,98,79,18,82,23,37,86,53,35,69,52,48,11,
320	4	12	2.617	4,36,56,49,95,19,83,58,68,98,79,18,82,23,37,86,31,63,43,61,12,
320	4	13	2.657	4,36,56,49,95,19,83,58,68,98,79,18,82,23,37,86,31,43,81,78,13,
320	4	14	2.37	4,36,56,49,95,19,83,58,20,22,96,84,88,85,92,66,50,90,73,89,14,
320	4	15	2.123	4,36,56,49,95,19,83,58,20,22,96,84,21,88,85,92,66,50,90,73,15,
320	5	6	2.103	5,80,36,56,24,45,49,95,19,51,27,72,16,25,74,6,
320	5	7	2.452	5,80,36,56,24,45,49,95,19,70,38,32,72,16,25,93,7,
320	5	8	2.294	5,80,38,70,32,51,27,40,72,16,25,93,46,54,42,57,8,
320	5	9	2.533	5,80,95,19,83,58,68,98,79,18,82,23,37,86,77,62,71,9,
320	5	10	2.524	5,38,70,32,25,16,72,40,64,55,97,71,62,77,35,69,52,48,75,17,10,
320	5	11	2.643	5,38,70,32,25,16,72,40,64,55,97,71,62,77,52,69,35,53,91,33,11,
320	5	12	2.667	5,38,70,32,25,16,72,40,64,55,97,62,77,52,69,35,53,91,33,61,12,
320	5	13	2.797	5,38,70,51,27,44,23,82,18,98,79,21,88,85,92,66,50,87,60,13,
320	5	14	2.526	5,38,70,51,27,44,23,82,18,98,79,21,88,92,66,50,90,73,89,14,
320	5	15	2.297	5,80,95,19,83,58,68,98,18,79,21,88,85,92,66,50,90,73,15,
320	6	7	2.32	6,74,67,32,38,70,51,27,40,72,16,25,93,64,46,7,
320	6	8	2.082	6,74,25,16,72,40,64,55,46,54,97,62,71,42,57,8,
320	6	9	2.277	6,74,67,32,38,70,51,27,40,72,16,25,93,46,54,42,9,
320	6	10	2.391	6,74,25,16,72,40,64,46,54,97,71,62,77,35,53,69,52,48,75,17,10,
320	6	11	2.489	6,74,25,16,72,40,64,55,97,71,62,77,52,69,35,53,91,48,75,11,
320	6	12	2.596	6,74,25,16,72,40,64,93,46,54,97,71,62,77,35,53,91,33,61,12,
320	6	13	2.766	6,74,25,16,72,40,64,55,97,71,62,77,52,69,35,53,31,63,43,81,78,13,
320	6	14	2.554	6,74,25,16,72,40,44,23,82,18,98,79,21,88,92,66,50,90,73,89,14,
320	6	15	2.334	6,74,25,16,40,44,23,82,18,79,98,68,21,88,92,66,50,90,73,15,
320	7	8	2.272	7,93,25,16,72,40,64,55,46,54,97,62,71,42,57,8,
320	7	9	2.48	7,93,46,55,97,71,62,77,52,35,53,69,48,75,17,41,9,
320	7	10	2.247	7,93,64,55,97,71,62,77,52,69,35,53,91,48,75,17,10,
320	7	11	2.464	7,93,25,16,72,40,64,55,97,71,62,77,52,69,35,53,91,33,11,
320	7	12	2.581	7,93,25,16,72,40,64,55,97,71,62,77,52,69,35,53,91,33,61,12,
320	7	13	2.784	7,93,25,16,40,64,55,97,71,62,77,52,69,35,53,91,43,81,78,13,
320	7	14	2.588	7,93,64,34,86,37,23,82,98,79,18,99,66,92,50,90,73,89,14,
320	7	15	2.536	7,93,64,34,37,82,18,79,98,68,22,96,84,21,88,92,66,50,90,73,15,
320	8	9	2.15	8,42,71,97,62,77,52,69,35,53,91,48,75,17,41,9,
320	8	10	1.924	8,57,46,54,97,71,62,77,52,69,35,53,91,48,75,17,10,
320	8	11	2.077	8,57,46,55,97,71,62,77,52,69,35,53,91,48,75,11,
320	8	12	2.649	8,57,42,97,62,71,41,17,75,48,52,69,35,53,31,63,43,81,61,12,
320	8	13	2.804	8,57,42,97,71,41,17,75,48,52,69,35,53,91,43,31,63,81,78,13,
320	8	14	2.59	8,57,46,55,34,86,37,23,82,98,79,18,99,66,92,50,90,73,89,14,
320	8	15	2.478	8,57,54,55,86,37,82,18,79,98,68,22,96,21,88,92,66,50,90,73,15,
320	9	10	2.002	9,42,71,97,62,77,52,69,35,53,91,33,48,75,17,10,
320	9	11	2.085	9,42,71,97,62,77,52,69,35,53,31,63,43,91,33,11,
320	9	12	2.13	9,41,71,97,62,77,52,35,69,53,31,63,43,91,61,12,
320	9	13	2.773	9,42,57,46,54,97,71,62,77,52,69,35,53,91,43,31,63,81,78,13,
320	9	14	2.56	9,71,97,86,37,23,82,18,98,79,21,88,85,92,66,50,87,14,
320	9	15	2.395	9,71,97,86,37,23,82,18,98,79,21,88,85,92,66,50,90,73,15,
320	10	11	2.201	10,75,17,41,71,97,62,77,35,69,53,31,43,91,33,11,
320	10	12	2.168	10,17,41,71,62,77,52,69,35,53,31,63,43,91,33,61,12,
320	10	13	2.315	10,17,75,48,52,69,35,53,31,63,43,91,33,61,81,78,13,
320	10	14	2.501	10,17,75,48,69,35,53,86,37,82,98,79,18,99,66,50,90,87,14,
320	10	15	2.354	10,75,48,69,35,53,86,37,82,98,79,18,99,66,92,50,90,73,15,
320	11	12	2.192	11,48,75,17,41,71,62,77,52,69,35,53,91,43,81,61,12,
320	11	13	2.258	11,48,75,17,41,71,62,77,52,35,69,53,91,43,81,78,13,
320	11	14	2.499	11,48,52,69,35,53,86,37,82,98,79,18,99,66,50,90,87,14,
320	11	15	2.279	11,48,69,35,53,86,37,23,98,79,18,99,66,50,90,73,15,
320	12	13	2.603	12,11,48,75,17,41,71,62,77,52,69,35,53,91,43,81,78,13,
320	12	14	2.429	12,61,43,63,18,98,79,21,88,92,66,50,90,73,89,14,
320	12	15	2.223	12,61,43,63,18,98,79,21,88,85,92,66,50,90,73,15,
320	13	14	2.513	13,78,26,99,18,79,98,68,22,96,21,88,92,66,87,14,
320	13	15	2.365	13,78,81,63,18,79,98,68,22,96,21,88,92,50,90,73,15,
320	14	15	2.175	14,87,66,92,99,18,79,98,68,21,88,85,50,90,73,15,
