35	0	1	1.679	0,55,36,96,67,57,63,90,28,22,40,19,38,31,1,
35	0	2	1.753	0,55,36,96,67,57,63,90,28,22,40,19,38,31,2,
35	0	3	2.113	0,55,36,67,96,54,97,32,50,63,90,28,22,40,19,25,88,3,
35	0	4	2.232	0,55,36,96,67,57,63,90,42,22,28,40,19,25,34,16,71,4,
35	0	5	2.292	0,55,36,96,67,57,63,90,42,87,46,49,59,20,99,35,77,5,
35	0	6	2.178	0,55,36,96,67,57,63,90,42,87,46,49,59,20,99,35,29,95,82,6,
35	0	7	2.383	0,55,36,96,67,57,63,90,42,87,46,49,59,20,99,35,29,95,82,7,
35	0	8	2.538	0,55,36,67,96,97,54,44,98,48,45,72,61,18,83,89,69,51,76,8,
35	0	9	2.357	0,55,36,67,96,97,54,44,98,48,45,72,18,83,89,69,27,52,51,76,9,
35	0	10	2.291	0,55,36,67,96,97,54,44,98,48,45,72,18,83,89,69,27,58,10,
35	0	11	2.33	0,55,36,96,67,57,63,50,32,97,54,44,98,56,24,39,91,62,11,
35	0	12	2.319	0,55,36,67,57,63,90,42,93,50,32,97,54,44,98,56,24,39,12,
35	0	13	1.884	0,55,36,67,96,54,97,32,50,70,44,98,56,24,92,13,
35	0	14	1.881	0,55,36,67,96,97,54,44,98,56,24,78,74,17,43,14,
35	0	15	1.992	0,47,73,19,40,22,28,90,63,57,67,96,36,55,65,15,
35	1	2	1.742	1,86,84,31,38,73,47,57,63,90,28,22,40,19,25,2,
35	1	3	1.743	1,86,31,38,73,47,57,63,90,28,22,40,19,25,88,3,
35	1	4	1.854	1,86,84,73,47,57,63,90,28,22,40,19,34,16,71,4,
35	1	5	2.241	1,31,38,19,40,22,28,57,63,42,87,46,49,59,20,85,77,5,
35	1	6	2.246	1,31,38,19,40,22,28,57,63,90,42,87,46,49,59,20,99,35,29,95,6,
35	1	7	2.427	1,31,38,73,47,57,63,90,42,87,46,49,59,20,99,35,29,95,82,21,7,
35	1	8	2.588	1,86,84,47,57,63,90,42,87,46,49,59,20,99,35,29,82,21,68,8,
35	1	9	2.461	1,86,84,47,57,63,90,42,87,46,49,66,61,18,83,89,69,27,52,51,76,9,
35	1	10	2.453	1,86,84,47,57,63,90,42,87,46,49,66,61,18,83,89,69,27,52,58,10,
35	1	11	2.437	1,86,84,47,57,63,90,42,93,50,70,32,97,54,44,98,56,24,39,91,62,11,
35	1	12	2.368	1,31,38,19,40,22,28,57,90,63,50,32,97,54,44,98,56,24,92,12,
35	1	13	2.115	1,86,84,73,28,22,90,63,57,67,96,36,55,65,94,81,43,17,74,37,13,
35	1	14	1.628	1,86,84,73,47,67,96,36,55,65,94,81,43,17,74,37,14,
35	1	15	1.724	1,31,38,19,28,22,90,63,57,67,96,36,55,65,15,
35	2	3	1.806	2,38,31,86,84,47,57,63,90,28,22,40,19,25,88,3,
35	2	4	1.959	2,38,31,84,47,57,63,90,22,40,19,34,16,71,4,
35	2	5	2.075	2,25,19,28,57,63,90,42,87,46,49,59,20,85,77,5,
35	2	6	1.912	2,25,19,40,22,42,87,46,49,59,20,99,35,29,95,6,
35	2	7	2.389	2,25,19,40,22,28,57,63,90,42,87,46,49,59,20,99,35,29,82,7,
35	2	8	2.667	2,25,19,40,28,22,42,87,46,49,59,20,99,35,29,95,82,21,68,8,
35	2	9	2.46	2,25,19,40,22,28,57,63,90,42,93,80,61,18,83,89,69,27,52,76,9,
35	2	10	2.491	2,25,19,40,22,28,57,63,90,42,93,80,61,18,83,89,69,27,52,58,10,
35	2	11	2.429	2,25,19,40,22,28,57,90,63,50,32,97,54,44,98,56,24,39,91,62,11,
35	2	12	2.362	2,25,19,40,22,28,57,63,90,42,93,50,32,97,54,44,98,56,24,39,12,
35	2	13	2.125	2,25,19,28,22,90,63,57,67,96,36,55,65,94,81,43,17,74,37,13,
35	2	14	1.967	2,25,19,28,90,63,57,67,96,36,55,65,94,81,43,17,74,37,14,
35	2	15	1.752	2,25,19,40,22,28,57,63,67,96,36,55,65,94,15,
35	3	4	2.019	3,88,25,19,40,22,28,57,63,90,42,87,23,16,71,4,
35	3	5	2.106	3,88,25,19,40,22,28,57,63,90,42,87,23,75,85,77,5,
35	3	6	1.981	3,88,25,19,40,22,87,46,49,59,20,99,35,29,95,6,
35	3	7	2.287	3,88,34,16,75,23,46,49,59,20,99,35,29,95,82,21,7,
35	3	8	2.599	3,88,34,16,23,46,49,66,61,18,83,89,69,27,52,51,76,8,
35	3	9	2.454	3,88,25,19,40,22,90,63,93,80,61,18,83,89,69,27,52,51,76,9,
35	3	10	2.511	3,88,25,19,40,22,28,57,63,93,80,61,18,83,89,69,27,52,58,10,
35	3	11	2.482	3,88,25,19,40,22,28,90,63,50,32,97,54,44,98,56,24,39,91,62,11,
35	3	12	2.549	3,88,25,19,40,22,28,57,63,90,42,93,50,70,32,97,54,44,98,56,24,39,12,
35	3	13	2.265	3,88,25,19,40,22,28,90,63,57,67,96,36,55,65,94,81,43,17,74,37,13,
35	3	14	2.084	3,88,25,19,28,90,63,57,67,96,36,55,65,94,81,43,17,74,37,14,
35	3	15	2.121	3,88,25,19,40,22,28,90,63,57,67,96,36,55,65,94,81,15,
35	4	5	2.171	4,71,16,34,23,46,49,59,20,99,35,29,82,95,5,
35	4	6	1.889	4,71,16,34,23,46,49,59,20,99,35,29,95,82,6,
35	4	7	2.132	4,71,16,34,23,46,49,59,20,99,35,29,95,82,21,7,
35	4	8	2.573	4,71,16,34,23,46,49,66,61,18,83,89,69,27,52,51,76,8,
35	4	9	2.411	4,71,16,34,23,87,46,49,66,61,18,83,89,69,27,52,76,9,
35	4	10	2.489	4,71,16,34,23,46,49,66,61,18,83,89,69,27,79,30,53,10,
35	4	11	2.637	4,71,16,34,23,46,49,66,61,18,83,89,79,30,53,64,26,62,11,
35	4	12	2.463	4,71,16,34,40,22,28,57,63,50,32,97,54,44,98,56,24,39,12,
35	4	13	2.384	4,71,16,34,40,22,90,63,57,67,96,36,55,65,94,81,43,17,74,37,13,
35	4	14	2.269	4,71,16,34,40,22,90,63,57,67,96,36,55,65,94,81,43,17,74,37,14,
35	4	15	2.402	4,71,16,34,19,40,22,28,57,90,63,50,32,97,96,67,36,55,65,15,
35	5	6	1.998	5,77,85,75,23,87,46,49,59,20,99,35,29,95,82,6,
35	5	7	2.241	5,77,85,75,23,87,46,49,59,20,99,35,29,95,82,21,7,
35	5	8	2.483	5,77,85,75,23,46,49,59,20,99,35,29,95,82,21,68,8,
35	5	9	2.336	5,77,35,99,20,59,49,66,61,18,83,89,69,27,52,51,76,9,
35	5	10	2.531	5,77,99,20,59,49,66,61,72,18,83,89,69,27,79,30,53,10,
35	5	11	2.549	5,77,85,20,59,49,66,61,18,83,89,69,27,79,30,53,64,26,62,11,
35	5	12	2.562	5,77,85,20,59,49,46,87,93,50,70,32,97,54,44,98,56,24,39,12,
35	5	13	2.469	5,77,85,75,23,87,42,90,63,96,67,36,55,65,94,81,43,17,74,13,
35	5	14	2.412	5,77,85,75,23,87,42,90,63,57,67,96,36,55,65,94,81,43,17,74,37,14,
35	5	15	2.462	5,77,85,99,20,59,49,46,87,42,90,63,57,67,96,36,55,65,94,15,
35	6	7	2.28	6,82,95,29,35,99,20,75,23,87,46,49,59,60,21,7,
35	6	8	2.175	6,82,95,29,35,99,20,60,41,83,89,69,27,52,76,8,
35	6	9	1.935	6,82,95,29,35,99,20,60,41,83,89,69,27,52,76,9,
35	6	10	2.183	6,82,29,35,99,20,59,49,66,61,18,83,89,69,27,52,58,10,
35	6	11	2.3	6,95,29,35,99,20,60,41,83,89,69,27,79,30,53,64,26,62,11,
35	6	12	2.404	6,95,29,35,99,20,59,49,46,87,93,50,70,44,98,56,24,39,12,
35	6	13	2.339	6,95,29,35,99,20,59,49,46,93,50,32,97,54,44,98,56,24,92,13,
35	6	14	2.331	6,95,29,35,60,59,49,46,87,42,90,63,96,67,36,55,65,94,81,14,
35	6	15	2.323	6,95,29,35,99,20,59,49,46,87,42,90,63,57,67,96,36,55,65,94,15,
35	7	8	2.358	7,21,82,95,29,35,99,60,41,83,89,69,27,52,51,76,8,
35	7	9	2.118	7,21,82,95,29,35,99,60,41,83,89,69,27,52,51,76,9,
35	7	10	2.295	7,21,82,95,29,35,99,20,60,41,83,18,89,69,27,52,58,10,
35	7	11	2.269	7,68,76,52,27,69,89,83,18,79,30,53,64,26,62,91,11,
35	7	12	2.606	7,21,82,95,29,35,99,60,41,83,89,69,27,79,30,26,62,91,12,
35	7	13	2.566	7,82,95,29,35,99,20,59,49,46,93,50,32,70,44,98,56,24,92,13,
35	7	14	2.513	7,21,60,59,49,46,87,42,63,57,67,96,36,55,65,94,81,43,14,
35	7	15	2.42	7,82,29,35,99,20,59,49,46,87,42,90,63,57,67,96,36,55,65,15,
35	8	9	2.059	8,68,41,61,18,83,89,69,27,79,30,58,52,51,76,9,
35	8	10	1.986	8,76,51,52,27,69,89,83,18,61,72,45,33,79,30,10,
35	8	11	1.777	8,76,52,27,69,89,83,18,79,30,53,64,26,62,11,
35	8	12	2.407	8,76,51,52,27,69,89,83,18,61,72,33,79,30,53,64,62,91,12,
35	8	13	2.49	8,76,51,52,58,27,69,89,83,18,61,72,45,48,98,56,24,78,92,13,
35	8	14	2.408	8,76,51,52,27,69,89,83,18,61,72,45,48,24,78,17,43,74,37,14,
35	8	15	2.541	8,76,51,69,89,83,18,61,72,45,48,98,54,96,67,36,55,65,15,
35	9	10	1.709	9,76,52,27,69,89,83,18,61,72,33,79,30,53,10,
35	9	11	1.537	9,76,52,27,69,89,83,18,79,30,53,64,26,62,11,
35	9	12	1.955	9,76,51,52,58,27,69,89,83,18,79,30,53,64,26,62,91,12,
35	9	13	2.193	9,76,51,52,58,27,69,89,83,18,61,72,45,48,98,56,24,92,13,
35	9	14	2.221	9,76,51,52,27,69,89,83,18,61,72,45,48,24,92,78,74,17,43,14,
35	9	15	2.331	9,52,27,69,89,83,18,72,45,48,98,44,54,97,96,67,36,55,65,15,
35	10	11	1.568	10,58,52,27,69,89,83,18,79,30,53,64,26,62,11,
35	10	12	1.746	10,58,52,27,69,83,89,79,30,53,64,26,62,91,12,
35	10	13	1.877	10,58,52,27,69,89,83,18,61,72,45,48,24,92,13,
35	10	14	2.213	10,58,52,27,69,89,83,18,61,72,45,48,24,92,78,74,17,43,14,
35	10	15	2.319	10,58,27,69,89,83,18,72,45,48,98,54,97,96,67,36,55,65,15,
35	11	12	1.97	11,64,53,30,79,27,69,89,83,18,61,72,45,39,12,
35	11	13	1.992	11,64,53,30,79,89,83,18,72,45,48,24,78,92,13,
35	11	14	2.071	11,64,53,30,79,89,83,18,72,45,48,24,78,74,37,14,
35	11	15	2.256	11,62,91,39,24,56,98,44,54,97,70,50,32,96,67,36,55,65,15,
35	12	13	2.165	12,39,24,56,98,44,70,32,97,54,94,81,43,17,74,37,13,
35	12	14	2.033	12,39,24,56,98,44,54,97,96,67,36,55,65,94,81,14,
35	12	15	2.146	12,92,78,24,56,98,44,54,97,70,50,32,96,67,36,55,65,15,
35	13	14	1.953	13,92,24,56,98,44,70,32,97,54,94,81,43,17,74,37,14,
35	13	15	2.047	13,92,24,56,98,44,54,97,32,50,63,67,96,36,65,15,
35	14	15	1.897	14,37,74,17,43,81,56,98,44,54,97,96,67,36,55,65,15,
