182	0	1	2.144	0,36,46,30,64,27,63,65,37,75,79,62,96,70,97,1,
182	0	2	2.197	0,36,46,30,64,27,65,37,75,79,62,72,67,29,92,49,2,
182	0	3	2.359	0,52,57,97,70,92,29,72,67,71,82,19,83,44,33,43,22,3,
182	0	4	2.401	0,36,46,30,64,27,65,62,79,37,75,84,32,86,19,83,43,33,4,
182	0	5	2.635	0,36,46,30,64,27,65,37,75,79,62,72,67,71,82,19,83,44,98,66,5,
182	0	6	2.606	0,36,46,30,64,27,65,62,79,37,75,84,87,53,20,16,58,35,60,54,6,
182	0	7	2.503	0,36,46,30,64,27,65,37,75,34,45,23,41,40,73,55,90,26,7,
182	0	8	2.49	0,36,46,30,64,27,65,62,79,75,37,81,34,45,23,41,40,73,55,8,
182	0	9	2.383	0,36,46,30,64,27,65,62,79,37,75,34,45,23,41,28,56,59,74,42,76,9,
182	0	10	2.436	0,36,46,30,64,27,65,62,79,37,75,34,45,23,41,28,56,59,74,47,21,10,
182	0	11	2.45	0,36,46,30,64,27,65,37,75,34,45,23,41,28,56,59,74,47,21,11,
182	0	12	2.412	0,48,36,46,30,64,27,63,65,62,79,75,37,81,68,94,95,61,38,12,
182	0	13	2.279	0,36,46,30,64,27,65,62,79,75,37,81,68,94,95,61,25,13,
182	0	14	2.079	0,36,46,30,64,62,79,75,37,65,27,63,17,78,99,93,14,
182	0	15	2.132	0,36,46,30,64,27,65,62,79,75,37,81,63,17,78,24,15,
182	1	2	2.181	1,57,97,70,29,67,71,82,19,83,44,43,22,50,49,2,
182	1	3	2.018	1,57,97,70,29,72,67,71,82,19,83,44,33,43,22,3,
182	1	4	1.912	1,57,97,70,92,29,72,67,71,82,19,83,44,43,33,4,
182	1	5	2.46	1,57,52,97,70,92,29,72,67,71,82,19,83,22,43,33,98,66,5,
182	1	6	2.374	1,57,97,70,29,67,71,82,19,83,44,43,33,98,66,89,54,6,
182	1	7	2.508	1,57,97,70,29,67,71,82,19,83,44,85,58,60,35,18,90,26,7,
182	1	8	2.603	1,57,52,36,46,30,64,27,65,62,79,37,75,34,45,23,40,73,55,8,
182	1	9	2.538	1,57,52,36,46,30,64,27,65,37,75,34,45,23,41,28,56,59,74,42,76,9,
182	1	10	2.606	1,57,52,36,46,30,64,27,65,62,79,75,37,81,34,45,23,41,28,56,59,74,10,
182	1	11	2.711	1,57,52,36,46,30,64,27,65,37,75,34,45,23,41,28,56,59,74,47,21,11,
182	1	12	2.633	1,57,97,52,36,46,30,64,27,63,65,62,79,75,37,81,68,94,95,61,38,12,
182	1	13	2.527	1,57,52,36,46,30,64,27,65,37,75,81,68,94,95,61,38,25,13,
182	1	14	2.34	1,57,52,36,46,30,64,62,79,75,37,65,27,63,17,78,99,93,14,
182	1	15	2.043	1,57,97,52,36,46,30,64,65,27,63,17,93,78,24,15,
182	2	3	2.252	2,49,92,70,29,67,71,82,19,83,44,33,43,22,50,3,
182	2	4	2.273	2,49,92,70,29,67,71,82,19,83,44,85,66,98,33,4,
182	2	5	2.632	2,49,92,29,72,67,71,82,22,43,33,44,83,19,86,85,66,98,5,
182	2	6	2.579	2,49,50,82,19,83,44,98,66,89,58,16,20,53,31,91,35,60,54,6,
182	2	7	2.596	2,49,50,71,82,19,83,44,85,39,53,20,16,58,60,35,18,90,26,7,
182	2	8	2.762	2,49,50,22,43,33,98,66,89,58,60,35,16,53,20,91,18,90,26,8,
182	2	9	2.593	2,92,29,67,72,62,79,37,75,84,34,45,23,41,28,56,59,74,42,76,9,
182	2	10	2.813	2,49,92,29,67,72,32,62,79,75,37,81,34,45,23,41,28,56,59,74,47,21,10,
182	2	11	2.743	2,92,29,67,72,62,79,75,37,81,34,45,23,41,28,56,59,74,47,21,11,
182	2	12	2.761	2,92,70,97,52,36,46,30,64,27,65,62,79,75,37,81,68,94,95,61,12,
182	2	13	2.794	2,49,50,71,29,67,72,32,62,79,75,37,81,68,94,95,61,38,25,13,
182	2	14	2.519	2,49,71,29,67,72,32,84,75,37,79,62,65,27,63,17,78,99,14,
182	2	15	2.141	2,49,92,70,97,52,36,46,30,64,65,27,17,78,24,15,
182	3	4	2.281	3,50,71,29,67,72,32,86,19,83,44,85,66,98,33,4,
182	3	5	2.273	3,22,43,33,44,83,19,82,71,29,67,86,85,66,98,5,
182	3	6	2.15	3,22,43,33,98,66,89,58,16,53,20,91,35,60,54,6,
182	3	7	2.539	3,22,43,33,44,83,19,86,85,39,53,20,16,58,60,35,18,90,26,7,
182	3	8	2.618	3,22,43,33,44,83,19,86,85,39,53,20,16,58,60,35,18,90,26,8,
182	3	9	2.564	3,22,43,33,98,66,89,58,16,20,53,31,73,40,28,56,59,74,42,9,
182	3	10	2.688	3,22,43,33,98,66,89,58,16,20,53,31,73,40,28,56,59,74,47,21,10,
182	3	11	2.714	3,22,43,33,98,66,89,58,16,20,31,73,40,28,56,59,74,47,21,11,
182	3	12	2.755	3,22,43,33,44,83,19,82,71,29,67,72,62,79,75,37,81,68,94,95,61,12,
182	3	13	2.783	3,22,43,33,44,83,19,82,71,29,67,72,62,79,37,81,68,94,25,13,
182	3	14	2.49	3,50,71,29,67,72,32,84,75,37,79,62,65,27,63,17,78,99,14,
182	3	15	2.474	3,50,71,29,67,72,32,84,75,37,79,62,65,27,63,17,78,24,15,
182	4	5	2.142	4,33,43,22,82,71,29,67,72,32,86,19,83,44,98,66,5,
182	4	6	2.04	4,33,43,44,83,19,86,85,39,53,20,16,35,60,54,6,
182	4	7	1.96	4,33,43,22,82,19,83,44,98,66,89,58,35,60,88,7,
182	4	8	2.45	4,33,43,22,82,19,83,44,85,39,53,20,16,58,60,35,18,90,26,8,
182	4	9	2.538	4,33,98,66,89,58,60,35,16,20,53,31,73,40,28,56,59,74,42,76,9,
182	4	10	2.617	4,33,43,44,83,19,82,71,29,67,32,84,34,45,23,41,28,56,59,74,10,
182	4	11	2.623	4,33,43,22,83,19,86,32,84,34,45,23,41,28,56,59,74,47,21,11,
182	4	12	2.589	4,33,43,44,83,19,86,71,29,67,72,62,79,75,37,81,68,94,95,61,12,
182	4	13	2.6	4,33,43,44,83,19,82,71,29,67,72,62,79,75,37,81,68,94,25,13,
182	4	14	2.434	4,33,43,22,83,19,82,71,29,67,72,62,79,75,37,65,27,17,93,14,
182	4	15	2.461	4,33,43,22,82,71,29,67,72,62,79,75,37,65,27,63,17,78,24,15,
182	5	6	2.235	5,98,66,89,58,16,20,53,31,40,73,91,35,60,54,6,
182	5	7	1.916	5,98,66,89,58,60,35,16,20,53,31,91,18,90,26,7,
182	5	8	1.995	5,98,66,89,58,60,35,16,20,53,31,91,18,90,26,8,
182	5	9	2.325	5,98,66,89,58,60,35,16,53,31,73,40,28,56,59,74,42,76,9,
182	5	10	2.514	5,98,66,89,58,60,35,16,20,53,31,73,55,40,28,56,59,74,47,21,10,
182	5	11	2.515	5,98,66,89,58,60,35,16,20,53,31,73,40,28,56,59,74,47,21,11,
182	5	12	2.652	5,66,98,44,83,19,82,71,29,67,72,62,79,75,37,81,68,94,95,61,12,
182	5	13	2.741	5,98,66,89,58,16,20,53,87,34,23,45,51,68,94,95,61,38,25,13,
182	5	14	2.636	5,66,98,44,83,19,82,71,29,67,72,62,79,75,37,65,27,63,17,93,14,
182	5	15	2.627	5,98,66,89,58,16,20,53,87,84,75,37,79,62,65,27,17,78,24,15,
182	6	7	2.006	6,54,60,35,58,16,20,53,31,40,73,55,18,90,26,7,
182	6	8	2.089	6,54,60,35,58,16,20,53,31,40,73,55,18,26,90,8,
182	6	9	1.919	6,54,60,35,16,20,53,31,73,40,56,59,74,42,76,9,
182	6	10	2.197	6,54,60,35,16,20,53,87,34,45,23,41,28,56,59,74,47,21,10,
182	6	11	2.609	6,54,58,60,35,16,20,53,31,40,73,55,77,76,42,74,59,47,21,11,
182	6	12	2.711	6,54,60,35,16,20,53,31,73,40,56,28,41,23,45,51,68,94,95,61,12,
182	6	13	2.729	6,54,60,35,16,20,31,73,40,41,23,45,51,68,94,95,61,38,25,13,
182	6	14	2.65	6,54,60,35,16,20,53,87,23,45,34,75,37,79,62,65,27,63,17,93,14,
182	6	15	2.526	6,54,60,35,16,20,53,87,84,75,37,79,62,65,27,63,17,78,24,15,
182	7	8	2.08	7,26,90,18,35,60,58,16,20,53,31,73,55,77,76,8,
182	7	9	1.836	7,26,90,18,35,60,58,16,20,53,31,73,55,77,76,9,
182	7	10	1.907	7,26,90,18,91,16,20,53,31,73,40,28,56,59,74,10,
182	7	11	2.311	7,26,90,18,35,60,58,16,20,31,73,40,28,56,59,74,47,21,11,
182	7	12	2.407	7,26,90,18,35,60,58,16,20,53,87,23,45,51,68,94,95,61,12,
182	7	13	2.437	7,26,90,18,55,73,40,41,23,45,51,68,94,95,61,38,25,13,
182	7	14	2.425	7,26,90,55,73,40,41,23,45,34,75,37,79,65,27,17,93,14,
182	7	15	2.44	7,26,90,55,73,40,41,23,45,34,75,37,65,27,17,78,24,15,
182	8	9	1.915	8,26,90,18,35,60,58,16,20,53,31,73,55,77,76,9,
182	8	10	1.986	8,26,90,18,91,16,20,53,31,73,40,28,56,59,74,10,
182	8	11	2.365	8,26,90,18,35,60,58,16,20,31,73,40,56,59,74,47,21,11,
182	8	12	2.251	8,76,77,42,74,59,56,28,41,23,45,34,51,68,94,95,61,12,
182	8	13	2.476	8,76,77,42,74,59,56,28,41,23,45,51,68,94,95,61,38,25,13,
182	8	14	2.443	8,55,73,40,41,23,45,51,81,37,75,79,62,65,27,63,17,93,14,
182	8	15	2.534	8,55,73,40,41,23,45,51,81,37,75,79,62,65,27,63,17,78,24,15,
182	9	10	1.934	9,76,77,42,74,59,56,28,41,23,45,34,51,69,47,21,10,
182	9	11	1.997	9,76,77,42,74,59,56,28,41,23,45,51,68,94,95,11,
182	9	12	1.792	9,76,42,74,59,56,28,41,23,45,51,68,94,95,61,12,
182	9	13	2.281	9,76,42,74,59,56,28,41,45,23,34,51,68,94,95,61,38,25,13,
182	9	14	2.224	9,76,77,42,74,59,56,28,41,23,45,34,75,37,65,27,17,93,14,
182	9	15	2.362	9,42,74,59,56,28,41,23,45,51,81,37,75,79,62,65,27,17,78,24,15,
182	10	11	2.063	10,21,47,74,59,56,28,41,23,45,34,51,68,94,95,11,
182	10	12	1.845	10,21,47,74,59,56,28,41,23,45,51,68,94,95,61,12,
182	10	13	1.993	10,74,59,56,28,41,23,45,51,68,94,95,61,38,25,13,
182	10	14	2.204	10,74,59,56,28,41,23,45,51,81,37,75,79,62,65,27,17,93,14,
182	10	15	2.343	10,21,47,74,59,56,28,41,23,45,34,75,37,79,65,27,17,78,24,15,
182	11	12	1.965	11,21,47,74,59,56,28,41,23,45,51,68,94,95,61,12,
182	11	13	2.135	11,21,47,74,59,56,28,41,23,45,34,51,68,94,25,13,
182	11	14	2.153	11,95,94,68,81,37,75,79,62,65,27,63,17,78,99,14,
182	11	15	2.387	11,21,47,74,59,56,28,41,23,45,34,75,37,65,27,17,78,24,15,
182	12	13	2.159	12,38,61,95,94,68,81,37,75,79,62,65,27,63,80,13,
182	12	14	1.912	12,61,95,94,68,81,37,75,79,65,27,63,17,93,14,
182	12	15	1.939	12,61,95,94,68,81,37,75,79,62,65,27,17,78,24,15,
182	13	14	2.095	13,25,61,95,94,68,81,37,75,79,65,27,17,93,14,
182	13	15	2.089	13,25,94,68,81,37,75,79,62,65,27,63,17,78,24,15,
182	14	15	2.046	14,93,17,27,65,37,75,79,62,96,64,30,46,36,48,15,
