193	0	2	2.161	0,22,58,66,18,40,37,36,68,43,74,32,16,94,51,39,2,
193	0	3	2.23	0,22,58,66,18,40,37,36,68,43,74,70,55,97,62,23,75,50,3,
193	0	1	1.901	0,22,58,66,18,40,68,43,36,37,32,16,94,67,87,1,
193	0	4	2.336	0,87,67,94,39,51,91,55,97,62,24,65,28,82,99,48,42,4,
193	0	7	2.444	0,87,67,94,39,51,91,55,97,62,24,65,28,82,99,53,34,47,78,7,
193	0	6	2.456	0,87,67,94,39,51,91,55,97,62,24,65,28,82,99,31,53,34,61,72,6,
193	0	8	2.54	0,22,58,66,18,40,37,36,68,43,27,44,76,63,19,41,71,81,83,45,8,
193	0	5	2.427	0,22,58,66,18,37,40,36,68,43,74,70,35,24,65,82,28,48,42,5,
193	0	11	2.347	0,22,58,66,18,37,36,68,43,27,76,63,57,30,52,84,33,93,46,11,
193	0	10	2.502	0,22,58,66,18,37,36,40,68,43,27,44,76,52,84,30,57,33,93,38,10,
193	0	9	2.491	0,22,58,66,18,40,37,36,68,43,27,52,84,30,57,41,19,81,71,25,96,9,
193	0	15	1.983	0,22,58,66,16,32,37,40,36,68,43,60,88,80,90,59,15,
193	0	14	1.896	0,22,58,66,18,40,37,36,43,68,88,80,90,59,69,17,14,
193	1	3	2.089	1,87,67,94,39,51,89,91,55,97,62,24,23,75,50,3,
193	1	2	2.156	1,87,67,94,39,51,91,55,97,62,24,23,75,50,89,2,
193	1	4	2.039	1,87,67,94,39,51,91,97,62,24,65,82,28,48,4,
193	0	13	2.184	0,22,58,66,16,32,37,36,43,68,40,18,80,90,69,17,92,13,
193	1	8	2.597	1,87,67,94,39,51,91,97,62,24,65,28,82,99,53,34,47,73,85,8,
193	1	7	2.344	1,87,67,94,39,51,91,97,62,24,65,28,82,99,53,34,47,73,78,7,
193	0	12	2.27	0,22,58,66,18,40,37,36,68,43,27,52,84,30,57,33,93,46,26,12,
193	1	5	2.372	1,87,67,94,39,51,91,55,62,97,50,75,23,28,82,99,48,42,5,
193	1	6	2.318	1,87,67,94,39,51,91,55,97,62,24,65,28,82,99,53,34,61,72,6,
193	1	15	1.935	1,87,67,58,22,66,18,40,37,36,43,68,88,80,90,59,15,
193	1	14	2.223	1,87,67,58,22,66,18,40,37,36,43,68,88,80,90,59,69,17,14,
193	2	3	2.315	2,89,91,55,97,62,24,65,28,82,99,48,23,75,50,3,
193	2	4	2.136	2,89,50,75,23,62,97,55,24,65,28,82,99,48,42,4,
193	2	5	2.21	2,39,51,89,91,55,97,62,24,65,28,82,99,48,42,5,
193	2	6	2.045	2,89,91,55,97,62,24,65,28,82,99,31,53,34,61,72,6,
193	1	10	2.597	1,87,67,58,22,66,18,37,36,68,43,27,44,76,63,57,30,33,38,10,
193	1	13	2.438	1,87,67,94,39,51,16,37,36,43,68,40,18,80,90,59,69,17,92,13,
193	1	11	2.452	1,87,67,58,22,66,18,40,37,36,68,43,27,52,84,30,57,33,93,46,11,
193	1	12	2.469	1,87,67,58,22,66,18,40,37,36,68,43,27,44,76,52,84,21,95,26,12,
193	1	9	2.525	1,87,67,58,22,66,18,40,37,36,68,43,27,44,29,77,81,71,25,96,9,
193	2	15	2.08	2,39,51,16,32,74,27,43,68,36,37,40,18,80,90,59,15,
193	2	14	2.457	2,51,39,94,67,58,22,66,16,32,37,36,68,40,18,80,90,69,14,
193	3	4	2.284	3,50,75,23,24,35,20,79,31,65,28,82,99,48,42,4,
193	3	5	2.096	3,50,75,23,62,97,55,70,35,24,65,82,28,48,42,5,
193	2	8	2.61	2,89,91,55,97,62,24,65,28,82,99,31,53,72,61,34,47,73,78,85,8,
193	2	7	2.348	2,89,50,75,23,62,97,55,24,65,28,82,99,31,53,34,47,73,78,7,
193	2	10	2.749	2,39,51,32,16,37,36,68,43,27,44,76,52,84,30,57,33,93,38,10,
193	2	13	2.598	2,51,39,94,67,58,22,66,59,90,80,18,40,37,36,68,88,60,49,92,13,
193	2	11	2.589	2,39,51,32,16,37,40,36,68,43,27,44,76,63,30,57,33,93,46,11,
193	2	12	2.573	2,39,51,32,16,37,36,68,43,27,76,63,57,30,52,84,21,95,26,12,
193	2	9	2.617	2,39,51,32,16,37,36,68,43,27,76,44,29,77,83,81,71,25,96,9,
193	4	5	2.287	4,42,48,28,65,82,99,31,79,53,34,47,73,78,61,72,6,5,
193	3	14	2.367	3,50,75,23,62,97,55,32,16,37,36,68,40,18,80,90,59,69,17,14,
193	3	15	2.257	3,50,75,23,62,97,55,35,70,74,43,68,36,37,40,18,80,90,59,15,
193	3	8	2.467	3,50,75,23,24,65,28,48,82,99,53,72,61,34,47,73,78,85,8,
193	3	7	2.161	3,50,75,23,62,97,55,24,65,28,82,99,53,72,61,34,47,73,78,7,
193	3	6	1.889	3,50,75,97,62,24,65,28,82,99,31,53,34,61,72,6,
193	3	10	2.675	3,50,75,23,62,97,55,35,20,77,29,44,76,63,30,57,33,93,38,10,
193	3	13	2.605	3,50,75,23,62,97,55,32,16,37,36,68,40,18,80,90,59,69,17,92,13,
193	3	9	2.56	3,50,75,23,62,97,55,24,35,29,77,98,45,83,81,71,25,96,9,
193	3	11	2.535	3,50,75,23,62,97,55,35,20,77,29,44,76,63,57,30,33,93,38,11,
193	3	12	2.592	3,50,75,23,62,97,55,24,35,29,44,76,63,57,30,52,84,21,95,26,12,
193	4	7	1.772	4,42,48,28,82,65,99,31,53,72,61,34,47,73,85,78,7,
193	4	6	1.897	4,42,48,28,65,82,99,31,79,53,34,47,73,78,61,72,6,
193	4	15	2.389	4,42,48,28,82,65,24,35,70,74,43,68,36,37,40,18,80,90,59,15,
193	5	6	1.795	5,42,48,28,65,82,99,31,79,53,34,47,73,78,61,72,6,
193	4	14	2.532	4,42,48,28,82,65,20,35,70,74,43,68,36,37,40,18,80,90,69,14,
193	4	8	2.544	4,50,75,23,62,97,55,24,65,28,82,99,31,79,53,34,47,73,85,8,
193	4	10	2.543	4,42,48,28,82,99,31,79,98,77,29,44,76,63,57,30,33,38,10,
193	4	13	2.615	4,48,28,82,99,31,79,98,83,81,71,41,57,30,52,84,21,54,64,13,
193	4	9	2.369	4,42,48,28,82,65,99,31,79,98,45,83,81,19,41,71,25,96,9,
193	4	11	2.417	4,42,48,28,82,99,31,79,98,83,81,71,41,57,30,33,93,38,11,
193	4	12	2.469	4,48,28,82,99,31,79,98,83,81,71,41,57,30,52,84,21,95,26,12,
193	5	7	1.67	5,42,48,28,82,65,99,31,53,72,61,34,47,73,85,78,7,
193	6	7	1.92	6,61,72,53,99,82,48,28,65,31,79,34,47,73,85,78,7,
193	6	8	2.187	6,72,61,34,47,73,78,85,45,98,83,81,71,25,96,8,
193	5	8	2.367	5,42,48,28,82,99,31,79,98,45,83,81,19,41,71,25,96,8,
193	5	15	2.287	5,42,48,28,82,65,24,35,70,74,43,68,36,37,40,18,80,90,59,15,
193	5	10	2.358	5,42,48,28,82,99,31,79,98,45,83,81,19,41,71,25,96,10,
193	5	14	2.406	5,42,48,28,82,65,24,35,70,74,43,68,36,37,40,18,80,90,69,14,
193	5	9	2.134	5,42,48,28,82,99,31,79,98,45,83,81,19,41,71,25,96,9,
193	5	13	2.528	5,48,28,82,99,31,79,98,83,81,71,41,57,30,52,84,21,95,54,64,13,
193	5	11	2.379	5,42,48,28,82,99,31,79,98,77,29,44,76,63,57,30,33,93,46,11,
193	5	12	2.423	5,42,48,28,82,99,31,79,98,83,81,19,41,57,30,52,84,21,95,26,12,
193	7	8	2.123	7,78,73,47,34,61,72,53,31,79,98,83,81,71,25,8,
193	7	10	2.047	7,78,47,73,45,83,81,71,41,19,57,30,33,38,10,
193	6	10	2.243	6,72,61,34,47,73,45,83,81,71,41,19,57,30,33,93,38,10,
193	7	9	1.894	7,78,61,72,34,47,73,45,83,81,19,41,71,25,96,9,
193	6	9	1.849	6,72,61,34,47,73,85,45,83,81,19,41,71,25,96,9,
193	6	15	2.389	6,72,61,34,47,73,98,77,29,44,76,27,43,68,36,37,40,18,80,90,59,15,
193	6	14	2.508	6,72,61,34,47,73,98,77,29,44,76,27,43,68,36,37,40,18,80,90,69,14,
193	7	11	2.139	7,78,47,73,45,83,81,71,41,19,63,30,57,33,38,93,46,11,
193	6	11	2.169	6,72,61,34,47,73,45,83,81,71,41,19,57,30,33,38,93,46,11,
193	6	13	2.452	6,72,61,34,47,73,45,83,81,71,41,19,57,30,52,84,21,95,26,54,64,13,
193	6	12	2.294	6,72,61,34,47,73,45,83,81,71,41,19,63,57,30,52,84,21,95,26,12,
193	8	10	2.123	8,45,83,81,71,41,19,63,57,30,52,84,33,38,10,
193	8	9	2.121	8,45,83,81,19,57,30,52,84,33,41,71,25,96,9,
193	8	11	1.927	8,45,83,81,71,41,19,63,30,57,33,38,93,46,11,
193	8	14	2.491	8,25,71,81,77,29,44,76,27,43,68,36,37,40,18,80,90,59,69,14,
193	7	14	2.528	7,78,85,45,83,81,77,29,44,76,27,43,68,36,37,40,18,90,80,69,14,
193	8	15	2.506	8,25,71,81,83,98,77,29,44,76,27,43,68,36,37,40,18,80,90,59,15,
193	8	13	2.365	8,45,83,81,71,41,19,57,30,33,38,93,86,21,95,26,54,64,13,
193	8	12	2.104	8,45,83,81,71,41,19,63,57,33,30,52,84,21,95,26,12,
193	7	15	2.529	7,78,73,47,34,53,99,82,28,65,24,35,70,74,36,37,40,18,80,90,59,15,
193	7	13	2.425	7,78,47,73,45,83,81,71,41,19,63,57,30,52,84,21,95,26,54,64,13,
193	7	12	2.297	7,78,61,34,47,73,45,83,81,71,41,19,57,30,52,84,21,95,26,12,
193	9	10	1.92	9,96,25,71,41,19,63,57,30,52,84,33,93,38,10,
193	10	11	2.003	10,25,71,41,19,63,52,84,30,57,33,38,93,46,11,
193	9	11	1.75	9,96,25,71,41,19,63,52,84,30,57,33,93,46,11,
193	10	14	2.371	10,38,93,33,57,30,84,52,27,43,68,36,37,40,18,80,90,59,69,14,
193	10	12	1.93	10,96,25,71,81,19,41,57,30,52,84,21,95,26,12,
193	9	13	2.026	9,96,25,71,81,19,41,57,30,33,84,21,95,26,54,64,13,
193	10	13	2.245	10,25,71,81,19,41,33,57,30,52,84,21,95,26,54,64,13,
193	9	12	1.706	9,96,25,71,81,19,41,57,30,52,84,21,95,26,12,
193	9	14	2.342	9,96,25,71,81,77,29,44,76,27,43,68,36,37,40,18,80,90,59,69,14,
193	10	15	2.396	10,38,93,33,57,30,84,52,63,76,27,43,68,36,37,40,18,80,90,59,15,
193	9	15	2.357	9,96,25,71,81,83,98,77,29,44,76,27,43,68,36,37,40,18,80,90,59,15,
193	13	14	1.897	13,92,49,60,88,68,43,36,37,40,18,80,90,59,69,17,14,
193	14	15	2.062	14,69,59,90,80,18,40,68,43,36,37,32,16,66,58,22,15,
193	12	14	2.035	12,26,54,56,49,60,88,68,43,36,37,40,18,80,90,59,69,14,
193	12	13	1.895	12,46,93,38,33,57,30,52,84,21,95,26,54,64,92,13,
193	11	14	2.07	11,38,33,57,30,84,52,27,43,68,36,37,18,80,90,69,14,
193	11	13	1.836	11,46,93,38,33,57,30,52,84,21,95,26,54,64,92,13,
193	13	15	2.166	13,64,54,26,95,21,56,49,60,88,68,43,36,37,18,80,90,59,15,
193	12	15	2.101	12,46,93,33,57,30,84,52,27,43,68,36,37,40,18,80,90,59,15,
193	11	12	1.918	11,46,93,38,33,57,30,63,44,76,52,84,21,95,26,12,
193	11	15	2.204	11,46,93,38,33,57,30,63,76,44,27,43,68,36,37,40,18,80,90,59,15,
