231	0	1	2.192	0,75,62,99,50,17,81,28,42,44,40,31,63,56,96,1,
231	0	2	2.234	0,75,62,99,50,17,81,28,42,44,40,31,63,56,96,2,
231	0	3	2.153	0,75,62,99,18,55,64,48,29,34,98,81,28,42,3,
231	0	4	2.374	0,75,62,99,18,55,26,45,48,34,29,86,91,25,71,54,68,4,
231	0	5	2.257	0,75,62,99,18,55,26,45,48,34,29,86,38,54,71,88,35,85,5,
231	0	6	2.527	0,75,62,99,18,55,26,45,48,34,29,86,91,38,54,71,88,35,85,6,
231	0	7	2.56	0,75,62,99,18,55,64,48,34,29,86,38,54,71,88,25,41,74,95,7,
231	0	8	2.722	0,75,62,99,18,55,26,45,48,34,29,86,91,79,67,59,20,76,61,22,8,
231	0	9	2.692	0,75,62,99,18,55,64,34,29,48,45,79,67,59,20,76,61,22,9,
231	0	10	2.609	0,75,30,27,97,60,52,84,82,89,16,23,36,93,47,46,43,80,65,10,
231	0	11	2.422	0,75,30,27,97,60,52,84,94,36,93,47,46,43,80,65,39,87,11,
231	0	12	2.539	0,75,30,27,97,60,52,84,83,94,82,36,93,47,46,24,90,12,
231	0	13	2.465	0,15,32,37,92,33,27,97,60,52,84,82,94,49,70,58,13,
231	0	14	2.474	0,75,62,99,18,55,26,19,78,53,97,27,33,92,14,
231	0	15	2.511	0,75,30,27,97,60,52,84,82,94,83,33,92,37,32,15,
231	1	2	2.104	1,96,56,50,99,18,55,64,34,29,98,81,31,63,2,
231	1	3	1.933	1,96,56,50,99,18,55,64,34,29,98,81,28,42,3,
231	1	4	2.09	1,96,56,50,99,18,55,64,34,29,86,38,54,71,88,35,68,4,
231	1	5	1.964	1,96,56,50,99,18,55,64,34,29,86,38,54,71,88,35,85,5,
231	1	6	2.29	1,96,56,50,99,18,55,26,45,48,34,29,86,38,54,71,88,35,85,6,
231	1	7	2.412	1,96,56,50,99,18,55,64,48,34,29,86,38,54,71,88,25,41,74,95,7,
231	1	8	2.591	1,96,56,50,99,18,55,64,34,29,48,45,26,19,79,67,59,76,61,22,8,
231	1	9	2.544	1,96,56,50,99,18,55,64,34,29,48,45,79,67,59,20,76,61,22,9,
231	1	10	2.514	1,96,56,50,99,18,55,26,19,78,16,89,36,93,47,46,43,80,65,10,
231	1	11	2.489	1,96,56,50,99,18,55,26,19,78,16,89,36,93,47,46,43,87,11,
231	1	12	2.515	1,96,56,50,99,18,55,19,78,53,97,27,60,52,84,94,49,12,
231	1	13	2.4	1,96,56,50,99,18,55,53,97,27,60,52,84,83,94,49,58,13,
231	1	14	2.259	1,96,56,50,99,18,55,19,78,53,97,27,33,92,14,
231	1	15	2.253	1,96,56,63,31,28,81,17,50,99,62,30,72,37,32,15,
231	2	3	1.922	2,63,50,99,18,55,26,45,48,34,98,81,28,42,3,
231	2	4	1.902	2,63,31,40,44,42,28,81,98,38,54,71,88,35,68,4,
231	2	5	1.907	2,63,50,99,18,55,64,48,34,29,86,38,54,71,88,35,85,5,
231	2	6	2.088	2,63,50,99,18,55,64,48,34,29,86,38,54,71,88,35,85,6,
231	2	7	2.323	2,63,50,99,18,55,26,45,48,34,29,86,38,54,71,88,41,74,95,7,
231	2	8	2.421	2,63,50,99,18,55,26,64,34,29,86,48,45,79,67,59,20,76,61,22,8,
231	2	9	2.665	2,63,50,99,18,55,26,45,48,34,29,86,91,79,67,59,20,76,61,22,9,
231	2	10	2.494	2,63,50,99,18,55,64,34,29,48,45,26,19,78,89,16,23,80,65,10,
231	2	11	2.53	2,63,50,99,18,55,64,34,29,48,45,26,19,16,89,36,93,47,46,24,11,
231	2	12	2.541	2,63,50,99,18,55,64,34,29,48,45,19,78,82,52,84,83,49,12,
231	2	13	2.426	2,63,50,99,18,55,26,19,78,53,27,97,60,52,84,83,70,58,13,
231	2	14	2.394	2,63,31,81,98,29,34,48,45,19,78,53,97,27,33,92,14,
231	2	15	2.196	2,63,44,40,42,28,81,17,50,99,62,75,30,72,37,32,15,
231	3	4	1.78	3,44,40,28,81,98,34,29,86,38,54,71,88,35,68,4,
231	3	5	1.654	3,44,40,28,81,98,34,29,86,38,54,71,88,35,85,5,
231	3	6	1.783	3,44,40,31,81,28,42,69,66,38,54,88,71,25,41,74,6,
231	3	7	2.129	3,42,28,81,98,64,34,48,29,86,38,54,71,88,25,41,74,95,7,
231	3	8	2.169	3,44,40,42,28,81,98,29,34,64,48,45,79,67,59,76,61,22,8,
231	3	9	2.538	3,42,28,81,17,50,99,18,55,64,34,29,48,45,79,67,59,76,20,77,9,
231	3	10	2.411	3,42,28,81,98,29,34,48,45,19,78,16,89,36,93,47,46,43,80,65,10,
231	3	11	2.493	3,42,28,81,98,64,34,29,48,45,26,19,78,89,16,23,93,47,46,24,11,
231	3	12	2.424	3,42,28,81,98,29,34,48,45,26,19,78,82,52,84,83,94,49,12,
231	3	13	2.391	3,42,28,81,98,29,34,48,45,26,19,78,82,84,52,83,70,58,13,
231	3	14	2.282	3,42,28,81,98,29,34,48,45,26,19,78,53,97,27,33,92,14,
231	3	15	2.053	3,44,40,42,28,81,31,17,50,99,62,75,30,72,37,32,15,
231	4	5	1.8	4,68,38,86,29,34,48,45,91,25,71,88,54,35,85,5,
231	4	6	1.928	4,68,35,88,71,54,38,86,29,34,64,48,91,25,41,74,6,
231	4	7	2.217	4,68,35,88,71,54,38,86,29,34,48,26,45,91,25,41,74,95,7,
231	4	8	2.068	4,68,54,71,38,86,29,34,48,45,79,67,59,20,76,61,22,8,
231	4	9	2.288	4,68,54,71,38,86,29,34,48,45,79,67,59,20,76,61,22,9,
231	4	10	2.27	4,68,35,88,71,54,38,86,29,48,45,19,16,89,23,80,65,10,
231	4	11	2.34	4,68,35,88,71,54,38,86,29,34,48,45,19,16,89,36,93,47,24,11,
231	4	12	2.522	4,68,35,88,71,54,38,86,29,34,48,45,19,78,82,52,84,83,94,49,12,
231	4	13	2.382	4,68,35,88,71,54,38,86,29,34,48,45,19,78,82,84,83,70,13,
231	4	14	2.371	4,68,54,71,25,91,86,29,34,48,45,19,78,53,97,27,33,92,14,
231	4	15	2.36	4,68,38,86,29,34,48,45,26,19,78,53,97,27,33,92,37,32,15,
231	5	6	1.802	5,85,35,88,71,54,38,86,29,34,64,48,91,25,41,74,6,
231	5	7	1.846	5,85,35,88,71,54,38,86,29,34,48,91,25,41,74,95,7,
231	5	8	1.916	5,35,88,71,54,38,86,29,48,45,79,67,59,20,76,61,22,8,
231	5	9	2.159	5,35,88,71,54,38,86,29,34,48,45,79,67,59,20,76,61,22,9,
231	5	10	2.117	5,35,88,71,54,38,86,29,34,48,45,19,16,89,23,80,65,10,
231	5	11	2.191	5,85,35,88,71,54,38,86,29,48,45,19,16,89,36,93,47,24,11,
231	5	12	2.377	5,85,35,54,88,71,25,91,86,29,34,48,45,26,19,78,82,94,49,12,
231	5	13	2.332	5,85,35,88,71,54,38,86,29,34,48,45,19,78,82,52,84,83,70,58,13,
231	5	14	2.363	5,85,35,88,71,54,38,86,29,34,48,45,26,55,18,53,97,27,33,92,14,
231	5	15	2.329	5,35,88,71,54,38,86,29,34,48,45,19,78,53,97,27,33,92,37,32,15,
231	6	7	2.027	6,85,35,88,71,54,38,86,29,34,48,91,25,41,74,95,7,
231	6	8	2.022	6,74,41,25,91,86,29,34,48,45,79,67,59,20,76,61,22,8,
231	6	9	2.241	6,85,35,54,88,71,25,91,86,29,34,48,45,79,57,77,9,
231	6	10	2.344	6,85,35,88,71,54,38,86,29,34,48,45,19,16,23,80,65,10,
231	6	11	2.353	6,74,41,25,91,86,29,34,48,45,19,78,16,89,36,93,47,46,24,11,
231	6	12	2.538	6,85,35,88,71,54,38,86,29,34,48,45,19,78,82,84,83,94,49,12,
231	6	13	2.513	6,85,35,88,71,54,38,86,29,34,48,45,19,78,82,52,84,83,70,58,13,
231	6	14	2.482	6,74,41,25,71,88,54,38,86,29,34,48,45,19,78,53,97,27,33,92,14,
231	6	15	2.444	6,85,35,88,71,54,38,86,29,34,64,55,53,97,27,33,92,37,32,15,
231	7	8	2.115	7,95,74,41,25,91,86,48,45,79,67,59,20,76,61,22,8,
231	7	9	2.176	7,73,61,76,20,57,16,89,36,93,47,46,43,80,51,9,
231	7	10	2.009	7,73,61,76,20,57,16,89,23,93,47,46,43,80,65,10,
231	7	11	2.435	7,73,61,76,20,57,16,89,23,36,93,47,46,43,80,65,39,87,24,11,
231	7	12	2.557	7,73,61,76,20,59,67,79,19,78,53,97,27,60,52,84,83,94,49,12,
231	7	13	2.493	7,73,61,76,20,59,67,79,19,78,53,97,27,60,52,84,83,70,58,13,
231	7	14	2.597	7,95,74,41,88,71,54,38,86,29,34,48,45,19,78,53,97,27,33,92,14,
231	7	15	2.552	7,95,74,41,25,91,86,29,34,48,45,19,78,53,97,27,33,92,37,32,15,
231	8	9	2.016	8,22,61,76,20,57,16,89,36,93,47,46,43,80,51,9,
231	8	10	1.849	8,22,61,76,20,57,16,89,23,93,47,46,43,80,65,10,
231	8	11	2.199	8,22,61,76,20,57,16,89,23,93,47,46,43,80,65,39,87,24,11,
231	8	12	2.397	8,22,61,76,20,59,67,79,19,78,53,97,27,60,52,84,83,94,49,12,
231	8	13	2.333	8,22,61,76,20,59,67,79,19,78,53,97,27,60,52,84,83,70,58,13,
231	8	14	2.557	8,22,61,76,59,67,79,45,48,29,34,64,55,18,53,97,27,33,92,14,
231	8	15	2.575	8,22,61,76,20,59,67,79,45,48,29,34,64,26,55,18,30,72,37,32,15,
231	9	10	2.069	9,22,61,76,20,57,16,89,23,93,47,46,43,80,65,10,
231	9	11	2.125	9,22,61,76,20,57,16,89,23,93,47,46,43,39,87,11,
231	9	12	2.451	9,77,51,65,80,43,46,47,93,36,23,16,89,82,84,83,49,12,
231	9	13	2.35	9,51,65,80,43,46,47,93,36,23,16,89,82,52,84,83,70,58,13,
231	9	14	2.535	9,51,65,39,87,43,46,47,93,36,94,83,84,52,60,97,27,33,92,14,
231	9	15	2.475	9,51,65,80,43,46,47,93,36,94,83,84,52,60,97,27,33,92,37,32,15,
231	10	11	2.035	10,65,80,43,46,47,93,36,82,52,84,83,94,49,90,24,11,
231	10	12	2.022	10,39,43,46,47,93,23,16,89,82,52,84,83,94,49,12,
231	10	13	1.878	10,65,80,43,46,47,93,36,82,84,52,83,94,49,70,58,13,
231	10	14	2.233	10,65,80,43,46,47,93,36,82,94,83,84,52,60,97,27,33,92,14,
231	10	15	2.358	10,65,80,43,46,47,93,36,82,94,83,84,52,60,97,27,33,92,37,32,15,
231	11	12	2.016	11,24,43,46,47,93,23,16,89,82,52,84,83,94,49,12,
231	11	13	1.934	11,87,39,43,46,47,93,36,82,84,52,83,94,49,70,58,13,
231	11	14	2.203	11,24,87,39,43,46,47,93,36,94,83,84,52,60,97,27,33,92,14,
231	11	15	2.197	11,87,39,43,46,47,93,36,94,84,52,60,97,27,33,92,37,32,15,
231	12	13	2.1	12,90,24,43,46,47,93,36,82,52,84,83,94,49,70,58,13,
231	12	14	2.189	12,90,24,46,47,93,36,94,83,84,52,60,97,27,33,92,14,
231	12	15	2.129	12,90,24,46,47,93,36,94,83,84,52,60,33,92,37,32,15,
231	13	14	2.376	13,58,70,49,47,93,36,94,83,84,52,60,97,27,33,92,14,
231	13	15	2.074	13,58,70,49,94,82,84,52,60,97,27,33,92,37,32,15,
231	14	15	2.464	14,13,58,70,49,94,82,84,52,60,97,27,33,92,37,32,15,
