373	0	1	2.201	0,44,23,61,58,66,78,33,40,98,30,38,25,96,75,1,
373	0	2	2.29	0,82,44,23,70,61,66,58,89,38,30,98,40,33,18,42,2,
373	0	3	1.986	0,44,23,61,66,58,89,38,30,40,98,18,42,26,49,3,
373	0	4	2.604	0,82,44,23,70,61,66,58,89,38,30,98,40,33,72,59,29,41,48,81,4,
373	0	5	2.664	0,82,44,23,70,61,66,58,89,38,30,98,40,33,72,59,29,48,41,21,5,
373	0	6	2.532	0,82,61,58,89,38,30,98,40,33,72,59,83,69,90,56,31,53,73,19,6,
373	0	7	2.601	0,44,23,70,61,58,89,38,30,98,40,33,72,59,83,69,90,56,31,53,73,19,7,
373	0	8	2.579	0,82,95,89,38,30,98,40,33,78,93,92,71,64,16,77,47,51,36,39,8,
373	0	9	2.479	0,44,23,61,58,66,78,93,92,71,64,16,86,22,91,68,87,76,46,9,
373	0	10	2.544	0,44,23,61,66,78,93,92,71,64,16,86,22,91,46,76,87,68,10,
373	0	11	2.446	0,82,95,89,38,30,98,40,78,93,92,71,64,16,50,27,74,85,80,11,
373	0	12	2.484	0,44,23,61,66,17,20,84,57,60,65,35,79,74,85,80,67,12,
373	0	13	2.27	0,82,95,25,38,89,58,66,17,54,20,84,57,60,24,97,28,13,
373	0	14	1.955	0,44,23,70,61,66,17,54,20,84,57,60,24,28,97,14,
373	0	15	2.176	0,44,23,70,61,66,17,54,20,84,57,60,24,62,34,15,
373	1	2	2.403	1,25,95,82,44,23,70,61,58,89,38,30,40,98,18,42,2,
373	1	3	2.171	1,75,96,63,30,98,40,33,72,59,29,41,48,81,49,26,3,
373	1	4	2.205	1,75,96,25,63,38,30,98,40,33,72,59,29,41,48,81,4,
373	1	5	2.548	1,25,38,30,98,40,33,72,59,69,90,56,31,53,73,19,94,43,5,
373	1	6	2.39	1,25,38,30,98,40,33,72,59,69,90,56,31,53,73,19,94,43,6,
373	1	7	2.597	1,75,25,38,30,98,40,78,93,92,71,64,16,88,69,90,56,31,53,73,7,
373	1	8	2.685	1,75,96,63,38,30,98,40,33,78,93,92,71,64,16,88,77,47,51,36,39,8,
373	1	9	2.636	1,25,38,30,40,98,33,78,93,92,64,71,16,77,47,36,51,52,99,46,76,9,
373	1	10	2.77	1,25,38,30,40,33,72,59,83,69,90,77,47,36,51,52,99,46,76,87,68,10,
373	1	11	2.436	1,75,96,25,38,30,98,40,78,93,92,71,64,16,50,27,74,85,80,11,
373	1	12	2.491	1,75,96,63,30,98,40,33,78,93,92,71,64,16,50,27,74,67,12,
373	1	13	2.246	1,75,96,25,38,30,98,40,78,17,20,84,57,60,24,97,28,13,
373	1	14	2.308	1,75,96,63,30,98,40,33,78,54,17,20,84,57,60,24,28,97,14,
373	1	15	2.217	1,25,38,30,98,40,33,78,17,20,84,57,60,62,34,15,
373	2	3	2.331	2,75,96,63,30,98,40,33,72,59,29,41,48,81,49,26,3,
373	2	4	2.426	2,96,75,25,89,38,30,40,98,18,48,41,29,21,37,81,4,
373	2	5	2.629	2,96,75,25,38,30,98,40,33,72,59,83,69,90,56,94,43,5,
373	2	6	2.411	2,96,63,38,30,98,40,33,72,59,83,69,90,56,31,53,73,19,6,
373	2	7	2.565	2,96,75,25,63,38,30,98,40,33,72,59,83,69,90,56,31,53,73,19,7,
373	2	8	2.679	2,75,96,63,38,30,98,40,33,78,93,92,71,64,16,77,47,51,36,39,8,
373	2	9	2.494	2,96,63,30,98,40,33,78,93,92,71,64,16,86,22,91,68,87,76,46,9,
373	2	10	2.686	2,96,63,38,30,98,40,33,78,93,92,71,64,16,86,22,91,68,87,10,
373	2	11	2.52	2,96,63,38,30,98,40,33,78,93,92,71,64,16,50,27,74,85,80,11,
373	2	12	2.706	2,96,63,38,30,98,40,78,93,92,71,64,16,50,27,74,85,80,67,12,
373	2	13	2.518	2,96,75,25,38,30,98,40,33,78,54,17,20,84,57,60,24,97,28,13,
373	2	14	2.549	2,75,96,63,38,30,98,40,33,78,54,17,20,84,57,60,24,28,97,14,
373	2	15	2.578	2,96,75,25,38,30,98,40,33,78,54,17,20,84,57,60,62,34,15,
373	3	4	2.296	3,49,26,42,18,30,98,40,33,72,59,48,41,29,21,37,4,
373	3	5	2.315	3,26,49,48,41,29,83,69,90,56,31,53,73,19,94,43,5,
373	3	6	2.142	3,49,81,48,41,29,83,69,90,56,31,53,73,19,94,43,6,
373	3	7	2.373	3,26,49,81,48,41,29,83,69,90,77,47,51,36,39,31,53,73,19,7,
373	3	8	2.521	3,26,49,81,48,41,21,43,94,19,73,53,31,39,36,51,52,99,8,
373	3	9	2.396	3,26,42,18,98,40,78,93,92,71,64,16,86,22,91,68,87,76,46,9,
373	3	10	2.515	3,26,49,48,41,29,83,69,90,77,47,36,51,52,99,46,76,87,68,10,
373	3	11	2.469	3,49,26,42,18,98,40,33,78,93,92,71,64,16,50,27,74,85,80,11,
373	3	12	2.591	3,49,26,18,98,40,78,93,92,71,64,16,50,27,74,85,80,67,12,
373	3	13	2.548	3,49,26,42,18,30,98,40,78,93,54,17,20,84,57,60,24,97,28,13,
373	3	14	2.527	3,49,26,42,18,98,40,33,78,93,54,17,20,84,57,60,24,28,97,14,
373	3	15	2.671	3,26,49,81,48,41,29,59,72,33,40,98,30,38,89,58,61,23,44,70,15,
373	4	5	2.281	4,37,21,41,48,29,83,69,90,56,31,53,73,19,94,43,5,
373	4	6	2.045	4,37,41,48,59,83,69,90,56,31,53,73,19,94,43,6,
373	4	7	2.06	4,37,48,41,29,83,90,77,47,51,36,39,31,53,73,19,7,
373	4	8	2.617	4,37,21,43,94,19,73,53,31,39,36,51,52,99,46,76,68,87,9,8,
373	4	9	2.334	4,37,41,29,43,94,19,73,53,31,39,36,51,52,99,46,76,68,87,9,
373	4	10	2.495	4,37,41,29,43,94,19,73,53,31,39,36,51,52,99,46,76,87,68,10,
373	4	11	2.671	4,37,81,48,41,29,59,83,90,69,88,64,92,71,16,50,27,74,85,80,11,
373	4	12	2.59	4,37,48,41,29,83,90,69,88,64,71,16,50,27,74,85,80,67,12,
373	4	13	2.505	4,37,48,41,29,59,88,64,71,92,54,17,20,84,57,60,24,97,28,13,
373	4	14	2.557	4,37,41,48,59,88,16,64,71,92,54,20,84,57,60,24,97,28,14,
373	4	15	2.654	4,37,41,48,59,88,64,16,71,92,93,54,20,84,57,60,62,34,15,
373	5	6	2.165	5,21,29,41,48,59,69,90,56,31,53,73,19,94,43,6,
373	5	7	2.15	5,21,41,48,29,83,69,90,56,47,51,36,39,31,53,73,7,
373	5	8	2.184	5,43,94,19,73,53,31,56,90,83,69,77,47,36,39,8,
373	5	9	2.063	5,43,94,19,73,53,31,56,47,36,51,52,99,46,76,68,87,9,
373	5	10	2.232	5,43,94,19,73,53,31,39,36,51,47,52,99,46,76,87,68,10,
373	5	11	2.431	5,43,94,19,73,53,31,39,99,46,76,87,68,91,22,32,85,80,11,
373	5	12	2.718	5,43,94,19,73,53,39,36,51,52,46,76,87,68,91,22,32,85,80,67,12,
373	5	13	2.627	5,21,29,59,88,16,64,71,92,93,54,17,20,84,57,60,24,97,28,13,
373	5	14	2.666	5,21,29,41,48,59,88,64,71,92,54,17,20,84,57,60,24,28,97,14,
373	5	15	2.761	5,21,29,41,48,59,88,16,64,71,92,93,54,17,20,84,57,62,34,15,
373	6	7	2.066	6,43,94,19,73,53,31,56,90,83,69,77,47,36,39,7,
373	6	8	2.026	6,43,94,19,73,53,31,56,90,83,69,77,47,36,39,8,
373	6	9	1.905	6,43,94,19,73,53,31,56,47,36,51,52,99,46,76,68,87,9,
373	6	10	2.219	6,43,94,19,73,53,31,56,47,36,51,52,99,46,76,87,68,91,10,
373	6	11	2.195	6,19,73,53,31,39,36,51,52,99,46,76,87,68,91,22,32,85,80,11,
373	6	12	2.388	6,19,73,53,31,39,36,51,52,46,76,87,68,91,22,32,85,80,67,12,
373	6	13	2.455	6,94,43,83,90,69,88,64,71,92,93,54,20,84,57,60,24,97,28,13,
373	6	14	2.521	6,19,73,53,31,56,77,16,64,71,92,54,17,20,84,57,60,24,28,97,14,
373	6	15	2.588	6,19,73,53,31,39,36,51,47,16,71,64,92,54,17,20,84,57,62,34,15,
373	7	8	2.02	7,19,73,53,31,56,47,36,51,52,99,46,76,68,87,9,8,
373	7	9	1.631	7,19,73,53,31,56,47,36,51,52,99,46,76,68,87,9,
373	7	10	1.742	7,19,73,53,31,39,36,51,52,99,46,76,87,68,91,10,
373	7	11	2.065	7,19,73,53,31,39,36,51,52,46,76,87,68,91,22,32,85,80,11,
373	7	12	2.32	7,19,73,53,31,39,36,51,52,46,76,87,68,91,22,32,85,80,67,12,
373	7	13	2.26	7,73,53,31,56,77,16,64,71,92,54,17,20,84,60,24,97,28,13,
373	7	14	2.44	7,73,53,31,56,77,16,64,71,92,93,54,17,20,84,57,60,24,28,97,14,
373	7	15	2.602	7,73,53,31,56,90,69,88,16,64,71,92,93,54,20,84,57,60,62,34,15,
373	8	9	2.021	8,7,19,73,53,31,56,47,36,51,52,99,46,76,68,87,9,
373	8	10	2.149	8,7,19,73,53,31,39,36,51,52,46,76,87,68,91,22,10,
373	8	11	1.843	8,39,36,51,52,99,46,76,87,68,91,22,32,85,80,11,
373	8	12	2.453	8,39,36,51,47,52,99,46,76,87,68,91,22,32,85,80,74,67,12,
373	8	13	2.339	8,39,36,51,47,16,64,71,92,93,54,17,20,84,60,24,97,28,13,
373	8	14	2.413	8,39,36,51,47,77,16,64,71,92,54,17,20,84,57,60,24,97,28,14,
373	8	15	2.756	8,99,46,76,87,68,91,22,86,16,64,71,92,93,54,17,20,84,57,62,34,15,
373	9	10	1.959	9,46,76,87,68,91,22,86,50,27,74,67,80,85,32,10,
373	9	11	1.786	9,46,76,87,68,91,22,27,50,35,65,79,74,85,80,11,
373	9	12	1.897	9,46,76,87,68,91,22,86,27,50,35,65,79,55,45,12,
373	9	13	2.205	9,46,76,87,68,91,22,86,16,64,71,92,54,20,84,60,24,28,13,
373	9	14	2.258	9,46,76,87,68,91,22,86,16,64,71,92,54,20,84,57,60,24,97,14,
373	9	15	2.375	9,46,76,87,68,91,22,86,16,64,71,92,93,54,17,20,84,57,62,34,15,
373	10	11	1.987	10,68,87,76,46,91,22,86,50,27,74,67,80,85,32,11,
373	10	12	2.05	10,68,87,76,46,91,22,86,50,27,74,85,32,80,67,12,
373	10	13	2.039	10,32,85,80,74,79,65,20,84,57,60,24,97,28,13,
373	10	14	2.381	10,68,87,76,46,91,22,86,16,64,71,92,54,20,84,60,24,14,
373	10	15	2.502	10,68,87,76,46,91,22,86,16,71,64,92,54,17,20,84,57,62,34,15,
373	11	12	2.136	11,80,85,74,79,65,20,84,57,60,24,97,28,13,45,12,
373	11	13	1.773	11,80,85,74,79,35,65,20,84,57,60,24,97,28,13,
373	11	14	1.819	11,80,85,74,79,35,65,20,84,57,60,24,28,97,14,
373	11	15	2.431	11,80,85,74,27,50,16,71,92,64,88,93,54,20,84,57,62,34,15,
373	12	13	1.961	12,67,80,85,74,79,65,20,84,57,60,24,97,28,13,
373	12	14	2.007	12,67,80,85,74,79,65,20,84,57,60,24,28,97,14,
373	12	15	2.244	12,67,80,85,74,79,55,65,35,54,20,84,57,62,34,15,
373	13	14	2.222	13,28,97,24,55,79,35,65,20,54,17,84,57,60,62,14,
373	13	15	2.005	13,28,97,24,60,57,84,20,54,17,66,61,23,44,70,15,
373	14	15	2.051	14,97,28,24,60,57,84,20,54,17,66,61,23,44,70,15,
