62	0	1	2.215	0,61,85,60,30,52,48,42,76,86,25,90,18,44,93,1,
62	0	2	2.074	0,61,85,93,44,18,30,90,29,35,73,83,56,46,38,2,
62	0	3	1.949	0,61,85,93,44,18,30,90,29,35,73,83,92,56,46,3,
62	0	4	2.451	0,61,94,60,93,44,18,29,35,83,73,84,19,77,50,74,95,32,62,4,
62	0	5	2.562	0,61,85,93,44,18,29,46,56,92,83,35,73,84,19,77,50,74,95,32,82,21,5,
62	0	6	2.681	0,94,60,30,52,48,76,16,91,70,68,24,87,43,37,22,78,63,54,6,
62	0	7	2.594	0,94,60,30,52,48,76,16,68,91,70,24,87,96,33,49,39,40,98,7,
62	0	8	2.549	0,61,94,60,52,48,42,16,68,91,70,24,87,96,33,49,39,80,8,
62	0	9	2.28	0,94,60,48,42,16,24,68,91,70,23,67,97,64,28,31,26,66,9,
62	0	10	2.311	0,94,60,52,48,42,16,24,68,91,70,23,67,97,59,51,28,31,10,
62	0	11	2.296	0,61,85,93,44,18,30,52,48,42,16,24,68,70,91,79,69,11,
62	0	12	2.167	0,61,85,93,44,18,30,52,48,76,16,68,70,91,79,89,12,
62	0	13	1.919	0,94,60,30,52,48,76,16,24,68,70,91,53,57,13,
62	0	14	1.931	0,61,85,93,44,18,90,30,52,48,42,75,41,65,17,14,
62	0	15	1.936	0,61,85,93,44,18,90,30,52,48,42,75,41,65,55,15,
62	1	2	2.027	1,44,18,90,30,52,48,76,86,25,84,73,83,35,29,2,
62	1	3	1.903	1,85,93,44,18,29,35,83,73,84,19,77,50,92,56,46,3,
62	1	4	1.822	1,85,93,44,18,29,35,83,73,84,19,77,50,74,62,4,
62	1	5	2.337	1,85,93,44,18,30,90,73,35,83,56,46,92,50,77,95,74,32,82,21,5,
62	1	6	2.571	1,85,93,44,30,52,76,16,68,91,70,24,87,43,37,22,78,47,6,
62	1	7	2.559	1,85,93,44,30,52,76,16,91,70,68,24,87,96,33,49,39,40,98,7,
62	1	8	2.485	1,44,18,30,52,48,76,16,91,70,68,24,87,96,33,49,39,80,8,
62	1	9	2.315	1,44,18,30,52,76,16,68,91,70,23,67,97,64,28,31,26,66,9,
62	1	10	2.302	1,85,93,44,18,90,30,52,48,42,16,68,91,70,23,67,97,64,58,10,
62	1	11	2.386	1,85,93,44,18,90,30,52,86,76,48,42,16,24,68,70,91,79,69,11,
62	1	12	2.16	1,85,93,44,18,30,52,48,42,16,24,68,70,91,79,69,71,12,
62	1	13	2.033	1,85,93,44,18,90,30,52,48,42,16,24,68,70,91,53,57,13,
62	1	14	1.896	1,85,93,44,18,90,30,52,48,76,42,75,41,65,17,14,
62	1	15	1.901	1,85,93,44,18,90,30,52,48,76,42,75,41,65,55,15,
62	2	3	2.118	2,18,44,93,85,61,94,60,30,90,73,35,83,56,46,3,
62	2	4	1.945	2,38,46,56,92,83,35,73,84,19,77,50,74,95,32,62,4,
62	2	5	2.486	2,29,38,46,56,92,83,35,73,84,19,50,77,95,74,62,32,82,21,5,
62	2	6	2.572	2,38,46,56,92,83,35,73,84,19,50,74,95,32,82,21,47,63,54,6,
62	2	7	2.647	2,18,90,30,52,76,16,91,70,68,24,87,96,33,49,39,40,98,7,
62	2	8	2.65	2,29,35,83,84,19,25,86,76,16,68,70,24,87,96,33,49,39,80,8,
62	2	9	2.41	2,18,90,30,52,76,16,68,91,70,23,67,97,64,28,31,26,66,9,
62	2	10	2.416	2,29,35,83,73,84,25,86,76,16,68,91,70,23,67,97,59,28,31,10,
62	2	11	2.494	2,29,35,83,73,84,19,25,86,52,48,42,16,24,70,68,91,79,69,11,
62	2	12	2.282	2,29,35,83,73,84,19,25,86,76,16,24,68,70,91,79,69,71,12,
62	2	13	2.243	2,29,35,83,73,84,19,25,86,76,16,24,68,70,91,53,99,36,13,
62	2	14	2.258	2,38,46,56,92,83,35,73,84,19,25,86,52,48,42,75,88,17,14,
62	2	15	2.045	2,29,35,83,73,84,19,25,86,52,48,76,42,75,41,15,
62	3	4	1.925	3,38,46,56,92,83,35,73,84,19,77,50,74,95,32,62,4,
62	3	5	1.885	3,38,46,56,92,83,35,73,84,19,77,95,74,32,82,21,5,
62	3	6	2.184	3,46,56,92,83,35,73,84,19,43,37,22,78,63,54,6,
62	3	7	2.479	3,46,56,92,83,35,73,84,19,77,50,74,95,32,82,21,47,63,54,7,
62	3	8	2.584	3,46,56,83,35,73,25,86,76,16,91,70,68,24,87,96,33,72,80,8,
62	3	9	2.316	3,46,56,92,83,35,73,84,19,43,33,20,51,59,28,31,26,66,9,
62	3	10	2.409	3,46,56,92,83,35,73,84,25,86,76,16,68,91,70,23,67,97,64,58,10,
62	3	11	2.566	3,46,56,92,83,35,73,84,25,86,76,16,24,68,91,70,23,67,97,64,58,11,
62	3	12	2.468	3,46,56,92,83,35,73,84,19,25,86,52,48,42,16,91,68,70,79,89,12,
62	3	13	2.322	3,46,56,92,83,35,73,84,19,25,86,76,16,24,68,70,91,53,99,36,13,
62	3	14	2.351	3,46,56,92,83,35,73,84,19,25,86,76,16,24,68,70,91,88,65,17,14,
62	3	15	2.26	3,46,56,92,83,35,73,84,19,25,86,52,48,76,42,75,41,65,55,15,
62	4	5	2.014	4,62,74,92,56,83,35,73,84,19,50,77,95,32,82,21,5,
62	4	6	2.333	4,62,74,92,56,83,35,73,84,19,50,77,95,32,82,21,6,
62	4	7	2.65	4,62,32,95,74,92,46,56,83,35,73,84,19,22,27,78,63,54,7,
62	4	8	2.603	4,62,74,95,77,22,37,33,49,72,51,59,28,31,26,66,80,8,
62	4	9	2.357	4,62,74,95,77,22,37,33,20,97,64,59,51,28,31,26,66,9,
62	4	10	2.571	4,62,74,95,50,19,25,86,76,16,68,91,70,23,67,97,64,28,31,10,
62	4	11	2.612	4,62,74,92,83,35,73,84,19,25,86,76,16,91,68,70,79,69,11,
62	4	12	2.562	4,62,74,95,77,50,19,25,86,76,16,24,70,68,91,53,99,89,71,12,
62	4	13	2.471	4,62,74,92,56,83,35,73,84,19,25,86,76,16,68,70,91,53,57,13,
62	4	14	2.462	4,62,74,92,56,83,35,73,84,19,25,86,52,48,42,75,41,65,17,14,
62	4	15	2.451	4,62,74,95,77,50,83,35,73,84,19,25,86,52,48,42,75,41,55,15,
62	5	6	2.397	5,21,82,32,95,74,92,56,83,35,73,84,19,22,78,47,6,
62	5	7	2.441	5,21,82,32,95,74,92,83,35,73,84,19,22,78,63,54,7,
62	5	8	2.5	5,21,82,47,63,78,27,39,49,72,51,59,28,31,26,66,80,8,
62	5	9	2.265	5,21,82,47,63,54,98,40,39,49,72,51,59,28,31,26,66,81,9,
62	5	10	2.484	5,21,82,47,63,54,98,40,39,49,72,51,59,64,28,31,26,66,81,10,
62	5	11	2.71	5,21,32,95,74,50,19,25,86,52,48,42,16,68,24,70,91,79,69,11,
62	5	12	2.601	5,21,82,32,95,74,50,19,25,86,76,16,24,68,70,91,53,99,89,71,12,
62	5	13	2.584	5,21,82,32,95,74,92,56,83,35,73,84,25,86,76,16,68,70,91,53,57,13,
62	5	14	2.521	5,21,82,32,95,74,92,83,35,73,84,19,25,86,52,48,42,75,88,17,14,
62	5	15	2.503	5,21,82,32,95,74,92,56,83,35,73,84,19,25,86,52,48,42,75,41,15,
62	6	7	2.313	6,54,98,40,39,72,51,59,28,31,26,66,80,45,34,7,
62	6	8	2.177	6,54,63,98,40,39,49,72,51,59,28,31,26,66,80,8,
62	6	9	1.913	6,54,63,98,40,39,49,72,51,59,28,31,26,66,81,9,
62	6	10	2.301	6,47,63,78,27,40,39,49,72,51,59,64,28,31,26,66,81,10,
62	6	11	2.603	6,47,78,27,40,39,80,66,26,31,28,51,59,64,97,67,23,69,11,
62	6	12	2.574	6,54,63,98,40,39,80,66,26,31,28,51,59,64,97,67,23,69,71,12,
62	6	13	2.754	6,54,63,98,40,39,80,66,26,31,28,51,59,64,97,67,23,69,89,99,36,13,
62	6	14	2.696	6,54,63,78,22,37,43,87,24,68,70,91,16,76,48,42,75,41,65,17,14,
62	6	15	2.701	6,54,63,78,22,37,43,87,24,68,70,91,16,76,48,42,75,41,65,55,15,
62	7	8	2.093	7,34,45,39,49,72,51,59,64,28,31,26,66,80,8,
62	7	9	1.845	7,34,45,80,39,49,72,51,59,64,28,31,26,66,9,
62	7	10	1.998	7,34,45,80,39,72,51,59,64,28,31,26,66,81,10,
62	7	11	2.505	7,34,45,80,39,49,72,51,59,28,26,31,58,64,97,67,23,69,11,
62	7	12	2.419	7,34,45,80,66,26,31,28,51,59,64,97,67,23,69,79,89,71,12,
62	7	13	2.47	7,34,45,80,66,26,31,28,51,59,64,97,67,23,69,79,89,99,36,13,
62	7	14	2.494	7,34,45,39,49,33,96,87,24,68,70,91,16,42,75,41,65,17,14,
62	7	15	2.61	7,98,40,39,49,33,96,87,24,68,70,91,16,76,48,42,75,41,65,55,15,
62	8	9	1.831	8,34,45,80,39,49,72,51,59,64,28,31,26,66,9,
62	8	10	2.017	8,34,45,80,39,49,72,51,59,64,28,31,26,66,81,10,
62	8	11	2.143	8,34,45,80,66,26,31,28,51,59,64,67,23,69,11,
62	8	12	2.077	8,80,66,26,31,28,51,59,64,97,67,23,69,89,71,12,
62	8	13	2.426	8,80,66,26,31,28,51,59,64,97,67,23,24,70,68,91,53,57,13,
62	8	14	2.387	8,80,66,26,31,28,51,59,97,67,23,24,68,70,91,53,17,14,
62	8	15	2.498	8,80,66,26,31,28,59,64,97,67,23,24,68,70,91,88,65,55,15,
62	9	10	1.926	9,66,26,31,28,59,51,72,49,33,96,20,97,64,58,10,
62	9	11	2.018	9,66,26,31,28,64,97,67,23,70,68,91,79,69,11,
62	9	12	1.811	9,66,26,31,28,51,59,64,97,67,23,69,79,89,71,12,
62	9	13	2.186	9,66,26,31,28,51,59,64,97,67,23,24,70,68,91,53,99,36,13,
62	9	14	2.247	9,66,26,31,28,59,64,97,67,23,70,91,68,16,42,75,88,17,14,
62	9	15	2.267	9,66,26,31,28,51,59,97,67,23,70,91,68,24,16,42,75,41,55,15,
62	10	11	2.035	10,31,26,28,59,97,67,23,24,68,70,91,79,69,11,
62	10	12	1.9	10,81,66,26,31,28,51,59,64,97,67,23,69,89,71,12,
62	10	13	1.841	10,58,64,28,31,26,51,59,97,67,23,69,89,99,36,13,
62	10	14	2.17	10,31,26,28,51,59,64,97,67,23,24,68,70,91,88,65,17,14,
62	10	15	2.187	10,31,28,51,59,97,67,23,70,91,68,24,16,42,75,41,55,15,
62	11	12	2.056	11,58,64,28,31,26,51,59,97,67,23,69,79,89,99,12,
62	11	13	1.95	11,58,64,28,31,26,51,59,97,67,23,69,89,99,36,13,
62	11	14	2.138	11,69,79,91,70,68,24,16,76,42,75,41,88,65,17,14,
62	11	15	2.193	11,69,79,91,70,68,24,16,76,86,52,48,42,75,41,55,15,
62	12	13	2.083	12,89,79,91,70,68,24,16,42,75,41,65,17,57,13,
62	12	14	2.062	12,89,99,53,91,70,68,24,16,76,42,75,41,65,17,14,
62	12	15	2.144	12,71,69,79,91,70,68,24,16,76,86,52,48,42,75,41,15,
62	13	14	1.867	13,57,53,91,70,68,24,16,76,48,42,75,88,17,14,
62	13	15	1.864	13,57,53,91,70,68,24,16,76,48,42,75,41,55,15,
62	14	15	1.993	14,17,53,91,70,68,24,16,42,75,41,88,65,55,15,
