436	0	1	2.23	0,41,88,29,52,71,59,66,27,56,54,89,21,76,32,40,17,1,
436	0	2	2.215	0,41,88,29,59,66,27,56,17,54,89,74,34,21,76,32,2,
436	0	3	2.282	0,41,88,59,66,26,25,20,98,72,93,30,79,24,90,60,83,3,
436	0	4	2.446	0,41,88,29,59,66,26,25,20,98,72,93,30,79,24,96,90,60,4,
436	0	5	2.559	0,41,88,59,66,26,74,25,20,98,72,93,30,79,63,78,53,64,70,5,
436	0	6	2.699	0,41,88,27,56,54,89,34,74,25,20,98,72,93,30,79,63,78,53,64,6,
436	0	7	2.6	0,41,88,59,66,26,74,25,20,69,50,97,73,81,95,84,87,18,22,99,55,7,
436	0	8	2.674	0,41,88,59,66,26,74,34,30,93,72,98,69,50,97,73,81,45,65,19,28,8,
436	0	9	2.553	0,41,88,27,56,54,89,34,74,26,25,20,69,50,97,73,43,82,85,47,9,
436	0	10	2.394	0,88,29,59,66,26,74,34,25,20,69,50,97,73,43,82,85,47,57,10,
436	0	11	2.52	0,88,59,66,26,74,34,25,20,69,50,97,73,80,61,94,31,39,37,67,11,
436	0	12	2.507	0,41,88,29,59,66,86,92,44,77,33,46,58,23,48,91,39,37,12,
436	0	13	2.381	0,41,88,27,56,54,89,34,74,26,49,33,46,77,44,92,38,13,
436	0	14	2.115	0,41,88,27,56,54,89,34,74,26,49,33,77,44,92,38,14,
436	0	15	2.179	0,41,88,59,66,86,49,36,58,23,46,33,77,44,92,15,
436	1	2	2.233	1,17,54,56,27,41,88,29,59,66,26,74,34,21,76,32,2,
436	1	3	2.176	1,17,27,56,54,89,34,74,25,30,79,24,90,60,83,3,
436	1	4	2.25	1,17,27,56,54,89,34,74,25,20,98,72,93,30,79,24,96,4,
436	1	5	2.374	1,17,27,56,54,89,34,74,25,20,98,72,93,30,79,24,68,5,
436	1	6	2.44	1,17,54,89,34,74,25,20,98,72,93,30,79,63,78,53,64,6,
436	1	7	2.497	1,17,27,56,54,89,34,74,25,20,69,50,97,73,81,95,84,87,18,55,7,
436	1	8	2.594	1,17,27,56,54,89,34,74,26,25,20,69,50,97,73,43,45,65,19,28,8,
436	1	9	2.584	1,17,27,56,54,89,34,74,25,20,69,50,97,73,80,61,94,31,82,85,47,9,
436	1	10	2.558	1,17,27,56,54,89,34,74,25,20,69,50,97,73,80,61,94,31,82,85,47,57,10,
436	1	11	2.479	1,17,56,54,89,34,74,25,20,69,50,97,73,80,61,94,31,39,37,67,11,
436	1	12	2.449	1,17,56,54,89,34,74,25,20,69,50,97,73,80,61,94,31,39,37,12,
436	1	13	2.491	1,17,27,56,54,89,74,26,49,36,58,23,46,77,44,92,38,13,
436	1	14	2	1,17,27,56,54,89,34,74,26,49,33,77,44,92,38,14,
436	1	15	2.159	1,17,27,56,54,89,34,74,26,49,33,46,77,44,92,15,
436	2	3	2.018	2,32,40,17,27,56,54,89,21,16,24,96,90,60,83,3,
436	2	4	2.013	2,32,40,17,27,56,54,89,21,76,16,60,90,24,96,4,
436	2	5	2.137	2,32,40,17,27,56,54,89,21,76,16,60,90,24,68,5,
436	2	6	2.496	2,32,40,17,27,56,54,89,34,74,25,20,72,98,51,78,53,64,6,
436	2	7	2.51	2,32,40,17,27,56,54,89,34,30,79,63,78,53,87,18,22,99,55,7,
436	2	8	2.535	2,32,40,17,27,56,54,89,34,74,25,20,69,50,97,73,81,45,65,28,8,
436	2	9	2.587	2,32,40,17,27,56,54,89,34,74,25,20,69,50,97,73,81,43,82,85,47,9,
436	2	10	2.48	2,32,40,17,27,56,54,89,34,74,25,20,69,50,97,73,43,82,85,47,57,10,
436	2	11	2.553	2,32,40,17,54,89,34,74,25,20,69,50,97,73,80,61,94,31,39,37,67,11,
436	2	12	2.587	2,32,40,17,27,56,54,89,34,74,25,20,69,50,97,80,61,94,31,39,37,12,
436	2	13	2.58	2,32,40,17,27,56,54,89,34,74,26,49,36,33,46,77,44,92,38,13,
436	2	14	2.286	2,32,40,17,27,56,54,89,34,74,26,49,33,46,77,44,92,38,14,
436	2	15	2.473	2,32,40,17,27,56,54,89,34,74,26,49,36,33,46,77,44,92,15,
436	3	4	2.149	3,83,60,90,16,79,30,93,72,98,51,78,63,24,96,4,
436	3	5	2.023	3,83,60,90,96,24,79,30,93,63,78,53,64,70,5,
436	3	6	2.365	3,83,60,90,96,24,79,30,93,72,98,51,78,53,87,18,22,99,6,
436	3	7	2.287	3,83,60,90,96,24,79,30,93,72,98,51,78,53,87,22,99,55,7,
436	3	8	2.357	3,83,60,90,96,24,79,30,93,72,98,69,50,97,73,81,45,65,28,8,
436	3	9	2.326	3,83,60,90,96,24,79,30,93,72,98,69,50,97,73,81,45,65,19,9,
436	3	10	2.302	3,83,60,90,96,24,79,30,93,72,98,69,50,97,73,43,82,85,47,57,10,
436	3	11	2.439	3,83,60,90,96,24,79,30,93,72,98,69,50,97,80,61,94,31,39,37,67,11,
436	3	12	2.403	3,83,60,90,96,24,79,30,93,98,69,50,97,80,61,94,31,39,37,12,
436	3	13	2.53	3,83,60,90,96,24,79,30,93,72,98,69,50,97,80,61,91,48,75,13,
436	3	14	2.359	3,83,60,90,96,24,79,30,34,74,26,49,33,77,44,92,38,14,
436	3	15	2.488	3,83,60,90,96,24,79,30,93,72,98,20,25,26,66,59,71,52,15,
436	4	5	2.102	4,60,90,96,24,79,30,93,72,98,51,53,64,70,5,
436	4	6	2.224	4,96,24,79,30,93,72,98,51,78,53,87,18,55,99,22,6,
436	4	7	2.257	4,96,24,79,30,93,72,98,69,50,97,73,81,95,84,87,18,55,7,
436	4	8	2.192	4,96,24,79,30,93,72,98,69,50,97,73,81,45,65,19,28,8,
436	4	9	2.344	4,96,24,79,30,93,72,98,69,50,97,73,80,61,94,31,82,85,47,9,
436	4	10	2.401	4,60,90,96,24,79,30,93,72,98,69,50,97,73,81,43,82,85,47,57,10,
436	4	11	2.644	4,60,90,96,24,79,30,93,72,98,69,50,97,80,61,94,31,91,39,37,67,11,
436	4	12	2.67	4,60,90,96,24,79,30,93,72,98,51,69,50,97,73,80,61,94,31,39,37,12,
436	4	13	2.6	4,96,24,79,30,93,72,98,69,50,97,73,80,61,94,91,48,23,75,13,
436	4	14	2.419	4,96,24,79,30,93,72,98,20,42,58,23,46,77,44,92,38,14,
436	4	15	2.601	4,96,24,79,30,93,72,98,20,25,34,74,26,66,59,88,29,71,52,15,
436	5	6	2.257	5,68,24,79,30,93,72,98,51,78,53,87,18,22,99,6,
436	5	7	2.16	5,68,24,79,30,93,72,98,78,53,87,18,22,99,55,7,
436	5	8	2.188	5,68,64,53,78,51,69,50,97,73,81,45,65,19,28,8,
436	5	9	2.385	5,68,64,53,78,63,93,72,98,69,50,97,73,81,43,82,85,47,9,
436	5	10	2.359	5,68,64,53,78,63,93,72,98,69,50,97,73,81,43,82,85,47,57,10,
436	5	11	2.553	5,68,64,53,63,79,30,93,72,98,69,50,97,80,61,94,31,39,37,67,11,
436	5	12	2.603	5,68,64,53,63,79,30,93,72,98,69,50,97,73,80,61,94,31,39,37,12,
436	5	13	2.683	5,68,64,53,78,63,79,30,93,72,98,69,50,97,80,61,91,48,75,13,
436	5	14	2.642	5,68,64,53,51,69,50,97,80,61,91,48,23,46,33,77,44,92,38,14,
436	5	15	2.706	5,70,64,53,78,51,69,50,97,80,61,91,48,23,46,33,77,44,92,15,
436	6	7	2.286	6,64,53,78,63,79,30,93,72,98,51,35,84,87,18,7,
436	6	8	2.103	6,22,99,55,18,87,84,95,45,82,85,47,19,65,28,8,
436	6	9	2.365	6,22,99,55,18,87,84,95,81,73,97,50,80,61,94,31,82,85,47,9,
436	6	10	2.339	6,22,99,55,18,87,84,95,81,73,97,50,80,61,94,31,82,85,47,57,10,
436	6	11	2.486	6,22,99,55,18,87,62,84,95,81,73,97,50,80,61,94,31,39,37,67,11,
436	6	12	2.591	6,64,53,78,63,79,30,93,72,98,69,50,97,73,80,61,94,31,39,37,12,
436	6	13	2.641	6,22,99,55,18,87,84,95,81,73,97,50,80,61,94,31,91,48,23,75,13,
436	6	14	2.513	6,22,99,55,18,87,84,95,81,73,97,50,42,36,33,77,44,92,38,14,
436	6	15	2.594	6,99,22,87,84,95,81,73,80,61,91,48,23,46,33,77,44,92,15,
436	7	8	1.978	7,55,99,22,18,87,84,95,45,82,85,47,19,65,28,8,
436	7	9	2.079	7,55,18,87,84,95,81,73,97,50,80,61,94,31,82,47,9,
436	7	10	1.91	7,55,99,22,18,87,84,95,45,65,19,47,85,82,57,10,
436	7	11	2.183	7,55,99,22,18,87,84,95,81,73,97,50,80,61,94,31,39,37,67,11,
436	7	12	2.476	7,55,99,22,18,87,84,95,81,73,97,80,61,94,31,91,48,23,75,12,
436	7	13	2.516	7,55,99,22,18,87,84,95,81,73,97,50,80,61,94,31,91,48,23,75,13,
436	7	14	2.388	7,55,99,22,18,87,84,95,81,73,97,50,42,36,33,77,44,92,38,14,
436	7	15	2.549	7,55,18,87,84,95,81,73,97,50,80,61,91,48,23,46,33,77,44,92,15,
436	8	9	2.017	8,28,19,65,45,81,73,97,50,80,61,94,31,82,85,47,9,
436	8	10	1.924	8,28,65,45,81,73,97,50,80,61,94,31,82,85,47,57,10,
436	8	11	2.068	8,28,19,65,45,95,81,73,97,50,80,61,94,31,39,37,67,11,
436	8	12	2.156	8,28,65,19,47,85,82,43,73,97,50,80,61,94,31,39,37,12,
436	8	13	2.475	8,28,65,19,85,82,94,31,91,48,23,58,46,33,77,44,92,38,13,
436	8	14	2.441	8,28,19,65,45,81,73,97,50,80,61,91,48,23,46,33,77,44,92,38,14,
436	8	15	2.553	8,28,19,65,45,81,73,97,80,61,94,31,91,48,23,46,33,77,44,92,15,
436	9	10	1.893	9,19,65,45,81,73,97,50,80,61,94,31,82,85,47,57,10,
436	9	11	2.051	9,47,85,82,43,73,97,50,80,61,94,31,91,39,37,67,11,
436	9	12	2.146	9,19,65,45,85,82,43,73,97,50,80,61,94,31,39,37,12,
436	9	13	2.219	9,47,85,82,94,31,91,48,23,58,46,33,77,44,92,38,13,
436	9	14	2.318	9,47,85,82,43,80,61,94,31,91,48,23,58,46,33,77,44,92,38,14,
436	9	15	2.481	9,19,65,45,81,73,97,50,80,61,91,48,23,58,46,33,77,44,92,15,
436	10	11	1.838	10,57,47,85,82,43,73,97,50,80,61,94,31,39,37,67,11,
436	10	12	1.987	10,57,47,85,82,43,73,97,50,80,61,94,31,39,37,67,12,
436	10	13	2.03	10,57,47,85,82,94,31,91,48,23,46,77,44,92,38,13,
436	10	14	2.129	10,57,47,85,82,43,80,61,94,31,91,48,23,46,77,44,92,38,14,
436	10	15	2.335	10,57,47,85,82,43,80,61,94,31,91,48,23,58,46,33,77,44,92,15,
436	11	12	2.285	11,67,37,39,31,94,80,61,91,48,23,58,33,46,75,12,
436	11	13	2.093	11,67,37,39,31,94,91,48,23,46,33,77,44,92,38,13,
436	11	14	1.943	11,67,37,39,31,94,91,48,23,46,33,77,44,92,38,14,
436	11	15	2.598	11,67,37,39,31,94,61,80,73,50,42,36,58,23,46,33,77,44,92,15,
436	12	13	2.106	12,37,39,91,48,23,58,36,33,46,77,44,92,38,13,
436	12	14	2.008	12,37,39,31,94,91,48,23,58,46,33,77,44,92,38,14,
436	12	15	2.128	12,37,39,31,94,80,61,91,48,23,46,33,77,44,92,15,
436	13	14	2.373	13,75,48,91,31,94,61,80,73,97,50,42,58,46,38,14,
436	13	15	2.26	13,38,92,44,77,33,46,23,58,36,49,86,71,29,52,15,
436	14	15	2.11	14,38,92,44,77,33,46,23,58,36,49,86,71,29,52,15,
