78	0	2	1.928	0,33,53,43,32,18,40,68,16,42,72,64,81,46,2,
78	0	3	1.942	0,33,59,53,32,43,42,72,64,81,57,88,24,71,3,
78	0	1	2.102	0,52,74,62,86,45,94,58,91,68,40,18,43,53,59,1,
78	0	6	2.408	0,33,59,53,43,32,18,40,68,16,36,70,17,38,41,83,26,49,96,66,67,6,
78	0	8	2.446	0,33,53,43,32,18,40,68,16,36,38,41,26,49,65,35,85,34,61,82,8,
78	0	7	2.523	0,33,59,53,43,32,18,40,68,16,70,17,38,41,83,26,66,96,49,65,7,
78	0	10	2.272	0,52,74,62,86,98,55,29,97,92,90,37,25,89,84,63,79,99,27,87,10,
78	0	9	2.45	0,52,56,74,62,86,98,55,29,97,92,90,37,25,89,84,63,79,27,99,77,9,
78	0	5	2.407	0,33,59,53,43,32,18,40,68,16,36,70,17,38,41,83,28,39,78,31,5,
78	0	11	2.358	0,33,53,43,32,56,52,74,62,86,98,55,29,97,92,90,37,25,89,11,
78	0	4	2.413	0,33,59,53,43,32,18,40,68,16,70,36,38,41,83,28,39,78,20,24,4,
78	1	2	1.911	1,33,53,43,32,18,40,68,16,42,72,64,81,46,2,
78	1	3	1.925	1,33,59,53,32,43,42,72,64,81,57,88,24,71,3,
78	0	15	2.109	0,33,53,43,32,56,52,74,62,86,98,55,80,22,48,15,
78	0	13	2.165	0,33,59,53,43,32,56,74,62,86,98,55,29,97,92,47,13,
78	1	6	2.08	1,59,53,43,32,18,40,68,16,36,38,41,83,26,49,96,66,67,6,
78	1	4	1.937	1,33,59,53,32,43,42,72,64,81,57,88,71,24,4,
78	1	5	2.258	1,59,53,43,32,18,40,68,16,36,70,17,38,41,83,28,39,78,31,5,
78	0	14	1.96	0,33,53,43,32,56,52,74,62,86,98,55,80,22,48,14,
78	1	7	2.388	1,59,53,43,32,18,40,68,16,36,70,91,17,38,41,83,26,49,65,7,
78	0	12	2.397	0,33,53,43,32,56,52,74,62,86,98,55,29,97,92,90,37,25,12,
78	1	8	2.333	1,59,53,43,32,18,40,68,16,36,70,17,30,23,95,75,34,61,82,8,
78	1	15	2.064	1,59,53,43,32,18,40,68,58,94,45,86,62,74,52,15,
78	2	5	1.99	2,46,50,72,42,18,40,68,16,36,73,76,54,20,78,31,5,
78	2	3	1.96	2,46,50,72,42,43,32,18,40,68,16,73,57,88,71,3,
78	2	6	2.113	2,46,50,72,42,18,40,68,16,36,38,41,83,26,49,96,66,67,6,
78	1	12	2.424	1,59,53,43,32,56,52,74,62,86,98,55,29,97,92,44,37,25,12,
78	1	9	2.371	1,59,53,43,18,40,68,16,70,17,30,23,95,60,19,63,79,27,99,9,
78	2	4	1.977	2,46,50,72,42,43,32,18,40,68,16,36,73,76,54,24,4,
78	1	11	2.256	1,59,53,43,32,56,52,74,62,86,98,55,29,97,92,90,37,25,89,11,
78	1	10	2.393	1,59,53,43,32,18,40,68,16,36,70,17,30,23,60,19,63,79,27,99,87,10,
78	1	14	1.943	1,33,53,43,32,56,52,74,62,86,98,55,80,22,48,14,
78	1	13	2.236	1,33,59,53,43,32,56,52,74,62,86,98,55,29,97,92,47,13,
78	2	15	2.069	2,46,81,64,72,42,43,32,56,52,74,62,22,48,15,
78	3	5	2.155	3,81,64,72,42,40,68,16,36,73,76,54,20,78,31,5,
78	3	4	2.082	3,71,88,54,76,38,41,83,26,49,96,66,39,78,20,24,4,
78	2	9	2.408	2,46,50,72,42,40,68,16,70,17,30,23,60,19,63,79,27,99,77,9,
78	2	7	2.278	2,46,50,72,42,18,40,68,16,36,38,41,83,26,66,96,49,65,7,
78	2	12	2.644	2,46,81,64,72,42,43,32,56,52,74,62,86,98,55,29,97,92,47,12,
78	2	11	2.389	2,46,50,72,42,43,32,56,74,62,86,98,55,29,97,92,90,37,25,89,11,
78	2	10	2.38	2,46,50,72,42,40,68,16,36,70,17,30,23,60,19,63,79,99,27,87,10,
78	2	13	2.399	2,46,50,72,42,43,32,56,52,74,62,86,98,55,29,97,92,90,47,13,
78	2	14	2.225	2,46,50,72,42,18,40,68,16,36,70,91,94,45,86,74,62,22,48,14,
78	2	8	2.337	2,46,50,72,42,40,68,16,36,38,41,26,49,65,35,85,34,61,82,8,
78	3	6	1.982	3,71,88,54,20,78,39,28,83,38,41,26,49,96,66,67,6,
78	4	5	2.248	4,24,20,54,76,28,83,38,41,26,96,49,65,66,39,31,5,
78	3	15	2.585	3,57,81,64,72,42,40,68,16,36,70,91,94,45,86,62,74,52,15,
78	3	9	2.478	3,71,24,20,78,39,66,96,26,49,65,35,85,75,19,63,79,27,99,9,
78	3	7	2.501	3,71,24,20,78,39,28,83,26,66,96,49,65,35,85,34,61,82,7,
78	3	12	2.694	3,71,88,57,81,64,72,42,43,32,56,52,74,62,86,98,55,80,47,12,
78	3	11	2.549	3,81,64,72,42,43,32,56,74,62,86,98,55,29,97,92,90,37,25,11,
78	3	10	2.539	3,71,24,20,78,39,28,66,96,26,49,65,35,85,75,19,63,79,99,27,87,10,
78	3	8	2.31	3,71,24,20,78,39,28,83,38,41,26,66,96,49,65,35,85,34,82,8,
78	3	14	2.505	3,71,88,57,81,64,72,42,43,32,56,52,74,62,86,98,80,22,48,14,
78	3	13	2.604	3,71,88,57,81,64,72,42,43,32,56,52,74,62,86,98,55,80,47,13,
78	5	6	2.252	5,39,28,83,41,38,17,30,23,95,21,49,96,66,67,6,
78	4	6	1.987	4,24,54,20,78,39,28,83,38,41,26,49,65,96,66,67,6,
78	4	7	2.218	4,24,20,78,39,28,66,96,26,49,65,35,85,34,61,82,7,
78	4	15	2.649	4,24,20,78,39,28,83,41,38,17,91,70,36,16,68,40,18,43,32,56,52,15,
78	4	9	2.285	4,24,20,78,39,66,96,26,49,65,35,85,75,63,79,27,99,77,9,
78	4	10	2.348	4,24,20,78,39,28,83,41,38,17,30,23,95,60,19,63,79,99,27,87,10,
78	4	8	1.881	4,24,20,78,39,28,66,96,26,49,65,35,85,34,61,82,8,
78	4	12	2.714	4,24,88,57,81,64,72,42,43,32,56,52,74,62,86,98,55,80,47,12,
78	4	11	2.565	4,24,20,78,39,66,96,26,49,65,35,85,75,63,79,99,27,87,93,11,
78	4	14	2.582	4,24,88,57,81,64,72,42,43,32,56,52,74,62,86,98,55,80,22,48,14,
78	4	13	2.74	4,24,88,57,81,64,72,42,43,32,56,74,62,86,98,55,29,97,92,47,13,
78	5	9	2.135	5,31,39,66,96,26,49,65,35,85,75,63,79,27,99,77,9,
78	6	7	2.125	6,67,66,96,26,49,65,21,75,85,35,34,61,82,7,
78	5	7	2.217	5,31,20,78,39,28,66,96,26,49,65,35,85,34,61,82,7,
78	5	15	2.547	5,31,20,78,39,28,83,41,38,17,70,36,16,68,40,18,43,32,56,52,15,
78	6	8	1.788	6,67,66,96,26,49,65,21,75,85,35,34,61,82,8,
78	5	8	1.88	5,31,20,78,39,28,66,96,26,49,65,35,85,34,61,82,8,
78	5	10	2.347	5,31,20,78,39,28,83,41,38,17,30,23,95,60,19,63,79,99,27,87,10,
78	5	12	2.776	5,31,20,78,39,28,66,96,49,26,83,41,38,17,30,23,95,60,51,25,12,
78	5	11	2.588	5,31,39,66,96,49,26,83,41,38,17,69,30,23,95,60,51,25,89,11,
78	5	13	2.682	5,31,39,66,96,26,49,65,21,95,60,23,30,69,29,97,55,80,47,13,
78	5	14	2.633	5,31,20,78,39,28,83,41,38,36,16,68,40,58,94,45,86,74,62,22,48,14,
78	7	10	2.191	7,82,61,34,35,85,75,21,95,60,19,63,79,27,87,10,
78	7	9	2.267	7,82,61,34,35,85,75,21,95,60,19,63,79,27,99,9,
78	6	9	1.952	6,67,66,96,26,49,65,35,85,75,63,79,27,99,77,9,
78	6	10	1.874	6,67,66,96,26,49,65,35,85,75,63,79,99,27,87,10,
78	7	11	2.408	7,35,85,21,95,60,23,30,69,29,97,92,90,37,25,89,11,
78	7	8	2.047	7,67,66,96,26,49,65,21,75,85,35,34,61,82,8,
78	6	11	2.408	6,67,66,96,49,26,83,41,38,17,30,23,95,60,51,25,89,93,11,
78	6	15	2.582	6,67,66,96,49,26,28,83,41,38,17,70,36,16,68,40,18,43,32,56,52,15,
78	6	12	2.608	6,67,66,96,26,49,65,35,85,75,95,60,23,30,69,44,37,25,12,
78	6	14	2.447	6,67,66,96,49,26,83,41,38,17,70,91,94,45,98,86,74,62,22,48,14,
78	6	13	2.572	6,67,66,96,49,26,83,41,38,17,30,23,69,44,97,29,55,80,47,13,
78	8	9	1.841	8,82,61,34,85,35,21,95,60,19,63,79,27,99,9,
78	8	10	1.801	8,82,34,85,35,21,95,60,19,63,79,99,27,87,10,
78	8	11	2.12	8,82,61,34,85,35,21,95,23,30,69,44,37,25,89,11,
78	8	12	2.229	8,82,61,34,85,35,21,95,60,23,30,69,44,37,25,12,
78	7	15	2.57	7,65,49,96,66,26,83,41,38,17,70,36,16,68,40,18,32,56,52,15,
78	8	15	2.47	8,82,61,34,85,75,95,60,23,30,69,97,29,55,98,86,62,74,52,15,
78	7	12	2.651	7,65,49,26,96,66,28,83,41,38,17,69,30,23,95,60,51,25,12,
78	7	13	2.664	7,65,49,26,96,66,28,83,41,38,17,30,23,69,97,29,55,80,47,13,
78	7	14	2.553	7,35,85,75,21,95,60,23,30,69,97,29,55,98,86,62,74,22,48,14,
78	8	14	2.402	8,82,61,34,35,85,21,95,23,30,69,97,29,55,98,62,74,22,48,14,
78	8	13	2.414	8,82,61,34,35,85,75,21,95,60,23,30,69,97,29,55,80,47,13,
78	9	10	2.063	9,34,35,85,75,21,95,60,51,63,79,99,27,87,10,
78	10	11	2.016	10,87,27,99,79,63,19,60,23,30,69,44,37,25,89,11,
78	9	11	2.154	9,77,99,27,79,63,19,60,95,23,30,69,44,37,25,89,11,
78	10	12	2.115	10,87,27,99,79,63,19,60,95,23,30,69,44,37,25,12,
78	10	15	2.271	10,87,27,99,79,84,89,25,90,92,97,29,55,98,86,62,74,52,15,
78	9	15	2.357	9,99,27,79,63,84,89,25,37,90,92,97,29,55,98,86,62,74,52,15,
78	9	12	2.254	9,77,99,27,79,63,84,89,25,37,90,92,97,29,55,80,47,12,
78	10	13	2.038	10,87,27,99,79,63,84,51,37,90,92,97,29,55,80,47,13,
78	10	14	1.93	10,87,27,99,79,63,51,37,90,92,97,29,55,80,22,48,14,
78	9	14	2.258	9,99,27,79,84,89,25,37,90,92,97,29,55,98,86,74,62,22,48,14,
78	9	13	2.404	9,77,99,27,79,63,19,60,95,23,30,69,44,97,29,55,80,47,13,
78	14	15	2.148	14,48,22,62,74,86,45,94,58,68,40,18,32,56,52,15,
78	13	15	2.398	13,47,80,55,97,29,45,94,58,68,40,18,43,32,56,52,15,
78	11	15	2.406	11,93,89,25,51,60,95,23,30,69,45,86,62,74,52,15,
78	12	15	2.515	12,25,51,60,95,23,30,69,97,29,55,98,86,62,74,52,15,
78	11	12	2.376	11,93,89,25,37,90,92,97,29,55,98,86,74,62,80,47,12,
78	13	14	2.263	13,47,25,37,90,92,97,29,55,80,98,86,74,62,22,48,14,
78	12	14	2.35	12,25,37,90,92,97,29,55,80,98,86,62,74,52,22,48,14,
78	12	13	2.499	12,25,37,51,60,95,23,30,69,44,97,29,55,80,47,13,
78	11	14	1.987	11,89,25,37,90,92,97,29,55,80,98,86,62,74,22,48,14,
78	11	13	2.286	11,93,89,25,37,90,92,97,29,55,98,86,74,62,80,47,13,
