213	0	1	2.002	0,32,56,42,82,91,80,97,30,99,31,78,66,50,40,1,
213	0	2	1.938	0,56,42,82,91,80,49,97,30,99,31,38,87,51,95,93,2,
213	0	3	1.97	0,32,42,82,91,80,49,97,30,99,31,38,87,51,88,68,3,
213	0	4	2.347	0,32,56,42,82,91,80,49,97,30,99,31,38,87,51,96,17,71,33,4,
213	0	5	2.414	0,32,42,82,91,80,73,29,70,76,89,44,52,18,65,21,24,45,92,5,
213	0	6	2.477	0,98,78,99,30,97,49,73,29,70,76,89,44,52,63,21,24,45,58,6,
213	0	7	2.561	0,32,56,98,78,99,30,97,80,73,29,70,76,89,44,52,28,60,64,7,
213	0	8	2.434	0,98,78,31,99,30,97,49,73,29,70,76,89,44,52,84,48,41,25,8,
213	0	9	2.379	0,98,78,99,30,97,80,73,29,70,76,89,44,84,48,41,25,23,81,55,9,
213	0	10	2.54	0,98,78,99,30,97,49,73,29,70,76,89,44,84,47,36,86,72,74,77,10,
213	0	11	2.442	0,32,56,98,78,99,30,97,49,80,94,73,29,16,37,54,27,46,22,11,
213	0	12	2.148	0,98,78,99,30,97,49,73,29,16,37,54,34,61,12,
213	0	13	2.217	0,32,56,98,78,99,30,97,49,80,73,29,16,90,62,13,
213	0	14	2.233	0,32,56,98,78,66,31,99,30,97,49,80,91,82,43,67,14,
213	0	15	2.131	0,32,56,98,78,66,31,99,30,97,49,80,91,82,43,67,15,
213	1	2	1.979	1,40,50,66,78,99,30,97,49,69,38,87,51,95,93,2,
213	1	3	1.967	1,40,50,66,78,99,31,38,87,51,88,96,17,71,33,3,
213	1	4	2.274	1,40,50,66,78,99,31,38,87,51,95,88,96,19,17,71,33,4,
213	1	5	2.418	1,50,66,78,99,30,97,49,73,29,70,76,89,63,21,24,45,92,5,
213	1	6	2.403	1,50,66,78,99,30,97,49,73,29,76,89,44,52,18,65,58,6,
213	1	7	2.418	1,50,66,78,99,30,97,49,73,29,70,76,89,44,52,28,60,64,7,
213	1	8	2.389	1,50,66,78,99,30,97,49,80,73,29,70,76,89,44,84,48,41,25,8,
213	1	9	2.359	1,50,66,78,99,30,97,49,73,29,70,76,89,44,84,48,41,79,81,55,9,
213	1	10	2.546	1,50,66,78,31,99,30,97,49,73,29,16,37,59,86,72,74,77,26,10,
213	1	11	2.422	1,40,50,66,78,99,30,97,49,80,94,73,29,16,37,54,27,46,22,11,
213	1	12	2.281	1,50,66,78,99,30,97,49,80,73,29,16,37,54,34,61,12,
213	1	13	2.305	1,40,50,66,78,31,99,30,97,49,80,73,29,16,90,62,13,
213	1	14	2.259	1,40,50,66,98,78,31,99,30,97,49,80,91,82,43,67,14,
213	1	15	2.128	1,40,50,66,78,31,99,30,97,80,91,82,42,56,32,15,
213	2	3	1.934	2,93,40,50,66,78,31,38,87,51,88,96,17,71,33,3,
213	2	4	2.006	2,93,40,50,66,78,31,38,87,51,88,96,17,71,33,4,
213	2	5	2.089	2,93,40,50,66,78,31,38,87,51,96,17,19,85,92,5,
213	2	6	2.382	2,93,95,87,51,88,68,33,71,17,19,20,21,65,24,45,58,6,
213	2	7	2.459	2,40,50,66,78,99,30,97,49,73,29,70,76,89,44,52,28,64,7,
213	2	8	2.413	2,40,50,66,78,99,30,97,49,73,29,70,76,89,44,84,48,41,25,8,
213	2	9	2.416	2,40,50,66,78,99,30,97,49,73,29,76,89,44,84,48,79,81,55,9,
213	2	10	2.45	2,93,95,51,87,38,31,99,30,97,49,80,73,29,16,37,86,72,74,77,10,
213	2	11	2.369	2,93,95,51,87,38,31,99,30,97,80,73,29,16,37,54,27,46,22,11,
213	2	12	2.375	2,40,50,66,78,99,30,97,49,80,73,29,16,37,54,34,61,12,
213	2	13	2.376	2,93,40,50,66,78,31,99,30,97,49,80,73,29,16,90,62,13,
213	2	14	2.402	2,93,95,51,87,38,31,66,78,99,30,97,49,80,91,82,43,67,14,
213	2	15	1.98	2,93,95,51,87,38,31,99,30,97,49,80,91,82,43,67,15,
213	3	4	2.285	3,68,88,51,87,31,99,30,97,49,69,38,96,17,71,33,4,
213	3	5	2.202	3,68,95,51,87,96,17,19,85,20,24,21,65,45,92,5,
213	3	6	2.228	3,33,71,17,19,53,35,39,89,44,52,63,65,58,6,
213	3	7	2.337	3,33,71,17,19,53,35,39,63,89,44,52,28,60,64,7,
213	3	8	2.452	3,33,71,17,19,20,24,21,65,18,63,52,89,44,84,48,41,25,8,
213	3	9	2.383	3,33,71,17,19,20,21,65,18,52,89,44,84,48,41,25,23,81,55,9,
213	3	10	2.414	3,68,88,51,87,38,31,99,30,97,80,73,29,16,37,86,72,74,77,10,
213	3	11	2.463	3,68,95,51,87,38,31,99,30,97,49,80,73,29,16,37,54,27,46,22,11,
213	3	12	2.569	3,68,88,51,87,38,31,99,30,97,49,80,73,29,16,37,54,34,61,83,12,
213	3	13	2.527	3,68,88,51,87,38,31,99,30,97,49,73,29,16,37,54,34,61,83,13,
213	3	14	2.527	3,33,71,17,96,88,95,51,87,38,31,99,30,97,49,80,91,82,43,67,14,
213	3	15	2.36	3,33,71,17,19,96,51,87,38,31,99,30,97,49,80,91,82,43,67,15,
213	4	5	2.281	4,33,71,68,88,51,87,96,17,19,85,20,21,24,45,92,5,
213	4	6	2.3	4,33,71,17,19,53,35,39,89,44,52,63,65,58,6,
213	4	7	2.378	4,85,20,24,21,65,18,52,89,44,84,48,41,25,60,64,7,
213	4	8	2.295	4,85,20,24,21,65,63,52,44,84,48,41,79,81,55,23,8,
213	4	9	2.278	4,85,20,24,21,65,18,63,52,89,44,84,48,41,25,23,81,55,9,
213	4	10	2.589	4,33,68,88,51,87,31,99,30,97,49,73,29,16,37,86,72,74,77,10,
213	4	11	2.556	4,85,20,24,21,65,18,52,44,89,76,70,29,16,37,54,27,46,22,11,
213	4	12	2.686	4,71,17,96,51,87,38,31,99,30,97,80,73,29,16,37,54,34,61,12,
213	4	13	2.578	4,33,71,17,96,51,87,38,31,99,30,97,80,73,29,16,90,62,13,
213	4	14	2.534	4,33,71,17,19,96,51,87,38,31,99,30,97,49,80,91,82,43,67,14,
213	4	15	2.432	4,33,71,17,19,96,51,87,38,31,99,30,97,49,80,91,82,43,67,15,
213	5	6	2.425	5,92,45,24,21,65,18,63,52,89,44,84,48,28,58,6,
213	5	7	2.176	5,92,45,24,21,63,52,89,44,84,48,41,25,60,64,7,
213	5	8	2.028	5,92,45,24,21,65,18,63,52,89,44,84,48,41,25,8,
213	5	9	1.9	5,92,45,24,65,18,52,44,84,48,41,25,23,81,55,9,
213	5	10	2.387	5,92,45,24,21,65,63,52,89,44,84,47,36,86,72,74,77,26,10,
213	5	11	2.395	5,92,45,24,21,65,18,52,44,89,76,70,29,16,37,54,27,46,22,11,
213	5	12	2.626	5,92,45,24,21,65,18,63,52,44,89,76,70,29,73,16,37,54,34,61,12,
213	5	13	2.587	5,92,45,24,21,65,18,52,44,89,76,70,29,16,37,54,34,61,83,13,
213	5	14	2.56	5,92,45,24,21,65,63,52,44,89,76,70,29,73,80,91,82,43,67,14,
213	5	15	2.458	5,92,45,24,21,65,63,52,44,89,76,70,29,73,80,91,82,43,67,15,
213	6	7	2.176	6,58,45,24,21,65,18,52,44,84,48,41,25,60,64,7,
213	6	8	2.065	6,58,45,24,21,65,18,63,52,89,44,84,48,41,25,8,
213	6	9	1.94	6,58,45,24,21,63,52,44,84,48,41,25,23,81,55,9,
213	6	10	2.34	6,58,45,24,21,65,63,52,89,44,84,47,36,86,72,74,26,10,
213	6	11	2.342	6,58,45,24,21,65,18,63,52,44,89,76,70,37,54,27,46,22,11,
213	6	12	2.484	6,58,45,24,21,65,18,52,44,89,76,70,29,16,37,54,34,61,12,
213	6	13	2.624	6,58,45,24,21,65,18,52,44,89,76,70,29,16,37,54,34,61,83,13,
213	6	14	2.597	6,58,45,24,21,65,63,52,44,89,76,70,29,73,80,91,82,43,67,14,
213	6	15	2.495	6,58,45,24,21,65,63,52,44,89,76,70,29,73,80,91,82,43,67,15,
213	7	8	2.268	7,64,28,18,63,52,89,44,84,48,41,25,79,81,23,8,
213	7	9	2.052	7,64,28,52,89,44,84,47,48,41,25,23,81,55,9,
213	7	10	1.913	7,64,60,41,25,23,55,81,79,47,36,86,72,74,77,10,
213	7	11	2.364	7,64,60,25,23,55,81,79,41,48,47,36,74,72,86,59,27,46,22,11,
213	7	12	2.516	7,64,60,25,23,55,81,79,41,48,47,36,74,72,86,59,75,22,46,12,
213	7	13	2.694	7,64,60,25,23,55,81,79,41,48,47,36,74,72,86,59,54,34,61,83,13,
213	7	14	2.709	7,64,60,28,18,63,52,44,89,76,70,29,73,49,97,30,82,43,67,14,
213	7	15	2.737	7,64,60,25,41,48,84,52,44,89,76,70,29,73,80,49,97,30,82,43,67,15,
213	8	9	2.056	8,23,55,81,79,25,41,48,84,47,36,86,72,74,77,9,
213	8	10	1.824	8,23,55,81,79,25,41,48,84,47,36,86,72,74,77,10,
213	8	11	2.113	8,23,55,81,79,25,41,48,47,36,86,72,74,77,26,75,22,11,
213	8	12	2.433	8,23,55,81,79,41,48,47,36,74,72,86,59,37,54,34,61,83,12,
213	8	13	2.474	8,23,55,81,79,25,41,48,47,36,74,72,86,59,54,34,61,83,62,13,
213	8	14	2.523	8,25,41,48,84,52,44,89,76,70,29,73,49,97,30,91,82,43,67,14,
213	8	15	2.444	8,23,55,81,79,41,48,84,44,89,76,70,29,73,80,91,82,43,67,15,
213	9	10	1.662	9,55,81,23,25,79,41,48,84,47,36,86,72,74,77,10,
213	9	11	1.778	9,55,81,23,25,41,79,47,36,74,72,86,59,75,46,22,11,
213	9	12	2.043	9,55,81,23,25,41,79,47,36,74,72,86,59,75,22,46,27,12,
213	9	13	2.2	9,55,81,23,25,41,79,47,36,74,72,86,59,54,34,61,83,62,13,
213	9	14	2.362	9,55,81,23,25,79,41,48,84,52,44,89,76,70,29,73,94,57,14,
213	9	15	2.288	9,55,81,23,25,41,48,84,44,89,76,70,29,73,80,91,82,43,67,15,
213	10	11	1.973	10,77,81,55,23,25,41,79,47,36,74,72,86,75,22,11,
213	10	12	1.939	10,26,77,74,72,86,59,75,22,46,27,54,34,61,83,12,
213	10	13	2.434	10,77,74,72,36,47,84,52,44,89,76,70,29,73,16,90,62,13,
213	10	14	2.576	10,77,74,72,86,36,47,84,52,44,89,76,70,29,73,80,91,82,43,14,
213	10	15	2.5	10,77,74,72,36,47,84,52,44,89,76,70,29,73,80,91,82,43,67,15,
213	11	12	2.101	11,22,46,75,26,77,74,72,86,59,37,54,34,61,83,12,
213	11	13	2.07	11,22,46,27,75,26,77,74,72,86,59,54,34,61,83,13,
213	11	14	2.255	11,22,46,27,54,37,16,29,73,49,97,30,82,43,67,14,
213	11	15	2.435	11,22,46,27,54,37,16,29,73,80,49,97,30,99,78,98,56,42,15,
213	12	13	2.2	12,27,46,22,75,26,77,74,72,86,59,54,34,61,83,13,
213	12	14	2.345	12,61,34,54,37,16,29,73,49,97,30,91,82,43,67,14,
213	12	15	2.243	12,61,34,54,37,16,29,73,49,97,30,91,82,43,67,15,
213	13	14	2.406	13,83,61,34,54,37,16,29,73,49,97,30,91,82,43,14,
213	13	15	2.325	13,62,83,61,34,54,37,16,29,73,80,91,82,43,67,15,
213	14	15	2.33	14,67,43,82,91,80,49,97,30,99,31,66,78,98,56,42,15,
