199	0	3	2.026	0,45,73,24,60,94,95,63,91,82,58,71,68,55,62,3,
199	0	4	2.398	0,45,89,40,71,68,51,55,42,32,97,93,35,61,96,66,85,4,
199	0	1	2.014	0,45,73,43,76,60,94,95,63,91,82,58,71,68,51,1,
199	0	5	2.364	0,45,89,40,71,68,51,86,55,42,32,97,93,35,61,96,66,69,5,
199	0	9	2.422	0,45,73,24,60,94,95,63,53,21,20,47,23,65,50,19,90,17,33,28,9,
199	0	8	2.534	0,45,73,24,60,94,95,63,53,21,20,47,50,65,19,90,49,84,77,39,52,8,
199	0	2	1.789	0,45,73,43,76,56,60,94,91,82,58,71,68,51,86,2,
199	0	7	2.476	0,45,24,60,94,95,63,53,21,20,47,50,65,49,84,77,36,16,7,
199	0	10	2.389	0,45,73,43,76,56,18,59,79,92,26,37,31,80,64,48,99,44,88,10,
199	0	11	2.673	0,45,73,24,60,94,95,63,53,21,20,47,65,50,29,98,37,31,80,11,
199	0	6	2.43	0,73,45,89,40,71,68,55,42,32,97,93,35,61,96,66,69,38,70,6,
199	0	12	1.923	0,45,73,24,43,76,56,18,59,79,92,26,37,31,80,12,
199	0	15	2.279	0,45,73,24,89,40,71,58,82,91,94,95,18,59,56,76,15,
199	1	2	2.075	1,89,45,73,24,60,94,95,63,91,82,58,71,68,51,2,
199	0	14	2.276	0,45,73,24,43,76,56,60,94,95,18,59,79,92,27,14,
199	1	5	2.034	1,40,71,68,51,86,55,42,32,97,93,35,61,96,66,69,5,
199	1	3	2.132	1,40,71,68,51,55,42,32,97,93,35,61,85,62,3,
199	1	4	2.139	1,40,71,68,51,86,55,42,32,97,93,35,61,96,66,85,4,
199	1	8	2.644	1,40,58,82,91,74,53,21,20,72,67,23,47,50,65,19,90,49,84,77,39,52,8,
199	0	13	2.075	0,45,73,24,43,76,56,60,94,95,18,59,79,92,27,13,
199	1	7	2.488	1,40,71,68,55,42,32,97,93,35,61,96,66,69,38,70,46,87,7,
199	1	6	2.405	1,40,71,68,51,86,55,62,32,42,97,93,35,61,96,66,69,38,70,6,
199	1	15	2.223	1,40,51,68,71,58,82,91,63,95,94,60,24,43,76,56,15,
199	1	14	2.462	1,40,71,58,82,91,63,95,94,60,24,45,73,43,76,56,18,59,14,
199	2	5	1.665	2,86,51,68,55,42,32,97,93,35,61,96,66,69,5,
199	2	4	1.77	2,86,51,68,55,42,32,97,93,35,61,96,66,85,4,
199	1	12	2.564	1,40,58,82,74,53,21,20,72,67,23,65,50,29,98,75,37,31,80,12,
199	1	11	2.663	1,40,58,82,91,74,53,21,20,47,65,50,29,98,75,37,31,80,64,11,
199	2	3	1.919	2,86,51,55,42,32,97,93,35,61,96,66,85,62,3,
199	1	10	2.618	1,40,58,82,91,94,95,63,53,21,72,67,23,65,50,19,90,30,88,44,10,
199	1	9	2.662	1,40,71,58,82,91,94,95,63,53,21,72,67,23,47,50,65,19,90,17,33,28,9,
199	1	13	2.587	1,51,68,71,58,82,91,89,45,73,24,43,76,56,18,59,79,92,27,13,
199	2	6	2.272	2,86,51,68,71,58,82,78,81,42,32,97,93,35,61,96,66,69,38,70,6,
199	2	15	2.066	2,86,51,68,71,58,82,91,63,95,94,60,24,45,73,43,76,56,15,
199	2	14	2.357	2,86,51,68,71,58,82,91,63,95,94,60,24,73,43,76,56,18,59,14,
199	3	4	2.116	3,62,32,42,55,78,81,97,93,35,61,96,66,85,4,
199	3	5	1.968	3,62,32,42,97,93,35,61,96,66,69,38,46,34,70,5,
199	2	12	2.436	2,86,51,68,71,58,82,74,53,21,20,47,65,50,29,98,37,31,80,12,
199	2	8	2.425	2,86,51,68,71,58,82,74,53,21,20,47,50,65,19,90,49,84,77,39,52,8,
199	2	11	2.567	2,86,51,68,71,58,82,91,74,53,21,20,47,65,50,29,98,75,37,64,11,
199	2	10	2.51	2,86,51,68,71,58,82,91,74,53,21,72,67,23,47,50,65,19,30,88,44,10,
199	2	7	2.401	2,86,51,55,42,32,97,93,35,61,96,66,69,38,70,46,87,16,7,
199	2	13	2.392	2,86,51,68,71,58,82,91,89,45,73,24,43,76,56,18,59,79,92,27,13,
199	2	9	2.458	2,86,51,68,71,58,82,91,74,53,21,72,67,23,47,50,65,49,84,17,33,28,9,
199	4	5	2.085	4,85,32,42,97,93,35,61,96,66,69,38,46,34,70,5,
199	3	15	2.401	3,62,32,42,55,86,51,68,71,58,82,91,89,45,73,43,76,56,15,
199	3	14	2.544	3,62,32,42,55,86,51,68,71,40,89,45,73,43,76,56,18,59,14,
199	3	12	2.495	3,62,32,42,81,74,53,21,72,67,23,65,50,29,98,37,31,80,12,
199	3	8	2.464	3,62,32,42,97,93,72,67,47,50,65,19,90,49,84,77,36,39,52,8,
199	3	11	2.623	3,62,32,42,97,93,72,67,23,65,50,29,98,75,37,31,80,64,11,
199	3	10	2.631	3,62,32,42,81,74,53,21,20,47,50,65,49,84,17,33,28,30,88,44,10,
199	3	6	2.404	3,86,51,68,71,58,78,81,42,97,93,35,61,96,66,69,38,70,6,
199	3	7	2.443	3,62,32,42,97,93,35,61,96,66,69,38,70,34,46,87,25,16,7,
199	3	9	2.572	3,62,32,42,81,78,74,53,21,20,72,67,23,47,50,65,49,84,17,33,28,9,
199	3	13	2.622	3,62,55,86,51,68,71,40,89,45,73,43,76,56,18,59,79,92,27,13,
199	4	12	2.531	4,85,61,35,93,72,67,23,47,65,50,29,98,75,37,31,80,12,
199	4	6	1.789	4,85,32,42,97,93,35,61,96,66,69,38,70,46,34,6,
199	4	15	2.521	4,85,66,96,61,35,93,97,32,42,55,68,71,40,89,45,73,43,15,
199	4	14	2.713	4,85,93,97,32,42,55,86,51,68,71,40,89,45,73,43,76,56,14,
199	5	6	2.037	5,66,85,32,42,97,93,35,61,96,69,38,70,46,34,6,
199	4	8	2.457	4,85,97,93,35,61,96,66,69,38,70,46,87,25,36,77,39,52,8,
199	4	7	2.145	4,85,32,42,97,93,35,61,96,66,69,38,70,34,46,87,7,
199	4	11	2.72	4,85,97,93,72,67,23,47,65,50,29,98,75,26,37,31,80,64,11,
199	4	10	2.536	4,85,66,96,61,35,93,72,67,23,47,50,65,19,90,30,88,44,10,
199	4	9	2.502	4,85,32,42,97,93,72,67,23,47,50,65,19,90,49,84,17,33,28,9,
199	4	13	2.737	4,85,32,42,55,68,71,40,89,45,73,43,76,56,18,79,92,27,13,
199	6	8	2.06	6,70,38,69,66,96,61,35,22,57,25,36,77,39,52,8,
199	5	8	2.308	5,66,96,61,35,72,67,23,47,50,65,19,90,84,77,39,52,8,
199	6	7	2.181	6,70,38,69,66,96,61,35,22,83,57,25,36,16,7,
199	5	12	2.483	5,69,66,96,61,35,93,72,67,23,65,50,29,98,37,31,80,12,
199	5	9	2.223	5,66,96,61,35,93,72,67,23,47,50,65,19,90,17,33,28,9,
199	5	15	2.532	5,69,66,96,61,35,93,97,32,42,55,51,68,71,40,89,45,73,43,15,
199	5	14	2.744	5,69,66,96,61,35,93,97,32,55,68,71,40,89,45,73,43,76,56,14,
199	5	11	2.538	5,66,96,61,35,72,67,23,65,50,29,98,75,37,31,80,64,11,
199	5	7	2.282	5,66,96,61,35,72,67,23,47,50,65,49,77,36,16,7,
199	5	10	2.388	5,69,38,70,46,87,22,57,25,36,77,84,17,33,28,30,88,44,10,
199	5	13	2.654	5,66,96,61,35,93,97,32,42,81,74,63,95,94,18,59,79,92,27,13,
199	7	8	2.109	7,16,25,57,83,23,65,50,19,90,49,84,77,39,52,8,
199	6	9	1.991	6,34,46,87,22,57,25,36,77,84,49,19,90,17,33,28,9,
199	7	9	2.053	7,16,25,57,83,23,47,50,65,19,90,84,17,33,28,9,
199	6	14	2.579	6,70,38,69,66,61,35,93,97,32,42,81,74,63,95,94,18,59,14,
199	6	15	2.485	6,70,38,69,66,61,35,93,97,32,55,68,71,40,89,45,73,43,15,
199	6	12	2.532	6,34,46,87,25,36,77,84,17,33,28,30,88,44,99,48,64,31,80,12,
199	7	10	2.333	7,16,25,57,83,23,67,72,20,47,50,65,19,90,30,88,44,10,
199	6	11	2.478	6,70,38,22,57,25,36,77,84,17,33,28,30,88,44,99,48,64,11,
199	6	10	2.325	6,70,38,46,87,22,57,25,36,77,49,84,17,33,28,30,88,44,10,
199	7	11	2.48	7,16,36,77,49,84,17,33,28,30,88,44,99,48,64,37,31,80,11,
199	6	13	2.681	6,70,38,69,66,96,61,35,93,81,74,63,95,94,18,59,79,92,27,13,
199	8	9	2.102	8,39,77,36,25,57,83,23,47,50,65,19,90,17,33,28,9,
199	7	15	2.533	7,16,36,77,84,49,90,19,65,50,47,20,21,53,63,95,94,60,76,15,
199	8	10	2.365	8,16,36,77,84,49,65,50,19,90,17,33,28,30,88,44,10,
199	8	14	2.621	8,52,39,36,77,84,49,65,50,47,20,21,53,63,95,94,60,18,59,14,
199	8	12	2.337	8,52,39,77,36,49,84,17,33,28,30,88,44,99,48,64,37,31,80,12,
199	7	12	2.352	7,16,36,77,49,84,17,33,28,30,88,44,99,48,64,37,31,80,12,
199	7	14	2.675	7,16,36,77,84,49,65,50,47,23,67,72,21,53,63,95,94,18,59,14,
199	8	11	2.357	8,52,39,36,77,84,17,33,28,30,88,44,99,48,64,37,31,80,11,
199	8	15	2.473	8,52,39,36,77,84,49,65,50,47,20,21,53,63,95,94,60,76,43,15,
199	8	13	2.491	8,52,39,17,33,28,30,88,44,99,48,64,80,31,37,26,92,27,13,
199	7	13	2.614	7,16,36,77,84,17,33,28,30,88,44,99,48,64,80,31,26,27,13,
199	10	12	2.184	10,44,88,30,28,33,17,84,49,90,19,41,64,31,80,12,
199	10	11	2.243	10,44,88,30,28,33,17,84,49,90,19,29,98,37,64,11,
199	9	11	2.001	9,28,33,17,84,77,36,49,90,19,30,88,44,99,48,64,11,
199	9	10	2.143	9,28,33,17,39,36,77,84,49,65,50,19,90,30,88,10,
199	9	14	2.442	9,28,33,17,30,88,44,99,48,64,80,31,37,26,92,79,18,59,14,
199	9	15	2.381	9,28,33,17,84,49,90,19,65,50,47,20,21,53,63,95,94,60,76,15,
199	9	12	2.301	9,28,33,17,84,77,36,49,90,30,88,44,99,48,64,37,31,80,12,
199	10	14	2.595	10,44,88,30,90,19,65,50,47,23,67,72,21,53,63,95,94,18,59,14,
199	10	13	2.186	10,28,33,17,30,88,44,48,64,80,31,37,26,27,13,
199	10	15	2.559	10,44,88,30,90,19,65,50,47,23,67,72,20,21,53,63,95,94,60,76,15,
199	9	13	2.469	9,28,33,17,30,88,44,99,48,64,80,31,37,98,75,92,27,13,
199	12	15	2.078	12,80,31,37,26,92,79,59,18,56,76,24,45,73,43,15,
199	13	15	2.441	13,27,92,79,59,18,94,95,63,91,82,58,40,89,24,43,15,
199	14	15	2.564	14,59,18,94,95,63,91,82,58,71,68,51,40,89,24,43,15,
199	11	14	2.384	11,44,88,30,99,48,64,80,31,37,26,92,79,18,59,14,
199	12	14	2.391	12,80,31,26,92,79,18,60,24,45,73,43,76,56,59,14,
199	11	12	2.248	11,44,88,30,90,19,65,50,29,98,75,37,31,80,12,
199	13	14	2.645	13,27,92,79,59,18,94,95,63,91,82,58,89,24,76,56,14,
199	11	13	2.453	11,64,80,31,37,98,75,54,95,94,18,79,92,27,13,
199	11	15	2.628	11,80,31,37,75,98,29,50,65,47,20,21,53,63,95,94,60,76,15,
199	12	13	2.371	12,80,31,37,98,75,54,63,95,94,18,59,79,92,27,13,
