359	0	1	2.039	0,68,17,21,39,24,48,80,28,45,65,83,85,66,1,
359	0	2	1.795	0,68,21,39,24,48,80,28,45,65,83,79,35,77,49,2,
359	0	3	2.062	0,68,21,71,39,24,48,80,28,45,65,83,79,66,49,35,77,3,
359	0	4	2.055	0,68,17,21,39,24,48,80,28,45,65,83,78,57,69,18,32,4,
359	0	5	2.325	0,68,21,17,71,39,24,48,80,28,45,65,83,78,57,69,18,64,5,
359	0	6	2.441	0,68,17,21,39,24,48,80,28,45,65,83,78,57,18,69,64,6,
359	0	7	2.627	0,68,17,21,39,24,48,80,28,45,65,83,25,40,99,44,67,98,7,
359	0	8	2.575	0,68,17,21,39,80,28,45,65,83,93,46,92,42,91,37,29,16,8,
359	0	9	2.548	0,95,60,97,88,22,38,63,47,70,59,31,73,86,55,41,62,76,50,51,9,
359	0	10	2.452	0,68,21,17,71,39,24,48,53,72,56,74,19,26,47,70,59,31,73,55,86,10,
359	0	11	2.408	0,68,21,39,24,48,53,72,56,74,19,26,47,70,59,31,55,86,73,11,
359	0	12	2.291	0,68,21,17,71,39,24,48,53,97,88,36,96,61,20,75,34,54,30,12,
359	0	13	1.923	0,68,21,17,71,39,24,48,53,60,97,36,88,96,61,13,
359	0	14	1.836	0,68,21,17,71,39,24,48,53,88,36,97,60,33,90,14,
359	0	15	1.801	0,68,21,71,85,83,65,45,28,80,48,53,97,33,15,
359	1	2	1.76	1,17,21,39,24,48,80,28,45,65,83,79,35,77,49,2,
359	1	3	1.825	1,17,21,71,39,24,48,80,28,45,65,83,79,35,77,3,
359	1	4	1.781	1,17,21,39,80,28,45,65,83,78,57,69,18,32,4,
359	1	5	2.11	1,17,21,71,39,24,48,80,28,45,65,83,78,57,69,18,5,
359	1	6	2.324	1,17,21,71,39,24,48,80,28,45,65,83,25,40,99,44,67,6,
359	1	7	2.492	1,17,21,39,24,48,80,28,45,65,83,25,40,99,44,67,98,7,
359	1	8	2.503	1,17,21,39,24,48,80,28,45,65,83,93,46,81,91,37,29,16,8,
359	1	9	2.532	1,17,21,71,39,24,48,53,72,56,74,19,26,47,70,59,41,62,76,50,51,9,
359	1	10	2.469	1,17,21,39,24,48,53,72,56,74,19,26,63,47,70,59,62,41,31,73,55,86,10,
359	1	11	2.445	1,17,21,39,24,48,53,72,56,74,19,26,63,47,70,59,31,55,86,73,11,
359	1	12	2.33	1,17,21,71,85,83,65,45,28,80,48,53,97,36,96,20,34,54,30,12,
359	1	13	2.113	1,17,21,71,85,83,65,45,28,80,24,48,53,97,36,96,61,13,
359	1	14	1.989	1,17,21,71,85,83,65,45,28,80,48,53,97,36,33,90,14,
359	1	15	1.756	1,17,71,85,83,65,45,28,80,48,53,97,60,33,15,
359	2	3	2.096	2,49,66,85,80,28,45,65,83,78,57,69,18,89,3,
359	2	4	1.865	2,49,66,85,80,28,45,65,83,78,57,69,18,32,4,
359	2	5	2.257	2,49,77,35,66,85,80,28,45,65,83,78,57,18,69,64,5,
359	2	6	2.523	2,49,66,85,71,39,24,48,80,28,45,65,83,25,99,44,67,6,
359	2	7	2.653	2,49,66,85,80,28,45,65,83,93,25,40,46,92,52,82,7,
359	2	8	2.524	2,49,66,85,80,28,45,65,83,93,46,92,42,91,37,29,16,8,
359	2	9	2.659	2,66,79,83,65,45,28,80,72,56,74,19,26,47,70,59,62,76,50,51,9,
359	2	10	2.488	2,49,66,79,83,65,45,28,80,72,56,74,19,26,47,70,59,62,41,55,86,10,
359	2	11	2.53	2,49,66,79,83,65,45,28,80,72,56,74,19,26,47,70,59,31,73,11,
359	2	12	2.322	2,49,66,85,83,65,45,28,80,48,53,97,36,96,20,34,54,30,12,
359	2	13	2.267	2,49,77,35,79,83,65,45,28,80,24,48,53,60,97,88,36,96,61,13,
359	2	14	2.153	2,49,77,35,79,83,65,45,28,80,39,24,48,53,97,60,33,90,14,
359	2	15	1.826	2,49,77,35,79,83,65,45,28,80,48,53,97,60,33,15,
359	3	4	2.031	3,35,77,49,66,85,28,45,65,83,78,57,69,18,32,4,
359	3	5	2.206	3,35,77,49,66,85,80,28,45,65,83,78,57,69,18,5,
359	3	6	2.368	3,35,77,49,66,85,28,45,65,83,25,40,99,44,67,6,
359	3	7	2.655	3,35,77,49,66,85,80,28,45,65,83,25,40,99,44,67,98,7,
359	3	8	2.597	3,89,57,18,69,44,99,40,25,93,46,92,42,91,37,16,8,
359	3	9	2.685	3,89,57,78,25,40,92,81,94,26,19,63,47,70,59,41,62,76,50,51,9,
359	3	10	2.552	3,89,57,78,25,40,92,81,94,74,19,26,63,47,70,59,31,73,55,86,10,
359	3	11	2.694	3,89,57,18,69,44,99,40,92,81,94,19,26,47,70,59,31,55,86,73,11,
359	3	12	2.463	3,77,35,79,83,65,45,28,80,48,53,97,36,96,20,75,34,54,30,12,
359	3	13	2.506	3,35,77,49,66,79,83,65,45,28,80,39,24,48,53,97,88,36,96,61,13,
359	3	14	2.329	3,35,77,49,66,79,83,65,45,28,80,24,48,53,97,60,95,33,90,14,
359	3	15	2.166	3,35,77,49,66,79,83,65,45,28,80,24,48,53,97,36,33,15,
359	4	5	2.195	4,32,18,69,57,78,25,93,46,40,99,44,67,64,5,
359	4	6	2.289	4,32,18,69,44,99,25,93,46,92,42,52,82,98,6,
359	4	7	2.229	4,32,18,69,44,99,40,25,93,46,92,42,52,82,7,
359	4	8	2.102	4,32,18,69,44,99,25,40,92,42,91,37,29,16,8,
359	4	9	2.434	4,32,18,69,57,44,99,40,25,93,46,92,81,91,37,29,16,9,
359	4	10	2.383	4,32,18,69,44,99,25,40,92,81,94,74,19,26,47,70,59,62,41,55,86,10,
359	4	11	2.545	4,32,18,69,44,99,25,40,92,81,94,26,19,63,47,70,59,31,55,86,73,11,
359	4	12	2.489	4,32,18,69,44,99,25,40,92,81,94,74,19,26,47,70,63,23,27,30,12,
359	4	13	2.475	4,32,18,69,57,78,83,65,45,28,80,39,24,48,53,97,88,36,96,61,13,
359	4	14	2.488	4,32,18,69,44,99,40,25,83,65,45,28,80,24,48,53,97,60,33,90,14,
359	4	15	2.052	4,32,18,69,57,78,83,65,45,28,80,24,48,53,97,60,95,15,
359	5	6	2.438	5,64,18,69,44,99,40,25,93,46,92,82,98,6,
359	5	7	2.435	5,64,18,69,57,44,99,40,25,93,46,92,82,7,
359	5	8	2.247	5,64,44,99,40,25,93,46,92,81,91,37,29,16,8,
359	5	9	2.452	5,64,44,99,40,92,81,74,19,26,47,70,59,41,62,76,50,51,9,
359	5	10	2.297	5,64,44,99,40,92,81,94,74,19,26,63,47,70,59,62,41,55,86,10,
359	5	11	2.593	5,64,44,99,25,40,92,81,94,74,19,26,63,47,70,59,62,41,55,86,73,11,
359	5	12	2.511	5,64,44,99,40,92,81,94,19,26,47,70,63,38,22,75,34,54,30,12,
359	5	13	2.457	5,64,69,18,57,78,83,65,45,28,80,48,53,97,88,36,96,61,13,
359	5	14	2.378	5,64,69,18,57,78,83,65,45,28,80,24,48,53,97,60,33,90,14,
359	5	15	2.501	5,64,69,18,57,78,83,65,45,28,80,24,48,53,97,88,36,33,95,15,
359	6	7	2.603	6,64,69,18,57,44,99,40,25,93,46,92,82,7,
359	6	8	2.434	6,64,44,99,40,25,93,46,92,81,91,37,29,16,8,
359	6	9	2.377	6,98,82,84,16,29,37,43,62,41,31,73,86,55,50,76,87,51,9,
359	6	10	2.322	6,98,82,52,91,94,74,19,26,63,47,70,59,62,41,55,31,73,86,10,
359	6	11	2.585	6,98,82,52,42,81,94,74,19,26,63,23,70,47,59,62,41,55,86,73,31,11,
359	6	12	2.526	6,98,82,52,42,81,94,74,19,26,47,70,63,23,38,22,75,34,54,30,12,
359	6	13	2.599	6,98,82,84,16,29,37,91,94,26,19,63,47,70,23,38,22,75,34,13,
359	6	14	2.516	6,67,44,99,40,25,83,65,45,28,80,24,48,53,97,60,33,90,14,
359	6	15	2.567	6,64,69,18,57,78,83,65,45,28,80,24,48,53,97,60,33,95,15,
359	7	8	2.426	7,82,52,91,94,19,26,47,70,59,41,62,76,87,29,16,8,
359	7	9	2.135	7,82,84,16,29,37,87,76,62,41,31,73,55,86,50,51,9,
359	7	10	2.193	7,82,52,42,81,94,74,19,26,63,47,70,59,62,41,31,73,86,10,
359	7	11	2.352	7,84,16,29,37,91,94,74,19,26,63,47,70,59,41,62,55,86,73,11,
359	7	12	2.375	7,84,16,29,37,91,94,74,19,26,47,63,38,22,75,34,54,30,12,
359	7	13	2.45	7,84,16,29,37,91,94,74,19,26,47,70,63,23,38,22,75,20,61,13,
359	7	14	2.55	7,84,16,29,37,91,94,74,19,26,47,63,23,38,22,75,20,96,14,
359	7	15	2.624	7,98,67,44,99,40,25,83,65,45,28,80,24,48,53,97,60,95,15,
359	8	9	1.942	8,16,29,37,43,26,19,63,47,70,59,41,62,76,50,51,9,
359	8	10	1.76	8,16,29,37,91,94,26,19,63,47,70,59,62,41,55,86,10,
359	8	11	1.896	8,16,29,37,43,26,19,63,47,70,59,62,41,55,86,73,11,
359	8	12	2.166	8,16,29,37,91,94,74,19,26,47,70,63,23,38,22,75,34,54,30,12,
359	8	13	2.228	8,16,29,37,87,50,76,62,41,59,70,47,63,23,38,22,75,20,61,13,
359	8	14	2.354	8,16,29,37,91,94,74,19,26,47,70,63,23,38,22,75,20,61,96,14,
359	8	15	2.55	8,16,29,37,91,94,74,19,26,47,70,63,23,38,22,75,20,96,90,15,
359	9	10	1.748	9,16,29,37,91,94,26,19,63,47,70,59,62,41,55,86,10,
359	9	11	1.884	9,16,29,37,43,26,19,63,47,70,59,62,41,55,86,73,11,
359	9	12	1.74	9,51,50,76,62,41,59,70,47,63,38,22,75,54,30,12,
359	9	13	1.983	9,51,50,76,62,41,55,73,31,59,70,47,63,23,38,22,75,34,13,
359	9	14	2.144	9,51,50,76,62,41,55,86,73,31,59,70,47,63,38,22,75,20,61,14,
359	9	15	2.427	9,51,50,76,62,41,55,86,73,31,59,70,47,63,38,22,75,20,96,90,15,
359	10	11	1.823	10,51,50,76,43,26,19,63,47,70,59,62,41,55,31,73,11,
359	10	12	1.601	10,86,55,41,62,59,70,47,63,23,38,22,75,34,54,30,12,
359	10	13	1.63	10,86,55,73,31,59,70,47,63,23,38,22,75,20,61,13,
359	10	14	2.066	10,86,55,73,31,41,62,59,70,47,26,19,63,38,22,75,20,61,96,14,
359	10	15	2.306	10,86,55,31,41,62,59,70,47,26,19,63,23,38,22,75,20,61,96,90,15,
359	11	12	1.694	11,73,86,55,41,62,59,70,47,63,38,22,75,54,30,12,
359	11	13	1.721	11,73,86,55,41,62,59,70,47,63,38,22,75,20,61,13,
359	11	14	2.013	11,73,31,55,41,62,59,70,47,63,23,38,22,75,20,61,96,14,
359	11	15	2.283	11,73,86,55,41,62,59,47,70,63,23,38,22,75,20,61,96,90,15,
359	12	13	1.793	12,30,54,27,23,70,47,26,19,63,38,22,75,20,61,13,
359	12	14	1.914	12,30,54,27,23,70,47,26,19,63,38,22,75,20,61,14,
359	12	15	2.324	12,30,27,23,70,47,26,19,63,38,22,75,20,61,96,90,33,15,
359	13	14	1.991	13,34,54,27,23,70,47,26,19,63,38,22,75,20,61,14,
359	13	15	2.158	13,34,54,27,75,20,61,96,36,88,97,60,95,33,90,15,
359	14	15	2.189	14,90,33,60,53,48,80,28,45,65,83,85,71,39,95,15,
