230	0	1	2.066	0,39,27,86,95,64,92,18,25,52,41,47,60,37,87,1,
230	0	2	2.14	0,39,27,86,95,64,92,18,25,52,41,47,60,37,87,2,
230	0	3	2.206	0,39,27,86,64,95,92,18,25,52,47,41,83,24,73,28,3,
230	0	4	2.03	0,39,27,86,95,64,92,18,25,52,60,47,41,83,28,73,4,
230	0	5	2.34	0,39,27,86,95,64,92,18,25,52,60,47,41,83,28,73,50,30,5,
230	0	6	2.542	0,39,27,86,95,64,92,25,52,47,41,55,54,45,16,88,46,51,82,85,6,
230	0	7	2.4	0,39,27,86,95,64,92,18,29,42,32,16,88,46,93,33,17,89,98,63,7,
230	0	8	2.356	0,39,27,95,64,92,18,29,42,32,16,88,46,93,33,89,98,61,22,79,8,
230	0	9	2.48	0,86,95,64,92,18,29,42,32,16,88,46,93,17,89,61,22,79,9,
230	0	10	2.403	0,39,27,20,49,97,71,21,40,36,58,96,53,56,57,99,65,31,10,
230	0	11	2.336	0,59,86,95,64,92,18,29,42,43,26,53,56,57,99,91,80,62,11,
230	0	12	2.301	0,39,27,20,49,97,71,21,40,36,58,57,99,91,80,62,23,12,
230	0	13	2.128	0,59,86,64,95,27,39,20,49,97,71,21,74,40,77,68,13,
230	0	14	2.196	0,39,27,86,95,64,25,52,29,18,94,74,21,71,97,14,
230	0	15	2.219	0,39,27,86,95,64,25,52,29,18,94,74,21,71,97,15,
230	1	2	2.21	1,90,81,59,86,39,27,95,64,92,18,25,52,60,37,87,2,
230	1	3	2.124	1,90,81,59,86,95,64,92,18,25,52,60,47,41,83,3,
230	1	4	1.965	1,90,81,59,86,95,64,25,52,60,47,41,83,24,73,4,
230	1	5	2.38	1,90,59,86,95,64,92,18,25,52,41,47,83,28,73,24,50,30,5,
230	1	6	2.504	1,87,37,60,47,41,54,45,16,88,46,93,17,89,63,33,48,51,82,85,6,
230	1	7	2.299	1,87,37,60,47,41,55,54,45,16,88,46,93,33,17,89,98,61,63,7,
230	1	8	2.262	1,87,37,60,47,41,54,45,16,88,46,93,33,17,89,63,98,61,22,79,8,
230	1	9	2.388	1,87,37,60,47,41,54,45,16,88,46,93,17,89,63,98,61,22,79,9,
230	1	10	2.55	1,90,81,59,86,27,39,20,49,97,71,21,40,36,58,57,99,65,31,10,
230	1	11	2.537	1,90,81,59,86,27,20,49,97,71,21,40,36,58,57,99,91,80,62,11,
230	1	12	2.471	1,90,81,59,86,27,39,20,49,97,71,21,40,36,58,91,80,76,23,12,
230	1	13	2.473	1,87,37,52,25,29,42,43,26,53,56,57,99,91,80,76,75,38,13,
230	1	14	2.242	1,87,37,81,90,59,86,64,95,27,39,20,49,97,74,71,14,
230	1	15	2.164	1,87,37,60,47,41,52,25,64,95,86,39,27,20,49,15,
230	2	3	2.4	2,37,87,81,59,86,95,64,92,18,25,52,41,47,83,3,
230	2	4	2.147	2,87,37,25,18,29,52,60,47,41,83,24,73,28,4,
230	2	5	2.245	2,87,37,25,52,60,47,41,55,83,28,73,50,30,5,
230	2	6	2.447	2,70,83,55,54,45,88,46,93,17,89,98,63,33,48,51,82,85,6,
230	2	7	2.359	2,37,60,47,41,54,45,16,88,46,93,33,17,89,61,98,63,67,7,
230	2	8	2.381	2,70,60,47,41,55,54,32,16,88,46,93,33,17,89,63,98,61,22,79,8,
230	2	9	2.376	2,70,83,55,54,45,16,88,46,93,33,17,89,63,98,61,22,79,9,
230	2	10	2.631	2,87,37,52,25,18,29,42,43,26,53,56,69,57,99,78,65,31,10,
230	2	11	2.639	2,87,37,52,25,18,29,42,43,26,53,56,57,99,78,65,31,34,11,
230	2	12	2.567	2,87,37,52,25,18,29,42,43,26,53,56,57,99,91,80,76,23,12,
230	2	13	2.523	2,87,37,52,29,42,43,26,53,56,57,99,91,80,76,75,38,68,13,
230	2	14	2.436	2,87,37,52,25,29,42,43,26,96,58,36,40,21,71,14,
230	2	15	2.392	2,87,37,60,47,41,52,25,18,92,64,95,86,27,39,20,49,15,
230	3	4	2.376	3,83,55,54,32,45,16,88,46,93,48,51,72,50,24,73,4,
230	3	5	2.241	3,28,73,24,83,55,54,45,16,88,46,48,51,82,85,5,
230	3	6	2.042	3,83,55,54,45,16,88,46,93,17,89,98,63,33,66,6,
230	3	7	2.166	3,28,73,24,55,54,45,16,88,46,93,33,17,89,61,98,63,67,7,
230	3	8	2.191	3,28,73,24,83,55,54,32,16,88,46,93,33,17,89,98,61,22,79,8,
230	3	9	2.255	3,83,55,54,32,16,45,88,46,93,33,17,89,63,98,61,22,79,9,
230	3	10	2.509	3,83,55,54,32,45,16,88,46,93,33,17,89,63,98,61,22,84,19,10,
230	3	11	2.671	3,83,55,54,45,16,88,46,93,33,17,89,63,98,61,22,84,19,31,34,11,
230	3	12	2.685	3,28,73,24,83,41,29,42,43,26,53,56,57,99,91,80,76,23,12,
230	3	13	2.647	3,70,60,52,25,18,29,42,43,26,53,56,57,99,91,80,76,75,38,13,
230	3	14	2.65	3,28,73,24,55,54,42,43,26,96,58,36,40,74,21,71,97,14,
230	3	15	2.34	3,28,73,24,83,41,47,52,25,92,64,95,86,27,39,20,49,15,
230	4	5	2.023	4,28,73,24,83,55,54,45,16,88,46,48,51,82,85,5,
230	4	6	1.829	4,28,73,24,83,55,54,45,16,88,46,48,51,82,85,6,
230	4	7	1.719	4,28,73,24,55,54,45,16,88,46,93,17,89,98,63,7,
230	4	8	1.842	4,28,73,24,55,54,45,16,88,46,93,33,63,98,61,22,79,8,
230	4	9	2.097	4,28,73,24,55,54,45,16,88,46,93,33,17,89,63,98,61,22,79,9,
230	4	10	2.292	4,28,73,24,55,54,45,16,88,46,93,17,89,98,61,22,84,19,10,
230	4	11	2.563	4,28,73,24,83,47,41,29,42,43,26,53,56,57,99,78,65,31,34,11,
230	4	12	2.521	4,28,73,24,83,47,41,29,42,43,26,53,56,57,99,91,80,62,23,12,
230	4	13	2.518	4,28,73,24,83,55,54,42,43,26,53,56,57,99,91,80,76,75,38,68,13,
230	4	14	2.507	4,28,73,24,55,54,42,43,26,53,56,96,36,58,40,21,71,97,14,
230	4	15	2.304	4,28,73,24,83,41,47,60,52,25,18,92,64,95,86,27,39,20,49,15,
230	5	6	1.916	5,72,45,16,88,46,93,17,89,98,63,33,48,51,82,85,6,
230	5	7	1.839	5,72,45,16,88,46,93,33,17,89,63,98,61,22,67,7,
230	5	8	1.652	5,72,45,16,88,46,93,33,17,89,63,98,61,22,79,8,
230	5	9	2.159	5,30,50,55,54,45,16,88,46,93,33,17,89,63,98,61,22,79,9,
230	5	10	2.326	5,30,50,72,45,16,88,46,93,33,17,89,63,98,61,22,84,19,10,
230	5	11	2.445	5,72,45,16,88,46,93,33,63,98,61,22,84,19,78,65,31,34,11,
230	5	12	2.62	5,72,45,16,88,46,93,17,33,63,98,61,22,84,19,78,65,62,23,12,
230	5	13	2.65	5,30,50,24,73,28,83,55,54,42,43,26,96,58,36,40,77,68,13,
230	5	14	2.531	5,30,50,24,73,28,83,41,47,60,52,25,18,92,94,74,21,71,14,
230	5	15	2.503	5,30,50,24,73,28,83,41,47,52,25,18,92,64,95,86,27,20,49,15,
230	6	7	1.693	6,85,82,51,45,16,88,46,93,33,17,89,61,98,63,67,7,
230	6	8	1.479	6,85,82,51,88,46,93,33,17,89,98,61,22,79,8,
230	6	9	1.712	6,85,82,51,88,46,93,33,17,89,63,98,61,22,79,9,
230	6	10	2.181	6,85,82,51,48,93,33,17,89,63,98,61,22,84,19,78,65,31,10,
230	6	11	2.293	6,85,82,51,48,93,33,17,89,63,98,61,22,84,19,78,65,31,34,11,
230	6	12	2.513	6,85,82,51,48,46,88,16,32,42,43,26,53,56,57,99,91,80,62,23,12,
230	6	13	2.517	6,85,82,51,48,33,63,98,61,89,17,44,35,69,57,99,91,80,76,75,38,13,
230	6	14	2.626	6,85,82,51,48,46,88,16,32,42,43,26,96,58,36,40,74,21,71,97,14,
230	6	15	2.567	6,85,82,51,46,88,16,32,42,43,26,96,58,36,40,74,21,71,97,15,
230	7	8	1.793	7,67,63,98,61,89,17,33,93,46,88,44,22,79,8,
230	7	9	2.005	7,66,48,51,88,46,93,17,89,33,63,98,61,22,79,9,
230	7	10	2.029	7,63,98,89,17,33,93,44,35,69,57,99,78,65,31,10,
230	7	11	2.219	7,63,98,61,89,17,33,93,44,35,69,57,99,78,65,31,34,11,
230	7	12	2.393	7,63,98,89,17,93,46,88,16,32,42,43,26,96,36,58,76,23,12,
230	7	13	2.399	7,63,98,89,17,33,93,46,88,16,32,42,43,26,96,36,40,77,68,13,
230	7	14	2.408	7,63,98,89,17,33,93,46,88,16,32,42,43,26,96,36,40,21,71,14,
230	7	15	2.506	7,63,98,89,17,33,93,46,88,32,42,43,26,96,36,40,21,71,97,15,
230	8	9	1.834	8,79,22,61,98,63,89,17,33,93,46,88,44,84,9,
230	8	10	1.837	8,79,22,61,98,63,89,17,33,93,44,84,19,31,10,
230	8	11	1.89	8,79,22,61,98,63,33,17,44,84,19,78,31,34,11,
230	8	12	2.119	8,79,22,61,98,63,89,33,17,44,35,69,57,99,91,80,76,23,12,
230	8	13	2.193	8,79,22,61,98,63,89,33,17,44,35,69,57,99,91,80,76,75,38,13,
230	8	14	2.369	8,79,22,61,98,89,33,93,46,88,43,26,96,36,40,21,71,14,
230	8	15	2.446	8,79,22,61,98,89,17,93,46,88,43,26,96,36,40,21,71,97,15,
230	9	10	2.018	9,79,22,61,98,63,89,17,33,93,44,84,19,31,10,
230	9	11	2.071	9,79,22,61,98,63,33,17,44,84,19,78,31,34,11,
230	9	12	2.153	9,79,22,61,98,63,89,44,35,69,57,99,62,23,12,
230	9	13	2.216	9,79,22,61,89,44,35,69,57,99,91,80,76,75,38,13,
230	9	14	2.526	9,79,22,61,98,89,17,93,46,88,43,26,96,36,40,21,71,14,
230	9	15	2.6	9,79,22,61,98,63,33,17,44,35,69,56,58,36,40,21,71,97,15,
230	10	11	1.981	10,31,65,78,99,57,56,53,96,36,58,91,80,62,11,
230	10	12	1.995	10,31,65,99,57,56,53,96,36,58,91,80,76,23,12,
230	10	13	2.017	10,31,65,78,99,57,56,53,96,58,36,40,77,68,13,
230	10	14	2.16	10,31,65,78,99,57,56,96,58,36,40,74,21,71,97,14,
230	10	15	2.229	10,31,65,78,99,57,56,53,96,58,36,40,74,21,71,97,15,
230	11	12	2.068	11,34,31,65,99,57,56,53,96,58,91,80,76,23,12,
230	11	13	2.041	11,34,31,65,78,57,99,80,91,58,36,40,77,68,13,
230	11	14	2.053	11,62,80,91,99,57,56,53,96,58,36,40,21,71,97,14,
230	11	15	2.239	11,34,31,65,78,99,57,56,53,96,58,36,40,21,71,97,15,
230	12	13	2.011	12,23,76,80,91,99,57,56,96,58,36,40,77,68,13,
230	12	14	2.066	12,23,76,80,91,99,57,56,53,96,58,36,40,21,71,14,
230	12	15	2.092	12,23,76,80,91,99,57,56,53,96,36,40,21,71,97,15,
230	13	14	2.054	13,68,38,75,76,91,80,99,57,58,36,40,21,71,97,14,
230	13	15	2.077	13,68,38,75,76,91,80,99,57,58,36,40,21,71,97,15,
230	14	15	2.301	14,71,21,40,36,58,96,18,92,64,95,27,39,20,49,15,
