317	0	1	2.186	0,40,84,85,75,37,69,35,29,94,46,62,67,48,1,
317	0	2	2.133	0,24,66,67,62,46,94,51,49,95,44,61,41,30,64,2,
317	0	3	2.256	0,24,66,67,62,46,94,51,79,49,95,44,61,41,86,30,64,3,
317	0	4	2.442	0,40,84,85,75,37,69,58,29,94,46,62,51,79,44,61,41,38,4,
317	0	5	2.531	0,24,66,67,51,62,46,94,29,17,49,95,44,61,41,38,91,93,5,
317	0	6	2.708	0,24,66,67,62,46,94,51,79,49,95,44,61,41,38,91,93,87,6,
317	0	7	2.701	0,24,66,67,62,46,94,29,17,18,59,98,72,47,90,68,96,78,32,92,7,
317	0	8	2.594	0,24,66,67,62,46,94,29,17,18,59,72,47,90,22,23,31,96,78,25,8,
317	0	9	2.705	0,24,66,67,62,46,94,29,17,18,59,98,60,22,72,47,90,77,89,55,9,
317	0	10	2.528	0,24,66,67,62,46,94,29,17,18,59,72,47,90,77,88,21,36,10,
317	0	11	2.716	0,40,84,85,53,62,46,94,29,17,35,58,69,37,33,82,63,34,11,
317	0	12	2.74	0,24,66,67,51,62,46,94,29,17,35,69,58,37,33,82,63,34,65,12,
317	0	13	2.501	0,24,66,67,62,46,94,29,17,35,58,69,37,33,82,63,45,28,99,13,
317	0	14	2.259	0,24,66,67,62,46,94,29,58,69,37,75,19,57,83,14,
317	0	15	2.182	0,24,66,67,62,46,94,29,58,69,37,75,85,40,84,15,
317	1	2	2.014	1,48,67,62,46,94,51,79,49,95,44,61,41,30,64,2,
317	1	3	1.909	1,48,67,62,46,94,51,79,49,95,44,61,41,30,64,3,
317	1	4	2.313	1,48,67,51,62,46,94,29,17,49,95,79,86,44,61,41,38,4,
317	1	5	2.463	1,48,67,62,46,94,29,17,49,95,79,86,44,61,41,38,91,93,5,
317	1	6	2.59	1,48,67,62,46,94,29,17,18,59,72,47,90,22,23,31,73,6,
317	1	7	2.485	1,48,67,62,46,94,29,17,18,59,98,72,47,90,22,60,23,31,92,7,
317	1	8	2.529	1,48,67,62,46,94,29,17,18,59,98,72,47,90,22,60,23,31,96,78,25,8,
317	1	9	2.712	1,48,67,62,46,94,29,17,18,59,98,72,47,90,68,22,23,31,96,27,76,9,
317	1	10	2.622	1,48,67,62,46,94,29,17,18,59,72,47,90,22,68,89,77,88,21,36,10,
317	1	11	2.548	1,48,67,62,46,94,29,17,35,58,69,37,33,82,97,63,65,34,11,
317	1	12	2.675	1,48,67,62,46,94,29,17,35,58,69,37,33,82,63,45,28,99,43,12,
317	1	13	2.434	1,48,67,62,46,94,29,17,35,58,69,37,75,19,42,20,45,28,99,13,
317	1	14	2.382	1,48,67,62,46,94,29,17,35,58,69,37,75,19,70,57,83,14,
317	1	15	2.119	1,48,67,62,46,94,29,35,69,37,75,85,40,84,15,
317	2	3	1.987	2,74,67,62,46,94,51,79,49,95,44,61,41,30,64,3,
317	2	4	2.129	2,48,67,62,46,94,51,79,49,95,44,86,41,38,4,
317	2	5	2.476	2,48,67,51,62,46,94,29,17,49,95,44,61,41,38,91,93,5,
317	2	6	2.552	2,64,30,86,79,51,62,46,94,29,17,18,59,98,26,73,50,6,
317	2	7	2.556	2,64,30,41,61,44,95,49,18,59,98,72,47,90,22,60,23,31,92,7,
317	2	8	2.484	2,64,30,41,61,44,95,49,18,59,72,47,90,22,23,31,96,78,25,8,
317	2	9	2.646	2,74,67,62,46,94,29,17,18,59,98,72,47,90,22,31,96,27,76,9,
317	2	10	2.596	2,64,30,41,61,44,95,49,18,59,72,47,90,77,89,55,88,21,36,10,
317	2	11	2.658	2,74,67,51,62,46,94,29,17,35,69,58,37,33,82,63,65,34,11,
317	2	12	2.623	2,64,30,41,61,44,95,79,51,62,46,94,29,58,69,37,33,82,63,65,12,
317	2	13	2.512	2,74,67,62,46,94,29,17,35,58,69,37,75,19,42,20,45,28,99,13,
317	2	14	2.497	2,74,67,62,46,94,29,58,69,37,33,82,63,45,99,28,20,42,14,
317	2	15	2.342	2,48,67,62,46,94,29,17,35,58,69,37,75,85,40,84,15,
317	3	4	2.038	3,64,30,86,79,51,62,46,94,29,49,95,44,61,38,4,
317	3	5	2.084	3,30,41,61,44,95,49,18,59,98,26,52,71,93,91,5,
317	3	6	2.227	3,30,86,41,61,44,95,49,18,59,98,26,73,50,6,
317	3	7	2.328	3,30,41,61,44,95,49,18,59,98,72,47,90,22,23,31,92,7,
317	3	8	2.238	3,30,41,61,44,95,49,18,59,98,72,47,90,22,96,78,25,8,
317	3	9	2.622	3,30,41,61,44,95,49,18,59,98,72,47,90,22,23,31,96,78,27,76,9,
317	3	10	2.641	3,64,30,41,61,44,95,49,18,59,98,72,47,90,22,68,89,77,88,21,36,10,
317	3	11	2.604	3,30,41,61,44,95,79,51,62,46,94,29,58,69,37,33,82,63,65,34,11,
317	3	12	2.643	3,64,30,41,61,44,95,79,51,62,46,94,29,58,69,37,33,82,63,34,65,12,
317	3	13	2.426	3,41,61,44,95,79,51,62,46,94,29,58,69,37,33,82,63,45,28,99,13,
317	3	14	2.488	3,41,61,44,95,79,51,62,46,94,29,58,69,37,75,19,70,57,83,14,
317	3	15	2.293	3,64,30,86,79,51,62,46,94,29,58,69,37,75,85,40,84,15,
317	4	5	2.062	4,38,41,61,44,95,49,18,59,98,26,52,71,93,91,5,
317	4	6	2.252	4,38,41,61,86,44,95,49,18,59,98,26,73,50,6,
317	4	7	2.14	4,38,41,61,44,95,49,18,59,98,60,22,23,31,92,7,
317	4	8	2.216	4,38,41,61,44,95,49,18,59,98,72,47,90,22,96,78,25,8,
317	4	9	2.489	4,38,41,61,44,95,49,18,59,98,72,47,90,22,23,31,96,27,76,9,
317	4	10	2.436	4,38,41,61,44,95,49,18,59,98,60,72,47,90,77,89,88,21,36,10,
317	4	11	2.525	4,38,41,61,44,95,79,51,62,46,94,29,58,69,37,33,82,63,34,11,
317	4	12	2.651	4,38,41,61,44,95,79,51,62,46,94,29,17,35,58,69,37,33,82,63,65,12,
317	4	13	2.528	4,38,41,61,44,95,79,51,62,46,94,29,58,69,37,33,82,63,45,28,99,13,
317	4	14	2.599	4,38,41,61,44,95,79,51,62,46,94,29,58,69,37,75,85,70,57,83,14,
317	4	15	2.424	4,38,41,61,44,95,79,51,62,46,94,29,58,69,37,75,85,40,84,15,
317	5	6	2.347	5,91,38,41,61,44,95,49,18,59,98,26,73,50,6,
317	5	7	2.17	5,93,91,71,52,26,98,59,72,47,90,22,23,31,92,7,
317	5	8	2.069	5,87,52,26,98,59,72,47,90,22,23,31,96,78,25,8,
317	5	9	2.46	5,93,91,71,52,26,98,59,72,47,90,68,22,23,31,96,27,76,9,
317	5	10	2.515	5,91,93,71,52,26,98,59,54,47,72,60,22,90,77,89,88,21,36,10,
317	5	11	2.698	5,93,91,38,41,61,44,95,49,17,29,58,69,37,33,82,63,34,11,
317	5	12	2.672	5,93,91,38,41,61,44,95,79,51,94,29,58,69,37,33,82,63,65,12,
317	5	13	2.609	5,93,91,38,41,61,44,95,79,51,62,53,75,19,42,20,45,28,99,13,
317	5	14	2.563	5,93,91,38,41,61,44,95,49,79,51,62,46,53,85,70,57,83,14,
317	5	15	2.615	5,93,91,38,41,61,44,95,79,51,62,46,94,29,58,69,37,75,70,15,
317	6	7	2.015	6,50,73,39,23,60,72,47,90,22,68,96,78,32,92,7,
317	6	8	1.925	6,50,73,39,60,72,47,90,22,23,31,96,78,32,25,8,
317	6	9	2.319	6,50,92,32,78,96,31,23,22,60,72,47,90,77,89,68,27,76,9,
317	6	10	2.222	6,50,92,32,78,96,31,23,22,60,72,47,90,77,89,88,21,36,10,
317	6	11	2.488	6,50,92,32,78,96,31,23,60,72,47,90,77,89,55,88,21,36,11,
317	6	12	2.706	6,50,92,32,78,96,31,23,22,90,47,72,54,56,16,97,82,63,65,12,
317	6	13	2.583	6,50,73,31,23,22,60,72,47,54,56,16,97,82,20,45,28,99,13,
317	6	14	2.756	6,50,73,39,23,22,90,47,54,56,16,97,82,63,45,99,28,20,42,14,
317	6	15	2.82	6,50,92,31,23,22,90,47,54,56,35,58,69,37,75,85,40,84,15,
317	7	8	1.807	7,92,31,23,22,72,47,90,77,89,68,27,76,78,25,8,
317	7	9	1.839	7,92,25,78,96,31,23,22,60,72,47,90,77,89,55,9,
317	7	10	1.757	7,92,32,78,96,31,23,60,22,90,77,89,88,21,36,10,
317	7	11	2.268	7,92,32,25,78,96,31,23,22,60,72,47,90,77,89,88,21,36,11,
317	7	12	2.461	7,92,32,78,96,31,23,60,22,90,72,47,54,56,16,97,82,63,65,12,
317	7	13	2.429	7,92,32,78,96,31,23,22,90,47,54,56,16,97,82,20,45,28,99,13,
317	7	14	2.63	7,92,32,78,96,31,23,60,22,90,47,54,56,16,97,82,63,45,20,42,14,
317	7	15	2.705	7,92,32,78,96,31,23,60,72,47,54,56,16,97,82,33,75,85,40,84,15,
317	8	9	1.791	8,25,78,96,31,23,22,90,72,47,77,89,68,27,76,9,
317	8	10	1.625	8,25,78,96,31,23,60,72,47,90,77,89,88,21,36,10,
317	8	11	2.091	8,25,78,96,31,23,60,72,47,90,22,68,89,77,88,21,36,11,
317	8	12	2.269	8,25,78,96,31,23,60,22,90,72,47,54,56,16,97,82,63,65,12,
317	8	13	2.225	8,25,78,96,31,23,22,72,47,54,56,16,97,82,63,45,28,99,13,
317	8	14	2.521	8,25,78,96,31,23,22,90,47,54,56,16,97,82,63,45,99,28,20,42,14,
317	8	15	2.55	8,25,78,96,31,23,22,90,47,54,56,16,97,82,33,75,85,84,40,15,
317	9	10	1.805	9,76,27,96,31,23,60,22,90,47,77,89,88,21,36,10,
317	9	11	2.054	9,76,27,96,31,23,60,22,90,47,77,89,88,21,36,11,
317	9	12	2.201	9,76,27,96,31,23,22,90,72,47,54,56,16,34,65,12,
317	9	13	2.325	9,55,89,77,90,72,47,54,56,16,97,82,33,42,20,45,28,99,13,
317	9	14	2.589	9,55,89,77,90,22,72,47,54,56,16,97,82,63,45,99,28,20,42,14,
317	9	15	2.648	9,55,89,77,90,47,72,98,59,18,17,29,94,46,62,53,85,40,84,15,
317	10	11	2.144	10,36,21,88,77,89,68,22,90,47,54,56,16,34,11,
317	10	12	2.107	10,36,21,88,89,77,90,47,54,56,16,97,82,63,65,12,
317	10	13	2.007	10,36,21,88,80,56,16,97,82,33,20,45,28,99,13,
317	10	14	2.25	10,36,21,88,77,90,47,72,54,56,16,97,82,20,42,14,
317	10	15	2.496	10,36,21,88,77,90,47,54,56,35,58,69,37,75,85,40,84,15,
317	11	12	2.356	11,36,21,88,89,77,90,47,54,56,16,97,82,63,65,12,
317	11	13	2.249	11,34,63,82,33,37,69,58,75,19,42,20,45,28,99,13,
317	11	14	2.496	11,36,21,88,80,56,16,97,82,33,42,20,45,99,28,14,
317	11	15	2.602	11,34,63,82,33,37,69,35,17,29,94,46,62,53,85,40,84,15,
317	12	13	2.245	12,65,34,63,82,33,37,69,58,75,19,42,20,28,99,13,
317	12	14	2.52	12,65,63,82,33,37,69,58,29,94,46,62,53,85,70,57,83,14,
317	12	15	2.47	12,65,34,63,82,33,37,69,58,29,94,46,62,53,85,40,84,15,
317	13	14	2.325	13,99,28,45,20,42,33,82,97,37,69,58,75,19,83,14,
317	13	15	2.305	13,99,28,45,20,33,37,69,58,29,94,46,53,85,84,15,
317	14	15	2.357	14,83,57,70,75,37,69,58,29,94,46,62,53,85,84,15,
