518	0	1	2.162	0,95,85,64,54,69,24,31,76,70,77,42,21,17,1,
518	0	2	2.4	0,95,85,64,54,69,42,38,63,88,30,60,89,19,53,2,
518	0	3	2.321	0,95,85,64,54,42,38,63,88,30,16,96,60,89,19,3,
518	0	4	2.396	0,95,85,64,54,69,42,38,63,88,30,16,44,96,22,32,41,99,4,
518	0	5	2.675	0,95,85,64,54,69,24,77,42,38,63,88,30,16,96,44,48,52,29,5,
518	0	6	2.705	0,95,85,64,54,69,42,38,63,88,30,16,44,96,32,52,48,26,40,6,
518	0	7	2.693	0,28,21,63,88,30,16,44,55,93,78,49,50,47,62,91,58,37,43,61,7,
518	0	8	2.474	0,95,85,64,54,69,24,77,31,76,70,18,74,97,79,35,68,51,8,
518	0	9	2.376	0,95,85,64,54,69,24,77,31,76,70,23,94,33,92,82,39,36,81,9,
518	0	10	2.36	0,95,85,64,54,69,24,77,31,76,70,23,94,33,92,82,39,10,
518	0	11	2.728	0,95,85,64,54,69,24,77,31,76,70,23,66,94,33,74,92,82,67,11,
518	0	12	2.312	0,95,85,64,54,69,24,77,70,76,31,83,66,23,94,72,59,12,
518	0	13	2.163	0,95,85,46,65,64,54,69,24,77,70,23,76,31,98,90,83,13,
518	0	14	1.644	0,95,85,64,54,69,24,77,31,76,70,23,66,83,90,14,
518	0	15	1.805	0,95,85,64,54,69,24,77,70,23,76,31,98,65,46,15,
518	1	2	2.387	1,17,28,21,63,88,30,16,44,96,32,22,60,89,19,53,2,
518	1	3	2.329	1,17,28,21,63,88,30,16,44,96,32,22,60,89,19,53,3,
518	1	4	2.278	1,17,20,89,60,22,96,16,44,48,26,52,29,41,99,4,
518	1	5	2.679	1,17,20,89,60,22,96,44,55,93,78,49,91,58,37,43,27,40,26,5,
518	1	6	2.586	1,17,20,89,60,22,96,44,16,55,93,78,49,50,47,62,91,58,37,43,6,
518	1	7	2.52	1,17,21,63,88,30,16,96,44,55,93,78,49,50,47,62,91,58,37,61,7,
518	1	8	2.545	1,17,20,89,60,22,96,44,55,57,27,37,58,91,49,50,47,87,56,8,
518	1	9	2.559	1,17,28,64,54,69,24,77,31,76,70,18,74,71,92,82,39,36,81,9,
518	1	10	2.583	1,17,21,38,42,84,73,80,86,45,97,79,71,92,82,39,36,81,10,
518	1	11	2.397	1,17,28,95,85,64,54,69,24,77,31,76,70,23,66,94,72,59,11,
518	1	12	2.472	1,17,28,95,85,64,54,69,24,77,31,76,70,23,66,94,72,59,12,
518	1	13	1.902	1,17,28,95,85,64,54,69,24,77,31,76,70,23,66,83,13,
518	1	14	2.05	1,17,28,95,85,64,54,69,24,77,31,76,23,66,83,90,14,
518	1	15	1.953	1,17,28,64,54,69,24,77,70,76,31,98,65,46,85,15,
518	2	3	2.268	2,53,19,89,60,22,32,96,16,44,48,52,41,99,25,3,
518	2	4	2.036	2,53,19,89,60,22,96,16,44,48,26,52,29,41,99,4,
518	2	5	2.296	2,53,19,89,60,30,16,44,96,32,22,99,41,29,52,48,26,5,
518	2	6	2.25	2,53,19,89,60,22,96,44,55,93,78,49,50,47,62,91,58,37,43,6,
518	2	7	2.294	2,53,19,89,60,22,96,44,16,55,93,78,49,50,47,62,91,58,37,61,7,
518	2	8	2.409	2,53,19,89,60,22,96,44,55,93,57,27,43,37,58,91,49,50,47,87,56,8,
518	2	9	2.487	2,53,19,89,30,16,55,93,78,49,50,47,87,56,51,68,34,81,9,
518	2	10	2.577	2,53,19,89,30,16,55,93,78,49,50,47,87,56,51,68,34,36,10,
518	2	11	2.689	2,17,28,95,85,64,54,69,24,77,31,76,70,23,66,94,72,59,11,
518	2	12	2.69	2,53,19,89,88,63,38,42,64,54,69,24,77,31,76,70,23,66,12,
518	2	13	2.553	2,1,17,28,95,85,46,65,64,54,69,24,77,76,70,23,66,83,13,
518	2	14	2.364	2,17,28,95,85,64,54,69,24,77,31,76,70,23,66,83,90,14,
518	2	15	2.442	2,53,19,89,60,22,96,44,16,30,88,63,38,42,54,64,85,15,
518	3	4	2.063	3,19,89,60,22,96,44,16,55,93,57,48,52,41,99,4,
518	3	5	2.16	3,19,89,60,22,96,44,55,93,57,27,40,26,48,52,29,5,
518	3	6	2.041	3,19,89,60,22,96,44,55,93,78,49,50,47,62,91,58,37,43,6,
518	3	7	1.991	3,19,89,60,22,96,44,55,93,78,49,50,47,62,91,58,37,61,7,
518	3	8	2.282	3,19,89,60,22,96,44,55,93,57,27,43,37,58,91,49,50,47,62,87,56,8,
518	3	9	2.404	3,19,89,60,22,96,44,55,93,78,49,50,47,87,56,51,68,34,36,81,9,
518	3	10	2.452	3,19,89,60,22,96,44,55,93,78,49,50,47,87,56,51,68,34,36,10,
518	3	11	2.65	3,19,89,30,16,55,93,78,49,50,47,87,51,68,34,39,82,67,11,
518	3	12	2.676	3,19,89,88,63,38,42,64,54,69,24,77,31,76,70,23,94,72,12,
518	3	13	2.494	3,19,89,60,30,88,63,38,42,64,54,69,24,77,31,76,70,23,66,13,
518	3	14	2.442	3,19,20,63,38,42,64,54,69,24,77,31,76,70,23,66,83,90,14,
518	3	15	2.33	3,19,89,60,22,32,44,96,16,30,88,63,38,42,54,64,85,15,
518	4	5	1.908	4,99,41,32,22,60,30,16,96,44,55,93,57,48,52,5,
518	4	6	1.776	4,99,41,32,44,55,93,78,49,50,47,62,91,58,37,43,6,
518	4	7	1.668	4,99,41,52,48,40,27,43,37,58,91,49,50,47,62,7,
518	4	8	1.625	4,99,41,52,48,57,37,58,91,49,50,47,87,56,8,
518	4	9	2.163	4,99,41,52,48,57,37,58,91,49,50,47,87,56,51,68,34,36,81,9,
518	4	10	2.314	4,99,41,52,48,40,27,43,37,58,91,49,50,47,87,56,51,68,34,36,10,
518	4	11	2.485	4,99,41,32,44,55,93,78,49,50,47,87,51,68,34,39,82,92,67,11,
518	4	12	2.616	4,99,22,60,30,88,63,38,42,64,54,69,24,77,31,76,70,23,66,12,
518	4	13	2.458	4,99,41,32,96,16,30,88,63,38,42,69,24,77,31,76,70,23,66,83,13,
518	4	14	2.444	4,99,41,32,96,16,30,88,63,38,42,54,64,69,24,77,76,31,98,90,14,
518	4	15	2.482	4,99,41,32,96,16,30,88,63,38,42,64,54,69,77,24,98,65,46,15,
518	5	6	1.821	5,29,52,48,26,40,27,43,37,58,91,49,50,47,62,61,6,
518	5	7	1.707	5,29,52,48,26,40,27,43,37,58,91,49,50,47,62,61,7,
518	5	8	1.541	5,52,48,26,40,27,37,58,91,49,50,47,87,56,8,
518	5	9	1.96	5,26,40,27,43,37,58,91,49,50,47,62,87,56,51,68,34,36,81,9,
518	5	10	2.094	5,26,40,43,37,58,91,49,50,47,87,56,51,68,34,71,92,82,39,10,
518	5	11	2.356	5,26,40,27,43,37,58,91,49,50,47,87,56,51,68,34,39,82,71,92,67,11,
518	5	12	2.444	5,26,40,43,37,58,91,49,50,47,87,51,68,34,39,82,67,59,72,12,
518	5	13	2.514	5,52,48,44,16,30,88,63,38,42,77,24,31,76,70,23,66,83,13,
518	5	14	2.575	5,52,48,44,96,16,30,88,63,38,42,64,54,69,24,77,76,31,98,90,14,
518	5	15	2.71	5,52,48,44,16,30,88,63,38,42,64,54,69,24,77,76,31,98,65,46,15,
518	6	7	1.694	6,40,26,52,48,57,27,43,37,58,91,49,50,47,62,7,
518	6	8	1.66	6,40,26,48,57,27,43,37,58,91,49,50,47,87,56,8,
518	6	9	1.529	6,43,37,58,91,49,50,47,87,56,51,68,34,36,81,9,
518	6	10	1.801	6,43,37,58,91,49,50,47,87,56,51,68,34,71,92,82,39,10,
518	6	11	2.181	6,40,27,43,37,58,91,49,50,47,87,56,51,68,34,39,82,71,92,67,11,
518	6	12	2.321	6,40,43,37,58,91,49,50,47,87,56,51,68,34,39,82,92,67,59,72,12,
518	6	13	2.495	6,43,37,58,91,49,50,87,56,51,68,34,39,82,92,33,94,66,13,
518	6	14	2.522	6,43,37,58,91,49,50,47,87,35,79,97,74,18,70,76,31,98,90,14,
518	6	15	2.618	6,43,37,58,91,62,47,50,49,78,45,86,80,84,38,42,54,64,85,15,
518	7	8	1.868	7,61,37,58,91,49,50,47,87,56,51,68,34,36,81,9,8,
518	7	9	1.479	7,61,37,58,91,49,50,47,87,56,51,68,34,36,81,9,
518	7	10	1.715	7,61,37,58,91,49,50,47,87,51,68,34,71,92,82,39,10,
518	7	11	1.861	7,61,37,58,91,49,50,47,87,56,51,68,34,39,82,92,67,11,
518	7	12	2.117	7,61,37,58,91,49,50,47,87,51,68,34,39,82,92,67,59,72,12,
518	7	13	2.416	7,61,37,58,91,49,50,47,87,51,68,34,39,82,92,33,94,66,13,
518	7	14	2.573	7,62,47,87,56,51,68,34,39,82,92,33,94,23,70,76,31,98,90,14,
518	7	15	2.568	7,61,37,58,91,62,47,50,49,78,45,86,80,84,38,42,54,64,85,15,
518	8	9	1.631	8,56,87,51,68,34,35,79,97,71,92,82,39,36,81,9,
518	8	10	1.777	8,56,87,51,68,34,35,79,97,71,92,82,39,36,81,10,
518	8	11	2.052	8,56,51,68,34,36,39,82,92,71,74,33,94,72,59,11,
518	8	12	2.306	8,56,87,47,62,58,91,49,50,35,68,34,39,82,92,67,59,72,12,
518	8	13	2.323	8,56,51,68,34,36,39,82,92,33,94,23,70,76,31,66,83,13,
518	8	14	2.436	8,51,68,34,36,39,71,82,92,33,94,23,70,76,31,77,24,98,90,14,
518	8	15	2.385	8,51,68,34,39,82,92,71,74,18,70,76,31,77,24,69,54,64,85,15,
518	9	10	2.018	9,81,36,39,82,92,71,34,35,79,97,74,33,67,75,10,
518	9	11	1.967	9,81,36,34,68,51,35,79,97,71,92,82,39,75,67,11,
518	9	12	1.966	9,81,36,39,34,68,35,79,97,71,92,82,67,59,72,12,
518	9	13	1.933	9,81,36,39,82,92,33,94,23,70,76,31,66,83,13,
518	9	14	2.39	9,81,36,39,82,92,71,79,97,74,33,94,23,70,76,31,77,24,98,90,14,
518	9	15	2.265	9,81,36,39,71,82,92,33,94,23,70,76,31,77,24,69,54,64,85,15,
518	10	11	2.1	10,36,39,82,92,71,34,68,35,79,97,74,33,72,59,11,
518	10	12	2.112	10,81,36,39,34,68,35,79,97,71,92,82,67,59,72,12,
518	10	13	2.056	10,36,39,71,82,92,33,94,23,70,76,31,66,83,13,
518	10	14	2.04	10,39,82,92,33,94,23,70,76,31,77,24,98,90,14,
518	10	15	2.291	10,39,71,82,92,33,94,23,70,76,31,24,77,69,54,64,85,15,
518	11	12	2.237	11,67,82,92,71,39,34,68,35,79,97,74,33,59,72,12,
518	11	13	2.045	11,59,72,94,23,76,31,77,24,69,54,64,65,98,83,13,
518	11	14	1.804	11,59,72,94,23,70,76,31,77,24,69,54,64,46,65,14,
518	11	15	2.599	11,59,72,33,94,66,23,70,76,31,77,24,69,54,64,65,46,85,95,15,
518	12	13	1.907	12,66,23,70,76,31,77,24,69,54,64,46,65,98,83,13,
518	12	14	1.853	12,66,23,70,76,31,77,24,69,54,64,85,46,65,90,14,
518	12	15	1.838	12,72,94,23,70,76,31,77,24,69,54,64,85,95,15,
518	13	14	1.551	13,83,66,23,70,76,31,77,24,69,54,64,46,65,90,14,
518	13	15	1.509	13,83,66,23,70,76,31,77,24,69,54,64,85,95,15,
518	14	15	1.593	14,90,83,66,23,70,76,31,77,24,69,54,64,65,46,15,
