40	0	2	1.71	0,51,64,40,66,65,44,35,84,71,62,67,99,77,2,
40	0	3	1.949	0,51,64,40,66,65,44,35,84,71,62,67,99,77,60,63,3,
40	0	4	2.241	0,51,64,40,66,65,44,84,71,62,67,99,60,63,88,55,52,4,
40	0	5	2.279	0,28,35,84,71,62,67,99,60,63,52,55,88,93,50,73,48,72,5,
40	0	6	2.388	0,51,28,35,84,71,62,67,99,77,60,63,88,55,48,50,73,86,6,
40	0	1	2.099	0,51,64,40,66,65,44,35,84,71,62,67,99,77,2,1,
40	0	8	2.698	0,51,64,40,66,65,94,19,61,24,33,42,70,37,47,26,27,36,34,8,
40	0	10	2.527	0,51,64,40,66,65,49,69,95,90,91,54,87,68,81,25,18,45,43,10,
40	0	11	2.386	0,51,64,40,66,65,49,69,95,90,91,54,87,68,81,25,18,11,
40	0	9	2.542	0,51,64,40,66,65,94,19,61,92,42,70,47,27,36,17,96,30,46,9,
40	0	7	2.581	0,51,64,40,66,65,19,61,24,93,50,73,80,33,42,70,37,22,7,
40	1	2	1.995	1,35,84,71,62,44,66,40,65,32,67,99,60,77,2,
40	0	15	2.108	0,51,28,35,84,71,62,44,65,66,40,53,64,79,15,
40	0	14	2.188	0,51,64,21,53,40,66,65,49,69,58,83,29,20,14,
40	1	5	1.823	1,35,84,71,62,67,99,60,63,52,55,93,50,73,48,72,5,
40	1	4	1.949	1,35,84,71,62,67,99,77,60,63,52,55,88,93,50,73,48,4,
40	1	3	2.033	1,35,84,71,62,67,99,77,60,63,88,93,73,50,48,55,52,3,
40	0	13	2.102	0,51,64,21,53,40,66,65,49,69,58,83,29,78,13,
40	1	6	2.117	1,35,84,71,62,67,99,77,60,63,52,55,88,93,48,50,73,86,6,
40	1	7	2.282	1,35,84,71,62,67,99,77,60,63,52,55,48,50,73,86,39,85,22,7,
40	0	12	2.552	0,51,64,40,66,65,49,53,21,75,20,78,29,58,83,23,12,
40	1	8	2.455	1,35,84,71,62,67,99,77,60,63,88,93,50,73,80,33,42,70,47,34,8,
40	1	15	1.943	1,35,84,71,62,44,32,65,66,40,49,53,64,79,15,
40	1	14	2.186	1,35,84,71,62,44,65,66,40,49,69,58,83,78,20,14,
40	2	5	1.725	2,71,62,67,99,77,60,63,52,55,93,50,73,48,72,5,
40	2	3	1.876	2,62,71,84,35,44,66,40,65,32,67,99,77,60,3,
40	2	4	1.821	2,71,62,67,99,77,60,63,52,55,88,93,50,73,48,4,
40	1	11	2.324	1,35,44,65,66,40,49,69,95,90,91,54,87,68,81,25,18,11,
40	1	13	2.196	1,35,84,71,62,44,65,66,40,49,69,95,58,41,29,78,13,
40	1	12	2.553	1,35,84,71,62,44,65,66,40,49,69,95,58,41,29,83,23,12,
40	1	10	2.465	1,35,44,65,66,40,49,69,95,90,91,54,87,68,81,25,18,45,43,10,
40	1	9	2.525	1,35,84,71,62,99,67,98,24,33,42,70,47,27,36,17,96,30,46,9,
40	2	6	2.27	2,71,62,67,99,77,60,63,52,55,88,93,50,73,48,86,39,85,6,
40	3	5	2.098	3,52,55,88,93,48,50,73,80,33,42,70,37,86,72,5,
40	2	15	2.079	2,77,99,67,62,71,84,35,44,65,66,40,49,53,21,64,79,15,
40	3	4	2.068	3,60,77,99,67,62,71,84,35,44,32,98,88,55,52,4,
40	2	14	2.229	2,62,71,84,35,44,65,66,40,49,69,58,83,78,29,41,20,14,
40	2	10	2.364	2,62,71,84,44,65,66,40,49,69,82,91,54,87,68,81,25,43,10,
40	2	11	2.386	2,62,71,84,44,65,66,40,49,69,82,91,54,87,68,81,25,18,11,
40	2	13	2.309	2,77,99,67,62,71,84,35,44,65,66,40,49,69,58,83,29,78,13,
40	2	9	2.408	2,77,60,63,88,55,48,50,73,80,33,42,70,47,27,36,17,96,30,46,9,
40	2	7	2.259	2,71,62,67,99,77,60,63,88,55,48,50,73,80,42,70,47,22,7,
40	2	12	2.543	2,77,99,67,62,71,84,35,44,65,66,40,49,69,95,58,83,23,12,
40	2	8	2.405	2,71,62,67,99,77,60,63,52,55,48,50,73,80,33,42,70,47,34,8,
40	4	5	2.025	4,52,55,88,93,48,50,73,80,33,42,70,37,86,72,5,
40	3	15	2.387	3,60,77,99,67,62,71,84,35,44,65,66,40,53,21,64,51,79,15,
40	3	6	2.095	3,60,63,52,55,93,48,50,73,80,33,42,70,37,39,6,
40	3	14	2.46	3,77,99,67,62,71,84,44,65,66,40,49,69,58,83,78,29,20,14,
40	3	11	2.457	3,52,55,48,50,73,80,33,42,89,56,97,38,87,68,81,25,18,11,
40	3	10	2.371	3,52,55,48,50,73,80,33,92,89,56,38,87,68,81,25,18,43,10,
40	3	13	2.368	3,77,99,67,62,71,84,35,44,65,66,40,49,69,58,41,29,78,13,
40	3	7	2.197	3,60,63,52,55,88,93,48,50,73,80,33,42,70,47,37,22,7,
40	3	12	2.544	3,60,77,99,67,62,71,84,44,65,66,40,49,69,95,90,16,23,12,
40	3	9	2.39	3,60,63,52,55,48,50,73,80,33,42,70,47,26,27,36,17,96,30,46,9,
40	3	8	2.428	3,60,63,98,88,55,52,48,50,73,80,33,42,70,47,26,27,36,8,
40	5	6	1.978	5,72,48,50,73,80,33,92,42,70,37,47,22,85,39,6,
40	4	7	1.933	4,52,55,88,93,48,50,73,80,33,42,70,47,37,22,7,
40	4	6	2.054	4,52,55,93,48,50,73,80,33,42,70,47,22,85,39,6,
40	4	14	2.606	4,52,55,88,63,60,99,67,62,71,84,35,44,65,66,40,53,21,75,14,
40	4	15	2.433	4,52,55,88,63,60,77,99,67,62,71,84,35,44,65,66,40,64,79,15,
40	4	13	2.593	4,52,55,88,98,32,65,66,40,49,69,95,90,83,58,29,78,13,
40	4	10	2.39	4,52,55,93,48,50,73,80,33,92,89,56,38,87,68,81,25,18,43,10,
40	4	9	2.386	4,52,55,88,93,48,50,73,80,33,42,70,37,47,26,27,36,17,96,30,46,9,
40	4	8	2.409	4,52,55,88,93,48,50,73,80,33,92,42,70,37,47,26,27,36,34,8,
40	4	12	2.793	4,52,55,48,50,73,80,33,92,89,56,38,87,68,81,25,18,57,16,23,12,
40	4	11	2.609	4,52,55,88,93,48,50,73,80,33,42,89,56,38,54,91,87,68,81,25,18,11,
40	6	7	2.157	6,72,48,50,73,80,33,92,42,70,47,37,39,85,22,7,
40	5	7	1.897	5,72,48,50,73,80,33,92,42,70,47,37,39,85,22,7,
40	6	8	2.237	6,86,48,50,73,80,33,92,42,70,37,47,26,27,36,34,8,
40	5	8	1.986	5,72,48,50,73,80,33,92,42,70,37,47,27,36,34,8,
40	5	15	2.464	5,72,48,50,73,80,33,24,61,19,94,65,66,40,49,53,21,64,79,15,
40	5	14	2.625	5,72,48,50,73,93,24,61,19,65,66,40,49,69,58,41,29,20,14,
40	5	10	2.204	5,72,48,50,73,80,33,92,89,56,38,54,87,68,81,25,18,43,10,
40	5	13	2.604	5,72,48,50,73,80,24,61,19,94,65,66,40,49,69,58,83,29,78,13,
40	5	9	2.186	5,72,48,50,73,93,80,33,42,70,37,47,26,27,36,17,96,30,46,9,
40	5	11	2.405	5,72,48,50,73,80,33,42,70,47,26,97,38,54,91,87,68,81,25,18,11,
40	5	12	2.759	5,72,48,50,73,80,33,92,89,56,38,54,91,87,68,81,25,18,57,16,23,12,
40	7	9	2.204	7,22,37,47,70,42,92,89,56,97,59,96,17,30,74,46,9,
40	7	8	2.19	7,22,85,39,86,48,50,73,80,33,42,70,47,27,36,8,
40	6	14	2.715	6,39,85,22,37,70,47,26,89,56,82,95,58,83,78,29,41,20,14,
40	6	15	2.568	6,86,48,50,73,80,93,55,52,88,98,32,65,66,40,64,79,15,
40	7	10	2.18	7,22,34,27,36,17,96,30,46,74,76,87,68,81,25,18,45,43,10,
40	7	11	2.469	7,22,34,27,36,17,96,30,46,74,76,87,68,81,25,43,45,18,57,11,
40	6	9	2.32	6,86,48,50,73,80,33,92,42,70,37,47,26,27,36,17,96,30,46,9,
40	6	11	2.628	6,39,85,22,34,36,17,96,30,46,74,76,25,81,68,87,54,91,57,18,11,
40	6	10	2.444	6,39,85,22,34,36,17,96,30,46,74,76,68,25,81,57,18,45,43,10,
40	6	13	2.782	6,86,48,50,73,80,24,61,19,94,65,66,40,49,69,58,83,29,78,13,
40	6	12	2.628	6,39,85,22,34,36,17,96,30,46,74,76,68,81,25,18,57,16,23,12,
40	8	11	1.962	8,34,36,27,59,96,17,30,46,74,76,68,25,81,18,11,
40	8	10	1.994	8,17,96,30,46,74,76,25,81,68,87,54,91,57,18,43,10,
40	8	9	2.261	8,17,96,30,46,74,76,38,54,87,68,81,25,18,45,43,10,9,
40	8	12	2.166	8,17,96,30,46,74,76,68,81,25,43,45,18,57,16,23,12,
40	7	15	2.584	7,22,85,39,86,48,50,73,80,24,61,19,94,65,66,40,64,79,15,
40	8	15	2.674	8,34,36,27,26,47,70,42,33,24,61,19,94,65,66,40,64,79,15,
40	8	14	2.576	8,17,96,30,46,74,76,25,81,68,87,54,91,90,58,83,78,29,41,20,14,
40	7	14	2.798	7,22,34,36,17,96,30,74,76,68,81,25,18,57,16,83,78,29,41,20,14,
40	8	13	2.401	8,17,96,30,46,74,76,25,18,81,68,87,54,91,90,83,29,78,13,
40	7	13	2.595	7,22,34,36,17,96,30,74,76,68,81,25,18,57,16,83,29,78,13,
40	7	12	2.524	7,22,34,27,36,17,96,30,46,74,76,68,81,25,18,57,16,23,12,
40	9	11	1.921	9,46,30,17,96,59,76,25,81,68,87,54,91,57,18,45,11,
40	10	11	2.186	10,43,45,18,25,81,68,87,38,54,91,82,95,90,16,11,
40	9	10	1.885	9,46,30,17,96,74,76,25,81,68,87,54,91,57,18,43,10,
40	9	12	2.057	9,46,30,17,96,74,76,68,81,25,43,45,18,57,16,23,12,
40	10	12	1.952	10,43,18,25,81,68,87,54,91,90,95,58,83,23,12,
40	9	15	2.527	9,46,74,76,25,18,81,68,87,54,91,90,83,78,29,20,75,15,
40	9	14	2.378	9,46,30,17,96,59,76,68,81,25,18,57,16,23,83,78,29,20,14,
40	10	14	2.24	10,43,18,25,81,68,87,38,54,91,82,95,58,83,78,29,41,20,14,
40	10	13	2.1	10,43,45,18,25,81,68,87,54,91,90,58,83,78,29,41,20,13,
40	10	15	2.355	10,43,45,18,25,81,68,87,54,91,90,58,83,78,29,41,20,75,15,
40	9	13	2.223	9,46,30,96,74,76,25,81,68,87,54,91,90,83,58,41,29,78,13,
40	13	14	2.303	13,23,16,57,18,25,81,68,87,91,90,83,29,20,14,
40	12	14	2.158	12,11,18,25,81,68,87,54,91,90,83,78,29,41,20,14,
40	14	15	2.299	14,20,41,29,78,83,58,90,95,69,53,21,64,79,15,
40	13	15	2.28	13,78,29,83,58,69,49,40,66,65,44,28,64,79,15,
40	11	12	1.973	11,18,25,81,68,87,38,54,91,82,95,90,16,23,12,
40	11	13	1.76	11,18,25,81,68,87,38,54,91,90,58,83,29,78,13,
40	12	13	2.1	12,16,57,18,25,81,68,87,54,91,90,58,41,29,78,13,
40	11	14	2.114	11,18,25,81,68,87,38,54,91,82,95,58,83,29,41,20,14,
40	11	15	2.214	11,18,25,81,68,87,54,91,90,58,83,78,29,41,20,75,15,
40	12	15	2.609	12,16,57,18,25,81,68,87,54,91,90,58,83,78,29,41,75,15,
