507	0	1	1.565	0,57,99,43,98,26,80,38,34,82,87,55,29,88,1,
507	0	2	1.622	0,57,99,43,26,80,98,19,38,34,82,87,29,55,2,
507	0	3	1.672	0,57,99,43,98,19,38,17,66,54,97,58,44,21,3,
507	0	4	2.278	0,57,99,43,26,80,98,19,38,34,82,87,24,54,97,58,44,49,4,
507	0	5	2.51	0,57,99,43,98,19,38,34,82,87,17,62,66,54,97,58,44,49,92,60,5,
507	0	6	2.605	0,57,99,43,98,19,38,34,82,87,66,54,97,58,33,64,27,75,65,67,6,
507	0	7	2.52	0,57,99,43,98,19,38,34,82,87,66,54,97,33,64,27,75,81,39,7,
507	0	8	2.551	0,57,99,43,98,19,80,26,32,61,36,95,89,73,74,96,86,70,8,
507	0	9	2.558	0,57,99,43,98,80,26,32,22,56,68,90,37,72,94,35,28,48,76,9,
507	0	10	2.5	0,57,19,98,80,26,16,84,59,25,83,41,69,68,90,72,94,35,28,78,10,
507	0	11	2.246	0,57,99,43,98,80,26,16,84,59,25,83,41,69,68,72,90,37,45,46,11,
507	0	12	1.738	0,57,99,43,98,80,26,16,84,25,83,41,69,77,12,
507	0	13	1.71	0,57,99,43,98,80,26,16,84,71,59,25,83,41,69,13,
507	0	14	1.862	0,57,99,43,98,19,80,26,32,22,85,16,84,71,14,
507	0	15	1.917	0,57,99,43,98,19,38,34,82,87,66,17,62,80,26,15,
507	1	2	1.984	1,88,19,57,99,43,26,80,38,34,82,87,29,55,2,
507	1	3	1.819	1,88,29,55,87,82,34,17,62,66,54,97,58,44,21,3,
507	1	4	1.927	1,88,29,55,87,82,34,17,62,66,54,97,58,44,49,4,
507	1	5	2.073	1,88,82,34,38,17,62,66,54,97,58,44,49,92,60,5,
507	1	6	2.65	1,88,29,55,87,82,34,17,66,54,44,58,33,23,64,27,75,65,93,6,
507	1	7	2.556	1,88,29,55,87,82,34,17,66,54,97,58,33,23,64,27,75,81,39,7,
507	1	8	2.673	1,88,29,55,87,82,34,17,62,51,61,36,95,89,73,74,96,86,70,8,
507	1	9	2.784	1,88,29,55,87,82,34,17,66,62,51,61,36,95,89,73,74,30,63,76,9,
507	1	10	2.705	1,88,82,34,17,62,51,61,36,52,91,56,68,72,90,37,94,35,28,48,78,10,
507	1	11	2.581	1,88,29,55,87,82,34,17,62,51,61,36,52,91,56,68,72,90,37,45,46,11,
507	1	12	2.41	1,88,29,87,82,34,38,19,98,80,26,16,84,59,25,83,41,69,77,12,
507	1	13	2.289	1,88,29,87,82,34,38,19,98,80,26,16,84,59,25,83,41,69,13,
507	1	14	1.881	1,88,29,55,87,82,34,38,19,98,80,26,16,84,14,
507	1	15	1.757	1,88,29,87,82,34,38,80,26,98,19,57,99,43,15,
507	2	3	1.899	2,55,29,87,82,34,38,17,62,66,54,97,58,44,21,3,
507	2	4	2.007	2,55,29,87,82,34,38,17,62,66,54,97,58,44,49,4,
507	2	5	2.118	2,55,29,87,82,34,17,66,54,97,58,44,49,92,60,5,
507	2	6	2.585	2,55,29,87,82,34,17,66,54,97,44,58,33,64,27,75,65,67,6,
507	2	7	2.623	2,55,29,87,82,34,17,62,66,54,97,58,33,23,64,27,75,81,39,7,
507	2	8	2.689	2,55,29,87,82,34,17,66,62,51,61,36,95,89,73,74,30,70,8,
507	2	9	2.725	2,55,29,82,34,17,62,51,61,36,95,89,96,74,73,42,48,76,63,9,
507	2	10	2.736	2,55,29,87,82,34,17,62,51,61,36,52,95,89,96,74,73,42,48,78,10,
507	2	11	2.542	2,55,29,87,82,34,17,66,62,51,61,36,52,91,94,72,90,37,45,46,11,
507	2	12	2.553	2,29,55,87,82,34,38,19,98,80,26,16,84,71,59,25,83,41,69,77,12,
507	2	13	2.434	2,55,29,87,82,34,38,19,57,99,43,98,80,26,16,84,71,59,25,13,
507	2	14	2.314	2,55,87,66,17,82,34,38,19,57,99,43,98,80,26,16,84,71,14,
507	2	15	2.205	2,55,29,87,66,62,17,82,34,38,19,57,99,43,98,80,26,15,
507	3	4	2.334	3,21,44,24,87,82,34,17,62,66,54,97,58,33,49,4,
507	3	5	2.387	3,21,44,24,87,82,34,17,66,54,97,58,33,92,60,5,
507	3	6	2.349	3,21,47,44,58,33,40,50,53,64,27,75,65,93,6,
507	3	7	2.634	3,21,79,24,87,82,34,17,66,54,97,33,23,64,27,75,81,39,7,
507	3	8	2.701	3,21,44,58,97,54,66,62,51,61,36,95,89,73,74,30,70,8,
507	3	9	2.744	3,21,44,58,97,54,66,62,51,61,36,95,89,73,74,30,63,76,9,
507	3	10	2.823	3,21,44,58,97,40,50,53,95,52,91,68,72,90,37,94,35,28,48,78,10,
507	3	11	2.639	3,21,44,58,97,54,66,17,62,51,61,36,52,91,94,72,90,37,45,46,11,
507	3	12	2.638	3,21,44,58,97,54,66,17,62,51,61,36,52,91,94,72,90,37,77,12,
507	3	13	2.498	3,21,44,58,97,54,66,87,82,34,38,19,98,80,26,16,84,59,25,13,
507	3	14	2.313	3,21,44,58,97,54,66,17,82,34,38,19,98,80,26,16,84,71,14,
507	3	15	2.331	3,21,44,58,97,54,24,87,82,34,38,80,26,98,19,57,99,43,15,
507	4	5	2.495	4,49,44,24,87,82,34,17,66,54,97,58,33,92,60,5,
507	4	6	2.528	4,49,47,44,58,33,97,40,50,64,27,75,81,39,67,6,
507	4	7	2.656	4,49,44,58,97,40,50,53,95,89,73,74,96,86,18,81,39,7,
507	4	8	2.761	4,49,44,58,97,54,66,62,51,61,36,95,89,73,74,86,70,8,
507	4	9	2.752	4,47,44,58,97,54,66,17,62,51,61,36,95,89,73,74,30,9,
507	4	10	2.772	4,49,44,58,97,54,66,17,62,51,61,36,52,91,94,35,28,78,10,
507	4	11	2.662	4,49,44,58,97,54,66,62,51,61,36,52,91,94,72,90,37,45,46,11,
507	4	12	2.736	4,49,44,58,97,54,66,17,62,51,61,36,52,91,68,90,37,77,12,
507	4	13	2.593	4,49,44,58,97,54,66,17,82,34,38,19,98,80,26,16,84,59,25,13,
507	4	14	2.402	4,49,44,58,97,54,66,87,82,34,38,19,98,80,26,16,84,14,
507	4	15	2.343	4,49,44,58,97,54,66,17,82,34,38,80,26,98,19,57,99,43,15,
507	5	6	2.529	5,60,92,49,47,44,58,97,33,23,64,27,75,65,67,6,
507	5	7	2.516	5,60,92,49,47,44,58,33,23,64,27,75,65,81,39,7,
507	5	8	2.61	5,60,20,75,27,96,74,73,42,48,78,76,63,30,70,8,
507	5	9	2.865	5,60,92,49,44,58,97,40,50,53,96,74,73,42,48,76,63,9,
507	5	10	2.866	5,60,20,23,64,53,95,52,91,56,68,90,37,72,94,35,28,48,78,10,
507	5	11	2.816	5,60,20,23,64,53,95,89,96,74,73,42,28,35,94,72,90,37,45,46,11,
507	5	12	2.932	5,60,92,49,44,58,33,40,50,53,95,52,56,91,94,72,90,37,77,12,
507	5	13	2.779	5,60,20,75,27,96,74,73,42,28,35,94,72,90,37,77,69,41,83,25,13,
507	5	14	2.651	5,60,92,49,44,58,97,54,66,87,82,34,38,80,26,16,84,71,14,
507	5	15	2.511	5,60,92,49,44,58,97,54,66,17,87,82,34,38,19,57,99,43,15,
507	6	7	2.616	6,93,20,92,49,47,44,58,33,23,64,27,75,81,39,7,
507	6	8	2.512	6,67,65,75,27,96,74,73,42,48,78,76,63,30,70,8,
507	6	9	2.748	6,93,65,75,27,96,74,73,89,95,52,91,94,35,28,48,63,9,
507	6	10	2.804	6,67,65,75,27,96,74,73,42,28,35,94,72,68,90,37,45,46,78,10,
507	6	11	2.691	6,67,65,75,27,96,74,73,89,95,52,91,94,72,90,37,35,45,46,11,
507	6	12	2.883	6,67,65,75,27,96,74,73,89,95,36,52,91,56,22,85,41,69,77,12,
507	6	13	2.667	6,67,65,75,27,96,74,73,42,28,35,94,72,90,37,77,69,41,25,13,
507	6	14	2.689	6,67,65,75,27,96,74,73,42,28,35,94,72,68,69,41,83,25,59,71,14,
507	6	15	2.662	6,93,65,75,27,64,33,58,97,54,66,87,82,34,38,19,98,43,15,
507	7	8	2.515	7,39,81,75,27,96,74,73,42,48,78,76,63,30,70,8,
507	7	9	2.519	7,39,81,75,27,53,95,89,96,74,73,42,48,76,63,9,
507	7	10	2.466	7,39,81,18,96,74,73,42,28,35,94,72,90,37,45,78,10,
507	7	11	2.583	7,39,81,75,27,96,74,73,42,48,78,28,35,94,72,90,37,45,11,
507	7	12	2.598	7,39,81,18,96,74,73,42,28,35,94,72,37,90,68,41,83,69,77,12,
507	7	13	2.596	7,39,81,18,96,74,73,42,28,35,94,72,90,37,77,69,41,83,25,59,13,
507	7	14	2.577	7,39,18,96,74,73,42,28,35,94,72,90,37,77,69,41,83,25,59,71,14,
507	7	15	2.685	7,39,81,75,27,64,23,33,97,54,66,87,82,34,38,19,57,99,43,15,
507	8	9	2.469	8,70,30,42,28,35,94,72,90,37,45,46,78,48,76,63,9,
507	8	10	2.444	8,70,30,42,28,35,94,72,90,37,45,46,78,48,63,76,10,
507	8	11	2.101	8,70,30,63,76,78,48,42,28,35,94,72,90,37,45,46,11,
507	8	12	2.56	8,70,30,63,76,78,48,42,28,35,94,72,37,90,68,41,69,77,12,
507	8	13	2.452	8,70,30,63,76,48,42,28,35,94,72,90,37,77,69,41,83,25,59,13,
507	8	14	2.512	8,70,30,63,76,48,28,35,94,72,90,37,77,69,41,83,25,59,84,71,14,
507	8	15	2.758	8,70,86,74,73,89,95,52,91,56,22,32,80,26,98,19,57,99,43,15,
507	9	10	2.329	9,30,63,76,48,42,28,35,94,72,68,90,37,45,46,78,10,
507	9	11	2.233	9,63,48,28,35,94,72,68,41,83,69,77,90,37,45,46,11,
507	9	12	2.293	9,30,63,76,48,42,28,35,94,72,37,90,68,41,83,69,77,12,
507	9	13	2.376	9,63,76,78,48,42,28,35,94,72,37,90,68,77,69,41,83,25,59,13,
507	9	14	2.4	9,63,76,48,42,28,35,94,72,90,37,77,69,41,83,25,59,71,84,16,14,
507	9	15	2.468	9,63,76,48,28,35,94,72,90,37,77,69,41,83,25,59,71,84,16,15,
507	10	11	2.186	10,78,48,42,74,73,89,95,52,91,94,72,90,37,45,11,
507	10	12	2.266	10,78,48,42,73,74,96,89,95,52,91,94,72,90,37,77,12,
507	10	13	2.034	10,78,48,42,28,35,94,72,37,90,68,77,69,41,83,25,59,13,
507	10	14	2.205	10,78,48,42,28,35,94,72,37,90,68,77,69,41,83,25,59,84,71,14,
507	10	15	2.377	10,78,48,42,28,35,94,72,90,37,77,69,41,83,25,59,71,84,16,15,
507	11	12	2.113	11,45,46,78,48,28,35,94,72,37,90,68,85,41,69,77,12,
507	11	13	1.809	11,46,45,28,35,94,72,37,90,68,77,69,41,83,25,59,13,
507	11	14	1.725	11,46,45,35,94,72,90,37,77,69,41,83,25,59,84,71,14,
507	11	15	2.27	11,46,45,37,90,72,94,91,56,22,32,26,80,98,19,99,43,15,
507	12	13	2.198	12,11,46,45,28,35,94,72,37,90,68,77,69,41,83,25,59,13,
507	12	14	2.106	12,37,35,94,72,90,68,77,69,41,83,25,59,71,84,16,14,
507	12	15	1.933	12,77,69,41,83,25,84,16,26,80,98,19,99,43,15,
507	13	14	2.186	13,25,83,41,69,68,90,72,94,91,56,22,85,84,71,14,
507	13	15	1.887	13,69,41,83,25,84,16,26,80,98,19,57,99,43,15,
507	14	15	2.008	14,71,59,25,83,41,85,32,26,80,98,19,57,99,43,15,
