89	0	1	1.824	0,26,60,17,38,78,24,19,37,59,90,21,77,20,69,1,
89	0	2	1.855	0,26,60,17,38,78,24,19,70,69,46,37,59,90,21,77,20,2,
89	0	3	1.899	0,26,60,38,78,24,19,69,46,37,59,90,21,77,22,50,3,
89	0	4	1.966	0,26,60,17,38,78,24,19,37,59,90,21,22,67,65,52,93,4,
89	0	5	2.287	0,26,60,17,38,78,24,19,37,59,90,21,22,50,67,65,93,52,5,
89	0	6	2.347	0,26,60,17,38,78,24,37,59,18,88,94,58,23,33,53,95,99,55,6,
89	0	7	2.521	0,26,60,17,38,24,78,43,36,30,75,97,66,29,96,31,16,80,68,71,35,7,
89	0	8	2.402	0,26,60,17,38,24,78,43,36,82,30,75,97,74,66,29,96,31,16,80,84,27,8,
89	0	9	2.462	0,26,60,17,38,43,36,30,75,97,66,29,96,31,16,80,84,27,62,9,
89	0	10	2.3	0,26,60,17,38,24,78,43,36,30,75,61,79,54,44,51,64,40,48,10,
89	0	11	2.324	0,26,60,17,38,24,78,43,36,30,75,82,72,61,79,54,44,51,45,76,11,
89	0	12	1.897	0,26,60,17,38,43,36,82,30,75,61,79,54,44,32,12,
89	0	13	1.99	0,26,60,38,24,78,43,36,30,75,61,79,44,56,87,13,
89	0	14	2.079	0,26,60,17,38,43,36,30,75,61,79,54,44,56,87,39,14,
89	0	15	2.033	0,26,60,17,38,78,24,19,69,46,37,92,89,43,98,15,
89	1	2	2.015	1,70,0,26,60,17,38,78,24,19,69,46,37,59,90,21,77,2,
89	1	3	2.049	1,70,0,26,60,17,38,78,24,19,37,59,90,21,22,50,3,
89	1	4	1.993	1,69,46,37,59,92,18,90,21,77,22,50,67,65,52,93,4,
89	1	5	2.42	1,70,19,69,46,37,59,92,18,90,21,77,22,50,67,65,93,52,5,
89	1	6	2.537	1,69,46,37,59,18,90,21,77,22,88,94,58,23,33,53,95,99,55,6,
89	1	7	2.584	1,69,46,37,59,21,90,18,88,94,58,23,33,95,99,55,57,85,83,35,7,
89	1	8	2.615	1,69,46,37,59,18,88,94,58,53,23,33,41,73,49,86,25,16,80,84,27,8,
89	1	9	2.595	1,69,46,37,59,18,88,94,58,41,73,49,86,25,16,80,84,27,62,9,
89	1	10	2.647	1,69,46,37,59,92,89,36,82,30,75,97,74,54,79,61,44,51,64,40,48,10,
89	1	11	2.624	1,69,46,37,59,92,89,43,36,30,75,97,74,54,61,79,44,51,45,76,11,
89	1	12	2.451	1,69,46,37,59,92,89,36,82,30,75,61,79,54,44,51,76,45,32,12,
89	1	13	2.286	1,69,46,37,59,92,89,36,82,30,75,61,79,54,44,56,87,39,13,
89	1	14	2.328	1,69,46,37,59,92,89,36,82,30,75,61,79,54,44,56,87,39,14,
89	1	15	1.872	1,69,46,37,59,92,89,43,78,24,38,17,26,60,98,15,
89	2	3	2.179	2,20,69,46,37,59,18,94,58,88,90,21,77,22,50,3,
89	2	4	1.92	2,20,69,46,37,59,90,21,77,22,50,67,65,52,93,4,
89	2	5	2.382	2,20,69,46,37,59,92,18,90,21,77,22,50,67,65,93,52,5,
89	2	6	2.405	2,20,77,21,90,59,37,92,18,88,94,58,23,33,95,99,55,6,
89	2	7	2.458	2,20,77,21,90,18,88,94,58,23,33,53,95,99,55,57,85,83,35,7,
89	2	8	2.454	2,77,21,90,88,94,58,41,73,49,86,25,71,68,80,84,62,27,8,
89	2	9	2.61	2,77,21,90,18,88,94,58,41,73,49,25,71,68,80,84,27,62,9,
89	2	10	2.738	2,77,21,90,18,89,36,82,30,75,97,74,54,79,61,44,51,64,40,48,10,
89	2	11	2.722	2,77,21,90,59,37,92,89,36,82,30,75,97,74,61,79,54,44,45,76,11,
89	2	12	2.651	2,20,69,46,37,59,92,89,36,82,30,75,61,79,54,44,51,76,45,32,12,
89	2	13	2.588	2,20,69,46,37,59,92,89,36,82,30,75,97,74,54,79,61,44,56,87,13,
89	2	14	2.392	2,20,77,21,90,59,37,46,69,19,70,24,78,38,17,26,60,98,14,
89	2	15	1.823	2,77,21,90,59,37,46,69,19,24,78,38,17,26,60,98,15,
89	3	4	2.026	3,77,21,90,18,88,94,58,23,53,67,65,52,93,4,
89	3	5	2.181	3,50,22,77,21,90,18,94,58,88,67,65,93,52,5,
89	3	6	2.074	3,77,21,90,18,88,94,58,23,33,53,95,99,55,57,6,
89	3	7	2.052	3,50,22,88,94,58,23,33,95,99,55,57,85,83,35,7,
89	3	8	2.42	3,50,22,88,94,58,23,33,41,73,49,86,25,16,80,84,62,27,8,
89	3	9	2.547	3,50,22,88,94,58,23,33,41,73,49,86,25,16,80,84,27,62,9,
89	3	10	2.742	3,50,67,53,23,33,41,73,49,86,25,71,68,80,16,31,34,91,48,10,
89	3	11	2.784	3,50,22,21,90,59,37,92,89,36,82,30,75,61,54,79,44,51,45,76,11,
89	3	12	2.716	3,50,22,21,90,59,92,89,36,82,30,75,61,79,54,44,51,45,32,12,
89	3	13	2.699	3,50,77,21,90,18,89,36,82,30,75,97,74,54,79,61,44,56,87,13,
89	3	14	2.554	3,50,22,77,21,90,59,37,46,69,70,19,24,78,38,17,26,60,98,14,
89	3	15	2.249	3,50,22,77,21,90,59,37,46,69,70,19,24,78,38,17,26,60,98,15,
89	4	5	2.176	4,65,93,52,53,23,33,41,73,49,28,85,57,55,99,5,
89	4	6	1.941	4,93,52,65,67,88,94,58,23,33,53,95,99,55,57,6,
89	4	7	1.9	4,93,52,65,67,53,23,33,95,99,55,57,85,83,35,7,
89	4	8	2.234	4,65,93,52,53,23,33,41,73,49,86,96,31,16,80,84,62,27,8,
89	4	9	2.315	4,65,93,52,95,99,55,57,85,83,35,71,68,80,16,84,27,62,9,
89	4	10	2.513	4,65,93,52,95,99,55,57,85,83,71,68,84,80,16,31,34,91,48,10,
89	4	11	2.551	4,65,93,52,53,23,33,73,41,47,97,74,61,79,54,44,51,45,76,11,
89	4	12	2.568	4,65,93,52,53,23,33,73,41,47,97,74,54,79,61,44,51,45,32,12,
89	4	13	2.517	4,65,93,52,53,23,33,73,41,47,97,74,54,79,61,44,56,87,39,13,
89	4	14	2.489	4,65,93,52,67,22,21,90,59,37,19,24,78,38,17,26,60,98,14,
89	4	15	2.272	4,93,52,65,67,22,21,90,59,37,46,69,19,24,78,38,17,26,60,15,
89	5	6	2.13	5,52,93,65,67,88,94,58,23,33,53,95,99,55,57,6,
89	5	7	2.089	5,52,93,65,67,53,23,33,95,99,55,57,85,83,35,7,
89	5	8	1.872	5,99,55,57,85,83,35,71,68,84,80,16,31,62,27,8,
89	5	9	2.403	5,99,55,57,85,83,35,71,68,27,62,84,80,16,31,34,91,9,
89	5	10	2.44	5,99,55,57,85,83,35,71,68,27,62,84,80,16,31,34,91,63,48,10,
89	5	11	2.644	5,99,55,57,85,83,35,71,68,84,80,16,31,34,40,64,51,76,11,
89	5	12	2.783	5,99,55,57,85,83,35,71,68,84,80,16,31,34,40,64,51,45,32,12,
89	5	13	2.762	5,52,93,65,67,53,23,33,73,41,47,97,74,54,79,61,44,56,87,13,
89	5	14	2.671	5,52,93,65,67,22,21,90,59,37,19,24,78,38,17,26,60,98,14,
89	5	15	2.435	5,52,93,65,67,22,21,90,59,37,46,19,24,78,38,17,26,60,98,15,
89	6	7	2.086	6,57,55,99,95,53,23,33,41,73,49,86,25,83,35,7,
89	6	8	1.705	6,57,55,99,28,85,83,35,71,68,80,16,84,62,27,8,
89	6	9	1.832	6,57,55,99,28,85,83,35,71,68,80,16,84,27,62,9,
89	6	10	2.301	6,57,55,99,28,85,83,35,71,68,27,84,80,16,31,34,91,63,48,10,
89	6	11	2.517	6,57,85,83,35,71,68,27,62,84,80,16,31,34,40,64,76,11,
89	6	12	2.581	6,57,85,83,35,71,68,84,80,16,31,34,40,64,51,76,45,32,12,
89	6	13	2.653	6,57,55,99,95,53,23,33,73,41,47,97,74,54,79,61,44,56,87,39,13,
89	6	14	2.719	6,57,55,99,95,53,23,33,73,41,47,97,74,61,79,54,44,56,87,39,14,
89	6	15	2.52	6,57,55,99,95,53,33,23,58,94,88,18,92,78,24,38,17,26,60,98,15,
89	7	8	1.908	7,35,57,55,99,28,85,83,71,68,80,16,84,62,27,8,
89	7	9	1.943	7,35,83,71,68,27,62,84,80,16,31,96,34,91,63,9,
89	7	10	1.771	7,35,83,71,68,27,62,84,80,16,31,34,91,63,48,10,
89	7	11	2.347	7,35,83,71,68,27,62,84,80,16,31,34,40,64,51,45,76,11,
89	7	12	2.383	7,35,83,71,68,84,80,16,31,96,29,66,97,74,61,79,54,44,32,12,
89	7	13	2.458	7,35,83,71,68,84,80,16,31,96,29,66,97,74,54,79,61,44,56,87,13,
89	7	14	2.681	7,35,83,71,68,84,80,16,31,96,29,66,74,97,75,30,36,82,72,56,87,39,14,
89	7	15	2.683	7,35,71,68,80,16,31,96,29,66,97,75,30,36,43,78,24,38,17,26,60,15,
89	8	9	2.027	8,27,62,84,68,71,80,16,25,86,96,31,34,91,63,9,
89	8	10	1.884	8,27,62,84,80,68,71,25,16,31,96,34,91,63,48,10,
89	8	11	2.034	8,27,84,80,16,31,34,91,63,48,40,64,51,45,76,11,
89	8	12	2.275	8,27,62,84,80,16,31,96,29,66,97,74,54,79,61,44,51,45,12,
89	8	13	2.376	8,27,62,84,80,16,31,34,40,64,51,54,79,61,44,56,87,39,13,
89	8	14	2.579	8,27,62,84,68,71,80,16,31,96,29,66,74,54,61,79,44,56,87,39,14,
89	8	15	2.516	8,27,84,80,16,31,96,29,66,74,97,75,30,82,36,43,38,17,26,60,98,15,
89	9	10	2.011	9,62,27,84,80,68,71,25,16,31,96,34,91,63,48,10,
89	9	11	2.194	9,62,27,84,80,16,31,34,91,63,48,40,64,51,76,11,
89	9	12	2.201	9,62,27,84,80,16,31,96,29,66,74,54,79,61,44,32,12,
89	9	13	2.371	9,62,27,84,80,16,31,96,29,66,97,74,54,79,61,44,56,87,13,
89	9	14	2.644	9,27,62,84,80,16,31,34,40,64,51,54,79,61,44,56,87,39,14,
89	9	15	2.588	9,62,84,80,16,31,96,29,66,97,75,30,36,43,38,17,26,60,98,15,
89	10	11	2.287	10,48,40,64,51,44,54,79,61,72,56,87,32,45,76,11,
89	10	12	2.151	10,48,40,64,51,76,45,44,79,54,61,72,56,87,32,12,
89	10	13	2.067	10,48,63,91,40,64,51,76,45,44,54,79,61,56,87,13,
89	10	14	2.687	10,48,40,64,51,76,45,44,61,79,54,74,97,75,30,82,72,56,87,39,14,
89	10	15	2.471	10,48,40,64,51,54,79,61,75,30,82,36,43,78,24,38,17,26,60,98,15,
89	11	12	2.154	11,76,45,44,61,79,54,74,97,75,30,36,82,72,56,32,12,
89	11	13	2.092	11,76,45,44,61,79,54,74,97,75,30,36,82,72,56,87,13,
89	11	14	2.135	11,76,45,51,44,79,54,61,75,30,36,82,72,56,87,39,14,
89	11	15	2.447	11,76,45,44,61,79,54,74,97,75,30,82,36,43,78,24,38,60,26,15,
89	12	13	2.129	12,32,45,51,44,54,79,61,75,30,36,82,72,56,87,39,13,
89	12	14	2.209	12,32,45,51,54,79,44,61,75,30,36,82,72,56,87,39,14,
89	12	15	2.056	12,32,44,54,79,61,75,30,36,43,38,17,26,60,98,15,
89	13	14	2.364	13,32,45,76,51,44,79,54,61,75,30,82,72,56,87,39,14,
89	13	15	2.097	13,39,87,56,72,82,30,36,43,78,24,38,17,26,60,98,15,
89	14	15	2.241	14,39,87,56,44,54,79,61,75,30,36,43,38,17,26,60,15,
