374	0	1	1.946	0,90,42,92,65,75,80,95,85,43,57,31,72,64,73,1,
374	0	2	1.848	0,90,42,65,92,16,49,80,95,85,43,57,31,72,64,2,
374	0	3	1.983	0,90,42,92,65,75,80,95,85,31,57,43,99,21,50,3,
374	0	4	2.315	0,90,42,92,65,75,73,64,72,31,57,43,99,21,96,74,60,29,4,
374	0	5	2.439	0,90,42,65,92,16,49,25,19,40,63,18,52,68,98,74,96,60,5,
374	0	6	2.472	0,90,42,75,80,95,85,43,57,99,21,96,74,98,68,67,69,77,6,
374	0	7	2.59	0,90,42,65,92,16,49,25,19,40,63,18,52,68,67,66,46,71,7,
374	0	8	2.544	0,90,42,65,92,16,49,25,19,40,63,89,28,37,30,79,86,55,8,
374	0	9	2.626	0,90,42,65,92,16,49,25,93,39,17,19,40,63,89,28,37,30,54,32,9,
374	0	10	2.538	0,90,42,65,92,16,49,48,41,19,40,63,89,28,37,30,54,84,44,10,
374	0	11	2.446	0,90,42,65,92,16,49,25,93,39,17,78,81,51,34,87,47,38,83,76,12,26,11,
374	0	12	1.913	0,90,42,65,92,16,49,25,93,39,17,81,51,34,87,47,38,83,76,12,
374	0	13	1.891	0,90,42,65,92,16,49,25,93,39,36,82,56,94,78,24,13,
374	0	14	1.96	0,90,42,65,92,16,49,25,93,39,36,82,56,78,24,94,14,
374	0	15	1.698	0,90,42,65,92,16,49,25,93,39,36,82,56,88,70,15,
374	1	2	2.238	1,0,90,42,65,92,16,49,80,95,85,43,57,31,72,64,2,
374	1	3	2.117	1,64,72,31,57,43,99,33,52,68,98,74,96,21,50,3,
374	1	4	2.259	1,73,64,72,31,57,43,99,21,96,74,98,52,68,67,60,29,4,
374	1	5	2.328	1,73,64,72,31,57,43,99,21,96,74,98,52,68,67,60,29,5,
374	1	6	2.347	1,73,64,72,31,57,43,99,21,96,74,98,68,67,69,66,46,77,6,
374	1	7	2.474	1,73,64,72,31,57,43,99,21,96,74,98,68,67,69,66,46,71,7,
374	1	8	2.716	1,73,64,72,31,57,43,99,21,96,74,98,68,52,18,63,20,55,8,
374	1	9	2.642	1,64,72,31,57,43,99,96,74,98,68,52,18,63,89,37,30,54,32,9,
374	1	10	2.622	1,73,64,72,31,57,43,99,33,35,18,63,89,28,37,30,84,44,10,
374	1	11	2.554	1,73,75,42,65,92,16,49,25,93,39,17,81,51,34,87,47,38,83,26,11,
374	1	12	2.164	1,73,75,42,65,92,16,49,25,93,39,17,51,34,87,47,38,83,76,12,
374	1	13	2.346	1,75,42,65,92,16,49,25,93,39,17,51,34,47,38,83,76,45,24,13,
374	1	14	2.103	1,73,75,42,65,92,16,49,25,93,39,17,81,78,56,94,14,
374	1	15	1.882	1,73,75,42,65,92,16,49,25,93,39,36,82,88,70,15,
374	2	3	1.934	2,64,72,31,57,43,99,33,52,68,98,74,96,21,50,3,
374	2	4	1.848	2,64,72,31,57,43,99,21,96,74,98,68,67,60,29,4,
374	2	5	1.917	2,64,72,31,57,43,99,21,96,74,98,68,67,60,29,5,
374	2	6	2.33	2,64,72,31,57,43,99,21,96,29,60,74,98,68,67,69,66,46,77,6,
374	2	7	2.494	2,64,72,31,57,43,99,21,96,74,98,52,68,67,69,77,66,46,71,7,
374	2	8	2.506	2,72,31,57,43,99,96,74,98,68,52,18,63,89,28,37,79,58,8,
374	2	9	2.381	2,72,31,57,43,99,96,74,98,68,52,18,63,89,28,37,30,54,32,9,
374	2	10	2.415	2,64,72,31,57,43,99,33,35,18,63,89,28,37,30,54,84,44,10,
374	2	11	2.409	2,72,31,57,43,99,33,35,18,63,89,28,37,30,84,44,91,53,11,
374	2	12	2.326	2,64,73,75,42,65,92,16,49,25,93,39,17,51,34,87,47,38,83,76,12,
374	2	13	2.409	2,72,31,57,43,85,95,80,75,42,65,92,16,49,36,82,56,94,24,13,
374	2	14	2.309	2,64,72,31,57,43,85,95,80,75,42,65,92,16,49,36,82,56,94,14,
374	2	15	2.187	2,72,31,57,43,85,95,80,75,42,65,92,16,49,36,82,88,70,15,
374	3	4	1.912	3,31,57,43,99,21,96,74,98,52,68,67,60,29,4,
374	3	5	1.981	3,31,57,43,99,21,96,74,98,52,68,67,60,29,5,
374	3	6	2.149	3,31,57,43,99,21,96,74,98,52,68,67,69,66,46,77,6,
374	3	7	2.372	3,31,57,43,99,21,96,29,60,74,98,68,67,69,66,46,71,7,
374	3	8	2.549	3,57,43,99,96,74,98,68,52,18,63,89,28,37,30,79,86,55,8,
374	3	9	2.471	3,31,57,43,99,21,96,74,98,68,52,18,63,89,28,37,30,54,32,9,
374	3	10	2.623	3,31,57,43,99,21,96,74,98,68,52,18,63,89,28,37,30,54,84,44,10,
374	3	11	2.338	3,50,21,96,74,98,68,52,18,63,89,28,37,30,84,44,91,53,11,
374	3	12	2.531	3,50,21,96,74,98,68,52,27,20,28,37,97,62,87,34,47,38,83,76,12,
374	3	13	2.414	3,31,57,43,85,95,80,75,42,65,92,16,49,36,82,56,94,24,13,
374	3	14	2.371	3,31,57,43,85,95,80,75,90,42,65,92,49,16,36,82,56,94,14,
374	3	15	2.392	3,31,57,43,85,95,80,75,42,65,92,16,49,36,82,56,88,70,15,
374	4	5	2.192	4,50,57,43,99,21,96,74,98,68,67,66,69,77,5,
374	4	6	2.036	4,50,57,43,99,21,96,74,98,68,67,66,69,77,6,
374	4	7	2.191	4,50,21,57,43,99,96,74,98,68,67,66,46,71,7,
374	4	8	2.169	4,29,60,74,98,68,52,18,63,89,28,37,79,86,55,8,
374	4	9	2.409	4,50,21,96,74,98,68,52,18,63,20,89,28,37,30,84,54,32,9,
374	4	10	2.587	4,29,60,96,74,98,68,52,18,63,89,28,37,30,54,84,97,62,91,44,10,
374	4	11	2.455	4,29,60,96,74,98,68,52,18,63,20,89,28,37,30,54,84,44,91,53,11,
374	4	12	2.476	4,29,60,74,98,68,52,18,63,89,28,37,97,62,87,34,47,38,83,76,12,
374	4	13	2.564	4,29,60,96,74,98,68,52,18,63,40,19,25,93,39,17,81,78,24,13,
374	4	14	2.53	4,50,21,99,57,43,85,95,80,75,42,65,92,49,36,82,56,94,14,
374	4	15	2.529	4,29,60,74,96,21,99,43,57,31,85,95,80,75,90,42,65,92,23,15,
374	5	6	2.261	5,29,60,74,96,21,57,43,99,33,98,68,67,69,77,6,
374	5	7	2.304	5,29,60,74,98,68,52,18,63,89,28,37,79,86,55,7,
374	5	8	2.238	5,29,60,74,98,68,52,18,63,89,28,37,79,86,55,8,
374	5	9	2.081	5,60,96,74,98,68,52,18,63,89,28,37,30,54,32,9,
374	5	10	2.595	5,29,60,74,98,68,52,18,63,89,28,37,30,54,84,97,62,91,44,10,
374	5	11	2.423	5,29,60,96,74,98,68,52,18,63,89,28,37,30,54,84,44,91,53,11,
374	5	12	2.545	5,29,60,74,98,68,52,18,63,89,28,37,97,62,87,34,47,38,83,76,12,
374	5	13	2.633	5,29,60,96,74,98,68,52,18,63,40,19,25,93,39,17,81,78,24,13,
374	5	14	2.666	5,29,60,96,74,98,68,52,18,63,40,19,25,93,39,36,82,56,94,14,
374	5	15	2.591	5,29,60,74,96,21,99,43,57,31,72,64,73,75,90,42,92,23,15,
374	6	7	2.285	6,77,69,67,68,52,18,63,89,28,37,30,79,86,55,7,
374	6	8	2.266	6,77,69,66,27,20,89,28,37,30,84,54,79,86,55,8,
374	6	9	2.104	6,46,66,67,68,52,18,63,20,89,28,37,30,54,32,9,
374	6	10	2.167	6,77,69,66,46,71,55,86,79,28,89,37,30,54,84,44,10,
374	6	11	2.367	6,77,69,67,68,52,18,63,20,89,28,37,30,54,84,44,91,53,11,
374	6	12	2.359	6,77,69,66,27,20,89,28,37,30,54,84,62,87,34,47,38,83,76,12,
374	6	13	2.574	6,46,66,27,20,89,28,37,30,54,84,62,87,34,47,38,83,76,45,13,
374	6	14	2.7	6,77,69,67,68,52,18,63,40,19,41,48,25,93,39,36,82,56,94,14,
374	6	15	2.662	6,77,69,60,74,96,21,99,43,57,31,72,64,73,75,42,65,92,23,15,
374	7	8	2.443	7,55,20,89,28,37,30,97,62,44,84,54,79,86,58,8,
374	7	9	2.218	7,55,86,79,28,89,37,30,54,84,97,62,91,44,32,9,
374	7	10	2.463	7,55,20,86,79,28,89,37,30,54,84,97,62,44,91,53,10,
374	7	11	2.423	7,55,20,89,28,37,30,54,84,97,62,87,34,47,38,83,26,11,
374	7	12	2.248	7,55,86,79,28,89,37,30,54,84,97,62,87,34,47,38,83,76,12,
374	7	13	2.575	7,55,86,79,28,89,37,30,84,97,62,87,34,47,38,83,76,45,24,13,
374	7	14	2.523	7,55,86,79,28,89,37,30,84,97,62,87,34,51,81,78,94,14,
374	7	15	2.746	7,55,20,89,28,37,30,84,97,62,87,34,51,81,78,56,88,70,15,
374	8	9	2.119	8,55,86,79,30,37,28,89,97,62,91,44,84,54,32,9,
374	8	10	2.371	8,55,20,89,28,86,79,37,30,54,84,97,62,44,91,53,10,
374	8	11	2.178	8,58,79,86,55,20,89,28,37,30,54,84,97,62,91,53,11,
374	8	12	1.991	8,55,20,89,28,37,30,54,84,44,91,53,47,38,83,76,12,
374	8	13	2.373	8,55,20,89,28,37,30,54,84,44,91,53,47,38,83,76,45,24,13,
374	8	14	2.457	8,55,86,79,28,89,37,30,84,97,62,87,34,51,81,78,94,14,
374	8	15	2.72	8,55,86,79,28,89,37,30,54,84,62,87,34,51,81,78,56,88,70,15,
374	9	10	2.216	9,32,79,86,20,89,28,37,30,54,84,97,62,44,91,53,10,
374	9	11	2.009	9,32,54,30,37,28,89,97,62,87,34,47,38,83,26,11,
374	9	12	1.752	9,32,54,30,37,28,89,97,62,87,34,47,38,83,76,12,
374	9	13	2.258	9,32,79,28,89,37,30,97,62,87,34,47,38,83,76,45,24,13,
374	9	14	2.538	9,32,79,86,55,20,89,28,37,30,84,97,62,87,34,51,81,78,94,14,
374	9	15	2.674	9,32,54,30,37,28,89,97,62,87,34,51,17,39,93,25,36,82,88,70,15,
374	10	11	2.077	10,44,84,54,30,37,28,89,97,62,87,34,47,38,26,11,
374	10	12	1.849	10,44,84,30,37,28,89,97,62,87,34,47,38,83,76,12,
374	10	13	2.149	10,44,84,54,30,37,28,89,97,62,87,34,51,81,78,24,13,
374	10	14	2.48	10,44,84,54,30,37,79,86,28,89,97,62,87,34,51,81,78,94,14,
374	10	15	2.584	10,44,84,54,30,37,28,89,20,63,40,19,93,39,36,82,88,70,15,
374	11	12	1.858	11,53,91,44,84,30,37,97,62,87,34,47,38,83,76,12,
374	11	13	2.022	11,26,38,47,87,34,51,17,39,93,36,82,56,78,24,13,
374	11	14	2.235	11,26,83,38,47,87,34,51,17,39,93,25,49,36,82,56,94,14,
374	11	15	2.326	11,26,83,38,47,87,34,51,81,17,39,93,25,49,16,92,65,42,23,15,
374	12	13	1.787	12,76,83,38,47,34,87,17,39,93,36,82,56,78,24,13,
374	12	14	1.673	12,76,83,38,47,87,34,51,17,39,93,36,82,56,94,14,
374	12	15	1.936	12,76,83,38,47,87,34,51,17,39,93,25,49,16,92,65,42,23,15,
374	13	14	1.906	13,24,45,76,83,38,47,51,17,39,93,36,82,56,94,14,
374	13	15	1.836	13,24,78,56,82,36,39,93,25,49,92,65,42,23,15,
374	14	15	1.686	14,94,56,82,36,39,93,25,49,16,92,65,42,23,15,
