135	0	1	1.703	0,20,31,37,46,71,89,21,38,96,74,57,41,65,18,1,
135	0	2	1.596	0,32,20,91,38,74,57,41,65,85,92,97,17,61,2,
135	0	3	1.556	0,20,91,38,74,96,41,57,65,85,97,17,39,48,3,
135	0	4	1.639	0,20,91,38,74,57,41,65,97,17,39,48,78,60,4,
135	0	5	2.173	0,32,20,91,21,90,74,96,41,57,65,85,92,97,17,39,48,78,95,5,
135	0	6	2.201	0,20,91,38,74,96,41,57,65,85,92,97,17,39,48,66,45,43,82,54,6,
135	0	7	2.331	0,20,91,38,74,57,41,65,97,17,39,48,98,73,36,87,67,70,25,7,
135	0	8	2.385	0,20,91,38,74,57,41,65,85,92,73,36,87,67,19,72,34,56,8,
135	0	9	2.463	0,20,91,38,74,57,41,65,85,92,73,33,16,55,59,51,22,79,28,75,9,
135	0	10	2.506	0,20,91,21,89,71,46,37,24,68,26,23,88,63,86,83,53,44,10,
135	0	11	2.355	0,32,20,91,21,89,71,46,37,24,68,26,23,88,76,84,86,83,58,35,11,
135	0	12	2.164	0,32,20,91,21,89,71,46,37,24,68,26,23,76,84,86,83,58,12,
135	0	13	1.988	0,20,32,93,96,41,57,74,90,21,89,71,46,24,68,26,23,13,
135	0	14	1.51	0,32,20,91,38,90,21,89,71,46,37,24,68,26,23,14,
135	0	15	1.494	0,32,20,91,38,96,41,57,74,90,21,89,71,46,37,15,
135	1	2	1.774	1,18,96,74,57,41,65,85,92,73,98,17,97,61,29,2,
135	1	3	1.753	1,18,96,74,57,41,65,85,92,73,98,48,39,17,3,
135	1	4	1.752	1,18,96,74,57,41,65,85,92,97,17,39,48,78,4,
135	1	5	2.272	1,18,96,74,57,41,65,85,92,97,17,39,48,98,73,66,78,95,5,
135	1	6	2.174	1,96,74,57,41,65,85,97,17,39,48,98,73,36,87,45,43,82,54,6,
135	1	7	2.262	1,96,74,57,41,65,97,17,39,48,98,73,36,87,67,19,72,25,7,
135	1	8	2.422	1,96,74,57,41,65,97,17,39,48,98,73,36,87,67,19,72,34,56,8,
135	1	9	2.424	1,96,74,57,41,65,97,17,98,73,33,16,55,59,51,22,79,28,75,9,
135	1	10	2.503	1,96,74,57,41,65,97,17,48,98,73,33,16,55,59,40,42,44,10,
135	1	11	2.469	1,93,32,20,91,89,71,46,37,24,68,26,23,76,84,86,83,58,35,11,
135	1	12	2.252	1,96,41,57,74,38,90,21,89,71,46,37,24,68,26,23,76,84,12,
135	1	13	1.977	1,18,41,57,74,96,38,90,21,89,71,46,37,24,68,26,23,13,
135	1	14	1.821	1,18,65,57,41,96,74,38,91,21,89,71,46,37,24,68,26,14,
135	1	15	1.555	1,18,65,57,41,96,74,90,21,89,71,46,37,24,68,26,15,
135	2	3	1.643	2,61,18,96,74,57,41,65,85,92,97,17,39,48,3,
135	2	4	1.708	2,29,61,18,41,57,65,85,97,17,39,48,78,60,4,
135	2	5	1.856	2,29,61,18,41,57,65,85,97,17,39,48,78,60,5,
135	2	6	2.171	2,29,61,18,96,74,57,41,65,97,17,39,48,98,66,45,43,82,54,6,
135	2	7	2.225	2,29,61,97,17,39,48,98,73,36,87,67,19,72,34,27,56,25,7,
135	2	8	2.406	2,29,61,97,17,39,48,98,73,36,87,67,70,25,72,19,34,27,56,8,
135	2	9	2.479	2,29,61,97,17,39,48,98,73,36,87,67,19,34,27,50,62,79,28,75,9,
135	2	10	2.627	2,29,61,18,41,57,65,97,17,39,48,98,73,33,16,55,59,40,42,44,10,
135	2	11	2.579	2,29,61,65,57,41,96,74,38,21,89,71,46,88,63,86,83,58,35,11,
135	2	12	2.305	2,61,18,41,57,74,90,21,89,71,46,37,24,68,26,23,76,84,12,
135	2	13	2.05	2,29,61,65,57,41,96,74,38,21,89,71,46,37,24,68,26,23,13,
135	2	14	1.895	2,29,61,18,65,57,41,96,74,90,21,89,71,46,37,24,68,26,23,14,
135	2	15	1.552	2,29,61,18,41,57,74,38,21,89,71,46,37,24,68,26,15,
135	3	4	2	3,29,61,18,96,74,41,57,65,97,17,48,78,60,4,
135	3	5	2.17	3,29,61,18,41,57,65,85,92,97,17,48,78,95,5,
135	3	6	2.193	3,48,39,98,73,36,87,67,19,72,34,27,56,25,70,69,6,
135	3	7	2.295	3,17,39,48,98,73,36,87,77,19,72,34,27,56,25,70,7,
135	3	8	2.552	3,48,39,98,73,36,87,67,70,25,72,19,34,27,94,80,50,8,
135	3	9	2.441	3,78,95,45,43,82,54,69,70,25,72,19,34,27,50,62,79,28,75,9,
135	3	10	2.667	3,48,39,98,73,36,87,67,19,72,34,56,27,50,62,79,28,42,44,10,
135	3	11	2.84	3,17,97,65,57,41,96,74,38,21,89,71,46,88,63,86,83,58,35,11,
135	3	12	2.533	3,48,39,17,97,65,41,57,74,90,21,89,71,46,88,76,84,12,
135	3	13	2.261	3,17,97,65,41,57,74,90,21,89,71,46,37,24,68,26,23,13,
135	3	14	1.987	3,48,39,17,97,65,41,57,74,90,21,89,71,46,37,24,68,26,14,
135	3	15	1.856	3,48,39,17,97,65,57,41,96,74,38,90,21,89,71,46,37,15,
135	4	5	2.047	4,60,95,45,67,19,72,34,56,25,70,69,54,82,5,
135	4	6	1.761	4,60,95,45,67,19,72,34,27,56,25,70,69,54,6,
135	4	7	2.207	4,60,78,95,45,43,82,54,69,70,25,72,34,19,94,27,56,7,
135	4	8	2.22	4,60,78,95,45,43,82,54,69,70,25,72,19,34,27,56,50,62,8,
135	4	9	2.106	4,60,95,45,43,82,54,69,70,25,72,34,56,27,50,62,79,28,75,9,
135	4	10	2.367	4,60,95,45,43,82,54,69,70,25,72,34,27,50,62,79,28,42,44,10,
135	4	11	2.57	4,60,95,43,82,54,69,70,25,72,34,27,94,80,51,40,53,11,
135	4	12	2.722	4,78,48,39,17,97,65,41,57,74,90,21,89,71,46,88,76,84,12,
135	4	13	2.439	4,60,78,48,39,17,97,65,41,57,74,90,21,89,71,46,23,13,
135	4	14	2.158	4,60,78,48,39,17,97,65,41,57,74,38,21,71,46,24,68,26,14,
135	4	15	2.05	4,60,78,48,39,17,97,65,41,57,74,90,21,89,71,46,37,24,15,
135	5	6	2.084	5,43,45,66,87,67,19,72,34,27,56,25,70,69,54,6,
135	5	7	2.172	5,82,54,69,70,25,72,19,34,27,94,80,51,22,50,56,7,
135	5	8	1.992	5,82,54,69,70,25,56,27,34,72,19,77,94,80,50,8,
135	5	9	1.974	5,95,45,43,82,54,69,70,25,72,19,34,27,50,62,79,28,75,9,
135	5	10	2.166	5,43,82,54,69,70,25,72,19,34,56,27,50,62,79,28,42,44,10,
135	5	11	2.435	5,43,82,54,69,70,25,72,19,34,56,27,50,62,79,28,42,53,11,
135	5	12	2.612	5,82,54,69,70,25,72,19,34,56,27,50,22,51,40,53,35,58,12,
135	5	13	2.565	5,95,78,48,39,17,97,65,41,57,74,90,21,89,71,46,23,13,
135	5	14	2.263	5,95,78,48,39,17,97,65,41,57,90,21,71,46,24,68,26,14,
135	5	15	2.141	5,95,78,48,39,17,97,65,57,41,96,74,38,21,89,71,46,37,15,
135	6	7	1.794	6,82,54,69,70,25,72,19,34,27,94,80,50,56,7,
135	6	8	1.621	6,82,54,69,70,25,72,19,34,56,27,50,22,62,8,
135	6	9	1.372	6,54,69,70,25,72,19,34,27,50,62,79,28,75,9,
135	6	10	2.137	6,82,54,69,70,25,72,19,34,27,94,80,51,22,79,28,75,42,44,10,
135	6	11	2.262	6,82,54,69,70,25,72,19,34,27,50,62,79,28,75,42,44,53,11,
135	6	12	2.424	6,82,54,69,70,25,72,19,34,56,27,50,62,79,28,42,53,35,58,12,
135	6	13	2.513	6,82,54,69,70,25,72,19,34,56,27,94,80,55,81,99,49,63,84,13,
135	6	14	2.458	6,82,43,45,66,48,39,17,97,65,41,57,90,21,71,46,24,68,26,14,
135	6	15	2.286	6,82,43,45,66,48,39,17,97,65,41,57,74,90,21,89,71,46,37,15,
135	7	8	1.687	7,25,56,27,34,72,19,77,94,80,51,22,50,62,8,
135	7	9	1.514	7,25,56,27,34,72,19,77,94,80,22,79,28,75,9,
135	7	10	1.679	7,25,70,72,19,34,27,50,62,79,28,75,42,44,10,
135	7	11	2.24	7,25,56,27,34,72,19,94,80,51,22,79,28,75,42,44,53,11,
135	7	12	2.483	7,25,70,72,19,34,56,27,94,80,22,51,40,42,44,53,35,58,12,
135	7	13	2.567	7,25,56,27,34,72,19,77,94,80,59,55,81,99,49,30,83,86,84,13,
135	7	14	2.643	7,70,67,87,36,73,92,85,65,41,57,74,90,21,89,71,46,24,68,26,14,
135	7	15	2.479	7,25,70,67,87,36,73,92,85,65,41,57,74,90,21,89,71,46,37,15,
135	8	9	1.634	8,56,27,34,72,19,94,80,51,22,50,62,79,28,75,9,
135	8	10	1.876	8,56,27,34,72,25,70,19,94,80,51,40,42,44,10,
135	8	11	2.105	8,56,27,34,72,25,70,19,94,80,22,51,40,53,11,
135	8	12	2.431	8,56,27,34,72,19,77,94,80,55,81,99,49,30,86,83,58,12,
135	8	13	2.68	8,50,27,34,56,25,70,72,19,94,80,59,55,81,99,49,63,84,13,
135	8	14	2.757	8,56,27,34,72,19,77,16,33,52,90,21,89,71,46,37,24,68,26,14,
135	8	15	2.6	8,56,27,34,72,19,77,16,52,90,21,89,71,46,37,24,68,26,15,
135	9	10	1.86	9,75,28,79,62,50,27,34,19,94,80,51,40,42,44,10,
135	9	11	2.028	9,75,79,62,50,27,34,72,19,94,80,51,40,53,11,
135	9	12	2.329	9,75,28,79,62,50,27,34,72,19,94,80,51,40,53,58,12,
135	9	13	2.449	9,75,79,62,50,27,34,72,19,94,80,55,81,99,49,63,84,13,
135	9	14	2.539	9,75,28,79,62,50,27,34,72,19,77,55,81,99,49,63,88,23,14,
135	9	15	2.469	9,75,28,79,62,22,51,59,55,81,99,49,63,88,23,26,68,24,37,15,
135	10	11	2.338	10,44,42,28,79,62,50,27,34,19,94,80,51,40,53,11,
135	10	12	2.435	10,44,42,75,28,79,62,22,51,59,55,81,99,49,30,83,58,12,
135	10	13	2.75	10,44,42,28,79,62,50,27,34,72,19,77,55,81,99,49,63,84,13,
135	10	14	2.704	10,44,42,40,64,99,49,47,63,88,46,71,89,37,24,68,26,23,14,
135	10	15	2.607	10,44,42,40,64,30,83,86,84,76,88,23,26,68,24,46,71,89,37,15,
135	11	12	2.658	11,35,58,83,30,63,47,71,46,37,24,68,26,23,76,84,12,
135	11	13	2.532	11,35,58,83,86,63,47,46,37,24,68,26,23,88,76,84,13,
135	11	14	2.274	11,35,58,83,86,30,63,88,46,71,89,37,24,68,26,23,14,
135	11	15	2.24	11,35,58,83,86,63,47,88,23,26,68,24,37,46,71,89,31,15,
135	12	13	2.487	12,58,83,30,63,47,71,89,46,37,24,68,26,23,88,76,13,
135	12	14	2.354	12,58,83,86,84,76,23,26,68,24,37,46,71,89,31,15,14,
135	12	15	2.278	12,35,58,83,86,63,47,88,23,26,68,24,37,46,71,89,31,15,
135	13	14	2.229	13,23,26,68,24,37,46,71,89,21,91,32,20,31,15,14,
135	13	15	1.84	13,23,26,68,24,37,46,71,89,21,91,32,20,31,15,
135	14	15	1.633	14,26,68,24,37,46,71,89,21,38,91,32,20,31,15,
