345	0	1	1.939	0,59,18,56,47,62,95,30,84,48,75,74,38,57,85,1,
345	0	2	2.17	0,59,18,38,74,75,48,30,84,96,57,85,76,31,54,2,
345	0	3	2.312	0,59,18,38,74,75,48,30,84,96,61,53,58,81,44,3,
345	0	4	2.457	0,59,18,38,74,75,48,30,84,23,88,25,72,49,20,87,50,98,4,
345	0	5	2.426	0,59,18,38,74,75,48,30,84,23,88,25,72,49,20,87,98,50,42,5,
345	0	6	2.475	0,59,18,38,74,75,48,30,84,23,88,25,72,49,87,98,50,42,36,6,
345	0	7	2.385	0,59,18,38,74,75,48,84,86,90,19,35,32,34,43,51,64,91,7,
345	0	8	2.28	0,59,18,38,74,75,48,84,86,90,19,35,32,34,43,51,64,91,8,
345	0	9	2.46	0,59,18,38,74,75,48,84,30,86,90,19,35,29,46,69,66,40,45,37,70,77,9,
345	0	10	2.315	0,59,18,38,74,75,48,84,30,86,90,19,35,29,46,97,52,66,27,37,70,45,10,
345	0	11	2.206	0,59,18,38,74,75,48,84,30,86,90,19,35,29,46,97,52,66,40,63,80,11,
345	0	12	2.004	0,59,18,38,74,75,48,84,30,86,90,19,35,29,46,28,82,94,12,
345	0	13	2.026	0,59,18,38,74,75,48,84,30,95,62,55,33,67,21,79,22,17,13,
345	0	14	1.738	0,59,18,57,38,74,75,48,84,30,95,68,79,21,67,14,
345	0	15	1.719	0,59,18,38,74,75,48,84,30,95,33,55,62,47,56,89,15,
345	1	2	2.437	1,54,31,76,85,57,38,74,75,30,84,96,61,53,2,
345	1	3	2.393	1,85,76,57,38,74,75,30,84,96,61,53,58,44,3,
345	1	4	2.462	1,54,31,76,85,57,38,74,75,48,96,61,53,58,44,4,
345	1	5	2.225	1,85,76,31,53,58,81,65,20,49,87,50,98,42,36,5,
345	1	6	2.541	1,85,57,38,74,75,48,84,23,88,25,72,49,20,87,98,50,42,36,6,
345	1	7	2.511	1,85,57,38,74,75,48,84,90,19,35,32,34,43,51,64,91,7,
345	1	8	2.389	1,85,57,38,74,75,48,84,86,90,19,35,32,34,43,51,64,8,
345	1	9	2.334	1,85,57,38,74,75,48,84,30,86,90,19,35,97,52,27,37,70,9,
345	1	10	2.328	1,85,57,38,74,75,48,84,86,90,19,35,29,46,97,52,27,37,70,45,10,
345	1	11	2.232	1,85,57,38,74,75,48,84,86,90,19,35,29,46,69,66,40,63,80,11,
345	1	12	2.157	1,85,57,38,74,75,48,84,30,86,90,19,35,29,46,28,82,94,12,
345	1	13	2.197	1,85,76,57,38,74,75,48,84,30,95,62,33,67,21,79,22,17,13,
345	1	14	2.142	1,85,76,57,38,74,75,48,84,30,95,68,21,67,33,62,55,14,
345	1	15	1.763	1,85,57,38,74,75,48,84,30,95,33,55,62,47,89,15,
345	2	3	2.521	2,54,31,76,85,57,38,74,75,48,96,61,53,58,44,3,
345	2	4	2.578	2,54,31,76,85,57,38,74,75,48,96,61,53,58,44,4,
345	2	5	2.59	2,54,31,76,57,38,74,75,48,84,23,88,39,20,87,98,5,
345	2	6	2.824	2,1,85,57,76,31,53,58,81,65,20,49,87,50,98,42,36,83,6,
345	2	7	2.678	2,58,81,65,20,49,72,25,92,51,43,16,93,60,24,64,91,7,
345	2	8	2.593	2,58,81,65,87,98,50,49,20,72,25,92,51,43,93,60,64,8,
345	2	9	2.584	2,54,31,76,57,38,74,75,48,84,86,90,19,35,97,52,27,37,70,9,
345	2	10	2.511	2,54,31,76,57,38,74,75,48,84,86,90,19,35,29,46,69,66,40,45,10,
345	2	11	2.491	2,54,31,76,57,38,74,75,48,84,86,90,19,35,29,46,69,66,63,80,11,
345	2	12	2.38	2,54,31,76,57,38,74,75,48,84,90,19,35,29,46,28,82,94,12,
345	2	13	2.413	2,54,31,76,57,38,74,75,48,84,30,95,62,33,67,21,79,22,17,13,
345	2	14	2.461	2,54,31,76,85,57,38,74,75,48,84,30,95,68,79,21,67,33,55,14,
345	2	15	1.997	2,54,31,76,57,38,74,75,48,84,30,95,33,62,47,89,15,
345	3	4	2.784	3,44,58,81,65,20,49,72,25,92,43,51,78,42,98,4,
345	3	5	2.472	3,44,58,81,65,20,49,87,98,50,42,72,25,78,36,5,
345	3	6	2.3	3,44,58,81,65,20,49,87,50,98,42,72,25,78,83,6,
345	3	7	2.245	3,44,81,65,20,49,72,25,92,51,43,93,60,64,91,7,
345	3	8	2.421	3,44,81,65,87,98,50,49,20,72,25,92,51,43,93,60,64,91,8,
345	3	9	2.567	3,44,81,65,20,49,87,50,98,42,72,25,92,51,43,93,60,24,73,9,
345	3	10	2.517	3,44,81,65,87,98,50,49,72,25,92,51,43,93,16,77,37,70,45,10,
345	3	11	2.571	3,44,81,65,20,49,72,25,92,51,43,93,16,77,37,70,45,63,80,11,
345	3	12	2.567	3,44,58,53,61,96,75,48,84,30,86,90,19,35,29,46,28,94,12,
345	3	13	2.757	3,44,58,53,61,96,75,48,84,30,95,62,47,55,33,67,21,79,22,17,13,
345	3	14	2.634	3,44,58,53,61,96,48,84,30,75,74,38,56,89,47,62,55,33,67,14,
345	3	15	2.174	3,44,58,53,61,96,75,48,84,30,95,33,62,47,89,15,
345	4	5	2.529	4,44,58,81,65,20,49,87,98,50,42,72,25,78,36,5,
345	4	6	2.357	4,44,58,81,65,20,49,87,50,98,42,72,25,78,83,6,
345	4	7	2.158	4,98,50,87,20,49,72,25,92,51,43,93,60,64,91,7,
345	4	8	2.248	4,98,50,87,20,49,72,25,92,51,43,93,60,73,24,64,91,8,
345	4	9	2.419	4,98,42,50,87,20,49,72,25,92,51,43,93,16,77,37,70,9,
345	4	10	2.559	4,81,65,20,49,87,98,50,42,72,25,92,51,43,93,16,77,37,70,10,
345	4	11	2.541	4,98,50,87,20,49,72,25,92,51,43,93,16,77,37,70,45,40,63,80,11,
345	4	12	2.444	4,98,50,87,20,49,72,25,92,34,32,19,35,29,46,28,94,12,
345	4	13	2.568	4,98,50,87,20,49,72,25,92,34,32,19,35,29,46,28,71,17,13,
345	4	14	2.601	4,98,50,87,49,20,65,81,58,53,61,96,75,48,84,30,95,21,67,14,
345	4	15	2.552	4,98,50,87,49,20,39,61,96,75,48,84,30,95,33,55,62,47,89,15,
345	5	6	2.247	5,42,50,87,20,49,72,25,92,34,43,51,78,83,6,
345	5	7	2.027	5,98,50,87,20,49,72,25,92,51,43,93,60,64,91,7,
345	5	8	1.922	5,98,50,87,20,49,72,25,92,51,43,93,60,64,91,8,
345	5	9	2.171	5,42,50,98,87,20,49,72,25,92,51,43,16,93,60,24,73,9,
345	5	10	2.141	5,42,50,98,87,20,49,72,25,92,51,43,93,16,77,37,70,45,10,
345	5	11	2.41	5,98,50,87,20,49,72,25,92,51,43,93,16,77,37,70,45,40,63,80,11,
345	5	12	2.482	5,42,50,98,87,20,49,72,25,92,51,43,34,32,26,52,69,82,94,12,
345	5	13	2.518	5,42,50,98,87,20,49,72,25,92,34,32,26,97,29,46,28,71,17,13,
345	5	14	2.543	5,98,50,49,20,65,81,58,53,61,96,75,48,84,30,95,68,21,67,14,
345	5	15	2.421	5,98,50,87,49,20,39,61,96,75,48,84,30,95,33,55,62,47,89,15,
345	6	7	2.087	6,36,42,50,98,87,20,49,72,25,92,43,51,64,91,7,
345	6	8	1.954	6,36,42,50,98,87,20,49,72,25,92,51,43,60,24,8,
345	6	9	1.981	6,36,42,50,98,87,20,49,72,25,92,51,43,93,73,9,
345	6	10	2.148	6,36,42,50,98,87,20,49,72,25,92,51,43,16,77,37,70,45,10,
345	6	11	2.392	6,36,42,50,98,87,20,49,72,25,92,51,43,93,16,27,40,63,80,11,
345	6	12	2.49	6,36,42,50,98,87,20,49,72,25,92,32,19,35,29,46,28,82,94,12,
345	6	13	2.536	6,36,42,50,98,87,20,49,72,25,88,23,84,30,95,68,79,22,17,13,
345	6	14	2.556	6,36,42,50,98,87,49,20,39,61,96,75,48,84,30,95,68,79,21,67,14,
345	6	15	2.46	6,36,42,50,98,87,20,49,72,25,88,23,84,30,48,75,74,56,47,89,15,
345	7	8	2.115	7,83,36,42,50,98,87,20,49,72,25,78,64,91,8,
345	7	9	2.144	7,91,64,24,73,60,93,43,51,92,34,16,77,37,70,9,
345	7	10	2.307	7,91,64,51,43,34,32,26,97,29,46,69,66,27,37,70,45,10,
345	7	11	2.416	7,91,64,60,93,43,51,92,34,32,19,35,29,46,69,66,40,63,80,11,
345	7	12	2.449	7,91,64,60,93,43,51,92,34,32,19,35,29,46,97,52,69,82,94,12,
345	7	13	2.492	7,91,64,24,60,93,43,51,92,34,32,26,52,97,29,46,28,71,17,13,
345	7	14	2.515	7,91,64,60,93,16,34,32,35,19,90,86,30,84,48,75,95,21,67,14,
345	7	15	2.359	7,91,64,51,43,34,32,35,19,90,86,30,84,48,75,74,56,89,15,
345	8	9	2.039	8,91,64,24,73,60,93,43,51,92,34,16,77,37,70,9,
345	8	10	1.921	8,91,64,24,73,93,43,51,92,34,16,77,37,70,45,10,
345	8	11	1.995	8,91,64,60,93,43,34,32,26,52,69,66,40,63,80,11,
345	8	12	2.178	8,91,64,60,93,43,51,92,34,32,19,35,29,46,28,82,94,12,
345	8	13	2.39	8,91,64,60,93,16,43,51,92,34,32,26,52,97,29,46,28,71,17,13,
345	8	14	2.507	8,91,64,60,93,16,34,32,35,19,90,86,30,84,48,75,95,68,21,67,14,
345	8	15	2.512	8,91,64,60,93,43,51,92,34,32,35,19,90,86,30,84,48,75,74,56,47,89,15,
345	9	10	2.083	9,24,60,93,16,43,51,92,34,32,26,27,37,70,45,10,
345	9	11	2.004	9,70,37,27,26,52,97,29,46,28,69,66,40,63,80,11,
345	9	12	1.894	9,77,37,70,45,40,66,69,52,97,29,46,28,82,94,12,
345	9	13	2.3	9,70,37,27,66,69,52,97,46,29,35,19,90,86,68,79,22,17,13,
345	9	14	2.28	9,70,37,27,66,69,46,29,35,19,90,86,84,30,95,68,21,67,14,
345	9	15	2.363	9,70,37,27,66,69,46,29,35,19,90,86,30,84,48,75,74,38,56,47,89,15,
345	10	11	1.857	10,45,70,37,27,52,97,29,46,28,69,66,40,63,80,11,
345	10	12	1.803	10,45,70,37,27,66,69,52,26,97,29,46,28,82,94,12,
345	10	13	1.925	10,45,70,37,27,40,66,69,52,97,29,46,28,71,17,13,
345	10	14	2.107	10,45,70,37,27,52,97,46,29,35,19,90,86,84,30,95,21,67,14,
345	10	15	2.132	10,70,37,27,52,97,46,29,35,19,90,86,30,84,48,75,74,56,89,15,
345	11	12	1.879	11,80,63,40,27,66,69,52,26,97,29,46,28,82,94,12,
345	11	13	1.925	11,80,63,66,69,46,29,35,19,90,86,68,79,22,17,13,
345	11	14	1.855	11,80,63,40,66,69,46,29,35,19,90,86,68,21,67,14,
345	11	15	1.995	11,80,63,40,66,69,46,29,35,19,90,86,84,48,75,74,56,89,15,
345	12	13	1.918	12,94,82,28,46,29,35,19,90,86,30,95,68,17,13,
345	12	14	1.806	12,94,82,69,46,29,35,19,90,86,30,95,21,67,14,
345	12	15	1.904	12,94,28,46,29,35,19,90,86,30,84,48,75,74,56,47,89,15,
345	13	14	1.81	13,17,22,79,68,95,30,84,48,75,74,62,55,33,67,14,
345	13	15	1.698	13,17,22,79,68,95,30,84,48,75,74,38,56,47,89,15,
345	14	15	1.711	14,67,21,68,95,30,84,48,75,74,56,62,55,47,89,15,
