224	0	1	1.816	0,81,67,18,77,21,96,83,58,89,43,79,54,36,93,1,
224	0	2	1.675	0,81,75,71,67,18,74,79,36,54,56,95,45,51,2,
224	0	3	1.731	0,81,75,71,67,18,74,79,54,36,93,51,95,45,3,
224	0	4	2.067	0,81,71,67,18,74,79,54,36,93,56,95,26,84,19,87,30,4,
224	0	5	2.197	0,81,71,67,18,74,79,54,36,93,56,95,26,84,19,87,30,39,5,
224	0	6	2.391	0,81,75,71,67,18,74,36,54,56,26,84,19,87,30,39,53,60,40,76,6,
224	0	7	2.487	0,81,75,71,67,18,77,21,96,83,58,89,43,23,72,57,69,49,47,7,
224	0	8	2.528	0,81,75,71,67,18,77,21,96,83,58,89,43,23,73,61,57,69,49,52,8,
224	0	9	2.538	0,81,75,71,67,18,77,21,96,83,58,89,23,73,61,29,88,92,42,32,9,
224	0	10	2.422	0,81,75,71,67,18,77,21,96,83,58,89,43,23,73,61,29,92,42,10,
224	0	11	2.384	0,81,75,71,67,18,77,21,96,83,58,89,73,61,29,88,27,82,99,25,11,
224	0	12	2.108	0,81,75,71,67,18,77,21,96,83,58,22,78,97,90,17,55,12,
224	0	13	1.857	0,81,75,71,67,77,21,96,78,22,31,38,90,55,17,13,
224	0	14	1.915	0,81,75,71,67,18,77,21,96,83,58,22,78,35,66,14,
224	0	15	1.918	0,81,75,71,67,18,77,21,96,83,58,22,78,98,62,15,
224	1	2	1.793	1,75,81,71,67,18,74,79,36,54,56,95,45,51,2,
224	1	3	1.849	1,75,81,71,67,18,74,79,54,36,93,51,95,45,3,
224	1	4	2.109	1,75,81,67,18,74,79,36,54,56,95,26,19,84,87,30,4,
224	1	5	2.229	1,75,81,71,67,18,74,36,54,56,95,45,26,84,19,87,30,39,5,
224	1	6	2.271	1,51,45,95,56,26,84,19,87,30,28,24,65,40,60,53,80,76,6,
224	1	7	2.636	1,75,71,67,18,77,21,96,83,58,89,43,23,72,73,61,57,69,49,47,7,
224	1	8	2.531	1,75,81,71,67,18,77,21,96,83,58,89,73,61,57,69,33,52,8,
224	1	9	2.539	1,75,71,67,18,77,21,96,83,58,89,43,23,73,61,57,33,85,46,9,
224	1	10	2.558	1,75,71,67,18,77,21,96,83,58,89,43,23,72,73,61,29,88,92,42,10,
224	1	11	2.593	1,75,81,71,67,18,77,21,96,83,58,89,43,23,73,61,29,88,27,82,25,11,
224	1	12	2.387	1,75,81,71,67,18,77,21,96,83,22,78,97,31,38,94,90,55,17,12,
224	1	13	2.197	1,75,81,71,67,18,77,21,96,83,58,22,31,38,94,90,55,17,13,
224	1	14	2.156	1,75,81,71,67,18,74,36,54,79,43,89,58,83,96,98,48,14,
224	1	15	1.912	1,51,93,36,54,79,43,89,58,83,96,21,77,59,20,15,
224	2	3	1.909	2,51,45,95,56,93,36,54,79,16,64,84,19,63,3,
224	2	4	1.848	2,51,93,36,79,54,56,95,45,26,19,84,87,30,4,
224	2	5	1.965	2,51,45,95,56,26,84,19,87,30,28,24,65,40,60,53,80,5,
224	2	6	2.215	2,51,45,95,56,26,84,19,87,30,44,28,24,65,40,60,53,80,76,6,
224	2	7	2.528	2,51,45,95,56,26,84,19,87,30,28,24,65,60,53,80,76,40,50,47,7,
224	2	8	2.599	2,51,45,95,56,26,64,84,19,87,30,28,24,65,40,50,47,68,8,
224	2	9	2.61	2,51,93,36,54,79,43,89,58,83,78,22,31,38,41,27,92,42,32,9,
224	2	10	2.659	2,51,93,36,54,79,43,89,58,83,96,78,22,31,38,41,82,27,92,42,10,
224	2	11	2.552	2,45,95,56,93,36,54,79,43,89,58,83,96,78,22,31,38,41,82,25,11,
224	2	12	2.317	2,45,95,56,54,36,79,43,89,58,83,78,22,31,38,90,55,17,12,
224	2	13	2.122	2,51,93,36,54,79,43,89,58,83,78,22,31,38,94,90,55,17,13,
224	2	14	2.221	2,51,45,95,56,93,36,54,79,43,89,58,83,96,98,62,48,14,
224	2	15	1.739	2,51,93,36,54,79,43,89,58,83,96,21,77,59,20,15,
224	3	4	1.855	3,63,19,84,87,30,28,24,65,60,40,76,80,53,39,4,
224	3	5	1.778	3,63,26,84,19,87,30,44,86,28,24,65,40,60,80,5,
224	3	6	1.728	3,63,19,84,87,30,44,28,24,65,40,60,53,80,76,6,
224	3	7	2.457	3,63,26,64,84,19,87,30,39,53,80,76,40,60,28,24,65,50,47,7,
224	3	8	2.531	3,45,95,56,26,84,19,87,30,44,28,24,65,60,40,50,47,68,8,
224	3	9	2.609	3,45,95,56,54,36,79,43,89,23,72,73,61,29,88,92,42,32,9,
224	3	10	2.654	3,45,95,56,93,36,54,79,43,89,58,73,61,29,88,92,42,32,10,
224	3	11	2.541	3,45,95,51,93,36,54,79,43,89,58,83,78,22,31,38,41,82,25,11,
224	3	12	2.647	3,45,95,56,93,36,54,79,43,89,58,83,22,78,97,31,38,94,90,55,17,12,
224	3	13	2.374	3,45,95,56,93,36,54,79,43,89,58,83,78,22,31,38,90,55,17,13,
224	3	14	2.445	3,63,19,84,26,95,45,51,93,36,54,79,43,89,58,83,96,98,48,14,
224	3	15	1.884	3,45,95,56,93,36,54,79,74,18,67,77,59,20,15,
224	4	5	1.736	4,39,30,87,19,84,64,44,28,24,65,40,60,53,80,5,
224	4	6	1.756	4,30,87,19,84,64,44,28,24,65,40,60,53,80,76,6,
224	4	7	2.015	4,19,84,87,30,39,53,80,40,60,28,24,65,50,47,7,
224	4	8	2.514	4,30,87,19,84,64,16,34,44,86,24,28,53,60,40,50,47,68,8,
224	4	9	2.573	4,30,87,19,84,64,16,34,72,23,73,61,29,88,27,92,42,32,9,
224	4	10	2.67	4,39,30,87,19,84,64,16,34,72,23,73,61,29,88,27,70,92,42,10,
224	4	11	2.711	4,30,87,19,84,26,95,56,54,36,79,43,89,58,37,31,38,41,82,25,11,
224	4	12	2.642	4,19,84,26,95,56,54,36,79,43,89,58,83,78,22,31,38,90,55,17,12,
224	4	13	2.498	4,39,30,87,19,84,64,16,34,72,23,73,61,37,31,38,94,90,55,17,13,
224	4	14	2.426	4,30,87,19,84,26,45,95,56,54,36,79,43,89,58,83,96,98,48,14,
224	4	15	2.343	4,30,87,19,84,26,95,56,54,36,79,43,89,58,83,96,21,77,59,20,15,
224	5	6	1.816	5,39,30,87,19,84,64,44,28,24,65,40,60,80,76,6,
224	5	7	2.014	5,39,30,87,19,84,64,44,28,24,65,60,40,50,47,7,
224	5	8	2.393	5,39,30,87,19,84,64,44,86,28,24,65,60,40,50,47,68,8,
224	5	9	2.499	5,39,30,87,19,84,64,16,34,72,23,73,61,57,33,85,46,9,
224	5	10	2.575	5,39,30,87,19,84,64,16,34,72,23,73,61,29,88,27,92,42,10,
224	5	11	2.532	5,39,30,87,19,84,64,16,34,72,23,73,61,29,88,27,82,99,25,11,
224	5	12	2.569	5,39,30,87,19,84,64,16,34,72,23,73,61,37,31,38,94,90,55,17,12,
224	5	13	2.628	5,39,30,87,19,26,56,54,36,79,43,89,58,37,31,38,94,90,55,17,13,
224	5	14	2.556	5,39,30,87,19,84,26,45,95,56,54,36,79,43,89,58,83,96,98,48,14,
224	5	15	2.473	5,39,30,87,19,84,26,95,56,54,36,79,43,89,58,83,96,21,77,59,20,15,
224	6	7	2.139	6,76,40,60,80,53,39,30,87,44,28,24,65,50,47,7,
224	6	8	2.358	6,76,80,53,60,40,65,24,28,86,69,33,49,52,68,8,
224	6	9	2.251	6,76,80,53,60,40,65,24,28,86,69,49,33,85,46,9,
224	6	10	2.519	6,76,40,60,65,24,28,44,34,72,23,73,61,29,88,92,42,10,
224	6	11	2.523	6,76,40,60,65,24,28,44,34,72,23,73,61,29,88,27,82,25,11,
224	6	12	2.568	6,76,40,65,24,28,44,34,72,23,73,61,37,31,38,94,90,55,17,12,
224	6	13	2.564	6,76,40,60,65,24,28,44,34,72,23,73,61,37,31,38,94,90,55,17,13,
224	6	14	2.619	6,76,40,60,24,28,44,34,16,54,36,79,43,89,58,83,96,98,48,14,
224	6	15	2.611	6,76,40,60,24,28,44,34,16,54,36,79,43,89,58,83,96,21,77,59,20,15,
224	7	8	2.571	7,47,50,40,76,80,53,60,28,24,86,69,33,49,52,8,
224	7	9	2.458	7,47,50,40,80,53,60,65,24,28,86,69,33,85,46,9,
224	7	10	2.75	7,47,50,40,60,24,28,44,34,72,23,73,61,29,88,92,42,10,
224	7	11	2.739	7,47,50,65,24,28,86,34,72,23,73,61,29,88,27,82,99,25,11,
224	7	12	2.809	7,47,49,69,57,61,73,89,58,83,96,78,22,31,38,94,90,55,17,12,
224	7	13	2.766	7,47,49,69,57,61,73,23,89,58,83,78,22,31,38,94,90,55,17,13,
224	7	14	2.842	7,47,50,65,24,28,86,34,16,54,36,79,43,89,58,83,96,98,48,14,
224	7	15	2.747	7,68,49,69,57,61,73,72,23,43,89,58,83,96,21,77,18,67,59,20,15,
224	8	9	2.486	8,68,49,69,57,73,61,29,88,27,92,42,32,46,9,
224	8	10	2.515	8,68,49,33,69,57,73,61,29,88,27,92,42,32,10,
224	8	11	2.742	8,52,33,69,57,61,73,58,83,78,22,31,38,41,82,25,11,
224	8	12	2.688	8,46,32,42,92,27,82,41,38,31,22,78,97,90,94,55,17,12,
224	8	13	2.779	8,52,33,69,57,61,73,23,89,58,83,78,22,31,38,94,90,55,17,13,
224	8	14	2.782	8,52,33,69,57,61,73,72,23,43,89,58,83,96,21,77,98,48,14,
224	8	15	2.615	8,52,49,69,57,61,73,23,43,89,58,83,96,21,77,18,67,59,20,15,
224	9	10	2.42	9,46,85,33,49,69,57,73,61,29,88,27,92,70,91,10,
224	9	11	2.36	9,32,42,92,27,41,38,31,22,78,97,90,94,82,25,11,
224	9	12	2.232	9,32,42,92,27,82,41,38,31,22,78,97,90,55,17,12,
224	9	13	2.758	9,46,85,33,57,61,73,23,43,89,58,83,78,22,31,38,90,55,17,13,
224	9	14	2.78	9,32,42,92,27,88,29,61,73,72,23,43,89,58,83,96,98,62,48,14,
224	9	15	2.732	9,46,85,33,69,57,61,73,72,23,43,89,58,83,96,21,77,18,67,59,20,15,
224	10	11	2.373	10,42,92,70,27,82,41,38,31,22,78,97,90,94,99,25,11,
224	10	12	2.252	10,32,42,92,27,82,41,38,31,22,78,97,90,55,17,12,
224	10	13	2.179	10,32,42,92,27,41,38,31,22,78,97,90,94,55,17,13,
224	10	14	2.265	10,32,42,92,70,27,82,41,38,31,22,78,97,35,66,14,
224	10	15	2.606	10,42,92,88,29,61,73,72,23,43,89,58,83,96,21,77,18,67,59,20,15,
224	11	12	2.383	11,25,70,92,88,27,82,41,38,31,22,78,97,90,55,17,12,
224	11	13	2.22	11,25,99,82,27,88,41,38,31,37,22,78,97,90,55,17,13,
224	11	14	2.303	11,25,27,88,29,61,73,23,43,89,58,83,96,98,48,14,
224	11	15	2.37	11,25,82,27,88,29,61,73,23,43,89,58,83,96,21,77,59,20,15,
224	12	13	2.335	12,17,55,90,94,82,27,88,41,38,31,22,78,97,35,66,13,
224	12	14	2.281	12,17,55,90,94,82,27,88,41,38,31,22,78,97,35,66,14,
224	12	15	2.157	12,17,55,90,94,38,31,22,78,83,96,21,77,18,67,59,20,15,
224	13	14	2.227	13,17,55,90,94,82,27,88,41,38,31,22,78,97,35,66,14,
224	13	15	2.006	13,17,55,90,94,38,31,22,78,96,21,77,18,67,59,20,15,
224	14	15	2.093	14,66,35,97,78,22,58,83,96,21,77,18,67,59,20,15,
