120	0	1	2.589	0,26,99,58,76,86,73,59,18,87,83,17,29,96,41,1,
120	0	2	2.332	0,26,99,58,17,83,29,96,51,30,36,57,84,49,69,2,
120	0	3	2.218	0,26,99,58,17,83,29,96,41,69,49,84,57,36,80,3,
120	0	4	2.545	0,26,99,58,76,18,87,83,17,29,96,41,69,84,57,36,80,60,4,
120	0	5	2.599	0,26,99,58,17,29,96,41,69,49,84,57,36,80,60,92,66,54,47,5,
120	0	6	2.655	0,99,76,18,87,25,79,40,63,62,85,81,39,75,23,94,97,61,67,6,
120	0	7	2.514	0,99,58,76,18,87,25,79,53,40,63,62,85,81,39,45,42,68,93,7,
120	0	8	2.534	0,99,58,76,18,87,25,79,53,77,40,63,62,85,81,39,71,95,65,56,8,
120	0	9	2.476	0,99,86,73,98,78,44,91,21,38,53,79,40,63,88,28,33,24,35,9,
120	0	10	2.427	0,26,99,86,73,59,98,78,44,70,91,21,38,79,53,77,34,37,10,
120	0	11	2.229	0,26,99,58,76,18,87,25,79,40,63,77,53,38,21,34,37,48,52,11,
120	0	12	2.161	0,99,58,76,18,87,25,79,53,77,38,21,91,44,78,70,31,89,12,
120	0	13	1.942	0,99,58,76,18,87,25,79,53,77,38,21,91,70,89,31,13,
120	0	14	1.961	0,99,86,73,59,98,78,44,91,70,89,31,20,27,14,
120	0	15	2.27	0,99,58,76,18,87,25,79,53,38,44,78,98,73,86,15,
120	1	2	2.538	1,26,99,86,73,18,76,58,17,83,29,96,41,84,69,2,
120	1	3	2.387	1,26,99,58,17,83,29,96,41,69,49,84,57,36,80,3,
120	1	4	2.71	1,41,69,49,84,57,80,60,36,30,16,23,75,94,90,54,66,4,
120	1	5	2.768	1,26,99,58,17,29,96,41,69,49,84,57,36,80,60,92,66,54,47,5,
120	1	6	2.696	1,41,69,49,84,57,36,80,60,92,30,16,23,75,94,90,97,61,67,6,
120	1	7	2.628	1,41,69,49,84,57,80,60,36,30,16,94,23,75,43,45,42,68,93,7,
120	1	8	2.653	1,96,29,17,83,87,25,79,53,40,63,62,85,81,39,71,95,65,56,8,
120	1	9	2.596	1,96,29,17,83,87,25,79,53,77,40,63,62,88,28,33,72,24,55,82,9,
120	1	10	2.642	1,26,99,86,73,59,98,78,44,91,21,38,53,79,40,63,77,34,37,10,
120	1	11	2.428	1,96,29,17,83,87,25,79,40,63,77,53,38,21,34,37,64,48,52,11,
120	1	12	2.332	1,96,29,17,83,87,25,79,53,77,38,21,91,44,78,70,31,89,12,
120	1	13	2.182	1,96,29,17,83,87,25,40,79,53,77,38,21,91,70,89,31,13,
120	1	14	2.162	1,26,99,86,73,59,98,78,44,70,89,31,20,27,14,
120	1	15	2.393	1,96,29,17,87,25,79,53,38,44,78,98,73,86,15,
120	2	3	2.572	2,41,51,16,90,47,54,66,92,60,80,36,57,84,49,3,
120	2	4	2.221	2,69,49,84,57,36,80,60,92,30,16,90,97,47,54,66,4,
120	2	5	2.673	2,41,69,49,84,57,36,80,60,92,30,16,23,75,94,90,54,66,47,5,
120	2	6	2.645	2,69,49,84,57,36,80,60,92,30,16,90,94,23,75,43,45,42,68,93,6,
120	2	7	2.329	2,69,49,84,57,80,60,36,30,16,90,94,23,75,43,45,42,68,93,7,
120	2	8	2.451	2,69,49,84,57,36,80,60,92,30,16,94,23,75,43,45,42,68,22,46,8,
120	2	9	2.647	2,41,96,29,17,83,87,25,79,53,38,21,77,40,63,88,28,33,24,82,9,
120	2	10	2.7	2,41,96,29,83,17,58,76,18,87,25,79,40,63,77,53,38,21,34,37,10,
120	2	11	2.496	2,41,96,29,17,58,76,18,87,25,40,79,53,77,38,21,34,37,48,52,11,
120	2	12	2.395	2,41,96,29,17,83,87,25,79,53,77,21,38,44,78,70,31,89,12,
120	2	13	2.306	2,41,96,29,17,83,87,25,40,63,77,53,38,21,91,70,89,31,13,
120	2	14	2.427	2,41,96,29,17,83,87,18,59,98,78,44,70,89,31,20,27,14,
120	2	15	2.173	2,49,84,69,41,96,29,83,17,58,76,18,59,73,86,15,
120	3	4	2.097	3,49,69,84,57,36,80,60,92,30,16,90,47,54,66,4,
120	3	5	2.113	3,49,69,84,57,36,80,60,92,30,16,90,54,66,47,5,
120	3	6	1.992	3,49,69,84,57,36,80,60,92,30,16,90,97,61,67,6,
120	3	7	2.239	3,49,69,84,57,80,60,36,30,16,94,23,75,43,45,42,68,93,7,
120	3	8	2.517	3,49,69,84,57,80,36,30,16,94,23,75,43,45,42,68,22,46,65,56,8,
120	3	9	2.673	3,80,60,36,30,16,90,94,23,75,43,45,42,68,22,46,65,56,55,24,35,82,9,
120	3	10	2.663	3,49,84,69,41,96,29,17,83,87,25,40,79,53,77,38,21,34,37,10,
120	3	11	2.497	3,49,84,69,41,96,29,17,83,87,25,79,53,38,21,34,37,48,52,11,
120	3	12	2.448	3,49,84,69,41,96,29,17,83,87,59,98,78,44,91,70,31,89,12,
120	3	13	2.31	3,49,84,69,41,96,29,17,76,18,59,98,78,44,91,70,89,31,13,
120	3	14	2.514	3,80,36,57,84,49,69,41,96,29,83,17,58,76,18,73,86,27,14,
120	3	15	2.416	3,80,60,36,57,84,69,41,96,29,83,17,58,76,18,73,86,15,
120	4	5	2.216	4,47,54,66,92,60,80,36,57,30,16,90,97,61,67,5,
120	4	6	2.141	4,47,54,66,92,36,60,80,57,30,16,90,97,67,61,6,
120	4	7	2.346	4,66,54,47,67,61,97,90,94,23,75,43,45,42,68,22,65,46,7,
120	4	8	2.399	4,60,80,36,57,30,16,90,94,23,75,43,45,42,68,22,46,65,56,8,
120	4	9	2.548	4,66,54,47,67,61,97,90,94,23,75,43,45,42,68,22,46,65,56,55,82,9,
120	4	10	2.516	4,66,54,47,90,94,23,75,39,81,85,62,63,40,79,53,77,34,37,10,
120	4	11	2.429	4,66,54,47,90,94,23,75,39,81,62,63,40,79,53,77,34,37,48,52,11,
120	4	12	2.4	4,66,54,47,90,94,23,75,39,81,62,63,40,79,53,38,21,91,70,12,
120	4	13	2.362	4,66,54,90,94,23,75,81,62,63,40,79,53,38,21,91,70,89,31,13,
120	4	14	2.606	4,60,80,36,57,84,49,69,41,96,29,83,17,58,76,18,73,86,27,14,
120	4	15	2.513	4,60,80,36,57,84,49,69,41,96,29,83,17,58,76,18,73,86,15,
120	5	6	2.041	5,47,54,66,92,36,60,80,57,30,16,90,97,61,67,6,
120	5	7	2.065	5,47,54,66,92,30,16,90,94,23,75,43,45,42,68,93,7,
120	5	8	1.931	5,67,61,97,90,94,23,75,43,45,42,68,22,46,65,56,8,
120	5	9	2.498	5,47,66,54,90,94,23,75,43,45,19,42,68,22,46,65,56,55,82,24,35,9,
120	5	10	2.482	5,47,54,90,94,23,75,39,81,85,62,63,40,79,53,77,34,37,10,
120	5	11	2.384	5,47,90,94,23,75,39,81,85,62,63,40,79,53,77,34,37,48,52,11,
120	5	12	2.377	5,67,61,97,94,23,75,39,81,85,62,63,40,79,53,38,21,91,70,12,
120	5	13	2.402	5,67,61,97,94,23,75,39,81,85,62,63,40,79,53,38,21,91,70,89,31,13,
120	5	14	2.607	5,67,61,19,43,39,81,62,63,40,79,53,38,21,91,70,89,31,20,27,14,
120	5	15	2.617	5,47,54,66,92,60,80,36,57,51,96,29,83,17,58,76,18,73,86,15,
120	6	7	1.969	6,67,61,97,90,94,23,75,43,45,42,68,22,65,56,46,7,
120	6	8	1.806	6,67,61,97,90,94,23,75,43,45,42,68,22,46,65,56,8,
120	6	9	1.952	6,67,61,97,90,94,23,75,43,45,42,68,22,65,56,55,9,
120	6	10	2.289	6,61,97,94,23,75,39,81,85,62,63,40,79,53,77,34,37,10,
120	6	11	2.239	6,67,61,19,43,45,39,81,85,62,63,40,79,53,77,34,37,48,52,11,
120	6	12	2.252	6,67,61,97,94,23,75,39,81,85,62,63,40,79,53,38,21,91,70,12,
120	6	13	2.259	6,67,97,94,23,75,39,81,85,62,63,40,79,53,38,21,91,70,89,31,13,
120	6	14	2.464	6,61,19,43,45,39,81,62,63,40,79,53,38,21,91,70,89,31,20,27,14,
120	6	15	2.548	6,61,19,43,45,39,81,62,63,40,79,53,38,44,78,98,59,73,86,15,
120	7	8	2.103	7,93,42,68,22,45,43,19,94,23,75,39,71,95,65,46,8,
120	7	9	2.018	7,93,42,68,22,65,56,95,71,39,81,85,28,33,24,82,9,
120	7	10	2.161	7,93,68,42,45,43,39,81,85,62,63,40,79,53,77,34,37,10,
120	7	11	2.063	7,93,68,42,45,39,81,85,62,63,40,79,53,77,34,37,48,52,11,
120	7	12	2.076	7,68,42,45,39,81,85,62,63,40,79,53,38,21,91,44,70,12,
120	7	13	2.101	7,68,42,45,39,81,85,62,63,40,79,53,38,21,91,44,70,89,31,13,
120	7	14	2.28	7,68,42,45,39,81,62,63,40,79,53,38,91,70,89,31,20,27,14,
120	7	15	2.385	7,68,42,45,39,81,62,63,40,79,53,38,44,78,98,59,73,86,15,
120	8	9	1.935	8,46,56,65,22,68,42,19,43,45,71,95,72,24,35,82,55,9,
120	8	10	2.031	8,56,95,71,39,81,85,62,63,40,79,53,77,34,37,10,
120	8	11	1.896	8,56,95,71,85,62,63,40,79,53,77,34,37,48,52,11,
120	8	12	2.019	8,46,65,95,71,39,81,85,62,63,40,79,53,38,21,91,70,12,
120	8	13	2.026	8,46,65,95,71,85,62,63,40,79,53,38,21,91,44,70,89,31,13,
120	8	14	2.248	8,56,65,95,71,85,62,63,40,79,53,38,21,91,70,89,31,20,27,14,
120	8	15	2.353	8,56,95,71,85,62,63,40,79,53,38,21,91,44,78,98,59,73,86,15,
120	9	10	1.863	9,82,24,33,28,88,63,40,79,53,77,38,21,34,37,10,
120	9	11	1.706	9,82,24,33,28,88,63,40,79,53,77,34,37,48,52,11,
120	9	12	1.834	9,82,24,33,28,88,63,40,79,53,77,38,21,91,70,31,89,12,
120	9	13	1.838	9,82,24,33,28,88,63,40,79,53,38,21,91,44,78,70,89,31,13,
120	9	14	2.117	9,82,55,24,33,28,88,63,40,79,53,77,38,21,91,70,89,31,20,27,14,
120	9	15	2.212	9,82,24,33,28,88,63,40,79,53,77,38,21,91,44,78,98,59,73,86,15,
120	10	11	1.806	10,37,34,77,63,40,79,53,38,21,91,64,48,52,11,
120	10	12	1.728	10,37,34,77,63,40,79,53,38,21,91,70,31,89,12,
120	10	13	1.645	10,37,34,77,63,40,79,53,38,21,91,70,89,31,13,
120	10	14	1.9	10,37,34,77,53,79,38,21,91,44,70,31,20,27,14,
120	10	15	2.171	10,37,34,77,63,40,79,53,38,21,91,70,44,78,98,59,73,86,15,
120	11	12	1.569	11,52,48,37,34,77,53,79,38,21,91,70,31,89,12,
120	11	13	1.52	11,52,48,37,34,77,53,79,38,21,91,70,31,89,13,
120	11	14	1.67	11,52,48,37,34,21,38,91,44,70,89,31,20,27,14,
120	11	15	1.989	11,52,48,37,34,77,63,40,79,53,38,44,78,98,59,73,86,15,
120	12	13	1.772	12,70,44,91,21,38,77,53,79,40,25,78,31,89,13,
120	12	14	1.818	12,89,31,70,91,21,38,44,78,98,59,73,86,27,14,
120	12	15	1.872	12,89,31,70,91,21,38,53,79,25,98,59,73,86,15,
120	13	14	1.732	13,20,31,89,70,91,21,38,44,78,98,59,73,86,14,
120	13	15	1.757	13,20,31,89,70,91,21,38,44,78,98,59,73,86,15,
120	14	15	1.929	14,27,20,31,89,70,91,38,44,78,98,59,73,86,15,
