393	0	1	1.907	0,73,51,64,44,39,52,66,20,27,86,41,62,56,43,1,
393	0	2	1.844	0,73,51,64,67,44,39,62,41,95,32,74,79,97,16,2,
393	0	3	1.727	0,73,51,64,67,44,39,52,66,62,41,74,79,29,70,3,
393	0	4	1.936	0,73,51,64,67,44,39,66,62,41,95,32,74,79,29,70,58,4,
393	0	5	2.032	0,73,51,64,67,44,39,52,66,62,41,95,32,61,84,78,76,5,
393	0	6	2.287	0,73,51,64,67,44,39,52,66,62,41,86,95,32,61,84,78,99,19,71,25,6,
393	0	7	2.42	0,73,51,64,67,44,39,52,66,62,41,95,32,61,84,78,99,19,80,94,7,
393	0	8	2.506	0,73,51,64,67,44,39,66,62,41,86,95,32,61,84,45,23,36,31,91,8,
393	0	9	2.526	0,73,51,64,67,44,39,52,66,20,49,24,26,22,33,77,42,46,18,89,81,9,
393	0	10	2.386	0,73,51,64,67,44,39,52,66,20,49,24,26,54,72,77,42,46,89,81,10,
393	0	11	2.433	0,73,51,64,67,44,39,52,66,62,41,86,27,20,49,24,26,22,33,11,
393	0	12	1.811	0,73,51,64,67,44,39,66,20,49,24,26,22,30,65,12,
393	0	13	1.736	0,73,51,64,67,44,39,66,20,49,24,26,22,30,85,13,
393	0	14	1.666	0,73,51,64,67,44,39,52,66,20,87,55,40,21,28,17,14,
393	0	15	1.583	0,73,51,64,67,44,39,66,52,87,55,40,21,17,28,35,15,
393	1	2	2.127	1,43,56,62,41,86,95,32,61,84,74,79,29,97,16,2,
393	1	3	1.876	1,43,56,62,41,86,95,32,74,79,97,29,70,58,93,3,
393	1	4	1.973	1,43,56,62,41,86,95,32,74,79,97,29,70,58,34,4,
393	1	5	2.295	1,43,60,88,16,97,70,29,79,74,32,95,61,84,78,76,5,
393	1	6	2.47	1,43,60,88,16,70,29,79,74,32,95,61,84,78,99,19,71,25,6,
393	1	7	2.421	1,43,60,88,16,97,29,70,93,58,34,38,76,99,19,80,94,7,
393	1	8	2.723	1,43,60,88,16,97,70,29,79,74,32,95,61,84,45,23,36,31,91,8,
393	1	9	2.689	1,57,51,64,67,44,39,52,66,20,49,24,26,72,77,42,46,18,89,81,9,
393	1	10	2.712	1,57,51,64,67,44,39,52,66,20,49,24,26,54,72,77,42,46,18,89,81,10,
393	1	11	2.662	1,43,57,51,64,67,44,39,52,66,20,49,24,26,54,72,77,42,90,11,
393	1	12	2.477	1,43,57,73,51,64,67,44,39,52,66,20,49,24,26,37,22,30,65,12,
393	1	13	2.402	1,43,57,73,51,64,67,44,39,52,66,20,49,24,26,37,22,30,85,13,
393	1	14	2.172	1,57,51,64,67,44,39,52,66,20,49,24,37,87,55,40,21,28,17,14,
393	1	15	1.87	1,57,51,64,67,44,39,66,52,87,55,40,21,17,28,35,15,
393	2	3	1.822	2,88,60,56,62,41,95,32,74,79,29,70,58,93,3,
393	2	4	1.988	2,16,97,70,29,79,74,32,95,61,84,78,76,38,4,
393	2	5	2.07	2,16,97,70,29,79,74,32,95,61,84,78,76,38,5,
393	2	6	2.533	2,88,60,43,56,16,97,29,70,93,58,34,38,76,99,71,19,98,25,6,
393	2	7	2.604	2,16,97,70,29,79,74,32,95,61,84,78,76,99,71,19,98,80,94,7,
393	2	8	2.616	2,16,97,70,29,79,74,84,61,32,95,86,96,45,23,36,31,91,8,
393	2	9	2.684	2,16,79,74,84,61,32,95,86,96,54,72,77,42,46,89,18,81,9,
393	2	10	2.762	2,16,97,70,29,79,74,84,61,32,95,86,96,54,72,77,42,69,63,48,10,
393	2	11	2.602	2,16,97,79,74,32,95,86,41,62,66,52,20,49,24,26,22,33,11,
393	2	12	2.433	2,88,60,43,57,51,64,67,44,39,52,66,20,49,24,26,22,30,65,12,
393	2	13	2.352	2,16,79,74,32,95,86,41,62,66,20,49,24,26,22,30,85,13,
393	2	14	2.296	2,16,97,79,74,84,61,32,95,41,62,66,52,87,55,40,21,28,17,14,
393	2	15	2.102	2,16,97,79,74,32,95,86,41,62,66,52,87,55,40,21,50,35,15,
393	3	4	1.784	3,93,58,70,29,79,74,32,95,61,84,78,76,38,4,
393	3	5	1.85	3,93,58,70,29,97,16,79,74,32,61,84,78,76,5,
393	3	6	1.821	3,93,58,70,29,79,74,32,95,61,84,78,99,71,25,6,
393	3	7	2.307	3,93,58,70,29,97,79,74,32,95,61,84,78,99,71,19,98,80,94,7,
393	3	8	2.405	3,93,58,70,29,97,16,79,74,32,95,61,84,45,23,36,31,91,82,8,
393	3	9	2.502	3,93,58,70,29,97,16,79,74,32,95,96,54,72,77,42,46,89,18,9,
393	3	10	2.622	3,93,58,70,29,97,16,79,74,32,95,86,96,54,72,77,42,46,18,89,81,10,
393	3	11	2.606	3,93,58,70,29,97,79,74,32,95,86,41,62,66,20,49,24,26,22,33,11,
393	3	12	2.509	3,93,58,70,29,97,79,74,32,95,41,62,66,52,20,49,24,26,22,30,65,12,
393	3	13	2.347	3,93,58,70,29,97,16,79,74,32,95,86,27,20,49,24,26,22,30,85,13,
393	3	14	2.053	3,70,29,79,74,32,95,86,41,62,66,52,87,40,21,28,17,14,
393	3	15	1.936	3,70,29,79,74,32,95,41,62,66,52,87,55,40,21,50,35,15,
393	4	5	1.905	4,34,58,93,70,29,79,74,32,95,61,84,78,76,5,
393	4	6	1.908	4,34,58,93,70,29,97,79,74,61,84,78,99,71,25,6,
393	4	7	2.188	4,58,93,70,29,79,74,32,95,61,84,83,47,59,80,94,7,
393	4	8	2.282	4,58,93,70,29,97,79,74,61,84,45,23,36,31,91,82,8,
393	4	9	2.456	4,58,93,70,29,97,16,79,74,32,61,84,45,23,36,31,53,9,
393	4	10	2.501	4,34,58,93,70,29,97,79,74,32,95,86,96,54,72,77,42,69,63,10,
393	4	11	2.526	4,58,93,70,29,97,79,74,32,95,86,27,20,49,24,26,22,33,11,
393	4	12	2.352	4,93,70,29,79,74,32,95,86,27,20,49,24,26,22,30,65,12,
393	4	13	2.419	4,34,58,93,70,29,97,79,74,32,95,86,27,20,49,24,26,22,30,85,13,
393	4	14	2.261	4,34,58,93,70,29,79,74,32,41,62,66,52,87,55,40,21,28,17,14,
393	4	15	2.072	4,34,70,29,79,74,32,95,41,62,66,52,87,55,40,21,50,35,15,
393	5	6	2.254	5,76,38,34,70,29,97,79,74,61,84,78,99,71,25,6,
393	5	7	2.523	5,76,38,74,32,95,61,84,78,99,71,25,98,19,80,94,7,
393	5	8	2.642	5,76,38,34,58,93,70,29,79,74,61,84,45,23,36,91,8,
393	5	9	2.657	5,25,71,19,98,94,80,59,36,31,91,82,53,92,46,89,81,18,9,
393	5	10	2.482	5,25,71,19,98,94,80,59,91,82,53,92,46,18,89,81,69,63,48,10,
393	5	11	2.624	5,25,71,19,98,94,80,59,91,82,53,92,46,18,89,81,69,63,48,11,
393	5	12	2.5	5,76,78,84,61,32,95,41,62,66,20,49,24,26,22,30,65,12,
393	5	13	2.425	5,76,78,84,61,32,95,41,62,66,20,49,24,26,22,30,85,13,
393	5	14	2.401	5,38,76,78,84,61,32,95,86,41,62,66,52,87,40,21,28,17,14,
393	5	15	2.225	5,76,78,84,61,32,95,86,41,62,66,52,87,55,40,21,50,35,15,
393	6	7	2.346	6,25,71,19,47,23,36,31,92,53,82,91,59,80,94,7,
393	6	8	2.163	6,25,71,19,98,94,80,59,36,31,92,46,89,18,53,82,8,
393	6	9	2.469	6,25,71,19,98,80,59,91,82,53,92,46,18,89,69,63,48,10,81,9,
393	6	10	2.388	6,25,71,19,80,59,47,23,36,31,53,92,46,18,89,81,69,63,48,10,
393	6	11	2.645	6,25,71,19,98,94,80,59,47,23,36,31,53,92,46,18,89,81,69,63,48,11,
393	6	12	2.55	6,25,71,99,78,84,61,32,41,62,66,20,49,24,26,22,30,65,12,
393	6	13	2.497	6,25,71,99,78,84,61,32,95,86,27,20,49,24,26,37,22,30,85,13,
393	6	14	2.385	6,25,71,99,78,84,61,32,95,86,41,62,66,52,87,55,40,21,28,17,14,
393	6	15	2.341	6,25,71,99,78,84,61,32,95,86,41,62,66,52,87,55,40,21,28,35,15,
393	7	8	2.37	7,80,94,98,19,47,23,36,31,92,46,89,18,53,82,8,
393	7	9	2.461	7,94,98,25,71,19,80,59,47,23,36,31,53,92,46,89,81,9,
393	7	10	2.447	7,94,98,25,71,19,80,59,47,23,36,31,53,92,46,18,89,81,10,
393	7	11	2.741	7,94,80,59,47,23,36,31,91,82,53,92,46,18,89,81,69,63,48,11,
393	7	12	2.676	7,94,80,59,47,83,84,61,32,95,86,27,49,24,26,22,30,65,12,
393	7	13	2.601	7,94,80,59,47,83,84,61,32,95,86,27,49,24,26,22,30,85,13,
393	7	14	2.582	7,94,80,59,47,83,84,61,32,95,41,62,66,52,87,55,40,21,28,17,14,
393	7	15	2.519	7,94,98,19,99,78,84,61,32,95,41,62,66,52,87,55,40,21,50,35,15,
393	8	9	2.479	8,82,91,59,80,98,19,47,23,36,31,53,92,46,18,9,
393	8	10	2.133	8,82,91,36,23,31,53,92,46,18,89,81,69,63,48,10,
393	8	11	2.403	8,82,53,92,46,18,89,81,69,63,48,90,42,77,33,11,
393	8	12	2.762	8,82,53,92,46,18,89,81,63,69,42,77,72,26,22,30,65,12,
393	8	13	2.682	8,91,31,36,23,45,96,86,41,62,66,52,87,40,55,68,75,85,13,
393	8	14	2.652	8,91,31,36,23,45,84,61,32,95,41,62,66,52,87,55,21,28,17,14,
393	8	15	2.586	8,91,31,36,23,45,84,61,32,95,41,62,66,52,87,55,40,21,50,35,15,
393	9	10	2.322	9,81,89,18,46,92,31,36,23,54,72,77,42,69,63,10,
393	9	11	2.504	9,81,89,18,46,42,77,72,54,26,49,24,37,22,33,11,
393	9	12	2.345	9,81,89,18,46,42,77,72,26,24,49,37,22,30,65,12,
393	9	13	2.521	9,18,89,46,42,77,72,54,26,49,24,37,87,40,55,68,75,85,13,
393	9	14	2.433	9,81,89,18,46,42,77,72,54,26,49,24,37,87,55,40,21,28,17,14,
393	9	15	2.389	9,81,89,18,46,42,77,72,54,26,49,24,37,87,55,40,21,28,35,15,
393	10	11	2.422	10,48,63,69,89,18,46,92,31,36,23,54,72,77,90,11,
393	10	12	2.292	10,81,89,18,46,42,77,72,26,24,49,37,22,30,65,12,
393	10	13	2.217	10,81,89,18,46,42,77,72,26,24,49,37,22,30,85,13,
393	10	14	2.304	10,81,89,18,46,42,77,72,26,49,24,37,87,55,40,21,28,17,14,
393	10	15	2.272	10,81,89,18,46,42,77,72,54,26,24,49,87,55,40,21,28,35,15,
393	11	12	2.472	11,48,63,69,90,42,77,72,54,26,24,37,22,30,65,12,
393	11	13	2.313	11,33,22,26,24,49,20,66,52,87,40,55,68,75,85,13,
393	11	14	2.236	11,90,42,77,33,22,26,49,24,37,87,55,21,28,17,14,
393	11	15	2.331	11,90,42,77,72,26,24,49,20,66,52,87,55,40,21,28,35,15,
393	12	13	2.137	12,65,30,22,26,24,49,37,87,55,40,21,28,17,75,85,13,
393	12	14	2.024	12,65,30,22,26,24,49,20,66,52,87,55,21,28,17,14,
393	12	15	1.945	12,65,30,22,26,24,49,20,66,52,87,55,21,50,35,15,
393	13	14	1.924	13,85,75,68,30,22,26,24,49,87,55,40,21,28,17,14,
393	13	15	1.833	13,85,75,68,37,22,26,24,49,87,55,40,21,28,35,15,
393	14	15	1.772	14,75,68,37,22,26,24,49,87,55,40,21,28,17,35,15,
