132	0	4	1.746	0,78,43,18,26,87,38,91,80,40,37,97,21,36,64,61,4,
132	0	3	1.908	0,31,59,46,18,26,87,98,38,91,80,40,37,97,21,3,
132	0	6	2.365	0,78,43,18,26,87,98,38,91,80,40,37,97,21,36,64,61,29,89,6,
132	0	5	2.091	0,78,43,18,26,87,98,38,91,80,40,37,97,21,50,36,64,61,29,5,
132	0	1	1.711	0,31,59,96,55,75,74,25,46,67,78,43,18,26,1,
132	0	9	2.43	0,31,59,46,25,74,75,49,17,47,20,51,90,66,53,76,69,62,28,9,
132	0	11	2.147	0,31,59,96,55,16,71,48,94,44,79,57,58,82,84,65,19,92,42,11,
132	0	2	1.638	0,31,59,96,55,75,74,25,46,18,87,26,27,72,2,
132	0	10	2.441	0,31,59,67,46,25,96,55,16,71,48,94,58,82,84,65,56,24,70,93,10,
132	0	7	2.632	0,78,43,18,26,87,38,91,80,40,37,97,21,36,64,61,29,89,68,7,
132	0	8	2.47	0,31,59,46,25,74,75,49,17,47,20,51,90,66,53,62,69,76,32,8,
132	1	2	1.899	1,43,67,46,25,96,55,75,74,98,87,26,27,72,2,
132	0	13	1.574	0,31,59,25,96,55,16,71,48,94,82,58,57,79,13,
132	0	15	1.834	0,31,59,67,46,25,74,75,16,71,48,39,52,95,15,
132	0	14	1.657	0,31,59,67,46,25,74,75,30,85,81,94,48,39,14,
132	1	3	1.861	1,43,18,26,87,38,91,80,40,37,97,50,61,64,36,21,3,
132	1	5	1.856	1,43,18,26,87,98,38,91,80,40,37,97,50,36,64,61,29,5,
132	1	6	2.221	1,43,18,26,87,98,38,91,80,40,37,97,50,36,64,61,29,89,6,
132	1	4	1.596	1,43,18,26,87,98,38,91,80,40,37,97,21,36,64,61,4,
132	1	7	2.454	1,18,26,87,98,38,91,80,40,37,97,21,36,64,61,29,89,68,7,
132	1	8	2.508	1,78,67,46,25,74,75,49,17,47,51,90,66,53,62,69,76,32,8,
132	0	12	1.897	0,31,59,96,55,16,71,48,44,79,57,58,82,84,65,19,92,42,33,12,
132	1	15	1.918	1,18,26,87,38,98,75,74,25,46,67,59,31,15,
132	1	14	1.749	1,43,78,67,46,25,74,75,30,85,81,94,48,39,14,
132	2	3	1.812	2,72,27,26,18,87,38,98,23,91,80,40,37,97,21,3,
132	1	13	2.13	1,43,18,26,87,46,25,74,75,16,71,48,94,82,58,57,44,79,13,
132	2	4	1.643	2,72,27,26,87,98,38,91,80,40,37,97,21,36,64,61,4,
132	2	5	2.011	2,72,27,26,18,87,98,38,91,80,40,37,97,21,50,36,64,61,29,5,
132	2	6	2.376	2,72,27,26,18,87,98,38,91,80,40,37,97,21,50,36,64,61,29,89,6,
132	1	9	2.5	1,78,67,46,25,74,75,49,17,47,20,86,77,66,76,69,62,28,9,
132	1	12	2.151	1,78,67,46,25,55,16,71,48,44,79,57,58,82,84,65,19,92,42,33,12,
132	1	10	2.512	1,43,78,67,46,25,96,55,16,71,48,94,81,85,73,35,56,24,70,93,10,
132	1	11	2.324	1,43,67,46,25,96,55,16,71,48,44,79,57,58,82,84,65,19,92,42,11,
132	2	15	2.1	2,72,27,26,87,18,43,78,67,46,25,74,75,55,96,59,31,15,
132	3	5	2.131	3,2,72,27,26,87,38,91,80,40,37,97,21,36,64,61,29,5,
132	2	14	2.136	2,72,27,26,87,18,43,78,67,46,25,96,55,16,71,48,39,52,14,
132	3	4	2.033	3,2,72,27,26,87,98,38,91,80,40,37,97,21,36,64,61,4,
132	2	13	2.207	2,72,27,26,87,18,46,25,96,55,16,71,48,94,82,58,57,79,44,13,
132	2	9	2.555	2,72,27,26,87,18,46,25,74,75,49,17,47,51,90,76,69,62,9,
132	2	10	2.608	2,72,27,26,87,18,46,25,74,75,30,81,85,73,35,56,24,70,93,10,
132	2	7	2.451	2,72,27,26,87,38,91,80,40,37,97,21,36,64,61,29,89,68,7,
132	2	12	2.28	2,72,27,26,87,46,25,96,55,16,71,48,94,58,82,84,65,19,92,42,33,12,
132	2	11	2.37	2,72,27,26,87,46,25,96,55,16,71,48,94,82,84,65,19,92,42,11,
132	2	8	2.528	2,72,27,26,87,98,54,17,47,51,90,66,53,62,76,69,32,8,
132	3	15	2.344	3,37,40,80,91,38,98,87,26,18,67,46,25,74,75,55,96,15,
132	4	5	2.17	4,61,64,36,50,21,97,37,40,80,91,23,54,22,99,29,5,
132	3	6	2.454	3,97,21,36,64,61,50,37,40,80,91,23,54,22,99,89,6,
132	3	14	2.377	3,34,72,27,26,87,18,43,78,67,46,25,96,55,16,71,48,39,14,
132	3	13	2.395	3,34,72,27,26,87,18,46,25,96,55,16,71,48,94,82,58,57,79,13,
132	3	9	2.503	3,34,40,80,91,23,22,17,47,20,86,77,66,53,76,69,62,28,9,
132	3	12	2.49	3,34,27,26,87,46,25,55,16,71,48,94,82,84,65,19,92,42,33,12,
132	3	11	2.604	3,34,40,80,91,38,98,74,75,30,85,81,94,82,84,65,19,92,42,11,
132	3	10	2.696	3,37,40,80,91,23,54,17,47,20,51,90,76,69,62,53,66,77,86,60,10,
132	3	7	2.704	3,34,40,80,91,23,54,17,47,51,90,66,53,62,76,69,32,63,7,
132	3	8	2.449	3,37,40,80,91,23,54,17,47,20,86,77,66,53,76,69,32,8,
132	5	6	2.288	5,29,61,64,36,21,97,37,40,80,91,23,54,22,99,89,6,
132	4	6	2.196	4,61,64,36,50,97,37,40,80,91,23,54,22,99,89,6,
132	4	15	2.171	4,61,64,36,21,97,37,40,80,91,38,98,87,26,18,67,59,31,15,
132	4	14	2.326	4,61,64,36,21,97,37,40,80,91,38,98,25,96,55,16,71,48,39,14,
132	4	9	2.394	4,61,64,36,21,97,37,40,80,91,23,54,17,51,90,66,53,62,9,
132	4	10	2.442	4,61,64,36,21,97,37,40,80,91,23,22,17,47,20,86,60,10,
132	4	13	2.379	4,61,64,36,21,97,37,40,80,91,38,98,74,75,30,85,81,94,44,79,13,
132	4	12	2.507	4,64,36,21,97,37,40,80,91,38,98,74,75,30,85,73,65,19,92,33,12,
132	4	7	2.548	4,61,64,36,50,21,97,37,40,80,91,23,54,22,99,89,68,7,
132	4	8	2.408	4,64,36,21,97,37,40,80,91,23,54,17,47,51,90,76,69,32,8,
132	4	11	2.602	4,61,64,36,21,97,37,40,80,91,23,54,17,47,20,86,60,93,70,11,
132	5	14	2.424	5,29,61,64,36,21,97,37,40,80,91,38,98,74,75,16,71,48,39,14,
132	5	15	2.347	5,29,61,64,36,21,97,37,40,80,91,38,98,87,26,18,67,59,31,15,
132	5	7	2.397	5,29,61,64,36,21,97,37,40,80,91,23,54,22,88,63,7,
132	6	7	2.689	6,89,29,61,64,36,50,21,97,37,40,80,91,23,99,68,7,
132	5	9	2.538	5,29,61,64,36,21,97,37,80,91,23,54,17,47,51,90,76,69,62,9,
132	6	8	2.298	6,68,63,32,69,76,66,90,51,20,60,86,77,53,62,28,8,
132	5	8	2.407	5,29,61,64,36,21,97,37,40,80,91,23,54,22,88,63,8,
132	5	12	2.647	5,89,68,63,32,69,62,53,66,77,86,60,93,70,24,19,92,42,33,12,
132	5	10	2.559	5,29,61,64,36,21,97,37,40,80,91,23,54,17,47,20,86,60,10,
132	5	13	2.494	5,29,61,64,36,21,97,37,40,80,91,38,98,74,75,16,71,48,44,79,13,
132	5	11	2.713	5,29,61,64,36,21,97,37,40,80,91,23,54,17,47,20,86,60,93,11,
132	7	9	2.156	7,63,32,69,76,62,53,66,90,51,20,41,60,86,77,9,
132	6	15	2.631	6,89,29,61,64,36,21,97,37,40,80,91,38,98,87,26,18,67,59,15,
132	7	10	2.071	7,63,32,69,76,62,53,77,66,90,51,20,86,60,93,10,
132	6	14	2.621	6,68,63,32,69,76,66,77,86,60,93,70,24,56,65,84,82,58,44,14,
132	6	9	2.498	6,68,63,32,28,62,69,76,53,66,90,51,20,41,60,86,77,9,
132	6	10	2.413	6,68,63,32,28,62,69,76,53,77,66,90,51,20,86,60,93,10,
132	6	13	2.44	6,68,63,32,69,76,66,77,86,60,93,70,24,56,65,84,82,58,57,79,13,
132	7	8	2.224	7,63,32,69,76,66,90,51,20,41,60,86,77,53,62,28,8,
132	6	12	2.352	6,68,63,32,69,62,53,66,77,86,60,93,70,24,56,19,92,42,33,12,
132	6	11	2.463	6,68,63,32,69,76,53,66,77,86,60,93,70,24,56,19,92,42,11,
132	7	11	2.367	7,63,32,69,76,62,53,66,77,86,60,93,70,24,56,65,19,92,42,11,
132	8	9	1.955	8,32,28,62,69,76,53,66,90,51,20,41,60,86,77,9,
132	8	11	1.848	8,32,28,62,69,76,90,66,53,77,86,60,93,70,24,11,
132	8	10	1.87	8,32,28,62,69,76,53,77,66,90,51,20,86,60,93,10,
132	7	15	2.652	7,63,32,69,76,90,51,20,41,83,35,73,85,81,94,48,39,52,95,15,
132	8	15	2.383	8,28,62,53,77,86,60,93,70,24,56,65,84,82,58,57,44,39,52,15,
132	7	14	2.443	7,63,32,69,76,66,77,86,60,70,24,56,65,84,82,58,57,44,39,14,
132	7	13	2.228	7,63,32,69,76,53,66,77,86,60,93,70,24,56,65,84,82,58,57,13,
132	7	12	2.168	7,63,32,69,76,53,66,77,86,60,93,70,24,56,65,19,92,42,33,12,
132	8	14	2.194	8,32,69,76,66,77,86,60,93,70,24,56,65,84,82,58,57,79,44,39,14,
132	8	13	2.001	8,32,69,76,62,53,66,77,86,60,93,70,24,56,65,84,82,58,57,79,13,
132	8	12	2.022	8,32,28,62,69,76,53,66,77,86,60,93,70,24,56,65,19,92,42,33,12,
132	9	12	1.596	9,62,69,76,53,66,77,86,60,93,70,24,42,92,33,12,
132	10	12	1.932	10,60,93,70,24,56,19,65,84,82,58,57,45,92,42,33,12,
132	10	13	1.788	10,60,93,70,24,56,19,42,92,65,84,82,58,57,79,13,
132	9	11	1.816	9,28,62,53,66,77,86,60,93,70,24,56,19,92,42,11,
132	10	11	2.043	10,60,86,77,66,53,62,69,76,90,51,20,41,83,70,93,11,
132	9	10	1.928	9,28,32,69,76,62,53,77,66,90,51,20,86,60,93,10,
132	9	15	2.267	9,53,66,77,86,60,93,70,24,56,65,84,82,58,57,44,39,52,15,
132	9	13	1.893	9,62,69,76,53,66,77,86,60,93,70,24,56,65,84,82,58,57,79,13,
132	10	15	2.38	10,93,70,24,42,92,19,65,84,82,58,57,79,44,94,48,39,52,15,
132	9	14	2.118	9,62,53,66,77,86,60,93,70,24,56,19,65,84,82,58,57,79,44,39,14,
132	10	14	2.285	10,93,70,24,42,92,19,65,84,82,58,57,79,44,94,85,81,48,39,14,
132	12	14	1.376	12,33,42,92,19,65,84,82,58,57,79,44,39,95,52,14,
132	11	12	2.08	11,33,42,92,19,65,84,82,58,94,48,39,44,57,45,12,
132	11	13	1.85	11,33,42,92,19,65,84,82,58,94,85,81,71,48,44,13,
132	12	13	1.593	12,33,42,92,19,65,84,82,58,94,85,81,71,48,44,13,
132	13	14	1.637	13,44,79,57,58,82,94,81,85,30,71,48,39,52,14,
132	14	15	1.839	14,39,44,79,57,58,82,94,85,81,48,71,16,95,52,15,
132	13	15	1.772	13,79,57,58,82,94,48,71,16,55,96,25,46,59,15,
132	11	14	1.924	11,42,92,19,65,84,82,58,57,79,44,94,85,81,71,48,39,14,
132	12	15	1.926	12,33,42,92,19,65,84,82,58,57,79,44,94,81,48,39,52,95,15,
132	11	15	2.246	11,33,42,92,19,65,84,82,58,57,79,44,94,85,81,48,39,52,95,15,
