267	0	1	2.346	0,86,76,18,95,53,27,44,83,58,41,96,92,36,33,1,
267	0	2	2.155	0,35,53,27,95,18,76,86,92,33,36,85,90,75,2,
267	0	3	2.7	0,76,18,70,86,33,36,66,55,26,21,23,98,42,54,80,25,3,
267	0	4	2.625	0,76,86,92,33,36,66,55,21,26,98,42,63,50,37,54,80,4,
267	0	5	2.61	0,76,18,70,86,92,33,36,66,55,21,26,98,42,54,80,37,22,79,5,
267	0	6	2.584	0,76,86,92,36,66,55,21,23,67,62,29,20,28,49,38,77,64,88,93,6,
267	0	7	2.725	0,86,92,33,36,66,55,26,21,23,67,62,29,20,28,49,38,77,64,88,7,
267	0	8	2.723	0,86,92,33,36,66,55,26,98,42,63,38,49,28,59,56,89,40,17,8,
267	0	9	2.636	0,86,76,18,95,53,27,44,97,24,69,99,19,82,61,87,68,9,
267	0	10	2.316	0,86,76,18,95,53,27,44,97,24,69,99,19,82,61,34,57,10,
267	0	11	2.381	0,86,76,70,18,95,53,27,44,91,97,24,73,69,99,19,72,31,11,
267	0	12	2.299	0,86,76,18,95,53,27,44,97,24,69,99,19,72,31,94,71,12,
267	0	13	1.907	0,33,36,92,86,76,70,18,95,53,27,44,91,60,13,
267	0	14	2.093	0,33,36,92,86,76,70,18,95,53,27,44,91,60,14,
267	0	15	2.417	0,33,36,75,85,66,92,86,76,70,18,95,27,53,35,15,
267	1	2	2.125	1,33,36,92,86,76,18,70,96,21,26,55,66,85,90,75,2,
267	1	3	2.471	1,33,36,92,86,76,18,70,41,96,21,26,55,66,85,75,90,3,
267	1	4	2.386	1,33,36,66,55,21,23,62,20,28,49,38,50,37,54,80,4,
267	1	5	2.256	1,33,36,66,55,21,23,67,62,20,28,49,38,50,37,22,79,5,
267	1	6	2.482	1,33,36,66,55,26,21,23,67,62,29,20,28,49,38,77,64,88,52,32,93,6,
267	1	7	2.588	1,33,36,66,55,26,21,23,67,62,29,20,28,49,38,77,64,88,52,93,7,
267	1	8	2.672	1,33,36,66,55,21,26,98,42,50,64,77,38,49,28,59,56,89,40,17,8,
267	1	9	2.673	1,33,36,92,86,76,70,41,58,83,65,78,73,69,99,19,82,87,68,9,
267	1	10	2.368	1,33,36,92,96,41,58,83,65,78,73,69,99,19,72,31,61,34,57,10,
267	1	11	2.383	1,33,36,92,86,76,18,95,53,27,44,97,24,69,99,19,72,31,11,
267	1	12	2.45	1,33,36,92,86,76,70,41,58,83,65,78,73,69,99,19,72,31,94,71,12,
267	1	13	2.682	1,33,36,92,86,76,18,95,53,27,44,83,65,78,73,24,97,91,60,13,
267	1	14	1.883	1,33,36,92,86,76,70,18,95,53,27,44,91,60,14,
267	1	15	2.207	1,33,36,75,85,66,92,86,76,70,18,95,27,53,35,15,
267	2	3	2.35	2,75,85,45,98,42,50,77,64,22,37,80,54,25,3,
267	2	4	2.168	2,75,85,45,98,42,50,77,64,79,22,37,54,80,4,
267	2	5	2.084	2,75,85,45,98,42,63,50,77,64,88,93,52,32,5,
267	2	6	2.251	2,75,85,45,26,21,23,67,62,29,20,28,49,38,77,64,88,52,93,6,
267	2	7	2.541	2,75,85,45,26,21,23,67,62,29,20,28,49,38,77,64,88,52,93,7,
267	2	8	2.525	2,75,85,45,98,42,63,50,64,77,38,49,28,59,56,89,40,17,8,
267	2	9	2.859	2,75,90,45,98,42,63,50,64,77,38,49,28,16,56,89,40,51,9,
267	2	10	2.545	2,75,90,45,26,21,23,67,47,65,78,73,69,99,19,82,61,34,57,10,
267	2	11	2.653	2,75,36,92,86,76,70,18,95,53,27,44,97,73,69,99,19,72,31,11,
267	2	12	2.565	2,75,85,36,33,92,86,76,70,18,95,53,27,44,97,73,24,94,71,12,
267	2	13	2.697	2,75,85,45,26,21,55,66,36,33,92,86,76,18,95,53,27,44,91,60,13,
267	2	14	2.637	2,75,90,85,66,36,33,92,86,76,70,18,35,95,53,27,44,91,60,14,
267	2	15	1.885	2,75,90,85,36,33,92,86,76,70,18,95,27,53,15,
267	3	4	2.183	3,25,54,80,37,50,77,64,88,93,52,32,79,22,39,4,
267	3	5	2.118	3,25,54,80,37,22,50,38,49,28,59,77,64,52,32,5,
267	3	6	1.961	3,25,54,80,37,22,50,38,49,28,59,77,64,88,93,6,
267	3	7	2.526	3,25,54,80,37,22,79,32,52,88,64,77,38,49,28,16,56,89,7,
267	3	8	2.428	3,25,54,80,37,22,79,32,52,88,64,77,38,49,28,59,89,40,17,8,
267	3	9	2.761	3,25,54,80,37,22,79,32,52,88,77,64,50,38,49,28,16,43,51,9,
267	3	10	2.715	3,25,80,54,42,63,38,49,28,20,48,46,74,82,72,61,34,57,10,
267	3	11	2.778	3,25,54,80,37,50,64,77,38,49,28,20,29,48,46,74,82,72,31,11,
267	3	12	2.687	3,25,54,80,37,50,38,49,28,20,48,46,74,82,19,99,69,94,71,12,
267	3	13	2.397	3,90,75,85,36,33,92,86,76,70,18,95,53,27,44,91,60,13,
267	3	14	2.659	3,90,75,85,66,36,33,92,86,76,70,18,95,53,27,44,91,60,14,
267	3	15	2.678	3,90,75,85,45,26,21,55,66,36,33,92,86,76,18,95,27,53,15,
267	4	5	1.864	4,80,54,42,63,38,49,28,59,77,64,88,52,32,5,
267	4	6	1.784	4,80,54,37,50,63,38,49,28,59,77,64,88,93,6,
267	4	7	2.196	4,80,54,37,22,79,32,93,88,77,64,50,38,49,28,59,7,
267	4	8	2.2	4,80,54,37,22,79,32,52,88,64,77,38,49,28,59,89,40,17,8,
267	4	9	2.58	4,80,54,37,22,79,32,52,93,88,64,77,38,49,28,59,89,40,51,9,
267	4	10	2.631	4,80,54,37,22,50,64,77,38,49,28,20,48,46,74,82,61,34,57,10,
267	4	11	2.668	4,80,54,37,50,64,77,38,49,28,20,48,46,74,82,19,99,72,31,11,
267	4	12	2.623	4,80,54,37,50,38,49,28,20,48,46,74,82,19,99,69,73,24,94,71,12,
267	4	13	2.706	4,80,54,37,50,38,49,28,20,48,46,74,82,19,99,69,73,24,13,
267	4	14	2.632	4,80,54,42,98,26,21,55,66,36,33,92,86,76,70,18,95,53,27,14,
267	4	15	2.524	4,80,54,42,98,26,21,55,66,36,33,92,86,76,70,18,95,35,15,
267	5	6	1.732	5,79,22,37,50,38,49,28,59,77,64,88,52,32,93,6,
267	5	7	2.098	5,39,80,54,37,22,79,32,52,88,64,77,38,49,28,59,7,
267	5	8	1.919	5,79,22,37,50,64,77,38,49,28,16,43,51,40,17,8,
267	5	9	2.425	5,32,52,93,88,77,64,50,63,38,49,28,16,56,89,40,51,9,
267	5	10	2.349	5,79,22,37,50,64,77,38,49,28,20,48,46,74,82,61,34,57,10,
267	5	11	2.499	5,79,22,37,50,64,77,38,49,28,20,29,48,46,74,82,19,72,31,11,
267	5	12	2.563	5,79,22,37,50,38,49,28,20,29,48,46,74,82,19,99,69,73,24,94,71,12,
267	5	13	2.651	5,32,52,88,64,77,38,49,28,20,48,46,74,82,19,99,69,73,24,13,
267	5	14	2.668	5,79,22,37,42,98,26,21,55,66,36,33,92,86,76,18,95,53,27,14,
267	5	15	2.653	5,79,22,37,80,54,42,98,26,21,55,66,36,33,92,86,76,70,18,35,15,
267	6	7	1.869	6,93,88,77,64,52,32,79,22,37,50,38,49,28,59,7,
267	6	8	1.689	6,93,52,88,77,64,50,38,49,28,59,56,89,40,17,8,
267	6	9	1.958	6,93,52,88,77,64,50,38,49,28,59,56,89,40,51,9,
267	6	10	2.211	6,93,52,88,64,77,38,49,28,20,29,48,46,74,82,61,34,57,10,
267	6	11	2.313	6,93,88,77,64,50,38,49,28,20,48,46,74,82,19,99,72,31,11,
267	6	12	2.332	6,93,88,64,77,38,49,28,20,48,46,74,82,19,99,69,73,24,94,71,12,
267	6	13	2.545	6,93,88,77,64,50,38,49,28,20,48,46,74,82,19,99,69,73,24,13,
267	6	14	2.625	6,93,88,64,77,38,49,28,20,48,46,74,82,19,99,69,24,97,91,14,
267	6	15	2.651	6,93,88,77,64,50,63,42,98,26,21,55,66,36,33,92,86,76,18,35,15,
267	7	8	1.967	7,88,77,64,50,63,38,49,28,16,56,89,40,17,8,
267	7	9	2.23	7,88,77,64,50,38,49,28,16,56,89,40,17,8,51,9,
267	7	10	2.346	7,17,40,89,56,43,84,30,74,82,19,99,72,31,61,34,57,10,
267	7	11	2.566	7,88,77,64,50,38,49,28,20,29,48,46,74,82,19,99,72,31,11,
267	7	12	2.543	7,88,77,64,50,38,49,28,20,48,46,74,82,19,99,69,24,94,71,12,
267	7	13	2.802	7,88,64,77,38,49,28,20,48,46,74,82,19,99,69,73,24,97,91,60,13,
267	7	14	2.745	7,17,40,89,56,43,84,30,74,82,19,99,69,73,24,97,91,44,14,
267	7	15	2.757	7,88,77,64,50,42,98,26,21,55,66,36,33,92,86,76,70,18,35,15,
267	8	9	2.218	8,17,40,89,56,43,84,30,74,82,61,34,57,87,68,9,
267	8	10	1.936	8,17,40,89,56,43,84,30,74,82,72,31,61,34,57,10,
267	8	11	2.012	8,17,40,89,56,43,84,30,74,82,72,19,99,69,31,11,
267	8	12	2.313	8,17,40,89,56,43,84,30,74,82,19,72,31,99,69,73,24,94,71,12,
267	8	13	2.568	8,17,40,51,43,84,30,74,82,19,72,31,99,69,73,24,97,91,60,13,
267	8	14	2.636	8,17,40,89,56,43,84,30,74,82,72,19,99,69,73,24,97,91,60,14,
267	8	15	2.63	8,17,40,89,56,43,84,30,74,82,19,99,69,73,24,97,44,27,53,15,
267	9	10	2.101	9,68,87,82,19,99,69,24,71,94,31,61,34,57,10,
267	9	11	2.171	9,68,87,57,34,61,31,72,19,99,69,24,94,71,12,11,
267	9	12	2.285	9,51,40,89,56,43,84,30,74,82,19,99,69,73,24,94,71,12,
267	9	13	2.453	9,68,87,57,34,61,31,72,82,74,19,99,69,73,24,97,91,60,13,
267	9	14	2.604	9,68,87,57,34,61,31,72,19,99,69,73,24,97,91,44,27,53,14,
267	9	15	2.618	9,68,87,34,61,31,72,19,99,69,73,24,97,91,44,27,53,95,35,15,
267	10	11	1.938	10,57,34,61,31,72,82,74,19,99,69,24,94,71,12,11,
267	10	12	1.549	10,57,34,61,31,72,82,74,19,99,69,24,94,71,12,
267	10	13	2.285	10,57,34,61,31,72,82,19,99,69,24,73,78,65,83,97,91,60,13,
267	10	14	2.434	10,57,34,61,31,72,82,19,99,69,73,24,97,91,44,27,95,53,14,
267	10	15	2.497	10,57,87,61,31,72,82,19,99,69,73,24,97,91,44,27,53,95,35,15,
267	11	12	1.805	11,31,72,61,34,57,87,82,19,99,69,73,24,94,12,
267	11	13	1.995	11,34,61,31,72,82,19,99,69,24,73,78,97,91,60,13,
267	11	14	2.083	11,34,61,31,72,19,99,69,73,24,97,91,44,27,53,14,
267	11	15	2.414	11,34,61,31,72,82,74,19,99,69,73,24,97,91,44,27,53,35,15,
267	12	13	2.017	12,71,94,24,69,31,72,82,74,19,99,73,97,91,60,13,
267	12	14	2.124	12,71,94,24,73,78,65,83,58,41,70,76,18,95,27,14,
267	12	15	1.996	12,71,94,24,69,99,73,78,65,83,44,27,53,95,35,15,
267	13	14	2.332	13,60,91,97,24,69,99,73,78,65,83,44,95,53,27,14,
267	13	15	2.218	13,60,91,97,24,69,99,73,78,65,83,44,27,53,35,15,
267	14	15	2.484	14,60,91,44,27,53,95,18,70,76,86,92,36,33,0,15,
