280	0	1	2.128	0,23,76,70,85,24,84,63,19,43,26,61,71,47,51,20,1,
280	0	2	2.103	0,23,76,70,85,24,84,63,19,43,26,61,71,47,20,51,2,
280	0	3	2.088	0,23,76,70,85,24,84,63,19,26,32,54,99,72,78,3,
280	0	4	2.435	0,23,76,70,85,20,51,47,71,61,26,43,32,79,81,54,99,60,74,36,4,
280	0	5	2.335	0,23,76,70,85,20,51,47,71,61,26,43,32,54,79,81,27,75,35,80,5,
280	0	6	2.292	0,23,76,70,85,24,84,63,19,43,26,32,79,81,27,75,35,95,77,67,66,6,
280	0	7	2.509	0,23,76,70,85,24,84,63,19,43,26,32,54,81,27,75,35,95,77,67,65,7,
280	0	8	2.567	0,23,76,70,85,24,84,63,42,45,39,41,64,59,50,31,89,56,93,8,
280	0	9	2.545	0,23,76,70,85,24,84,63,42,45,39,41,64,91,59,50,69,49,29,94,9,
280	0	10	2.533	0,23,76,70,85,24,84,63,42,25,96,44,83,87,22,62,88,37,10,
280	0	11	2.288	0,23,76,70,85,24,84,63,42,25,96,44,83,87,22,62,28,73,11,
280	0	12	2.251	0,23,76,70,85,24,84,63,42,25,96,44,83,87,22,34,40,12,
280	0	13	2.042	0,23,76,70,85,24,84,63,97,21,17,18,30,52,33,13,
280	0	14	2.113	0,23,76,70,85,20,51,47,24,84,97,21,17,18,30,14,
280	0	15	2.094	0,23,76,70,85,24,84,63,97,21,52,30,18,17,46,15,
280	1	2	2.275	1,85,24,84,63,19,43,26,32,54,99,60,72,78,98,2,
280	1	3	2.124	1,20,51,47,71,61,26,43,32,79,81,54,99,60,72,78,3,
280	1	4	2.161	1,20,51,47,71,61,26,43,32,79,81,54,99,60,74,36,4,
280	1	5	2.257	1,70,76,85,24,84,63,19,43,26,32,54,81,27,75,35,80,5,
280	1	6	2.391	1,70,76,85,24,84,63,19,43,26,32,54,81,27,75,35,95,66,6,
280	1	7	2.433	1,85,20,51,47,71,61,26,43,32,54,81,27,75,35,95,77,67,65,7,
280	1	8	2.681	1,85,24,84,63,42,45,39,41,64,59,50,31,82,89,56,38,68,93,8,
280	1	9	2.765	1,85,24,84,63,42,45,39,41,64,59,50,31,89,56,82,57,86,29,94,9,
280	1	10	2.83	1,70,23,76,85,24,84,63,42,25,96,48,44,83,87,22,62,37,88,10,
280	1	11	2.51	1,70,85,24,84,63,42,25,96,44,83,87,22,62,88,37,28,73,11,
280	1	12	2.447	1,85,24,84,63,42,25,96,44,83,87,22,62,88,37,28,73,40,12,
280	1	13	2.577	1,70,23,76,85,24,84,63,42,25,96,44,83,87,22,34,53,13,
280	1	14	2.27	1,70,76,85,20,51,47,24,84,63,97,21,17,18,30,14,
280	1	15	2.343	1,70,23,76,85,20,51,47,24,84,63,97,21,17,18,15,
280	2	3	2.099	2,51,20,47,71,61,26,43,32,79,81,54,99,60,72,78,3,
280	2	4	2.136	2,51,20,47,71,61,26,43,32,79,81,54,99,60,74,36,4,
280	2	5	2.006	2,51,20,47,71,19,43,26,32,54,81,27,75,35,80,5,
280	2	6	2.36	2,51,20,47,71,61,19,43,26,32,54,79,81,27,75,35,95,77,67,6,
280	2	7	2.522	2,51,20,47,71,61,26,43,32,54,79,81,16,27,75,35,95,77,67,65,7,
280	2	8	2.618	2,51,20,47,71,61,26,43,92,39,41,64,59,50,31,89,56,82,57,8,
280	2	9	2.805	2,98,72,60,74,80,75,35,95,67,77,38,56,89,82,57,86,49,29,94,9,
280	2	10	2.844	2,51,20,47,71,61,26,43,19,42,25,96,44,83,87,22,62,88,37,10,
280	2	11	2.636	2,51,20,47,71,19,42,25,96,48,44,83,87,22,62,88,37,28,73,11,
280	2	12	2.595	2,51,20,24,84,63,42,25,96,44,83,87,22,62,88,37,28,73,40,12,
280	2	13	2.734	2,51,20,24,84,63,42,25,96,44,83,87,22,62,37,28,34,53,13,
280	2	14	2.767	2,98,72,60,99,54,81,79,32,26,43,19,63,84,97,21,17,18,30,14,
280	2	15	2.357	2,51,20,47,71,61,26,43,19,63,24,84,97,21,17,18,15,
280	3	4	2.045	3,78,72,55,47,71,61,26,43,32,79,81,54,99,74,36,4,
280	3	5	1.945	3,78,72,55,47,71,61,26,43,32,79,81,27,75,35,80,5,
280	3	6	1.75	3,78,72,60,99,54,79,81,27,75,35,95,77,67,66,6,
280	3	7	2.317	3,78,72,55,47,71,61,26,43,32,54,81,27,75,35,95,77,67,65,7,
280	3	8	2.464	3,78,72,60,99,54,81,27,75,35,95,67,77,38,56,89,82,57,8,
280	3	9	2.497	3,78,72,60,99,16,75,35,95,77,38,56,89,82,57,86,49,29,94,9,
280	3	10	2.752	3,78,72,60,99,54,81,27,75,35,95,77,38,56,89,82,57,86,29,10,
280	3	11	2.651	3,78,72,60,99,54,32,26,43,19,42,25,96,44,83,87,22,62,28,73,11,
280	3	12	2.57	3,78,72,55,47,71,19,42,25,96,44,83,87,22,62,37,28,73,40,12,
280	3	13	2.676	3,78,72,60,99,54,32,58,92,39,41,64,88,62,22,87,34,53,13,
280	3	14	2.589	3,78,72,60,99,54,81,79,32,26,43,19,63,24,84,97,21,17,18,30,14,
280	3	15	2.581	3,78,72,60,99,54,81,79,32,43,26,61,19,63,24,84,97,21,17,15,
280	4	5	2.014	4,36,60,72,55,47,71,61,26,43,32,79,81,27,75,80,5,
280	4	6	1.875	4,36,74,60,99,54,32,79,81,27,75,35,95,77,67,6,
280	4	7	2.347	4,36,60,72,55,47,71,61,32,79,81,27,75,35,95,77,67,65,7,
280	4	8	2.372	4,36,74,99,54,81,27,75,35,95,67,77,38,56,89,82,57,8,
280	4	9	2.357	4,36,74,80,75,35,95,67,77,38,56,89,82,57,86,49,29,94,9,
280	4	10	2.659	4,74,80,75,35,66,67,95,77,38,56,89,82,57,31,50,69,49,29,10,
280	4	11	2.544	4,36,74,99,54,81,79,32,26,43,58,92,39,41,64,88,62,37,28,73,11,
280	4	12	2.591	4,36,74,99,54,81,79,32,26,43,92,39,41,64,88,62,37,28,73,40,12,
280	4	13	2.643	4,36,74,99,54,32,26,43,92,39,41,64,88,62,22,87,34,53,13,
280	4	14	2.626	4,36,74,60,99,54,81,79,32,26,43,19,63,24,84,97,21,17,18,30,14,
280	4	15	2.668	4,36,60,72,99,54,81,79,32,26,43,19,63,24,84,97,21,17,18,15,
280	5	6	2.131	5,80,35,75,27,81,54,79,89,56,38,95,77,67,66,6,
280	5	7	1.854	5,80,75,35,66,67,95,77,38,56,89,82,57,93,68,7,
280	5	8	1.879	5,80,75,35,66,67,95,77,38,56,89,82,57,93,68,8,
280	5	9	2.185	5,80,75,35,66,67,95,77,38,56,89,82,57,31,50,69,49,29,94,9,
280	5	10	2.531	5,80,75,35,95,77,67,65,38,56,89,82,57,31,50,59,69,49,29,10,
280	5	11	2.391	5,80,35,75,27,81,54,32,26,43,92,39,41,64,88,62,37,28,73,11,
280	5	12	2.458	5,80,35,75,27,81,54,32,58,92,39,41,64,88,62,37,28,73,40,12,
280	5	13	2.638	5,80,35,75,27,81,79,32,58,92,39,41,64,88,37,62,22,34,53,13,
280	5	14	2.526	5,80,35,75,27,81,79,54,32,26,43,19,63,24,84,97,21,17,18,30,14,
280	5	15	2.49	5,80,35,75,27,81,54,32,43,26,61,71,47,24,84,63,97,21,17,15,
280	6	7	1.898	6,66,67,77,95,38,56,89,31,50,69,86,57,82,93,68,7,
280	6	8	1.896	6,66,67,95,77,38,56,89,31,50,69,49,86,57,82,93,8,
280	6	9	1.732	6,67,95,77,38,56,89,82,57,31,50,69,49,29,94,9,
280	6	10	2.428	6,66,67,95,77,38,56,89,82,57,69,50,59,64,41,88,62,37,10,
280	6	11	2.261	6,66,67,77,95,38,56,89,82,31,50,59,64,41,88,62,37,28,73,11,
280	6	12	2.353	6,66,67,95,77,38,56,89,82,57,50,59,91,88,37,62,22,87,34,12,
280	6	13	2.483	6,66,67,95,77,38,56,89,82,57,50,59,91,88,37,62,22,34,53,13,
280	6	14	2.512	6,66,67,77,95,35,75,27,81,54,61,71,63,24,84,97,21,17,18,30,14,
280	6	15	2.458	6,66,67,77,95,35,75,27,81,54,32,26,43,19,63,24,84,97,21,17,15,
280	7	8	2.085	7,65,67,66,95,77,38,56,89,82,57,31,50,69,49,86,8,
280	7	9	1.9	7,65,67,66,95,77,38,56,89,82,57,50,69,49,29,94,9,
280	7	10	2.1	7,65,67,66,95,77,38,56,89,82,57,31,50,69,49,29,10,
280	7	11	1.913	7,68,93,38,56,89,31,50,59,91,88,62,37,28,73,11,
280	7	12	2.355	7,68,93,56,89,82,57,50,59,64,41,88,37,62,22,87,34,40,12,
280	7	13	2.58	7,68,93,38,56,89,82,57,69,50,59,64,41,88,37,62,22,34,53,13,
280	7	14	2.736	7,65,67,77,95,35,75,27,81,54,32,26,43,19,63,84,97,21,17,18,30,14,
280	7	15	2.644	7,68,93,56,89,82,57,69,59,64,41,83,44,96,25,90,52,18,17,15,
280	8	9	1.946	8,93,68,38,56,89,82,57,31,50,59,91,49,29,94,9,
280	8	10	2.142	8,93,68,38,56,89,82,57,31,50,69,59,91,49,29,10,
280	8	11	1.897	8,93,68,38,56,89,31,50,59,91,88,62,37,28,73,11,
280	8	12	2.22	8,93,68,38,56,89,82,57,69,59,91,88,37,62,22,87,34,12,
280	8	13	2.469	8,93,68,38,89,56,82,31,50,69,59,91,88,37,62,22,34,53,13,
280	8	14	2.644	8,68,93,57,82,89,31,50,59,64,41,83,44,96,25,90,52,18,30,14,
280	8	15	2.579	8,93,68,38,56,89,31,50,59,64,41,83,44,96,25,90,52,30,18,15,
280	9	10	2.141	9,94,29,49,69,50,59,64,41,83,44,87,22,62,37,10,
280	9	11	1.879	9,94,29,49,69,50,59,64,41,88,37,62,22,28,73,11,
280	9	12	1.88	9,94,29,49,69,50,59,64,41,88,62,37,28,73,40,12,
280	9	13	2.018	9,94,29,49,69,59,64,41,88,62,22,87,34,53,13,
280	9	14	2.621	9,94,29,49,86,57,82,56,89,31,50,59,64,41,83,44,96,25,90,52,14,
280	9	15	2.719	9,94,29,49,86,57,82,89,31,50,59,64,41,83,44,96,25,90,52,18,15,
280	10	11	2.072	10,29,49,69,59,64,41,88,62,22,87,34,28,73,11,
280	10	12	2.116	10,29,49,59,91,88,37,62,22,87,34,28,73,40,12,
280	10	13	2.27	10,29,49,69,50,59,91,64,41,83,44,87,34,53,13,
280	10	14	2.536	10,37,62,28,73,40,34,22,87,83,44,96,25,90,52,18,30,14,
280	10	15	2.699	10,88,62,37,28,73,40,34,22,87,83,44,96,25,90,52,30,18,15,
280	11	12	1.963	11,73,28,22,62,37,88,64,41,83,44,87,34,40,12,
280	11	13	2.025	11,73,28,37,88,62,22,34,87,83,44,48,33,53,13,
280	11	14	2.057	11,73,28,37,88,62,22,87,83,44,96,25,90,52,18,30,14,
280	11	15	2.102	11,73,28,37,88,62,22,87,83,44,96,25,90,52,30,18,15,
280	12	13	2.021	12,40,73,28,37,62,88,83,44,48,87,22,34,53,13,
280	12	14	2.056	12,40,73,28,37,62,22,87,83,44,96,25,90,52,18,30,14,
280	12	15	2.101	12,40,73,28,37,62,22,87,83,44,96,25,90,52,30,18,15,
280	13	14	2.124	13,33,53,34,22,87,83,44,96,25,90,52,18,30,14,
280	13	15	2.169	13,33,53,34,22,87,83,44,96,25,90,52,30,18,15,
280	14	15	2.253	14,52,30,18,17,21,97,63,84,24,85,70,76,23,46,15,
