475	0	1	1.86	0,27,71,53,23,64,31,18,35,44,30,39,32,87,2,1,
475	0	2	1.471	0,27,71,53,23,64,31,18,35,44,30,39,32,87,2,
475	0	3	1.791	0,27,71,53,23,64,31,18,35,44,30,39,93,19,70,50,96,80,3,
475	0	4	1.925	0,27,71,53,23,64,31,18,35,44,30,93,54,73,97,94,86,72,84,4,
475	0	5	2.011	0,27,71,64,31,18,35,44,30,93,54,73,97,94,86,72,84,24,66,92,5,
475	0	6	2.298	0,27,71,64,31,18,35,44,30,39,93,54,73,97,94,86,72,84,24,66,38,6,
475	0	7	2.422	0,27,71,64,31,18,44,30,39,93,54,73,97,94,16,52,63,33,7,
475	0	8	2.608	0,27,71,64,31,18,44,30,39,93,73,97,94,16,63,99,79,51,8,
475	0	9	2.658	0,56,65,90,55,28,37,61,25,68,78,43,83,89,21,88,29,34,58,22,62,9,
475	0	10	2.37	0,56,65,90,55,28,37,61,25,68,78,43,89,21,88,29,34,58,22,62,40,85,10,
475	0	11	2.351	0,56,65,90,28,61,25,68,78,43,89,21,88,29,58,22,62,34,47,11,
475	0	12	2.329	0,56,65,90,55,28,61,25,68,78,43,89,21,88,29,59,46,69,12,
475	0	13	2.525	0,27,71,53,23,64,31,18,35,49,37,61,25,76,45,91,48,13,
475	0	14	2.106	0,53,23,64,71,27,56,65,90,55,28,76,45,91,48,14,
475	0	15	2.073	0,27,71,64,31,18,44,35,49,37,28,55,56,65,15,
475	1	2	1.312	1,23,53,71,64,31,18,35,44,30,39,32,50,87,2,
475	1	3	1.26	1,23,53,71,64,31,18,35,44,30,39,32,50,96,3,
475	1	4	1.559	1,23,53,64,31,18,35,30,39,93,54,73,97,94,86,72,84,4,
475	1	5	1.733	1,23,53,64,31,18,44,30,39,93,54,73,97,94,86,72,84,24,66,92,5,
475	1	6	2.02	1,23,53,64,31,18,44,30,39,93,54,73,97,94,86,72,84,92,66,24,38,6,
475	1	7	2.208	1,23,53,64,31,18,35,44,30,39,93,54,73,97,94,16,63,99,33,7,
475	1	8	2.358	1,23,53,64,31,18,35,44,30,93,73,97,94,16,63,99,79,51,8,
475	1	9	2.425	1,23,53,71,27,55,28,61,25,68,78,43,89,21,88,29,58,22,62,9,
475	1	10	2.321	1,23,53,71,27,55,28,61,25,68,78,43,89,21,88,29,58,22,62,40,85,10,
475	1	11	2.382	1,23,53,71,27,56,90,55,28,61,25,68,78,43,89,21,82,59,47,11,
475	1	12	2.384	1,23,53,71,27,55,90,28,61,25,68,78,43,89,21,82,59,46,69,12,
475	1	13	2.436	1,23,53,71,64,31,18,44,30,35,49,37,61,25,76,45,91,48,13,
475	1	14	1.82	1,23,53,64,71,27,55,56,65,90,28,76,45,91,48,14,
475	1	15	1.863	1,23,53,64,31,18,44,35,49,37,28,55,90,56,65,15,
475	2	3	1.339	2,87,32,30,44,31,18,35,49,93,39,50,96,80,3,
475	2	4	1.616	2,87,32,44,31,18,35,30,39,93,54,73,97,94,86,72,84,4,
475	2	5	1.656	2,31,18,35,44,30,39,93,54,73,97,94,86,72,84,24,66,92,5,
475	2	6	2.054	2,87,32,44,31,18,35,30,39,93,54,73,97,94,86,72,84,24,66,38,6,
475	2	7	2.297	2,31,18,35,44,30,39,93,54,73,97,94,86,72,84,16,52,63,99,33,7,
475	2	8	2.391	2,31,18,35,44,30,39,93,54,73,97,94,86,72,16,63,99,79,51,8,
475	2	9	2.512	2,87,32,30,39,93,54,73,97,94,86,72,16,52,63,99,79,51,17,26,9,
475	2	10	2.467	2,87,32,44,35,49,37,61,25,68,43,89,21,88,29,58,22,62,40,85,10,
475	2	11	2.518	2,87,32,30,44,18,35,49,37,61,25,68,78,43,89,21,82,59,47,11,
475	2	12	2.482	2,87,32,30,44,35,49,37,61,25,68,78,43,89,21,82,59,69,12,
475	2	13	2.204	2,87,32,44,35,18,31,64,71,27,55,28,76,45,91,48,13,
475	2	14	2.039	2,87,32,30,44,18,31,64,71,27,56,65,90,76,91,45,14,
475	2	15	1.796	2,87,32,30,44,35,18,31,64,23,53,71,27,55,56,65,15,
475	3	4	1.476	3,80,96,50,32,44,30,39,93,73,97,94,86,72,84,4,
475	3	5	1.476	3,96,50,32,39,93,54,73,97,94,86,72,84,24,66,92,5,
475	3	6	1.71	3,80,96,50,32,39,93,73,97,94,86,72,84,24,38,6,
475	3	7	2.046	3,96,50,32,39,93,54,73,97,94,86,72,16,52,63,99,33,7,
475	3	8	2.263	3,80,96,50,39,93,54,73,97,94,86,72,16,52,63,99,79,51,8,
475	3	9	2.436	3,96,50,39,93,54,73,97,94,86,72,16,52,63,99,79,51,17,26,9,
475	3	10	2.49	3,96,50,32,44,35,49,37,61,25,68,43,89,21,88,29,22,62,40,85,10,
475	3	11	2.552	3,80,96,50,32,30,44,35,49,37,61,25,68,78,43,89,21,82,59,47,11,
475	3	12	2.58	3,96,50,32,30,44,35,49,37,61,25,68,78,43,89,21,82,59,46,69,12,
475	3	13	2.341	3,80,96,50,32,30,44,18,31,64,71,27,56,65,90,76,45,91,48,13,
475	3	14	2.208	3,96,50,32,30,44,35,18,31,64,23,53,71,27,56,65,90,76,45,14,
475	3	15	1.95	3,80,96,50,32,30,44,35,18,31,64,23,53,71,27,55,90,56,65,15,
475	4	5	1.751	4,67,19,70,39,30,93,54,73,97,94,86,72,84,24,66,92,5,
475	4	6	1.895	4,67,70,19,39,93,54,73,97,94,86,72,84,92,66,24,38,6,
475	4	7	2.073	4,67,70,19,39,93,54,73,97,94,16,52,63,99,33,7,
475	4	8	2.447	4,67,70,19,39,93,73,97,94,86,72,84,16,52,63,99,79,51,8,
475	4	9	2.569	4,67,70,19,39,93,54,73,97,94,86,72,16,63,99,79,51,17,26,9,
475	4	10	2.369	4,84,72,86,94,20,77,81,95,83,89,21,88,29,58,22,62,40,85,10,
475	4	11	2.608	4,84,72,86,97,94,20,77,81,95,83,89,21,88,29,58,22,62,34,47,11,
475	4	12	2.784	4,67,70,19,39,93,54,73,97,94,20,77,81,95,83,89,21,82,59,46,69,12,
475	4	13	2.534	4,67,70,19,39,30,44,18,31,64,71,27,56,65,90,76,45,91,48,13,
475	4	14	2.394	4,67,70,19,39,30,44,35,18,31,64,71,27,56,65,90,76,91,45,14,
475	4	15	2.209	4,67,70,19,39,30,44,35,18,31,64,23,53,71,27,55,28,90,56,15,
475	5	6	1.918	5,92,66,24,84,72,86,97,94,20,75,52,63,99,33,36,6,
475	5	7	2.022	5,92,66,24,84,72,86,97,94,20,75,52,63,99,33,36,7,
475	5	8	2.079	5,92,66,24,38,36,33,99,63,52,79,51,17,42,26,8,
475	5	9	2.585	5,92,66,24,16,72,86,97,94,20,77,75,52,63,99,79,51,17,26,9,
475	5	10	2.353	5,92,66,24,16,75,81,95,83,89,21,88,29,34,58,22,62,40,85,57,10,
475	5	11	2.601	5,92,66,24,38,63,52,41,95,81,83,89,21,88,29,58,22,62,34,47,11,
475	5	12	2.802	5,92,66,24,38,63,52,41,95,83,89,21,88,29,58,22,62,34,47,46,69,12,
475	5	13	2.721	5,92,66,24,84,72,86,94,97,73,54,93,30,44,35,49,37,61,25,98,13,
475	5	14	2.59	5,84,72,86,73,54,93,39,30,44,18,31,64,71,27,55,28,76,45,14,
475	5	15	2.275	5,84,72,86,97,73,54,93,39,30,44,35,18,31,64,71,27,56,65,15,
475	6	7	2.21	6,38,24,66,92,84,72,86,97,94,20,75,52,63,99,33,7,
475	6	8	2.22	6,36,33,38,66,24,16,52,63,99,79,51,17,26,8,
475	6	9	2.183	6,36,33,38,66,24,16,52,63,99,79,51,17,26,9,
475	6	10	2.237	6,36,33,99,63,52,41,95,81,83,89,21,88,29,58,22,62,40,85,10,
475	6	11	2.54	6,36,33,99,63,52,41,95,81,83,89,21,88,29,58,22,62,40,85,57,11,
475	6	12	2.706	6,36,33,99,63,52,41,95,81,83,89,21,88,29,58,22,62,34,47,46,69,12,
475	6	13	2.821	6,36,33,99,63,52,79,41,95,83,89,21,43,78,98,76,91,48,13,
475	6	14	2.493	6,36,33,99,63,52,41,95,81,83,89,21,43,78,98,91,76,45,14,
475	6	15	2.475	6,38,16,94,97,73,54,93,39,30,44,35,18,31,64,71,27,56,15,
475	7	8	2.297	7,33,36,38,66,24,16,52,63,99,79,51,17,26,8,
475	7	9	2.26	7,33,36,38,66,24,16,52,63,99,79,51,17,26,9,
475	7	10	2.02	7,33,99,63,52,79,51,17,42,22,62,58,34,40,85,10,
475	7	11	2.497	7,36,33,99,63,52,41,95,83,89,21,88,29,58,22,62,34,47,11,
475	7	12	2.644	7,33,99,63,52,41,95,83,89,21,88,29,22,62,58,34,47,46,69,12,
475	7	13	2.701	7,33,63,52,41,95,81,83,89,21,43,78,98,91,76,45,48,13,
475	7	14	2.571	7,33,99,63,52,41,95,81,83,89,21,43,78,98,48,91,76,45,14,
475	7	15	2.676	7,33,63,52,41,95,81,83,89,21,43,78,98,48,91,45,76,15,
475	8	9	2.282	8,26,17,41,95,81,83,89,21,88,29,34,58,22,62,9,
475	8	10	1.996	8,17,41,95,81,83,89,21,88,29,58,22,62,40,85,10,
475	8	11	2.184	8,26,17,42,22,62,58,34,29,88,89,21,82,59,47,11,
475	8	12	2.616	8,26,17,42,22,62,40,85,57,34,58,29,88,89,21,82,59,69,12,
475	8	13	2.666	8,26,17,42,22,62,58,29,88,21,89,43,78,98,76,91,48,13,
475	8	14	2.476	8,17,42,22,62,58,34,29,88,21,89,43,78,98,48,91,76,45,14,
475	8	15	2.627	8,26,62,22,58,29,88,21,89,43,78,68,25,61,28,55,90,56,65,15,
475	9	10	2.007	9,26,42,95,81,83,89,21,88,29,58,22,62,40,85,10,
475	9	11	2.147	9,26,17,42,22,62,58,34,29,88,89,21,82,59,47,11,
475	9	12	2.558	9,26,17,42,22,62,58,34,29,88,21,89,43,78,82,59,46,69,12,
475	9	13	2.508	9,10,85,40,62,22,58,29,88,21,89,43,78,98,91,76,45,48,13,
475	9	14	2.405	9,10,85,40,62,22,58,34,29,88,21,89,43,78,98,48,91,76,45,14,
475	9	15	2.412	9,62,22,58,34,29,88,21,89,43,78,68,25,61,28,55,90,56,65,15,
475	10	11	1.938	10,85,40,62,22,58,34,29,88,21,89,43,78,82,59,47,11,
475	10	12	1.804	10,57,85,40,62,22,58,34,29,88,89,21,82,59,46,69,12,
475	10	13	2.094	10,85,40,62,22,29,88,21,89,43,78,98,91,76,45,48,13,
475	10	14	1.924	10,85,40,62,22,29,88,21,89,43,78,98,48,91,76,45,14,
475	10	15	2.157	10,85,40,62,22,58,29,88,21,89,43,78,68,25,61,28,55,90,65,15,
475	11	12	2.073	11,47,57,85,40,62,22,58,34,29,88,89,21,82,59,69,12,
475	11	13	2.278	11,47,34,62,22,29,88,21,89,43,78,98,76,91,48,13,
475	11	14	2.118	11,47,34,58,62,22,29,88,21,89,43,78,98,76,91,45,14,
475	11	15	2.265	11,47,29,88,21,89,43,78,68,25,61,37,28,55,90,56,65,15,
475	12	13	2.247	12,69,46,59,29,88,89,21,78,98,91,76,45,48,13,
475	12	14	2.012	12,69,46,59,29,88,21,89,43,78,98,91,76,45,14,
475	12	15	2.139	12,69,46,59,82,21,89,43,78,68,25,61,28,55,90,65,15,
475	13	14	2.402	13,12,69,46,59,29,88,21,89,43,78,98,91,76,45,14,
475	13	15	2.333	13,48,45,76,91,98,78,43,68,25,61,37,28,55,90,65,15,
475	14	15	2.163	14,45,76,91,48,98,78,43,68,25,61,37,28,55,90,65,15,
