108	0	2	1.786	0,25,92,17,72,88,47,48,61,45,98,16,85,2,
108	0	1	1.981	0,25,71,15,58,52,73,86,40,44,47,88,72,17,92,1,
108	0	4	2.161	0,25,92,17,72,88,47,48,79,27,57,33,95,91,63,28,60,4,
108	0	5	2.043	0,25,92,17,72,88,47,48,79,27,57,22,33,95,91,63,28,5,
108	0	11	2.517	0,25,92,17,72,88,47,44,19,76,26,30,49,34,96,94,31,84,42,11,
108	0	3	1.716	0,25,71,92,17,72,88,47,48,61,45,98,16,3,
108	0	8	2.335	0,25,92,17,72,88,47,48,79,27,77,67,56,68,59,50,32,65,8,
108	0	6	2.161	0,25,71,92,17,72,88,47,48,79,27,22,33,95,91,63,28,89,35,6,
108	0	9	2.418	0,25,92,17,72,88,47,19,76,26,30,49,34,23,51,46,75,20,70,99,9,
108	0	10	2.511	0,25,92,17,72,88,47,19,76,26,30,49,34,23,51,46,75,20,99,10,
108	0	7	2.243	0,25,92,17,72,88,47,48,79,27,22,77,67,56,78,68,59,50,21,7,
108	0	15	1.521	0,25,71,92,17,72,88,47,44,40,86,73,52,58,15,
108	1	2	1.916	1,80,92,17,72,88,47,48,79,27,57,39,45,85,2,
108	1	4	2.024	1,80,92,17,72,88,47,48,37,79,27,57,22,33,97,4,
108	0	14	1.695	0,25,71,92,17,72,88,47,44,40,86,73,52,53,14,
108	0	12	2.162	0,25,92,17,72,88,47,44,40,87,62,90,69,94,31,66,12,
108	1	5	2.105	1,80,92,17,72,88,47,48,37,79,27,57,33,95,91,63,28,5,
108	1	3	1.936	1,92,17,72,88,47,48,79,27,22,57,39,55,29,3,
108	0	13	1.913	0,25,92,17,72,88,47,44,40,73,52,53,41,36,13,
108	1	6	2.149	1,80,92,17,72,88,47,48,79,27,22,33,95,91,63,28,89,35,6,
108	1	7	2.309	1,80,92,17,72,88,47,48,79,27,22,77,67,56,78,68,59,50,21,7,
108	1	8	2.412	1,92,17,72,88,47,48,79,27,22,77,67,56,78,68,59,50,32,65,8,
108	1	15	1.627	1,80,92,17,72,88,47,44,40,86,73,52,53,58,15,
108	2	5	1.993	2,85,16,98,45,39,57,22,33,95,91,63,28,89,35,5,
108	1	13	2.444	1,80,92,17,72,88,47,44,40,73,52,53,41,62,90,54,64,13,
108	2	4	2.145	2,85,16,98,45,79,27,57,22,33,95,91,63,28,60,4,
108	1	12	2.521	1,80,92,17,72,88,47,44,40,87,74,62,90,69,94,31,84,42,66,12,
108	2	3	2.17	2,85,98,45,61,72,88,47,48,37,79,39,55,29,3,
108	1	9	2.386	1,80,92,17,72,88,47,19,76,26,30,49,34,23,51,46,75,20,99,9,
108	1	11	2.694	1,80,92,17,72,88,47,44,40,73,52,53,41,62,90,94,31,84,42,11,
108	2	6	2.264	2,85,16,98,45,39,79,27,57,33,22,77,95,91,63,28,89,35,6,
108	1	10	2.577	1,80,92,17,72,88,47,19,76,26,30,49,34,23,51,46,75,20,99,10,
108	1	14	1.773	1,80,92,17,72,88,47,44,40,87,74,73,52,53,14,
108	2	15	1.944	2,85,98,45,61,72,88,47,44,40,87,74,73,52,58,15,
108	3	5	1.845	3,16,98,45,39,57,22,33,95,91,63,28,89,35,5,
108	3	4	1.997	3,16,98,45,79,27,57,22,33,95,91,63,28,60,4,
108	2	13	2.527	2,85,16,98,45,61,72,88,47,44,40,86,73,52,53,41,36,13,
108	2	12	2.668	2,85,16,98,45,39,57,33,22,77,67,56,78,68,82,49,96,84,66,12,
108	2	11	2.678	2,85,98,45,61,72,88,47,44,19,76,26,30,49,34,96,84,42,11,
108	2	9	2.372	2,85,45,39,57,33,22,77,67,56,68,78,59,50,32,81,70,75,20,99,9,
108	2	10	2.544	2,85,45,79,27,57,33,22,77,67,56,78,68,59,50,32,81,70,20,75,10,
108	2	14	2.456	2,85,45,39,57,22,27,79,48,47,88,72,17,40,73,52,53,14,
108	2	7	2.388	2,85,16,98,45,39,79,27,57,33,22,77,67,56,68,78,59,50,21,7,
108	2	8	2.515	2,85,16,98,45,39,79,27,57,33,22,77,67,56,78,68,59,50,32,65,8,
108	3	6	1.801	3,16,98,45,39,57,22,33,95,91,63,28,89,35,6,
108	4	5	2.043	4,29,55,39,57,79,27,22,33,95,91,63,28,89,35,5,
108	3	15	2.253	3,29,55,39,57,33,22,27,79,48,47,88,72,17,86,73,52,58,15,
108	3	9	2.363	3,16,98,45,39,57,22,77,67,56,78,68,59,50,32,81,75,20,99,9,
108	3	12	2.628	3,16,98,45,61,72,88,47,44,19,76,26,30,49,34,96,84,66,12,
108	3	11	2.627	3,16,98,45,61,72,88,47,44,19,76,26,30,49,34,96,84,42,11,
108	3	13	2.724	3,16,98,45,61,47,88,72,17,92,25,71,86,73,52,53,41,36,13,
108	3	10	2.513	3,16,98,45,39,57,33,22,77,67,56,68,59,50,32,81,70,20,75,10,
108	3	8	2.115	3,16,98,45,79,27,22,77,67,56,78,68,59,50,32,65,8,
108	3	7	2.125	3,16,98,45,79,27,57,33,22,77,67,56,78,68,59,50,21,7,
108	3	14	2.532	3,29,55,39,57,33,22,27,79,37,48,47,88,72,17,40,73,52,53,14,
108	5	6	1.99	5,35,89,28,63,91,95,33,22,77,67,56,68,78,93,6,
108	4	6	2.064	4,97,33,22,77,67,56,78,68,59,93,63,28,89,35,6,
108	4	15	2.368	4,97,33,22,57,27,79,37,48,47,44,88,72,17,86,73,52,58,15,
108	4	13	2.657	4,97,33,22,27,79,48,47,88,72,17,86,73,52,53,41,36,13,
108	4	9	2.4	4,60,28,63,91,95,22,77,67,56,68,78,59,50,32,81,70,20,99,9,
108	4	12	2.737	4,60,28,63,91,95,33,22,77,67,56,68,82,49,34,96,84,42,66,12,
108	4	11	2.733	4,97,33,57,79,27,22,77,67,56,68,78,59,83,18,34,96,84,42,11,
108	4	7	2.075	4,60,28,63,91,95,33,22,77,67,56,68,78,59,50,21,7,
108	4	10	2.586	4,60,28,63,91,95,33,22,77,67,56,68,78,59,50,32,81,70,20,75,10,
108	4	8	2.345	4,29,55,39,79,27,57,33,22,77,67,56,78,68,59,50,32,65,8,
108	4	14	2.547	4,60,28,63,91,95,33,22,57,27,79,48,47,44,40,73,52,53,14,
108	5	9	2.102	5,28,63,91,95,67,56,68,59,50,32,81,70,75,20,99,9,
108	5	15	2.257	5,28,63,91,95,33,22,27,79,48,47,88,72,17,86,73,52,58,15,
108	5	8	1.945	5,28,63,91,95,22,77,67,56,78,68,59,50,32,65,8,
108	5	13	2.579	5,35,89,28,63,91,95,33,22,27,79,37,76,19,62,90,54,64,13,
108	6	8	1.923	6,35,89,28,63,91,95,67,56,78,68,59,50,32,65,8,
108	5	7	2.024	5,35,89,28,63,91,95,33,22,77,67,56,78,59,50,21,7,
108	5	11	2.534	5,28,63,91,95,33,57,22,77,67,56,68,82,49,34,96,84,42,11,
108	6	7	1.938	6,35,89,28,63,91,95,22,77,67,56,68,59,50,21,7,
108	5	10	2.361	5,28,63,91,95,33,22,77,67,56,68,59,50,32,81,70,20,75,10,
108	5	12	2.602	5,35,89,28,63,91,95,33,22,77,67,56,68,82,49,34,96,84,66,12,
108	5	14	2.431	5,28,63,91,95,33,22,27,79,48,47,88,72,17,86,73,52,53,14,
108	7	9	2.126	7,21,50,59,68,78,56,67,38,82,83,43,81,70,20,75,99,9,
108	6	9	2.109	6,35,89,28,63,91,95,78,68,56,82,83,43,81,70,20,99,9,
108	7	10	2.276	7,21,50,59,68,78,56,82,83,43,81,70,20,75,46,51,24,10,
108	6	15	2.285	6,35,89,28,63,91,95,33,22,27,79,48,47,88,72,17,86,58,15,
108	6	13	2.517	6,35,89,28,63,91,95,67,56,68,82,49,30,69,62,90,54,64,13,
108	7	8	2.259	7,21,93,63,28,91,95,77,67,56,68,59,50,32,65,8,
108	6	11	2.367	6,35,89,28,63,91,95,67,56,78,68,82,49,34,96,84,42,11,
108	6	10	2.259	6,35,89,28,63,91,95,67,56,78,68,82,83,43,81,70,20,75,10,
108	7	11	2.611	7,21,50,59,83,43,81,70,99,20,75,46,51,23,34,96,84,42,11,
108	6	12	2.5	6,35,89,28,63,91,95,33,22,77,67,56,78,68,82,49,96,84,66,12,
108	6	14	2.33	6,35,89,28,63,91,95,22,27,79,48,47,44,40,73,52,53,14,
108	8	9	2.101	8,65,32,50,59,68,78,56,82,83,43,51,46,75,20,99,9,
108	8	10	2.234	8,65,32,50,59,68,78,67,56,82,83,43,81,70,20,75,10,
108	8	15	2.46	8,65,32,50,59,68,78,56,67,77,27,79,48,47,44,40,73,52,58,15,
108	8	12	2.342	8,65,70,20,75,46,51,23,34,96,94,90,62,54,31,84,66,12,
108	8	13	2.476	8,65,70,99,20,75,46,51,23,34,96,84,31,94,69,90,54,64,13,
108	8	11	2.287	8,65,70,20,75,46,51,23,34,96,94,69,90,54,31,84,42,11,
108	7	13	2.767	7,21,50,59,68,56,67,77,22,27,79,48,47,44,40,87,74,41,36,13,
108	7	15	2.497	7,21,50,59,68,78,56,67,77,22,27,79,48,47,88,72,17,86,52,58,15,
108	7	12	2.772	7,21,50,59,68,56,82,83,43,81,70,20,75,46,51,23,34,96,84,66,12,
108	8	14	2.591	8,65,70,20,75,46,51,23,34,96,94,69,90,62,74,73,52,53,14,
108	7	14	2.526	7,21,50,59,68,56,67,77,22,27,79,48,47,44,40,73,52,53,14,
108	10	12	2.053	10,99,20,70,75,46,51,23,34,96,94,90,54,31,66,12,
108	10	13	1.969	10,99,20,75,46,51,23,34,96,94,69,62,90,54,64,13,
108	9	11	1.889	9,99,20,75,46,51,23,34,96,94,90,54,31,84,42,11,
108	10	11	2.08	10,99,20,75,46,51,23,34,96,94,90,54,31,84,42,11,
108	9	10	2.135	9,99,20,70,75,46,51,23,34,49,30,96,84,42,24,10,
108	10	15	2.502	10,75,20,70,81,46,51,23,34,96,94,69,90,62,74,73,52,53,58,15,
108	9	12	2.062	9,99,20,75,46,51,23,34,96,94,69,62,90,54,31,84,66,12,
108	9	15	2.495	9,99,20,75,46,51,23,34,96,94,69,90,62,74,87,40,86,73,52,58,15,
108	9	13	2.426	9,99,20,70,75,46,51,23,34,96,49,30,69,62,90,94,54,64,36,13,
108	10	14	2.384	10,99,20,75,46,51,23,34,96,94,90,62,74,73,52,53,14,
108	9	14	2.529	9,99,20,70,75,46,51,23,34,96,94,69,90,62,74,87,73,52,53,14,
108	14	15	1.989	14,53,52,73,40,44,47,88,72,17,92,71,86,58,15,
108	13	15	2.102	13,36,41,74,87,44,47,88,72,17,86,73,52,53,58,15,
108	11	12	2.271	11,24,75,20,70,81,46,51,23,34,49,30,96,84,66,12,
108	12	15	2.267	12,66,31,84,96,34,49,30,69,90,62,74,73,52,53,58,15,
108	11	15	2.413	11,42,84,31,94,96,34,49,30,69,90,62,74,73,52,53,58,15,
108	11	13	2.117	11,42,84,31,94,96,34,49,30,69,62,90,54,64,36,13,
108	12	13	2.131	12,66,31,84,42,96,34,49,30,69,62,90,54,64,36,13,
108	13	14	2.217	13,64,36,41,74,87,40,88,72,17,86,73,52,53,14,
108	12	14	2.29	12,66,42,84,31,94,90,62,74,87,40,86,73,52,53,14,
108	11	14	2.45	11,42,84,31,94,69,90,62,41,74,87,40,86,73,52,53,14,
