228	0	1	2.376	0,16,28,66,52,96,64,60,29,72,80,44,98,71,55,1,
228	0	2	2.008	0,16,28,66,52,64,96,56,60,29,80,72,40,55,2,
228	0	3	2.623	0,66,16,28,82,78,81,75,54,41,67,61,94,34,21,80,72,98,3,
228	0	4	2.485	0,66,16,28,82,85,52,64,96,56,60,29,72,80,44,93,25,47,4,
228	0	5	2.792	0,16,66,52,85,67,61,94,74,37,31,89,20,38,24,50,88,95,49,17,73,5,
228	0	6	2.711	0,16,28,85,67,61,94,41,58,90,99,74,37,89,20,38,24,50,88,84,6,
228	0	7	2.616	0,16,28,66,52,85,67,61,94,41,58,99,74,37,31,89,20,38,68,63,7,
228	0	8	2.554	0,16,28,66,52,85,67,61,94,41,58,99,74,37,89,20,38,39,19,30,8,
228	0	9	2.521	0,16,28,82,78,81,75,54,27,18,42,83,53,92,23,79,43,33,26,69,9,
228	0	10	2.321	0,66,16,28,82,78,81,75,54,27,18,42,83,53,92,23,79,43,33,46,10,
228	0	11	2.156	0,16,28,82,78,81,75,54,27,18,42,83,53,92,90,23,79,43,32,11,
228	0	12	2.073	0,66,16,28,82,78,81,75,54,27,18,42,83,53,92,23,79,43,32,12,
228	0	13	1.942	0,16,28,66,52,85,67,61,94,41,58,90,23,92,53,83,42,77,51,13,
228	0	14	1.722	0,16,28,82,78,81,75,54,27,18,92,83,42,77,97,14,
228	0	15	2.057	0,16,28,66,52,85,67,61,41,92,83,42,18,54,75,81,15,
228	1	2	2.51	1,96,66,16,28,82,85,67,61,94,34,21,29,40,55,2,
228	1	3	2.517	1,96,64,56,60,29,72,80,45,48,17,73,25,93,3,
228	1	4	2.481	1,96,64,60,29,72,80,44,45,48,62,95,49,17,73,25,47,4,
228	1	5	2.687	1,96,64,56,60,29,80,72,40,55,71,98,93,25,17,73,5,
228	1	6	2.862	1,96,64,52,85,67,61,94,41,58,99,74,37,89,20,38,24,50,88,84,6,
228	1	7	2.749	1,96,64,52,85,67,61,94,41,58,90,99,74,37,89,20,38,68,63,7,
228	1	8	2.724	1,96,64,52,85,67,61,41,58,90,99,74,37,89,20,38,39,19,30,8,
228	1	9	2.803	1,96,64,52,85,67,61,94,41,58,90,23,79,43,65,35,22,76,69,9,
228	1	10	2.621	1,96,66,16,28,82,78,81,75,54,18,42,83,53,23,79,43,33,46,10,
228	1	11	2.474	1,96,66,16,28,82,78,81,75,54,27,18,42,83,53,92,23,79,43,32,11,
228	1	12	2.318	1,96,64,52,66,16,28,82,78,81,75,54,97,27,18,42,77,51,91,86,12,
228	1	13	2.145	1,96,64,52,85,67,61,94,41,58,90,23,92,53,83,42,18,77,51,13,
228	1	14	1.91	1,96,52,66,16,28,82,78,81,75,54,27,18,42,77,97,14,
228	1	15	2.095	1,55,40,72,80,29,60,64,96,52,66,16,28,82,15,
228	2	3	2.308	2,55,40,29,72,80,44,45,48,17,73,25,47,93,3,
228	2	4	2.01	2,55,40,29,72,80,44,45,48,49,17,73,25,47,4,
228	2	5	2.424	2,55,40,56,96,64,60,29,72,80,44,93,48,17,73,5,
228	2	6	2.559	2,55,40,56,29,72,80,44,45,48,17,73,49,62,95,88,84,6,
228	2	7	2.539	2,55,40,29,72,80,44,45,48,62,95,84,88,59,50,24,68,63,7,
228	2	8	2.534	2,55,40,29,72,80,45,62,95,88,50,24,38,20,39,19,30,8,
228	2	9	2.804	2,55,40,29,72,80,45,62,95,84,88,50,24,38,20,39,19,30,70,9,
228	2	10	2.644	2,55,40,72,80,21,34,94,61,67,41,58,90,23,79,43,32,87,46,10,
228	2	11	2.497	2,55,40,72,80,21,34,94,61,67,41,58,99,90,23,79,43,32,87,11,
228	2	12	2.424	2,55,40,56,64,96,66,16,28,82,78,81,75,54,27,18,42,77,51,91,86,12,
228	2	13	2.246	2,55,40,29,21,34,94,61,41,58,90,23,92,53,83,42,18,77,51,13,
228	2	14	2.229	2,55,40,56,64,96,66,16,28,82,78,81,75,54,27,18,42,77,97,14,
228	2	15	1.856	2,55,40,72,80,29,60,64,96,52,66,16,28,82,15,
228	3	4	2.136	3,71,55,40,29,72,80,44,45,48,17,73,25,47,4,
228	3	5	2.148	3,71,55,40,56,60,29,72,80,44,45,48,17,73,5,
228	3	6	2.59	3,71,55,40,29,72,80,44,45,48,17,73,49,95,88,84,6,
228	3	7	2.485	3,93,25,73,17,49,62,95,84,88,50,24,20,39,38,68,63,7,
228	3	8	2.622	3,93,25,73,17,49,62,95,84,88,50,24,38,20,39,19,68,30,8,
228	3	9	2.662	3,93,25,73,17,49,62,95,84,88,50,24,38,20,39,19,30,70,36,9,
228	3	10	2.612	3,93,25,73,17,49,95,84,88,50,24,38,20,39,22,76,69,26,10,
228	3	11	2.669	3,71,55,40,29,72,80,21,34,94,61,41,58,90,23,79,43,32,11,
228	3	12	2.543	3,98,72,80,21,34,94,61,41,58,90,23,92,53,83,42,77,51,91,86,12,
228	3	13	2.372	3,98,72,80,21,34,94,61,41,58,90,23,92,53,83,42,18,27,77,51,13,
228	3	14	2.339	3,98,72,80,21,34,94,61,41,58,90,23,92,83,42,18,27,97,14,
228	3	15	2.514	3,98,72,80,21,34,94,61,41,92,53,83,42,18,27,54,75,81,78,15,
228	4	5	2.324	4,47,93,98,71,55,40,72,29,80,45,48,17,73,5,
228	4	6	2.446	4,47,25,17,49,62,59,20,38,39,19,68,24,50,88,84,6,
228	4	7	2.057	4,47,25,73,17,49,62,95,84,88,50,24,20,38,68,63,7,
228	4	8	2.443	4,47,25,73,17,49,62,95,84,88,59,50,24,38,20,39,19,68,30,8,
228	4	9	2.604	4,47,25,73,17,49,62,95,84,88,50,24,38,20,39,22,76,69,36,70,9,
228	4	10	2.54	4,47,25,73,17,49,62,95,84,88,50,24,38,20,39,35,22,76,69,26,10,
228	4	11	2.489	4,47,25,73,17,49,62,95,84,88,50,24,38,20,39,22,76,33,87,11,
228	4	12	2.533	4,47,93,44,80,72,29,21,34,94,61,41,58,90,23,79,43,32,12,
228	4	13	2.445	4,47,93,44,80,21,34,94,61,41,58,90,23,92,53,83,42,18,77,51,13,
228	4	14	2.454	4,47,93,44,80,21,34,94,61,41,58,90,92,53,83,42,18,27,97,14,
228	4	15	2.493	4,47,25,73,17,48,45,44,80,72,29,60,64,96,52,66,16,28,82,15,
228	5	6	2.232	5,73,17,49,62,59,20,38,39,19,68,24,50,88,84,6,
228	5	7	1.93	5,73,17,49,62,95,88,50,24,38,20,39,19,68,63,7,
228	5	8	1.966	5,73,17,48,62,95,84,88,50,24,38,20,39,19,30,8,
228	5	9	2.468	5,73,17,49,62,95,84,88,59,50,24,38,20,39,22,76,69,36,70,9,
228	5	10	2.503	5,73,17,49,62,95,84,88,59,50,24,38,20,39,19,30,70,36,69,26,10,
228	5	11	2.673	5,73,17,49,62,95,84,88,59,50,24,38,20,39,89,35,22,76,33,87,11,
228	5	12	2.575	5,73,17,49,95,88,50,24,38,20,89,37,74,99,90,23,79,43,32,12,
228	5	13	2.482	5,73,17,48,45,21,34,94,41,58,90,23,92,53,83,42,18,27,77,51,13,
228	5	14	2.449	5,73,17,48,45,21,34,94,41,58,90,23,92,83,42,18,27,97,14,
228	5	15	2.69	5,73,17,48,45,21,34,94,41,58,90,23,92,83,42,18,27,54,75,81,15,
228	6	7	2.172	6,73,17,49,62,95,88,50,24,38,20,39,19,68,63,7,
228	6	8	2.093	6,73,17,49,62,95,88,59,50,24,38,20,39,19,30,8,
228	6	9	2.196	6,73,17,49,95,88,50,24,20,38,39,19,30,70,36,9,
228	6	10	2.116	6,84,88,59,50,24,38,20,39,19,30,70,36,69,26,10,
228	6	11	2.675	6,84,88,50,24,38,20,39,89,31,37,74,99,58,90,23,79,43,32,87,11,
228	6	12	2.515	6,84,88,50,24,38,20,89,31,37,74,99,90,23,92,53,83,91,86,12,
228	6	13	2.455	6,84,88,50,24,38,20,39,89,37,74,99,90,23,92,53,83,42,77,51,13,
228	6	14	2.423	6,84,88,50,24,38,20,89,37,74,99,90,92,53,83,42,18,27,97,14,
228	6	15	2.63	6,84,88,59,89,37,74,99,58,90,23,92,53,83,42,18,27,54,75,81,15,
228	7	8	2.049	7,63,68,24,50,59,20,38,39,35,76,22,19,30,8,
228	7	9	2.099	7,63,68,24,50,88,59,20,38,39,35,22,76,69,9,
228	7	10	1.961	7,63,68,24,50,59,20,38,39,35,22,76,69,26,10,
228	7	11	2.481	7,63,68,38,20,89,37,74,94,61,67,41,58,90,23,79,43,32,11,
228	7	12	2.449	7,63,68,38,20,89,37,74,99,90,23,92,53,83,42,77,51,91,86,12,
228	7	13	2.278	7,63,68,38,20,89,37,74,99,90,23,92,53,83,42,18,27,77,51,13,
228	7	14	2.401	7,63,68,38,20,89,31,37,74,99,90,23,92,53,83,42,18,27,54,75,14,
228	7	15	2.518	7,63,68,38,20,89,37,74,99,90,23,92,53,83,42,18,27,54,75,81,15,
228	8	9	2.031	8,30,19,39,38,20,89,31,37,57,35,22,36,70,9,
228	8	10	1.955	8,30,19,68,24,50,59,20,38,39,22,76,69,26,10,
228	8	11	2.256	8,30,19,39,38,20,89,31,37,74,99,90,23,79,43,32,11,
228	8	12	2.285	8,30,19,39,38,20,89,31,37,74,99,90,23,92,83,53,86,12,
228	8	13	2.157	8,30,19,39,38,20,89,37,74,99,90,23,92,53,83,42,77,51,13,
228	8	14	2.271	8,30,19,38,20,89,37,74,99,58,90,23,92,53,83,42,18,27,97,14,
228	8	15	2.425	8,30,19,38,20,89,37,74,99,90,23,92,83,42,18,27,54,75,81,15,
228	9	10	2.03	9,70,30,68,24,50,59,20,38,39,22,76,69,26,10,
228	9	11	2.121	9,36,70,30,19,38,20,39,22,76,69,26,46,87,11,
228	9	12	2.089	9,36,22,76,65,79,23,92,53,83,42,77,51,91,86,12,
228	9	13	2.159	9,69,26,33,43,79,23,90,58,41,92,83,42,18,27,77,51,13,
228	9	14	2.242	9,36,22,76,65,43,79,23,90,58,41,92,53,83,42,18,27,97,14,
228	9	15	2.395	9,36,22,76,65,43,79,23,90,92,53,83,42,18,27,54,75,81,78,15,
228	10	11	2.147	10,46,33,43,79,23,90,58,41,92,83,53,32,87,11,
228	10	12	1.939	10,46,33,43,79,23,92,53,83,42,18,77,51,91,86,12,
228	10	13	1.765	10,46,33,43,79,23,92,53,83,42,18,27,97,51,13,
228	10	14	2.078	10,46,33,32,43,79,23,90,58,41,92,53,83,42,18,27,97,14,
228	10	15	2.238	10,46,33,43,79,23,90,58,41,92,53,83,42,18,27,54,75,81,78,15,
228	11	12	1.779	11,32,43,79,23,92,53,83,42,18,27,77,51,91,86,12,
228	11	13	1.578	11,32,43,79,23,90,92,53,83,42,18,27,77,51,13,
228	11	14	1.774	11,32,43,79,23,90,58,41,92,53,83,42,18,27,54,75,14,
228	11	15	2.022	11,32,43,79,23,90,58,41,92,53,83,42,18,27,54,75,81,78,15,
228	12	13	1.546	12,32,43,79,23,90,92,53,83,42,18,27,77,51,13,
228	12	14	1.742	12,32,43,79,23,90,58,41,92,53,83,42,18,27,54,75,14,
228	12	15	1.932	12,32,43,79,23,90,58,41,92,53,83,42,18,27,54,75,81,15,
228	13	14	1.555	13,51,77,42,83,53,92,23,90,58,41,18,27,97,14,
228	13	15	1.676	13,51,77,42,83,53,92,18,27,97,54,75,81,78,82,15,
228	14	15	1.764	14,97,77,42,83,92,18,27,54,75,81,78,82,28,16,15,
