163	0	1	1.847	0,34,17,55,84,99,45,88,38,36,32,92,67,23,1,
163	0	2	2.019	0,56,34,17,55,84,99,75,45,88,66,38,36,19,2,
163	0	3	1.936	0,34,17,55,84,99,75,45,88,36,38,27,71,33,25,3,
163	0	4	1.981	0,34,17,55,84,99,75,45,88,36,38,27,71,44,52,4,
163	0	5	2.225	0,34,17,55,84,99,75,45,88,36,38,27,71,44,20,43,58,97,78,5,
163	0	6	2.364	0,34,17,55,84,99,45,88,36,38,27,71,44,20,43,58,97,78,31,6,
163	0	7	2.573	0,34,17,55,84,99,45,75,86,39,59,28,40,22,54,87,68,50,7,
163	0	8	2.562	0,34,17,55,84,99,88,45,75,86,39,59,28,40,22,60,54,35,79,8,
163	0	9	2.622	0,34,17,55,84,99,88,45,75,86,39,59,28,40,22,60,54,35,62,9,
163	0	10	2.317	0,34,17,55,84,99,45,75,59,39,86,37,90,46,64,18,74,49,10,
163	0	11	2.23	0,34,17,55,84,99,45,75,59,39,86,37,90,46,57,18,74,30,65,11,
163	0	12	2.214	0,34,17,55,84,99,45,75,28,59,39,86,37,90,16,61,72,12,
163	0	13	2.011	0,34,17,55,84,99,45,75,48,73,95,91,24,29,42,13,
163	0	14	2.048	0,34,17,55,84,99,88,45,75,48,73,95,91,24,29,14,
163	0	15	2.082	0,34,56,92,32,36,38,88,45,99,84,55,98,21,93,15,
163	1	2	1.901	1,51,23,67,32,92,84,99,75,45,88,38,36,19,2,
163	1	3	1.889	1,51,23,67,92,84,99,45,88,36,38,71,33,25,3,
163	1	4	1.939	1,51,23,67,92,32,36,38,27,66,71,44,20,43,77,4,
163	1	5	2.139	1,51,23,67,92,32,36,38,27,66,83,80,41,81,58,43,97,78,5,
163	1	6	2.195	1,51,23,67,92,32,36,38,27,66,71,44,20,43,58,97,78,31,6,
163	1	7	2.344	1,23,67,92,84,99,45,88,36,38,27,66,81,41,26,94,85,7,
163	1	8	2.449	1,51,23,67,92,84,99,88,45,75,28,59,40,22,60,54,87,79,8,
163	1	9	2.518	1,51,23,67,92,84,99,45,75,28,59,40,22,60,54,87,35,62,9,
163	1	10	2.408	1,51,23,67,92,84,99,45,75,59,39,86,37,90,46,57,18,74,30,49,10,
163	1	11	2.252	1,23,67,92,84,99,45,75,59,39,86,37,90,46,57,18,74,30,65,11,
163	1	12	2.199	1,51,23,67,92,84,99,45,75,59,39,86,37,90,16,61,72,12,
163	1	13	2.198	1,51,23,67,92,99,45,75,59,39,86,48,73,91,24,29,42,13,
163	1	14	1.997	1,51,23,67,92,84,99,45,75,48,73,91,24,29,14,
163	1	15	1.885	1,51,23,67,92,32,88,45,75,99,84,55,98,21,93,15,
163	2	3	2.082	2,19,32,92,84,99,75,45,88,36,38,27,71,33,25,3,
163	2	4	2.075	2,19,36,38,27,66,83,80,41,81,26,58,43,20,52,4,
163	2	5	2.053	2,19,36,38,27,66,83,80,41,81,26,58,43,97,78,5,
163	2	6	2.379	2,51,23,67,92,32,36,38,27,66,71,44,58,43,97,78,31,6,
163	2	7	2.527	2,19,32,92,84,99,75,45,88,36,38,66,81,41,26,94,85,7,
163	2	8	2.585	2,19,36,38,27,66,83,28,59,39,86,37,90,46,60,54,87,79,8,
163	2	9	2.691	2,19,36,38,27,66,88,45,75,86,39,59,28,40,22,54,35,62,9,
163	2	10	2.508	2,19,36,38,27,66,83,28,59,39,86,37,90,46,64,18,74,30,65,49,10,
163	2	11	2.444	2,19,36,38,27,66,88,45,75,59,39,86,37,90,46,57,18,74,30,65,11,
163	2	12	2.381	2,19,36,38,27,66,83,28,59,39,86,37,90,46,57,16,61,72,12,
163	2	13	2.408	2,19,36,38,27,66,88,45,75,59,39,86,48,73,91,24,29,42,13,
163	2	14	2.341	2,19,32,92,84,99,45,75,59,39,86,48,73,95,91,24,29,14,
163	2	15	2.178	2,19,36,38,27,66,88,45,75,99,84,55,98,47,53,93,15,
163	3	4	2	3,25,33,71,36,38,27,66,81,41,26,58,43,20,52,4,
163	3	5	1.978	3,25,33,71,36,38,27,66,81,41,26,58,43,97,78,5,
163	3	6	2.3	3,25,33,71,36,38,27,66,83,80,41,81,58,43,97,78,31,6,
163	3	7	2.537	3,25,33,71,36,38,27,66,81,41,80,40,22,54,87,68,50,7,
163	3	8	2.544	3,25,33,71,66,27,38,36,88,45,75,28,59,40,22,54,87,79,8,
163	3	9	2.671	3,25,33,71,66,27,38,36,88,45,75,28,59,40,22,60,54,35,62,9,
163	3	10	2.47	3,25,33,71,66,27,38,36,88,45,75,86,37,90,46,64,18,74,49,10,
163	3	11	2.445	3,25,33,71,36,38,27,66,83,28,59,39,86,37,90,46,57,18,74,30,65,11,
163	3	12	2.439	3,25,33,71,66,27,38,36,88,45,75,59,39,86,37,90,16,61,72,12,
163	3	13	2.428	3,33,71,66,27,38,36,88,45,75,59,39,86,48,73,91,24,29,42,13,
163	3	14	2.393	3,33,71,66,27,38,36,88,45,75,59,39,86,48,73,91,24,29,14,
163	3	15	2.115	3,25,33,71,66,27,38,36,88,45,75,99,84,55,98,21,93,15,
163	4	5	2.023	4,52,44,71,36,38,27,66,81,41,26,58,43,97,78,5,
163	4	6	2.184	4,52,20,44,71,36,38,27,66,81,41,26,97,78,31,6,
163	4	7	2.244	4,52,20,43,58,81,41,80,40,22,60,54,87,68,50,7,
163	4	8	2.382	4,52,20,43,58,26,81,41,80,40,22,60,54,68,87,35,79,8,
163	4	9	2.589	4,52,20,43,58,81,41,80,83,28,59,39,40,22,54,87,35,62,9,
163	4	10	2.469	4,52,20,43,58,81,41,83,28,59,39,86,37,90,46,64,18,74,30,49,10,
163	4	11	2.504	4,52,20,43,58,26,81,41,80,83,28,59,39,86,37,90,46,57,18,74,30,65,11,
163	4	12	2.482	4,52,20,43,58,81,41,80,83,28,59,39,86,37,90,46,57,16,61,72,12,
163	4	13	2.468	4,52,20,43,58,26,81,41,80,83,28,59,39,86,48,73,91,24,29,42,13,
163	4	14	2.424	4,52,20,43,58,26,41,81,66,27,38,36,88,45,99,84,55,98,47,14,
163	4	15	2.224	4,52,20,44,71,66,27,38,36,88,45,75,99,84,55,98,21,93,15,
163	5	6	2.27	5,78,97,43,20,44,71,36,38,27,66,81,41,26,94,6,
163	5	7	2.149	5,78,97,43,58,81,41,80,40,22,54,87,68,50,7,
163	5	8	2.155	5,78,97,43,58,26,81,41,80,40,54,87,35,79,8,
163	5	9	2.517	5,78,97,58,43,20,44,81,41,80,40,22,60,54,87,35,82,62,9,
163	5	10	2.348	5,78,97,43,58,81,41,83,28,59,39,86,37,90,57,18,74,49,10,
163	5	11	2.388	5,78,97,43,58,81,41,80,83,28,59,39,86,37,90,46,57,18,74,30,65,11,
163	5	12	2.469	5,78,97,43,58,26,41,81,83,28,59,39,86,37,90,46,57,16,61,72,12,
163	5	13	2.482	5,78,97,43,58,26,81,41,80,83,28,59,39,86,48,73,95,91,24,29,42,13,
163	5	14	2.37	5,78,97,58,43,20,44,71,66,27,38,36,88,45,99,84,55,98,47,14,
163	5	15	2.323	5,78,97,43,58,26,41,81,66,27,38,36,88,45,99,84,55,98,21,15,
163	6	7	2.287	6,31,78,97,43,58,81,41,80,40,22,54,68,50,7,
163	6	8	2.204	6,31,78,97,43,58,81,41,80,40,22,54,87,79,8,
163	6	9	2.345	6,31,78,97,43,58,81,41,80,40,22,54,87,35,62,9,
163	6	10	2.429	6,31,78,97,43,58,81,41,80,40,22,60,64,18,74,30,49,10,
163	6	11	2.398	6,31,78,97,58,81,41,83,28,59,39,37,90,57,18,74,30,65,11,
163	6	12	2.429	6,31,78,97,43,58,81,41,83,28,59,39,86,37,90,16,61,72,12,
163	6	13	2.481	6,31,78,97,43,58,81,41,80,83,28,59,39,86,48,73,91,95,42,13,
163	6	14	2.478	6,31,78,97,43,58,81,41,80,83,28,59,39,86,48,73,24,29,14,
163	6	15	2.427	6,31,78,97,58,43,20,44,71,27,38,36,88,45,99,84,55,98,21,15,
163	7	8	2.47	7,85,94,26,81,41,80,40,22,54,68,50,87,35,79,8,
163	7	9	2.587	7,50,68,87,54,60,46,57,16,61,72,18,74,30,49,76,9,
163	7	10	2.453	7,50,68,87,54,60,64,46,57,16,61,72,18,74,30,65,49,10,
163	7	11	2.39	7,50,68,87,54,22,40,39,86,37,90,46,57,18,74,30,65,11,
163	7	12	2.611	7,50,68,87,54,22,40,28,59,39,86,37,90,46,57,16,61,72,12,
163	7	13	2.612	7,50,68,87,54,60,22,40,28,59,39,86,48,73,95,91,24,29,42,13,
163	7	14	2.65	7,85,94,26,41,81,66,27,38,36,88,45,75,99,84,55,98,47,53,14,
163	7	15	2.498	7,85,94,26,41,81,66,27,38,36,88,45,75,99,84,55,98,21,93,15,
163	8	9	2.405	8,79,35,87,50,68,54,60,64,69,18,74,30,49,76,9,
163	8	10	2.322	8,79,35,87,50,68,54,60,46,57,64,69,18,74,30,49,10,
163	8	11	2.249	8,79,50,68,87,54,60,64,46,57,16,61,72,74,30,65,11,
163	8	12	2.382	8,79,35,87,54,22,40,28,59,39,86,37,90,16,61,72,12,
163	8	13	2.47	8,79,35,87,54,22,40,28,59,39,86,48,73,95,91,24,29,42,13,
163	8	14	2.631	8,79,35,54,22,40,28,59,39,86,75,45,88,99,84,55,98,47,14,
163	8	15	2.533	8,79,87,54,22,40,28,59,39,86,75,45,99,84,55,98,21,93,15,
163	9	10	2.208	9,62,35,87,50,68,54,60,64,69,18,74,30,65,49,10,
163	9	11	2.18	9,62,35,87,50,68,54,60,46,64,69,18,74,30,65,11,
163	9	12	2.27	9,62,82,35,87,54,60,46,57,16,61,72,96,63,89,12,
163	9	13	2.494	9,62,35,87,54,22,40,28,59,39,86,48,73,91,24,29,42,13,
163	9	14	2.573	9,62,35,87,68,54,60,22,40,59,39,86,48,73,91,24,29,14,
163	9	15	2.587	9,62,35,54,22,40,28,59,39,86,75,45,99,84,55,98,21,93,15,
163	10	11	2.194	10,49,65,30,74,18,69,64,57,46,90,70,16,61,72,11,
163	10	12	2.092	10,49,65,30,74,18,69,64,46,57,16,61,72,96,63,89,12,
163	10	13	1.999	10,49,65,30,74,18,72,61,16,70,73,91,95,24,29,42,13,
163	10	14	2.386	10,49,30,74,18,57,46,90,37,39,86,48,70,73,95,91,24,29,14,
163	10	15	2.38	10,49,74,18,64,46,90,37,86,39,59,75,45,99,84,55,98,21,15,
163	11	12	2.077	11,65,30,74,18,69,64,46,90,70,16,61,96,63,89,12,
163	11	13	1.933	11,65,30,74,18,64,46,57,16,70,73,95,91,24,29,42,13,
163	11	14	2.02	11,65,30,74,18,69,64,57,46,90,70,73,91,24,29,14,
163	11	15	2.244	11,65,30,74,18,64,57,46,90,37,86,75,45,99,84,55,98,21,15,
163	12	13	2.088	12,72,61,16,57,46,90,37,86,48,73,91,24,29,42,13,
163	12	14	2.09	12,89,63,96,61,16,57,46,90,70,73,95,91,24,29,14,
163	12	15	2.252	12,72,61,16,90,37,86,39,59,75,45,99,84,55,98,21,93,15,
163	13	14	2.148	13,42,29,24,73,48,86,75,45,99,84,55,98,47,14,
163	13	15	2.074	13,42,29,24,91,95,73,48,75,45,99,84,55,98,21,15,
163	14	15	2.086	14,29,24,91,95,73,48,75,45,99,84,55,98,21,93,15,
