370	0	1	2.135	0,43,90,37,47,50,66,69,49,91,55,62,67,51,1,
370	0	2	2.012	0,43,90,68,37,47,50,66,69,49,91,67,62,40,2,
370	0	3	1.933	0,43,68,90,50,66,69,49,91,67,62,75,96,79,3,
370	0	4	2.346	0,43,92,82,91,49,55,34,84,31,19,36,73,22,32,41,42,71,4,
370	0	5	2.2	0,43,92,82,49,91,67,62,75,96,79,63,41,42,71,70,86,5,
370	0	6	2.43	0,43,92,82,91,49,55,34,84,31,19,36,22,73,87,83,35,72,60,6,
370	0	7	2.425	0,43,92,82,91,49,55,34,84,31,19,36,22,73,87,83,35,72,60,7,
370	0	8	2.665	0,43,92,82,91,49,55,34,84,31,19,36,22,73,87,35,72,60,89,8,
370	0	9	2.538	0,43,90,37,47,50,66,69,53,85,65,18,95,26,97,20,81,38,48,9,
370	0	10	2.511	0,43,90,50,66,53,85,65,18,95,26,97,20,81,38,56,77,23,10,
370	0	11	2.462	0,43,68,90,50,37,47,59,29,85,65,18,95,46,21,26,88,74,93,27,11,
370	0	12	2.351	0,43,90,50,37,47,59,29,85,65,18,46,21,26,88,74,93,30,58,12,
370	0	13	2.306	0,43,92,82,91,49,69,66,50,90,37,33,47,59,45,80,61,13,
370	0	14	1.939	0,92,82,91,49,69,66,50,90,68,37,47,45,80,61,14,
370	0	15	1.942	0,43,92,82,91,49,69,66,50,90,68,37,47,45,33,15,
370	1	2	2.331	1,92,43,90,37,47,50,66,69,49,91,67,62,40,2,
370	1	3	2.14	1,82,91,49,55,67,62,75,96,79,63,42,71,17,3,
370	1	4	2.294	1,92,82,91,49,55,67,62,75,96,79,17,63,42,71,70,4,
370	1	5	2.331	1,51,67,62,34,28,84,31,19,36,22,32,41,42,71,70,86,5,
370	1	6	2.412	1,82,91,49,55,76,31,84,34,28,19,36,22,73,87,83,35,72,6,
370	1	7	2.522	1,51,67,62,75,96,79,63,42,71,41,32,22,87,83,35,72,60,7,
370	1	8	2.762	1,51,67,62,75,96,79,63,42,71,41,32,87,83,35,72,25,94,57,8,
370	1	9	2.732	1,82,91,49,69,66,53,85,65,18,95,46,21,26,97,20,81,38,48,9,
370	1	10	2.667	1,82,91,49,69,53,85,65,18,95,26,97,20,81,38,56,77,23,10,
370	1	11	2.656	1,92,82,91,49,69,66,53,85,65,18,95,46,21,26,88,74,93,27,11,
370	1	12	2.413	1,82,91,49,69,66,50,90,37,47,45,80,61,39,52,30,58,12,
370	1	13	2.402	1,92,82,91,49,69,66,50,90,68,37,47,33,45,59,80,61,13,
370	1	14	2.327	1,92,82,91,49,69,66,50,90,68,37,47,33,45,59,80,61,14,
370	1	15	2.07	1,92,82,91,49,69,66,50,90,68,37,47,59,45,33,15,
370	2	3	2.088	2,40,67,62,75,96,79,63,42,41,32,70,71,17,3,
370	2	4	1.988	2,40,62,34,84,31,19,36,73,22,32,41,42,71,4,
370	2	5	1.839	2,40,67,62,75,96,79,63,41,42,71,70,44,86,5,
370	2	6	2.324	2,40,75,96,79,63,42,71,41,32,22,73,87,83,35,72,25,60,6,
370	2	7	2.477	2,40,67,62,75,96,79,63,42,71,41,32,22,73,87,83,35,72,60,7,
370	2	8	2.681	2,40,75,96,79,63,42,71,41,32,22,73,87,83,35,72,60,25,94,57,8,
370	2	9	2.693	2,40,75,96,79,63,42,71,70,44,83,87,35,72,25,94,57,81,38,48,9,
370	2	10	2.72	2,40,75,96,79,63,41,32,22,19,36,98,20,81,38,56,77,23,10,
370	2	11	2.596	2,40,67,62,34,84,31,19,36,78,54,16,21,46,18,95,88,74,93,27,11,
370	2	12	2.447	2,40,67,62,34,84,31,99,54,16,21,46,18,95,88,74,93,30,58,12,
370	2	13	2.41	2,40,62,67,55,91,49,69,66,50,90,37,47,33,45,80,61,13,
370	2	14	2.271	2,40,62,67,91,49,69,66,50,90,68,37,47,33,45,80,61,14,
370	2	15	1.988	2,40,62,67,55,91,49,69,66,50,90,37,47,33,15,
370	3	4	1.857	3,79,96,75,34,84,31,19,36,22,32,41,42,71,4,
370	3	5	1.867	3,79,96,63,28,19,36,22,32,41,71,70,86,5,
370	3	6	1.877	3,79,96,63,41,42,71,70,44,83,87,35,72,60,6,
370	3	7	2.293	3,17,42,41,32,28,34,84,31,19,36,22,73,87,83,35,72,60,7,
370	3	8	2.593	3,17,42,41,32,28,34,84,31,19,36,22,73,87,83,35,72,60,89,8,
370	3	9	2.621	3,79,96,63,42,71,41,32,22,19,36,78,98,20,81,38,56,77,9,
370	3	10	2.652	3,79,96,63,42,41,32,22,19,36,78,98,20,81,38,56,77,23,10,
370	3	11	2.553	3,79,96,75,34,28,19,36,78,54,16,21,46,18,95,26,88,74,93,27,11,
370	3	12	2.417	3,79,96,75,34,84,31,99,54,16,21,46,18,95,26,88,74,93,30,58,12,
370	3	13	2.442	3,79,96,75,62,67,91,49,69,66,50,90,68,37,47,33,45,80,61,13,
370	3	14	2.324	3,79,96,75,62,67,55,91,49,69,66,50,90,37,47,45,80,61,14,
370	3	15	2.156	3,79,96,75,62,67,55,91,49,69,66,50,90,68,37,47,33,15,
370	4	5	1.803	4,71,42,41,28,84,31,19,36,22,32,70,86,5,
370	4	6	1.764	4,71,42,41,32,28,19,36,22,87,83,35,72,6,
370	4	7	2.006	4,71,42,41,28,84,31,19,36,22,73,87,83,35,72,60,7,
370	4	8	2.287	4,71,42,41,32,22,19,36,73,87,83,35,72,60,25,94,57,8,
370	4	9	2.328	4,71,42,41,32,28,34,84,31,19,36,78,98,20,81,38,48,9,
370	4	10	2.512	4,71,42,41,32,22,73,87,83,35,72,25,94,57,81,38,56,77,23,10,
370	4	11	2.393	4,71,42,41,32,22,19,36,78,99,16,21,46,18,95,88,74,93,27,11,
370	4	12	2.515	4,71,42,41,32,22,19,36,78,99,54,16,21,46,95,26,88,74,93,30,58,12,
370	4	13	2.473	4,71,42,41,32,22,19,36,78,54,16,21,46,18,65,85,29,80,61,13,
370	4	14	2.398	4,71,42,41,32,22,19,36,78,54,16,21,46,18,65,85,29,80,61,14,
370	4	15	2.383	4,71,42,41,28,19,36,78,54,16,21,46,18,65,85,29,59,47,37,68,15,
370	5	6	1.671	5,86,70,71,42,41,32,22,73,87,83,35,72,60,6,
370	5	7	1.666	5,86,70,71,42,41,32,22,73,87,83,35,72,60,7,
370	5	8	2.042	5,86,70,71,42,41,32,22,73,87,83,35,72,25,94,57,8,
370	5	9	2.207	5,86,70,71,42,41,32,87,83,35,72,25,94,57,81,38,48,9,
370	5	10	2.402	5,86,70,71,42,41,32,28,19,36,98,20,81,38,56,77,23,10,
370	5	11	2.296	5,86,70,32,22,19,36,78,54,16,21,46,18,95,88,74,93,27,11,
370	5	12	2.399	5,86,70,71,42,41,32,22,19,36,78,54,16,21,26,88,74,93,30,58,12,
370	5	13	2.447	5,86,70,71,42,41,32,22,19,36,78,54,16,21,46,85,65,39,13,
370	5	14	2.329	5,86,70,71,42,63,96,75,62,67,91,49,69,66,50,37,33,14,
370	5	15	2.209	5,86,70,71,42,63,79,96,75,62,67,91,49,69,66,50,90,68,15,
370	6	7	2.056	6,5,86,70,71,42,41,32,22,73,87,83,35,72,60,7,
370	6	8	2.255	6,72,35,83,87,73,22,19,36,78,98,20,81,38,48,8,
370	6	9	2.253	6,72,35,83,87,73,22,19,36,78,98,20,81,38,56,77,9,
370	6	10	2.38	6,72,35,83,87,73,22,19,36,78,98,20,81,38,56,77,23,10,
370	6	11	2.216	6,83,35,87,73,22,19,36,78,54,16,21,26,88,74,93,27,11,
370	6	12	2.258	6,83,35,87,73,22,19,36,78,54,16,21,26,88,74,93,30,58,12,
370	6	13	2.36	6,72,35,83,87,22,19,36,78,54,16,21,46,18,85,65,39,13,
370	6	14	2.44	6,72,35,83,87,73,22,19,36,78,54,16,21,46,18,65,85,29,59,45,14,
370	6	15	2.403	6,83,87,73,22,19,36,78,54,16,21,46,18,65,85,29,59,47,37,90,68,15,
370	7	8	2.341	7,60,72,35,83,87,22,19,36,78,98,20,81,38,48,8,
370	7	9	2.183	7,60,72,35,83,87,73,22,19,36,78,98,20,81,38,9,
370	7	10	2.435	7,60,72,35,87,73,22,19,36,78,98,20,81,38,56,77,23,10,
370	7	11	2.333	7,60,72,35,87,73,22,19,36,78,54,16,21,26,88,74,93,27,11,
370	7	12	2.346	7,60,72,35,87,22,19,36,78,54,16,21,26,88,74,93,30,58,12,
370	7	13	2.415	7,60,72,35,87,22,19,36,78,54,16,21,46,18,85,65,39,13,
370	7	14	2.397	7,60,72,35,87,73,36,78,54,16,21,46,18,65,85,29,80,61,14,
370	7	15	2.444	7,60,72,35,87,73,36,78,54,16,21,46,18,65,85,53,66,50,90,68,15,
370	8	9	2.43	8,89,60,72,35,83,87,73,22,19,36,98,20,81,38,48,9,
370	8	10	2.377	8,89,60,72,35,83,87,25,94,57,81,48,38,56,77,23,10,
370	8	11	2.387	8,48,38,81,20,97,21,46,85,65,18,95,88,74,93,27,11,
370	8	12	2.594	8,89,60,72,35,87,22,36,78,54,16,21,26,88,74,93,30,58,12,
370	8	13	2.615	8,48,38,81,20,97,26,21,46,95,18,65,85,29,59,45,80,61,13,
370	8	14	2.513	8,48,38,81,20,97,26,21,46,95,18,65,85,29,59,47,37,33,14,
370	8	15	2.717	8,89,60,72,35,87,73,36,78,54,16,21,46,18,65,85,29,59,47,37,68,15,
370	9	10	2.423	9,48,38,81,20,98,54,16,21,46,18,95,26,97,24,23,10,
370	9	11	2.24	9,48,38,81,20,97,21,46,85,65,18,95,88,74,93,27,11,
370	9	12	2.149	9,48,38,81,20,97,26,21,46,18,95,88,74,93,30,58,12,
370	9	13	2.468	9,48,38,81,20,97,26,21,46,95,18,65,85,29,59,45,80,61,13,
370	9	14	2.366	9,48,38,81,20,97,26,21,46,95,18,65,85,29,59,47,37,33,14,
370	9	15	2.373	9,77,56,38,81,20,97,26,95,18,65,85,29,59,47,37,50,90,68,15,
370	10	11	2.303	10,23,77,56,38,81,20,97,21,46,18,95,88,74,93,27,11,
370	10	12	2.276	10,23,77,56,38,48,81,20,97,26,95,88,74,93,30,58,12,
370	10	13	2.484	10,23,77,56,20,97,26,21,46,95,18,65,85,29,80,61,13,
370	10	14	2.367	10,23,24,88,26,95,18,65,85,53,66,50,90,37,47,33,14,
370	10	15	2.369	10,23,77,56,38,81,20,97,26,95,18,65,85,53,66,50,90,68,15,
370	11	12	2.327	11,27,93,74,88,26,95,18,46,21,16,64,85,65,39,52,12,
370	11	13	2.283	11,27,93,74,88,26,21,46,95,18,65,85,29,59,45,80,61,13,
370	11	14	2.159	11,27,93,74,88,95,18,65,85,53,69,66,50,47,37,33,14,
370	11	15	2.241	11,27,93,74,88,26,21,46,95,18,65,85,29,59,47,37,50,90,68,15,
370	12	13	2.127	12,58,30,93,74,88,26,95,18,65,85,29,59,45,80,61,13,
370	12	14	2.025	12,58,30,93,74,88,26,95,18,65,85,29,59,47,37,33,14,
370	12	15	1.927	12,58,30,93,74,88,26,95,18,65,85,29,59,47,37,68,15,
370	13	14	2.347	13,39,29,65,85,53,69,66,50,90,37,47,45,80,61,14,
370	13	15	2.171	13,61,80,45,33,37,47,59,29,65,85,53,66,50,90,68,15,
370	14	15	2.091	14,33,37,47,59,29,65,18,85,53,69,66,50,90,68,15,
