278	0	2	2.109	0,73,90,70,19,85,99,17,27,26,52,45,96,46,72,2,
278	0	3	2.141	0,73,90,70,19,85,99,26,52,45,96,46,67,49,56,3,
278	0	1	2.065	0,73,90,70,19,85,99,17,27,26,52,45,40,68,58,1,
278	0	8	2.477	0,73,90,19,85,99,27,61,21,48,84,94,60,35,86,30,87,37,69,42,8,
278	0	9	2.375	0,70,19,85,99,27,61,21,48,84,94,60,35,86,30,87,37,69,95,9,
278	0	7	2.557	0,73,90,19,85,99,17,27,61,21,48,84,94,60,65,71,41,16,7,
278	0	6	2.533	0,73,90,19,85,99,27,61,21,48,84,94,60,65,71,41,16,88,6,
278	0	5	2.5	0,73,90,70,19,85,99,17,27,26,52,57,50,63,31,25,89,79,59,5,
278	0	4	2.492	0,73,90,70,19,85,99,27,26,52,57,50,63,31,25,89,79,59,4,
278	0	11	2.592	0,73,90,70,19,85,99,17,27,91,22,54,53,74,80,97,62,36,78,32,11,
278	0	10	2.499	0,73,90,70,19,85,99,17,27,91,22,54,53,74,80,97,62,36,78,34,10,
278	0	13	1.758	0,73,90,70,19,85,99,17,27,91,22,54,53,74,93,13,
278	0	14	1.877	0,73,90,70,19,85,99,17,91,22,54,53,74,93,66,14,
278	1	2	2.288	1,58,68,40,45,57,50,31,63,77,96,29,51,67,49,72,2,
278	1	3	2.167	1,58,68,40,46,96,45,57,50,63,31,77,29,67,49,56,3,
278	0	15	2.029	0,73,90,70,19,85,99,27,91,22,54,93,66,28,15,
278	1	8	2.363	1,58,68,40,96,77,63,50,57,44,84,94,60,35,86,30,87,37,69,42,8,
278	1	5	2.46	1,58,68,40,45,77,31,63,50,57,44,84,94,60,20,39,81,92,5,
278	0	12	2.502	0,73,90,70,19,85,99,17,27,26,52,21,61,22,91,54,53,74,33,12,
278	1	4	2.206	1,58,68,40,46,96,45,77,57,50,63,31,25,89,79,59,4,
278	1	6	2.478	1,58,68,40,96,77,31,63,50,57,44,84,94,60,65,71,41,16,88,6,
278	1	7	2.576	1,58,68,40,96,77,50,57,44,84,94,60,35,86,30,87,37,69,55,7,
278	1	14	2.109	1,58,73,90,70,19,85,99,27,91,22,54,93,66,14,
278	2	3	2.276	2,72,49,67,46,40,45,96,77,57,50,63,31,38,51,43,3,
278	1	15	2.118	1,58,68,40,46,96,45,52,26,27,17,99,85,19,70,15,
278	1	13	2.412	1,58,68,40,46,96,45,75,19,85,99,27,91,22,54,53,74,93,13,
278	1	9	2.382	1,58,68,40,45,77,31,63,50,57,44,84,94,60,35,86,30,87,37,69,95,9,
278	1	11	2.615	1,58,68,40,45,77,57,44,84,94,60,35,86,30,87,37,76,36,78,32,11,
278	2	4	2.238	2,72,49,67,46,96,45,77,57,50,63,31,25,89,79,59,4,
278	2	5	2.418	2,72,49,67,29,77,63,50,57,44,84,94,60,20,39,81,92,5,
278	2	6	2.427	2,72,67,29,77,31,63,50,57,44,84,94,60,65,71,41,16,88,6,
278	1	12	2.705	1,58,68,40,45,96,77,31,63,50,57,52,26,27,17,91,22,54,53,74,33,12,
278	1	10	2.564	1,58,68,40,45,77,50,63,31,84,94,60,35,86,30,87,37,76,36,78,34,10,
278	2	8	2.371	2,72,67,29,77,31,63,50,57,44,84,94,60,35,86,30,87,37,69,42,8,
278	2	11	2.564	2,72,67,29,77,57,44,84,94,60,35,86,30,87,37,76,36,78,32,11,
278	2	9	2.34	2,72,49,67,29,77,63,50,57,44,84,94,60,35,86,30,87,37,69,95,9,
278	3	5	2.331	3,56,49,67,46,40,45,96,77,57,50,63,31,25,89,79,59,5,
278	2	15	2.287	2,72,49,67,46,96,45,52,26,27,91,17,99,85,19,70,15,
278	2	14	2.353	2,72,49,67,29,77,31,63,50,57,52,26,27,91,22,54,66,14,
278	3	4	2.18	3,56,49,72,98,68,40,46,67,51,38,25,89,59,79,64,4,
278	2	12	2.592	2,72,49,67,46,40,68,90,70,19,85,99,17,91,22,54,53,74,33,12,
278	2	13	2.536	2,72,49,67,29,77,31,63,50,57,44,21,61,22,91,54,53,74,93,13,
278	2	7	2.535	2,72,49,67,29,77,57,44,84,94,60,35,86,30,87,37,69,55,7,
278	2	10	2.533	2,72,67,29,77,63,50,57,44,84,94,60,35,86,30,87,37,76,36,34,10,
278	3	8	2.212	3,43,51,29,77,50,63,31,84,94,60,35,86,30,87,37,69,42,8,
278	3	9	2.253	3,56,49,67,29,77,50,63,31,84,94,60,35,86,30,87,37,69,95,9,
278	4	5	2.317	4,64,25,31,63,50,57,44,84,94,60,20,39,81,92,5,
278	3	11	2.589	3,43,51,29,77,50,63,31,84,94,60,35,86,30,87,37,76,36,78,32,11,
278	3	6	2.349	3,56,49,67,29,77,50,63,31,84,94,60,65,71,41,16,88,6,
278	3	7	2.393	3,56,49,67,29,77,63,50,57,44,84,94,60,65,71,41,16,7,
278	3	12	2.64	3,56,49,67,46,40,68,90,70,19,85,99,27,91,22,54,53,74,33,12,
278	3	15	2.485	3,56,49,67,29,77,31,63,50,57,44,21,61,27,99,85,19,70,15,
278	3	14	2.589	3,56,49,67,46,96,77,31,63,50,57,44,21,61,27,91,22,54,66,14,
278	3	13	2.722	3,43,38,51,29,77,31,63,50,57,44,84,94,48,21,61,27,91,22,54,93,13,
278	3	10	2.501	3,43,38,51,29,77,50,57,44,84,94,60,35,86,30,87,37,76,36,34,10,
278	4	8	2.279	4,64,25,31,63,50,57,44,84,94,60,35,86,30,87,37,69,42,8,
278	4	9	2.299	4,64,38,51,29,77,50,63,31,84,94,60,35,86,30,87,37,69,95,9,
278	4	6	2.335	4,64,25,31,63,50,57,44,84,94,60,65,71,41,16,88,6,
278	5	6	2.3	5,59,79,89,25,31,63,50,57,44,84,94,20,39,88,6,
278	4	11	2.653	4,64,25,31,50,57,44,84,94,60,35,86,30,87,37,76,36,78,32,11,
278	4	7	2.465	4,79,89,25,31,63,50,57,44,84,94,60,35,65,71,41,16,7,
278	4	12	2.726	4,59,79,89,25,31,63,50,57,44,21,61,27,17,91,22,54,53,74,33,12,
278	4	15	2.534	4,79,59,89,25,31,63,50,57,44,21,61,22,91,27,99,85,19,15,
278	4	14	2.653	4,79,59,89,25,31,63,50,57,44,21,61,22,91,17,99,85,19,28,14,
278	4	13	2.709	4,59,79,89,25,31,63,50,57,44,21,61,27,17,91,22,54,53,74,93,13,
278	4	10	2.498	4,64,38,51,29,77,50,63,31,84,94,60,35,86,30,87,37,76,34,10,
278	5	8	2.026	5,92,81,39,41,71,65,35,86,30,83,87,37,69,42,8,
278	6	8	2.013	6,88,16,41,71,65,35,86,30,83,87,37,69,95,42,8,
278	5	9	2.28	5,59,79,89,25,31,63,50,44,84,94,60,35,86,30,87,37,69,95,9,
278	5	7	2.25	5,92,81,39,41,71,65,35,86,30,87,37,69,42,55,7,
278	6	7	2.235	6,88,16,41,71,65,35,86,30,83,87,37,69,42,55,7,
278	5	11	2.638	5,59,79,89,25,31,63,50,57,44,84,94,60,35,83,76,36,34,32,11,
278	5	12	2.703	5,92,81,39,20,60,94,84,48,21,61,27,17,91,22,54,53,74,33,12,
278	5	13	2.634	5,92,81,39,41,71,65,35,60,94,84,48,21,61,27,91,54,93,13,
278	5	14	2.642	5,92,81,39,41,71,65,86,35,60,94,84,48,21,61,22,91,54,66,14,
278	5	15	2.528	5,59,79,89,25,31,63,50,57,44,21,61,22,91,17,99,85,19,70,15,
278	5	10	2.462	5,92,81,39,71,65,35,86,30,87,37,69,95,23,76,36,78,34,10,
278	7	8	2.089	7,16,41,71,20,94,60,35,86,30,87,37,69,42,8,
278	6	9	2.169	6,88,16,41,71,20,60,65,35,86,30,87,37,69,42,95,9,
278	7	9	2.184	7,16,41,71,20,94,60,35,86,30,87,37,69,42,95,9,
278	6	11	2.552	6,88,16,41,71,65,35,86,30,87,37,69,95,23,76,36,34,32,11,
278	7	11	2.568	7,16,41,71,65,35,86,30,87,37,69,95,23,76,36,34,78,32,11,
278	6	12	2.609	6,88,16,41,71,65,35,60,94,84,48,21,61,22,91,54,53,74,33,12,
278	6	13	2.592	6,88,16,41,71,65,35,60,94,84,48,21,61,22,91,54,53,74,93,13,
278	7	10	2.358	7,16,41,71,65,35,86,30,87,37,69,95,23,76,36,78,34,10,
278	6	10	2.315	6,88,16,41,71,65,35,86,30,87,37,69,23,76,36,78,34,10,
278	6	15	2.575	6,88,16,41,71,65,35,60,94,84,48,21,61,22,91,17,99,85,19,15,
278	6	14	2.609	6,88,16,41,71,65,35,60,94,84,48,21,61,27,17,91,22,54,66,14,
278	8	9	2	8,55,41,71,20,94,60,35,86,30,87,37,69,95,9,
278	8	11	2.287	8,42,69,37,87,30,86,35,60,94,84,48,24,62,36,34,32,11,
278	8	12	2.436	8,42,69,37,87,30,86,35,60,94,84,48,21,61,22,54,53,74,33,12,
278	8	10	2.069	8,42,69,37,87,30,86,35,60,94,84,48,24,62,36,34,10,
278	7	12	2.648	7,16,41,71,65,86,35,60,94,84,48,21,61,22,91,54,53,74,33,12,
278	7	13	2.613	7,16,41,71,65,35,60,94,84,48,21,61,26,27,91,22,54,93,13,
278	8	13	2.255	8,42,69,37,87,30,86,35,60,94,84,48,21,61,22,91,54,93,13,
278	7	15	2.614	7,16,41,71,65,86,35,60,94,84,48,21,61,22,91,17,99,85,19,15,
278	7	14	2.628	7,55,42,69,37,87,30,86,35,60,94,84,48,21,61,22,91,54,66,14,
278	8	14	2.373	8,42,69,37,87,30,86,35,60,94,84,48,21,61,27,91,22,54,66,14,
278	8	15	2.43	8,42,69,37,87,30,86,35,60,94,84,48,21,61,22,91,17,99,85,19,15,
278	10	11	2.201	10,34,76,37,87,30,86,35,60,94,84,48,24,97,47,11,
278	9	11	2.002	9,95,69,37,87,30,86,35,60,94,84,48,24,97,47,11,
278	10	12	2.23	10,34,36,62,97,24,18,21,61,22,91,54,53,74,33,12,
278	10	13	2.319	10,34,36,76,83,35,60,94,84,48,21,61,22,91,54,93,13,
278	9	10	1.904	9,95,42,69,37,87,30,86,65,35,83,76,36,78,34,10,
278	10	14	2.327	10,34,36,76,83,35,60,94,84,48,21,61,22,91,54,66,14,
278	9	12	2.264	9,95,42,69,37,87,30,86,35,60,94,84,48,24,18,80,82,12,
278	9	13	2.208	9,95,69,37,87,30,86,35,60,94,48,21,61,22,91,54,93,13,
278	10	15	2.467	10,34,76,37,87,30,86,35,60,94,84,48,21,61,27,99,85,19,15,
278	9	14	2.301	9,95,69,37,87,30,86,35,60,94,84,48,21,61,27,91,54,66,14,
278	9	15	2.331	9,95,69,37,87,30,86,35,60,94,84,48,21,61,27,17,99,85,19,15,
278	13	14	2.133	13,93,33,74,53,54,22,91,27,17,99,85,19,28,66,14,
278	12	14	2.035	12,33,74,53,93,54,22,91,27,17,99,85,19,28,66,14,
278	11	14	2.204	11,47,80,74,53,54,22,91,27,17,99,85,19,28,66,14,
278	11	13	2.254	11,82,33,74,53,54,22,91,17,99,85,19,28,66,93,13,
278	12	13	2.04	12,33,74,53,54,22,91,27,17,99,85,19,28,66,93,13,
278	11	12	2.312	11,32,47,80,18,61,21,26,27,91,22,54,53,74,33,12,
278	14	15	2.178	14,66,54,22,91,17,27,61,21,26,99,85,19,28,15,
278	12	15	2.116	12,33,74,53,93,54,22,91,17,27,26,99,85,19,70,15,
278	13	15	2.011	13,93,54,91,22,61,21,26,27,17,99,85,19,70,15,
278	11	15	2.462	11,32,34,78,36,62,97,80,74,53,54,22,91,17,99,85,19,70,15,
