469	0	1	2.349	0,82,17,61,80,93,71,68,91,29,30,53,16,77,55,1,
469	0	2	2.105	0,82,17,50,54,61,80,93,71,68,91,29,30,53,2,
469	0	3	2.297	0,82,95,84,88,98,99,79,48,54,61,80,93,71,68,30,29,3,
469	0	4	2.544	0,82,95,84,88,98,99,79,48,50,54,61,80,93,71,68,91,30,29,4,
469	0	5	2.647	0,82,17,80,93,71,68,30,29,91,63,33,23,34,44,90,43,5,
469	0	6	2.556	0,82,17,61,80,93,71,68,30,29,91,63,33,23,34,44,90,43,6,
469	0	7	2.728	0,82,95,79,48,85,49,20,74,25,96,70,46,92,65,32,21,56,52,81,7,
469	0	8	2.691	0,82,79,48,85,49,20,74,25,96,70,46,92,65,32,21,56,37,86,8,
469	0	9	2.55	0,82,95,79,48,85,49,20,74,25,96,70,19,58,28,39,69,62,60,51,9,
469	0	10	2.404	0,82,95,84,88,98,99,79,48,64,49,20,74,25,96,70,19,58,28,62,67,10,
469	0	11	2.377	0,82,95,79,48,85,49,20,74,25,96,70,19,58,28,62,69,39,66,11,
469	0	12	2.639	0,82,95,79,48,85,49,20,74,25,96,70,19,58,28,87,73,72,12,
469	0	13	2.185	0,82,95,84,88,98,99,79,48,85,64,49,20,36,89,94,78,13,
469	0	14	2.29	0,82,95,84,88,98,99,79,48,85,49,20,36,89,26,35,14,
469	0	15	2.301	0,82,95,79,48,85,49,20,36,89,35,26,99,84,88,98,15,
469	1	2	2.495	1,0,82,17,50,54,61,80,93,71,68,91,29,30,53,2,
469	1	3	2.75	1,0,82,95,84,88,98,99,79,48,54,61,80,93,71,68,91,30,29,3,
469	1	4	2.801	1,77,16,53,93,71,68,30,29,91,63,33,23,34,44,90,43,5,4,
469	1	5	2.412	1,77,16,53,93,71,68,30,29,91,63,33,23,34,44,90,43,5,
469	1	6	2.399	1,77,16,53,93,71,68,30,29,91,63,33,42,27,76,22,90,43,6,
469	1	7	2.517	1,77,16,53,93,71,68,30,29,91,63,23,33,42,27,76,22,52,81,7,
469	1	8	2.497	1,55,80,93,71,68,30,29,91,63,33,42,27,56,21,32,65,86,8,
469	1	9	2.778	1,55,80,93,71,68,30,29,91,63,33,42,27,56,21,32,65,92,38,9,
469	1	10	2.644	1,97,17,82,95,84,88,98,99,85,64,49,20,74,25,96,70,19,58,28,62,69,67,10,
469	1	11	2.617	1,97,17,82,79,48,85,49,20,74,25,96,70,19,58,28,62,69,39,66,11,
469	1	12	2.765	1,97,17,82,95,84,88,98,99,79,48,85,64,49,20,36,26,35,89,94,12,
469	1	13	2.477	1,97,17,82,95,84,88,98,99,79,48,85,64,49,20,36,89,94,78,13,
469	1	14	2.553	1,77,16,53,30,29,91,68,71,93,80,17,82,95,84,88,98,14,
469	1	15	2.254	1,77,16,53,30,68,71,93,80,17,82,95,84,88,98,15,
469	2	3	2.475	2,16,53,80,93,71,68,30,29,91,63,33,23,34,4,3,
469	2	4	2.085	2,16,53,80,93,71,68,30,29,91,63,33,23,34,4,
469	2	5	1.908	2,16,53,80,93,71,68,30,29,91,63,33,23,34,5,
469	2	6	2.283	2,16,53,93,71,68,30,29,91,63,23,33,42,27,76,22,90,43,6,
469	2	7	2.357	2,53,93,71,68,30,29,91,63,23,33,42,27,56,21,32,65,37,7,
469	2	8	2.457	2,53,93,71,68,30,29,91,63,23,33,42,27,56,21,32,65,37,86,8,
469	2	9	2.488	2,53,93,71,68,30,29,91,63,33,42,27,56,21,32,92,38,9,
469	2	10	2.487	2,53,30,29,91,68,71,93,45,24,59,96,70,19,58,28,62,69,67,10,
469	2	11	2.556	2,53,93,71,68,45,24,59,18,96,70,19,58,28,62,69,39,66,11,
469	2	12	2.74	2,16,53,30,29,91,68,71,93,80,61,54,64,49,20,36,89,94,12,
469	2	13	2.638	2,16,53,30,29,91,68,71,93,80,61,54,64,49,20,36,89,78,13,
469	2	14	2.536	2,16,53,30,29,91,68,71,93,80,61,54,50,82,95,84,88,98,14,
469	2	15	2.202	2,53,30,29,91,68,71,93,80,61,54,50,82,95,84,88,98,15,
469	3	4	2.324	3,29,30,91,63,23,33,42,27,76,22,90,43,44,34,4,
469	3	5	1.992	3,29,30,93,71,68,91,63,33,23,34,44,90,43,5,
469	3	6	1.77	3,29,30,93,71,68,91,63,33,23,34,44,90,43,6,
469	3	7	2.217	3,29,30,91,63,33,23,34,44,43,90,22,76,56,21,32,65,37,7,
469	3	8	2.405	3,29,30,93,71,68,91,63,23,33,42,27,41,21,56,32,65,86,8,
469	3	9	2.517	3,29,30,91,68,71,93,45,24,59,96,70,19,58,28,62,69,67,9,
469	3	10	2.327	3,29,30,91,68,71,93,45,24,59,18,96,70,19,58,28,62,69,67,10,
469	3	11	2.426	3,29,30,68,71,93,45,24,59,96,70,19,58,28,62,69,39,66,11,
469	3	12	2.535	3,29,30,91,68,71,93,80,61,54,50,48,64,49,20,36,47,57,12,
469	3	13	2.532	3,29,30,91,68,71,93,80,61,54,64,49,20,36,89,26,35,78,13,
469	3	14	2.533	3,29,30,91,68,71,93,80,53,16,77,55,17,82,95,84,88,98,14,
469	3	15	2.15	3,29,30,91,68,71,93,53,16,77,55,17,82,95,84,88,98,15,
469	4	5	2.112	4,29,30,93,71,68,91,63,33,23,34,44,90,43,5,
469	4	6	1.89	4,29,30,93,71,68,91,63,33,23,34,44,90,43,6,
469	4	7	2.205	4,29,30,91,63,33,42,27,41,21,32,56,76,22,52,81,7,
469	4	8	2.308	4,29,30,91,63,23,44,43,90,22,76,56,21,32,65,92,86,8,
469	4	9	2.49	4,34,23,33,42,27,56,21,32,65,92,46,31,58,28,60,51,9,
469	4	10	2.311	4,34,23,33,42,27,41,83,18,96,70,19,58,28,39,62,69,67,10,
469	4	11	2.476	4,34,23,33,42,27,41,83,18,96,70,19,58,28,62,69,39,66,11,
469	4	12	2.558	4,29,30,91,68,71,93,45,24,59,25,74,20,36,89,94,12,
469	4	13	2.764	4,29,30,91,68,71,93,80,61,54,50,79,48,85,64,49,20,36,89,78,13,
469	4	14	2.711	4,29,30,91,68,71,93,80,53,16,77,55,97,17,82,95,84,88,98,14,
469	4	15	2.746	4,29,30,68,71,93,45,24,59,25,74,20,49,85,48,79,84,88,98,15,
469	5	6	1.717	5,34,23,33,42,27,41,21,32,56,76,22,90,43,6,
469	5	7	1.74	5,34,23,33,42,27,41,21,32,56,76,22,52,81,7,
469	5	8	1.891	5,34,23,44,43,90,22,76,27,41,21,32,65,86,8,
469	5	9	2.221	5,43,90,22,76,56,21,32,65,92,46,31,19,58,28,60,51,9,
469	5	10	2.156	5,34,23,33,42,27,56,21,32,65,92,46,31,58,28,62,69,67,10,
469	5	11	2.323	5,43,90,22,76,56,21,32,65,92,46,70,19,58,28,62,69,39,66,11,
469	5	12	2.566	5,43,90,22,56,21,32,65,92,46,31,60,62,69,39,66,73,72,12,
469	5	13	2.628	5,43,90,22,56,21,32,65,92,46,70,96,40,25,74,20,36,89,78,13,
469	5	14	2.611	5,34,23,33,42,27,41,83,75,24,59,25,74,20,36,26,35,14,
469	5	15	2.405	5,34,23,33,63,91,29,30,68,71,93,80,17,82,95,84,88,98,15,
469	6	7	1.754	6,43,90,44,34,23,33,42,27,41,32,21,56,37,7,
469	6	8	1.743	6,43,90,44,34,23,33,42,27,41,21,32,65,86,8,
469	6	9	1.919	6,43,90,22,56,21,32,65,92,46,31,58,28,60,51,9,
469	6	10	1.635	6,43,90,22,56,21,32,65,92,46,31,60,62,69,67,10,
469	6	11	2.042	6,43,90,22,76,56,21,32,65,92,46,31,58,28,62,69,39,66,11,
469	6	12	2.404	6,43,90,22,76,56,21,32,65,92,46,31,58,28,62,69,39,73,72,12,
469	6	13	2.297	6,43,90,22,56,21,32,65,92,46,70,96,25,74,20,36,89,78,13,
469	6	14	2.472	6,43,90,22,76,56,21,32,92,46,70,96,25,74,20,36,26,35,14,
469	6	15	2.481	6,43,90,44,23,63,91,29,30,68,71,93,80,17,82,95,84,88,98,15,
469	7	8	1.711	7,81,52,22,76,27,41,21,56,32,92,65,37,86,8,
469	7	9	1.952	7,37,56,21,32,65,92,46,31,19,58,28,62,69,67,9,
469	7	10	1.663	7,37,56,21,32,65,92,46,31,19,58,28,62,69,67,10,
469	7	11	2.028	7,81,56,21,32,65,92,46,31,19,58,28,62,69,39,73,72,11,
469	7	12	2.372	7,37,56,21,32,65,92,46,31,19,58,28,62,69,39,66,73,72,12,
469	7	13	2.373	7,81,37,56,21,32,65,92,46,31,19,70,96,25,74,20,36,89,78,13,
469	7	14	2.509	7,37,56,21,32,65,92,46,31,19,70,96,25,74,20,36,26,35,14,
469	7	15	2.49	7,37,56,21,32,65,92,46,70,96,25,74,20,49,85,48,79,84,88,98,15,
469	8	9	1.918	8,86,37,56,21,32,65,92,46,70,19,58,28,60,51,9,
469	8	10	1.639	8,86,65,56,21,32,92,46,31,58,28,62,69,67,10,
469	8	11	2.022	8,86,37,56,21,32,65,92,46,70,19,58,28,62,69,39,66,11,
469	8	12	2.321	8,86,65,56,21,32,92,46,70,19,58,28,62,69,39,73,72,12,
469	8	13	2.311	8,86,65,56,21,32,92,46,31,70,96,25,74,20,36,89,78,13,
469	8	14	2.527	8,86,37,56,21,32,65,92,46,70,96,25,74,20,36,89,26,35,14,
469	8	15	2.527	8,86,65,56,21,32,92,46,70,96,25,74,20,49,85,48,79,84,88,98,15,
469	9	10	1.838	9,51,60,31,19,70,96,40,87,58,28,62,69,39,67,10,
469	9	11	1.871	9,51,60,62,69,67,39,28,58,19,70,96,40,87,73,72,11,
469	9	12	2.001	9,67,69,62,28,58,19,70,96,25,74,20,36,89,94,12,
469	9	13	2.044	9,51,60,62,69,39,28,58,19,70,96,25,74,20,36,89,78,13,
469	9	14	2.334	9,51,60,62,69,39,28,58,19,70,96,25,74,20,36,89,26,35,14,
469	9	15	2.345	9,51,62,69,39,28,58,19,70,96,25,74,20,49,64,48,79,84,88,98,15,
469	10	11	1.598	10,67,69,62,28,58,19,70,18,96,40,87,73,72,11,
469	10	12	1.64	10,67,69,62,28,58,19,70,96,25,74,20,36,47,57,12,
469	10	13	1.706	10,67,69,62,39,28,58,19,70,96,25,74,20,36,89,78,13,
469	10	14	1.9	10,67,69,62,28,58,19,70,96,25,74,20,36,89,26,35,14,
469	10	15	2.147	10,67,69,62,28,58,19,70,96,40,25,74,20,49,64,85,48,79,84,88,98,15,
469	11	12	1.872	11,66,39,62,28,58,19,70,96,25,74,20,36,47,57,12,
469	11	13	1.832	11,72,73,87,58,19,70,96,25,74,20,36,89,78,13,
469	11	14	2.065	11,66,39,69,62,28,58,19,70,96,25,74,20,36,26,35,14,
469	11	15	2.181	11,66,39,69,62,28,58,19,70,96,25,74,49,85,48,79,84,88,98,15,
469	12	13	2.057	12,72,73,87,58,19,70,96,25,74,20,36,89,78,13,
469	12	14	2.262	12,57,47,87,28,58,19,70,96,25,74,20,36,26,35,14,
469	12	15	2.201	12,94,78,35,26,89,36,20,49,64,85,48,79,84,88,98,15,
469	13	14	2.241	13,78,35,26,89,36,20,49,64,85,48,79,84,88,98,99,14,
469	13	15	2.106	13,78,35,26,89,36,20,49,64,48,79,85,99,84,88,98,15,
469	14	15	2.225	14,35,26,89,36,20,49,64,85,48,79,82,95,84,88,98,15,
