416	0	1	1.798	0,27,89,38,87,94,82,19,90,22,79,60,46,86,1,
416	0	2	1.959	0,27,89,38,87,73,26,70,79,22,98,67,63,53,2,
416	0	3	2.083	0,89,27,73,26,70,79,22,60,46,98,67,53,63,54,43,3,
416	0	4	2.093	0,17,60,79,22,98,67,53,63,54,43,25,78,75,85,4,
416	0	5	2.297	0,89,27,73,70,79,22,98,67,53,63,54,43,25,78,75,85,81,5,
416	0	6	2.472	0,27,73,26,70,79,22,98,67,53,63,54,43,25,78,75,85,92,65,6,
416	0	7	2.63	0,89,38,87,94,82,19,31,58,69,40,56,72,61,30,52,84,49,76,36,59,7,
416	0	8	2.619	0,27,89,38,87,94,82,19,90,48,77,37,68,52,84,49,76,32,18,8,
416	0	9	2.443	0,89,38,87,94,82,19,31,58,69,40,56,35,45,64,42,47,21,51,9,
416	0	10	2.345	0,89,38,87,97,94,82,19,31,55,72,56,40,69,20,74,24,95,80,10,
416	0	11	2.332	0,27,89,38,87,97,94,82,19,31,55,72,56,40,69,58,20,74,11,
416	0	12	2.149	0,89,38,87,97,94,82,19,31,55,72,56,40,69,58,29,16,12,
416	0	13	1.949	0,89,38,87,82,19,31,55,72,56,40,69,58,29,13,
416	0	14	2.05	0,89,38,87,82,19,31,55,72,56,40,69,58,29,14,
416	0	15	1.879	0,89,27,73,26,70,60,79,22,48,90,19,82,87,38,15,
416	1	2	2.036	1,86,17,27,73,26,70,79,22,60,46,98,67,63,53,2,
416	1	3	2.04	1,86,17,27,73,26,70,79,22,60,46,98,67,53,63,3,
416	1	4	1.901	1,86,46,60,98,67,53,63,54,43,25,78,75,85,4,
416	1	5	2.121	1,86,46,60,79,22,98,67,53,63,54,43,25,78,75,85,81,5,
416	1	6	2.318	1,86,67,53,63,54,43,25,78,75,85,57,33,96,88,23,34,65,6,
416	1	7	2.491	1,86,67,53,63,54,43,25,78,75,85,57,33,96,88,23,34,99,7,
416	1	8	2.617	1,67,53,63,54,43,25,78,75,85,57,33,88,96,71,76,49,32,18,8,
416	1	9	2.597	1,86,17,73,70,26,82,19,31,58,69,40,56,35,45,64,42,47,21,51,9,
416	1	10	2.539	1,86,46,60,79,22,90,31,55,72,56,40,69,58,20,74,45,64,42,47,10,
416	1	11	2.581	1,86,17,73,87,38,97,94,82,19,31,55,72,56,40,69,58,20,74,11,
416	1	12	2.448	1,86,17,27,38,87,94,82,19,31,55,72,56,40,69,58,29,16,12,
416	1	13	2.317	1,86,17,73,70,26,82,94,19,31,55,72,56,40,69,58,29,16,13,
416	1	14	2.411	1,86,17,60,46,98,22,79,70,26,73,27,89,38,87,82,94,97,14,
416	1	15	1.898	1,86,46,60,79,22,48,90,19,82,26,70,73,27,89,15,
416	2	3	2.314	2,53,63,54,43,25,78,33,88,23,34,92,85,75,3,
416	2	4	2.065	2,53,63,54,43,25,78,75,85,33,57,23,34,92,81,4,
416	2	5	1.863	2,53,63,54,43,25,78,75,85,57,33,88,23,92,5,
416	2	6	2.226	2,53,63,54,43,25,78,75,85,57,33,88,96,71,91,28,34,65,6,
416	2	7	2.283	2,53,63,54,43,25,78,75,85,57,33,88,96,71,28,99,36,59,7,
416	2	8	2.332	2,53,63,54,43,25,78,75,85,57,33,88,96,71,76,49,84,32,18,8,
416	2	9	2.461	2,53,63,54,43,25,78,75,85,57,33,88,96,71,76,49,84,32,18,9,
416	2	10	2.587	2,53,63,54,43,25,78,75,85,57,33,88,96,71,52,66,41,42,47,10,
416	2	11	2.682	2,53,63,54,43,25,93,39,50,37,77,72,56,40,69,58,20,74,11,
416	2	12	2.576	2,53,63,54,43,25,93,39,50,37,77,72,56,40,69,58,29,16,12,
416	2	13	2.487	2,53,63,54,43,25,93,39,68,30,61,72,56,40,69,58,29,16,13,
416	2	14	2.351	2,53,63,54,43,25,93,39,37,77,48,90,19,82,94,97,87,38,14,
416	2	15	1.867	2,53,63,67,98,22,79,90,19,82,94,97,87,38,15,
416	3	4	2.155	3,63,54,43,25,78,75,85,57,33,88,23,34,92,81,4,
416	3	5	1.957	3,53,63,54,43,25,78,75,85,57,33,88,23,92,5,
416	3	6	2.102	3,63,54,43,25,78,75,85,57,33,88,96,71,28,34,65,6,
416	3	7	2.209	3,53,63,54,43,25,78,75,85,57,33,88,96,71,28,99,7,
416	3	8	2.268	3,63,54,43,25,78,75,85,57,33,88,96,71,76,49,32,18,8,
416	3	9	2.442	3,63,54,43,25,78,75,85,57,33,88,96,71,76,49,84,32,18,9,
416	3	10	2.568	3,63,54,43,25,78,75,85,57,33,88,96,71,52,66,41,42,47,10,
416	3	11	2.701	3,75,85,57,33,88,96,71,76,49,84,52,66,41,42,47,80,95,24,11,
416	3	12	2.714	3,43,25,78,75,85,57,33,88,96,68,61,72,56,40,69,58,29,16,12,
416	3	13	2.623	3,63,53,67,98,22,79,70,26,82,19,31,55,72,56,40,58,29,13,
416	3	14	2.523	3,53,63,54,43,25,93,39,50,37,77,48,90,19,82,94,87,38,14,
416	3	15	2.28	3,53,63,54,43,25,93,39,37,77,48,90,19,82,94,97,87,38,15,
416	4	5	2.012	4,75,78,85,57,33,88,96,71,91,28,34,23,92,81,5,
416	4	6	2.025	4,75,85,57,33,88,96,71,84,76,91,28,23,34,65,6,
416	4	7	1.974	4,85,75,78,33,88,96,71,76,49,32,18,83,36,59,7,
416	4	8	2.232	4,85,75,78,25,96,88,33,57,23,34,28,91,76,49,32,18,8,
416	4	9	2.456	4,85,75,78,33,57,23,34,28,91,76,49,84,32,18,44,41,21,51,9,
416	4	10	2.416	4,85,75,78,33,88,96,71,91,76,49,84,32,18,44,41,42,47,10,
416	4	11	2.526	4,85,75,78,33,88,96,71,76,49,32,44,41,42,47,80,95,24,11,
416	4	12	2.641	4,85,75,78,25,93,39,37,77,48,90,55,72,56,40,69,58,29,16,12,
416	4	13	2.659	4,85,75,78,25,93,39,37,77,48,90,31,55,72,56,40,69,58,29,16,13,
416	4	14	2.566	4,85,75,78,25,43,54,63,53,67,98,22,79,70,26,73,87,38,97,14,
416	4	15	2.217	4,75,78,25,43,54,63,53,67,98,22,79,70,26,73,27,89,15,
416	5	6	1.925	5,81,92,57,33,88,96,71,84,49,76,91,28,23,34,65,6,
416	5	7	1.903	5,81,92,57,33,88,96,71,76,49,84,32,18,83,36,59,7,
416	5	8	2.121	5,81,85,75,78,33,96,88,23,34,28,91,76,49,84,32,18,8,
416	5	9	2.396	5,81,92,57,33,88,96,71,76,49,84,32,18,44,41,42,47,21,51,9,
416	5	10	2.325	5,81,92,57,33,88,96,71,76,49,84,32,18,44,41,42,47,80,10,
416	5	11	2.421	5,81,92,23,34,28,91,76,49,84,32,18,44,41,42,47,80,95,24,11,
416	5	12	2.546	5,81,92,23,34,28,91,76,49,84,52,30,61,72,56,40,69,58,29,16,12,
416	5	13	2.628	5,81,92,57,33,88,96,71,76,49,84,52,30,61,72,56,40,69,58,29,16,13,
416	5	14	2.556	5,81,85,75,78,25,43,54,63,53,67,98,22,79,70,26,73,87,38,14,
416	5	15	2.521	5,81,85,75,78,25,43,54,63,53,67,98,22,79,60,70,26,73,87,38,15,
416	6	7	1.972	6,65,34,28,91,76,49,84,52,66,44,32,18,83,36,59,7,
416	6	8	2.014	6,65,34,92,57,33,88,96,71,91,76,49,84,32,18,8,
416	6	9	1.975	6,65,34,28,91,76,49,84,32,44,41,42,47,21,51,9,
416	6	10	1.959	6,65,34,28,91,76,49,84,52,66,44,41,42,47,80,10,
416	6	11	2.526	6,65,34,23,28,91,76,49,84,52,66,44,51,21,41,42,47,80,95,24,11,
416	6	12	2.629	6,65,34,23,28,91,76,49,84,52,30,68,61,72,56,40,69,58,29,16,12,
416	6	13	2.677	6,65,34,23,57,33,88,96,71,76,49,84,52,30,61,72,56,40,69,58,29,13,
416	6	14	2.684	6,65,34,23,57,33,85,75,78,25,93,39,37,48,90,19,82,94,87,38,14,
416	6	15	2.569	6,65,34,28,91,76,49,84,52,30,61,72,56,40,69,58,31,19,82,94,87,38,15,
416	7	8	2.18	7,59,36,91,28,34,23,57,33,88,96,71,76,32,18,8,
416	7	9	2.087	7,59,36,83,18,32,76,49,84,52,66,44,41,47,21,51,9,
416	7	10	2.027	7,59,83,18,32,76,49,84,52,66,44,41,42,47,80,10,
416	7	11	2.669	7,59,36,83,18,32,76,49,84,52,66,44,41,42,47,21,51,10,80,24,11,
416	7	12	2.428	7,59,36,83,18,32,76,49,84,52,30,61,72,56,40,69,58,29,16,12,
416	7	13	2.562	7,36,83,18,32,76,49,84,52,30,68,61,72,56,40,69,58,29,16,13,
416	7	14	2.542	7,59,36,76,49,84,52,30,61,72,56,40,69,58,31,19,82,87,38,14,
416	7	15	2.536	7,59,36,76,49,84,52,30,61,72,56,40,69,58,55,31,19,82,94,97,87,38,15,
416	8	9	2.076	8,83,18,32,76,49,84,52,66,44,41,42,47,21,51,9,
416	8	10	2.193	8,18,32,76,49,84,52,66,44,41,42,80,47,21,51,10,
416	8	11	2.067	8,18,32,76,49,84,52,66,44,41,42,47,80,95,24,11,
416	8	12	2.224	8,18,32,76,49,84,52,30,61,72,56,40,69,58,29,16,12,
416	8	13	2.688	8,18,32,84,49,76,91,28,71,68,30,61,72,56,40,69,58,29,16,13,
416	8	14	2.572	8,18,32,49,84,52,30,61,72,56,40,69,58,31,19,82,94,87,38,14,
416	8	15	2.46	8,18,32,76,49,84,52,30,61,72,56,40,69,58,31,19,82,94,87,38,15,
416	9	10	2.218	9,51,21,44,18,32,76,49,84,52,66,41,42,95,80,10,
416	9	11	2.196	9,18,32,76,49,84,52,66,44,41,42,47,80,95,24,11,
416	9	12	2.157	9,51,21,47,80,95,24,64,45,35,56,40,69,58,29,16,12,
416	9	13	2.433	9,51,21,47,42,80,95,64,45,74,20,35,72,56,40,69,58,29,16,13,
416	9	14	2.425	9,51,21,47,42,64,45,35,69,40,56,72,55,31,19,82,94,87,38,14,
416	9	15	2.34	9,51,21,47,42,64,45,74,20,69,40,56,72,55,31,19,82,94,87,38,15,
416	10	11	2.318	10,80,47,42,64,45,35,56,40,69,58,29,16,20,74,11,
416	10	12	2.115	10,80,47,42,64,45,74,20,35,56,40,69,58,29,16,12,
416	10	13	2.121	10,47,42,80,95,24,64,45,35,56,72,40,69,58,29,16,13,
416	10	14	2.273	10,80,95,24,64,45,35,56,40,69,58,31,19,82,94,97,87,38,14,
416	10	15	2.172	10,80,95,24,45,74,20,69,40,56,72,55,31,19,82,94,97,87,38,15,
416	11	12	2.225	11,24,95,80,47,42,64,45,35,72,56,40,69,58,29,16,12,
416	11	13	2.186	11,24,95,80,47,42,64,45,35,72,56,40,69,58,29,16,13,
416	11	14	2.102	11,74,20,69,40,56,72,55,31,19,82,94,97,87,38,14,
416	11	15	2.24	11,74,20,29,58,69,40,56,72,55,31,19,82,94,97,87,38,15,
416	12	13	2.423	12,16,29,58,40,56,72,55,31,19,82,94,87,38,14,13,
416	12	14	2.033	12,16,29,58,40,56,72,55,31,19,82,94,87,38,14,
416	12	15	1.868	12,16,29,58,40,56,72,55,31,19,82,94,87,38,15,
416	13	14	1.963	13,29,58,69,40,56,72,55,31,19,82,94,97,87,38,14,
416	13	15	1.798	13,29,58,69,40,56,72,55,31,19,82,94,97,87,38,15,
416	14	15	1.899	14,29,58,69,40,56,72,55,31,19,82,94,97,87,38,15,
