238	0	1	2.208	0,18,45,57,66,79,88,80,22,75,50,68,97,84,69,1,
238	0	2	2.227	0,18,45,57,66,79,88,80,22,75,50,68,97,84,69,2,
238	0	3	2.195	0,18,45,57,66,79,88,80,22,36,64,67,38,59,92,3,
238	0	4	2.059	0,18,45,57,66,79,80,22,36,64,67,38,59,24,63,29,58,4,
238	0	5	2.327	0,21,17,45,57,66,79,88,80,22,36,64,67,38,59,24,63,29,61,5,
238	0	6	2.342	0,18,45,57,66,79,80,22,36,64,67,38,59,24,63,29,61,47,6,
238	0	7	2.44	0,18,45,57,66,79,88,19,37,71,55,31,65,94,96,34,42,26,89,7,
238	0	8	2.462	0,18,45,57,66,79,88,78,19,37,71,55,31,65,94,96,81,34,42,26,8,
238	0	9	2.434	0,18,45,57,66,79,88,78,19,37,71,55,31,65,94,96,23,95,82,46,9,
238	0	10	2.283	0,18,45,57,66,78,19,37,71,55,31,65,94,23,95,82,43,62,10,
238	0	11	2.421	0,18,45,57,66,79,88,19,37,71,55,98,99,49,48,52,27,77,74,11,
238	0	12	2.289	0,18,45,57,66,79,88,78,19,37,71,55,98,48,52,27,77,60,12,
238	0	13	2.14	0,18,17,21,72,70,93,44,53,25,54,85,83,32,20,13,
238	0	14	2.423	0,21,17,18,45,57,66,79,88,78,44,53,70,72,86,14,
238	0	15	2.263	0,21,17,18,45,57,66,79,88,78,44,53,70,72,86,15,
238	1	2	2.228	1,69,84,97,76,57,66,79,88,80,22,75,50,68,87,2,
238	1	3	2.064	1,97,68,50,39,35,64,67,38,59,24,63,29,92,3,
238	1	4	1.93	1,69,84,97,68,50,39,35,64,67,38,59,24,63,29,58,4,
238	1	5	1.97	1,97,68,50,75,80,22,36,64,67,38,59,24,63,29,61,5,
238	1	6	2.214	1,69,84,97,68,50,75,36,64,67,38,59,24,63,29,61,47,6,
238	1	7	2.447	1,97,76,57,66,79,88,19,37,71,55,31,51,73,56,81,34,42,89,7,
238	1	8	2.421	1,97,76,57,66,79,88,78,19,37,71,55,31,65,94,96,34,42,26,8,
238	1	9	2.289	1,97,76,57,66,79,88,19,37,71,55,31,65,94,23,95,82,46,9,
238	1	10	2.308	1,97,76,57,66,79,88,19,37,71,55,31,65,94,23,95,82,43,62,10,
238	1	11	2.445	1,69,84,97,76,57,66,78,19,37,71,55,98,48,52,27,77,74,11,
238	1	12	2.313	1,97,76,57,66,79,88,78,19,37,71,55,98,48,52,27,77,60,12,
238	1	13	2.398	1,97,76,57,66,79,88,78,19,37,71,16,54,85,83,32,20,13,
238	1	14	2.311	1,97,84,68,50,75,22,80,79,88,78,44,53,70,14,
238	1	15	2.158	1,97,84,68,50,75,80,88,79,66,57,45,18,17,21,15,
238	2	3	2.061	2,87,68,50,75,36,64,67,38,59,24,63,29,92,3,
238	2	4	1.871	2,69,84,97,68,50,75,39,35,59,38,24,63,29,58,4,
238	2	5	1.847	2,87,68,50,75,39,35,36,64,67,38,59,24,63,61,5,
238	2	6	2.173	2,69,84,68,50,75,36,64,67,38,59,24,63,29,61,47,6,
238	2	7	2.435	2,87,68,66,79,88,19,37,71,55,31,65,94,96,34,42,89,7,
238	2	8	2.382	2,87,50,68,66,79,88,19,37,71,55,31,65,94,96,34,42,26,8,
238	2	9	2.291	2,87,50,68,66,79,88,78,19,37,71,55,31,65,94,96,33,9,
238	2	10	2.346	2,87,50,68,66,78,19,37,71,55,31,65,94,23,95,82,43,62,10,
238	2	11	2.418	2,87,50,68,66,79,88,78,19,37,71,55,98,48,52,27,77,74,11,
238	2	12	2.352	2,87,50,68,66,79,88,78,19,37,71,55,98,48,52,27,77,60,12,
238	2	13	2.515	2,87,50,68,66,79,88,19,37,71,55,98,48,52,27,77,32,20,13,
238	2	14	2.576	2,87,50,68,66,79,88,78,19,37,71,16,54,25,53,44,70,72,14,
238	2	15	2.444	2,69,84,97,68,50,75,22,80,79,88,78,66,57,45,18,17,21,15,
238	3	4	1.958	3,28,87,68,50,75,39,35,64,67,38,24,63,29,58,4,
238	3	5	2.074	3,92,29,63,24,59,38,35,39,36,64,67,90,47,5,
238	3	6	2.504	3,92,29,63,24,59,38,67,35,39,75,80,22,36,64,90,6,
238	3	7	2.386	3,92,29,63,24,59,38,67,64,36,51,73,56,81,34,42,26,89,7,
238	3	8	2.411	3,28,87,50,68,66,79,88,19,37,71,55,31,65,94,96,30,8,
238	3	9	2.379	3,92,59,38,67,64,36,22,19,37,71,55,31,65,94,96,33,9,
238	3	10	2.376	3,92,59,38,67,64,36,22,19,37,71,55,31,65,94,23,62,10,
238	3	11	2.531	3,92,59,38,67,64,36,22,80,19,37,55,98,48,52,27,77,74,11,
238	3	12	2.44	3,92,59,38,67,64,36,22,19,37,71,55,98,48,52,27,77,60,12,
238	3	13	2.555	3,92,29,63,24,59,38,67,64,36,22,80,88,78,44,53,41,13,
238	3	14	2.485	3,92,29,63,24,59,38,67,64,36,22,80,79,66,93,70,72,14,
238	3	15	2.403	3,92,29,63,24,59,38,67,64,36,22,80,79,66,57,45,17,21,15,
238	4	5	1.795	4,58,29,63,24,59,38,35,39,36,64,67,90,47,5,
238	4	6	2.225	4,58,29,63,24,59,38,67,35,39,75,80,22,36,64,90,6,
238	4	7	2.022	4,58,29,63,24,59,38,67,64,73,51,56,81,34,42,26,89,7,
238	4	8	2.138	4,58,29,63,24,59,38,67,64,36,22,51,73,56,81,34,42,26,8,
238	4	9	2.266	4,58,29,24,38,67,64,36,22,19,37,71,55,31,65,94,96,33,9,
238	4	10	2.263	4,58,29,24,38,67,64,36,22,19,37,71,55,31,65,94,23,62,10,
238	4	11	2.304	4,58,29,63,24,59,38,67,64,36,22,19,37,71,98,48,52,74,11,
238	4	12	2.312	4,58,29,63,24,38,67,64,36,22,19,37,71,98,48,52,27,77,60,12,
238	4	13	2.276	4,58,29,63,24,59,38,67,64,36,22,80,88,78,44,53,41,13,
238	4	14	2.24	4,58,29,63,24,59,38,67,64,36,22,80,88,78,44,70,72,14,
238	4	15	2.181	4,58,29,63,24,59,38,67,64,36,22,80,79,66,57,45,18,17,21,15,
238	5	6	1.897	5,58,29,63,24,59,38,35,39,36,64,67,90,47,6,
238	5	7	1.962	5,61,29,63,24,59,38,67,64,73,56,81,34,42,26,89,7,
238	5	8	1.841	5,61,29,63,24,59,38,67,64,73,56,81,34,42,26,8,
238	5	9	2.207	5,61,29,63,24,59,38,67,64,36,51,73,56,81,34,42,30,33,9,
238	5	10	2.211	5,61,63,24,67,64,36,22,19,37,71,55,31,65,94,23,62,10,
238	5	11	2.249	5,61,63,24,59,38,67,64,36,22,19,37,71,98,48,52,74,11,
238	5	12	2.286	5,61,63,24,59,38,67,64,36,22,19,37,71,98,48,52,27,77,60,12,
238	5	13	2.513	5,61,29,63,24,59,38,67,64,36,22,80,19,37,71,16,54,85,83,32,20,13,
238	5	14	2.371	5,61,29,63,24,59,38,67,64,36,22,80,79,88,78,44,93,70,72,14,
238	5	15	2.365	5,61,29,63,24,59,38,67,64,36,22,80,79,88,78,66,57,45,18,17,21,15,
238	6	7	2.156	6,47,61,63,24,59,38,67,64,73,56,81,34,42,26,89,7,
238	6	8	2.035	6,47,61,63,24,59,38,67,64,73,56,81,34,42,26,8,
238	6	9	2.131	6,47,61,63,24,59,38,67,64,73,56,81,34,30,33,9,
238	6	10	2.358	6,90,67,64,36,22,80,19,37,71,55,31,65,94,23,62,10,
238	6	11	2.445	6,90,64,36,22,80,19,37,71,55,98,48,52,27,77,74,11,
238	6	12	2.523	6,47,61,63,24,38,67,64,36,22,19,37,71,98,48,52,27,77,60,12,
238	6	13	2.521	6,47,61,63,24,59,38,67,64,36,22,80,79,88,78,44,53,41,13,
238	6	14	2.485	6,47,61,63,24,59,38,67,64,36,22,80,79,88,78,44,70,72,14,
238	6	15	2.392	6,47,61,63,24,59,38,67,64,36,22,80,79,66,57,45,18,17,21,15,
238	7	8	2.165	7,89,26,42,34,81,56,73,51,37,71,55,31,65,96,30,8,
238	7	9	1.905	7,89,26,42,34,81,56,73,51,65,94,96,23,95,82,46,9,
238	7	10	2.09	7,89,26,42,34,81,56,73,51,31,65,94,96,23,95,82,46,43,10,
238	7	11	2.188	7,89,26,42,34,81,96,94,65,31,55,98,48,52,27,77,74,11,
238	7	12	2.319	7,89,26,42,34,81,56,73,51,31,55,71,37,16,54,85,52,27,77,60,12,
238	7	13	2.49	7,89,26,42,34,81,56,73,51,31,55,71,16,54,85,52,27,77,32,20,13,
238	7	14	2.436	7,89,26,42,34,96,94,65,31,55,71,37,16,54,25,53,44,70,14,
238	7	15	2.441	7,89,26,42,34,96,94,65,31,55,71,16,54,85,25,53,44,70,72,86,15,
238	8	9	1.884	8,26,42,34,81,56,73,51,65,94,23,62,43,95,82,46,9,
238	8	10	1.886	8,26,42,34,81,56,73,51,65,94,96,23,95,82,46,43,62,10,
238	8	11	2.067	8,26,42,34,81,96,94,65,31,55,98,48,52,27,77,74,11,
238	8	12	2.105	8,26,42,34,96,94,65,31,55,71,16,54,85,52,27,77,60,12,
238	8	13	2.411	8,26,42,34,81,96,94,65,31,55,71,16,54,85,52,27,77,32,20,13,
238	8	14	2.328	8,30,96,94,65,31,55,71,37,16,54,85,25,53,44,93,70,14,
238	8	15	2.336	8,26,42,34,96,94,65,31,55,71,37,16,54,25,53,44,70,72,86,15,
238	9	10	1.891	9,33,30,34,81,56,73,51,65,94,23,95,82,46,43,62,10,
238	9	11	1.869	9,46,82,95,23,94,65,31,98,48,52,27,77,74,11,
238	9	12	2.038	9,46,82,95,23,94,65,31,55,71,98,99,48,52,27,77,60,12,
238	9	13	2.279	9,46,82,95,23,94,65,31,55,71,98,99,48,52,27,77,32,20,13,
238	9	14	2.315	9,46,82,95,23,94,65,31,55,71,37,16,54,85,25,53,44,70,14,
238	9	15	2.336	9,46,82,95,23,94,65,31,55,71,37,16,54,85,25,53,44,70,72,86,15,
238	10	11	1.902	10,46,82,95,23,94,65,31,98,48,52,27,77,74,11,
238	10	12	1.806	10,62,43,46,82,95,23,94,65,99,48,52,27,77,60,12,
238	10	13	2.123	10,62,43,82,95,23,94,65,31,55,71,37,16,54,85,83,20,13,
238	10	14	2.21	10,62,43,82,95,23,94,65,31,55,71,16,54,25,53,44,70,14,
238	10	15	2.218	10,62,23,94,65,31,55,71,37,16,54,85,25,53,44,70,72,86,15,
238	11	12	2.029	11,74,49,99,98,55,71,37,16,54,85,52,27,77,60,12,
238	11	13	2.097	11,74,77,27,52,48,98,55,71,16,54,85,83,32,20,13,
238	11	14	2.257	11,74,77,27,52,48,98,55,71,16,54,85,25,53,44,70,14,
238	11	15	2.278	11,74,77,27,52,48,98,55,71,16,54,85,25,53,44,70,72,86,15,
238	12	13	2.031	12,60,77,27,52,48,98,55,71,16,54,85,83,32,20,13,
238	12	14	2.147	12,60,77,27,52,48,99,98,54,85,25,53,44,93,70,72,14,
238	12	15	2.055	12,60,77,27,52,48,99,98,54,85,25,53,44,70,72,86,15,
238	13	14	2.185	13,20,32,60,77,27,52,85,54,25,53,44,93,70,72,14,
238	13	15	2.054	13,20,32,60,77,27,52,83,25,53,44,93,70,72,86,15,
238	14	15	2.257	14,72,70,53,44,78,88,79,66,57,76,91,18,17,21,15,
