438	0	1	1.909	0,55,59,21,93,92,52,49,47,28,67,25,78,26,65,1,
438	0	2	1.905	0,55,87,78,25,67,28,86,27,31,94,71,76,30,97,2,
438	0	3	1.799	0,55,87,78,25,67,28,86,42,27,71,76,30,33,3,
438	0	4	2.269	0,55,87,78,25,67,28,42,27,31,94,90,89,60,19,77,99,48,63,4,
438	0	5	2.135	0,55,87,78,25,67,28,86,27,71,31,94,90,81,63,99,48,38,43,5,
438	0	6	2.259	0,55,87,78,25,67,28,86,42,27,71,31,94,90,89,60,19,77,80,57,6,
438	0	7	2.327	0,55,87,78,25,67,28,42,86,27,71,31,94,90,89,60,19,20,69,7,
438	0	8	2.421	0,55,87,78,25,67,28,86,42,27,71,31,94,90,89,60,22,39,46,8,
438	0	9	2.472	0,55,87,78,25,67,28,86,27,70,72,91,17,64,74,82,68,61,40,9,
438	0	10	2.469	0,55,87,78,25,67,28,86,27,70,72,91,17,64,74,73,79,96,85,10,
438	0	11	2.339	0,87,55,59,21,93,92,52,49,98,35,34,24,84,29,88,51,45,11,
438	0	12	2.429	0,87,55,59,21,93,92,52,49,35,24,34,50,95,84,29,37,88,51,12,
438	0	13	2.047	0,55,87,78,25,67,28,42,86,47,49,52,35,24,34,95,13,
438	0	14	2.1	0,55,87,78,25,67,28,42,86,47,92,52,49,35,24,34,14,
438	0	15	1.873	0,55,87,78,25,67,28,42,86,47,49,52,92,93,21,15,
438	1	2	1.855	1,65,26,78,25,67,28,86,27,71,31,94,76,30,97,2,
438	1	3	1.72	1,65,26,78,25,67,28,86,42,27,71,76,30,33,3,
438	1	4	1.896	1,65,26,78,25,67,28,86,42,27,71,31,94,90,81,23,4,
438	1	5	1.916	1,65,26,78,25,67,28,86,27,71,31,94,90,81,63,99,48,38,5,
438	1	6	2.124	1,65,26,78,25,67,28,86,27,71,31,94,90,89,60,19,77,80,57,6,
438	1	7	2.246	1,65,26,78,25,67,28,86,42,27,71,31,94,90,89,60,19,20,69,7,
438	1	8	2.342	1,65,26,78,25,67,28,86,42,27,71,31,94,90,89,60,22,39,46,8,
438	1	9	2.449	1,65,26,78,25,67,28,86,42,27,70,72,91,17,64,74,82,68,61,40,9,
438	1	10	2.537	1,65,26,78,25,67,28,86,42,27,70,72,91,17,82,68,61,79,96,85,10,
438	1	11	2.443	1,65,26,78,87,55,59,21,93,92,52,35,34,24,84,29,37,88,51,45,11,
438	1	12	2.437	1,65,26,25,78,87,55,59,21,93,92,52,35,34,24,84,29,37,88,51,12,
438	1	13	2.348	1,26,65,28,67,25,78,87,55,59,21,93,92,52,35,24,34,50,95,13,
438	1	14	1.86	1,65,26,78,87,55,59,21,93,92,52,49,98,35,24,34,14,
438	1	15	1.903	1,65,26,78,25,67,28,42,86,47,92,93,59,21,44,15,
438	2	3	1.893	2,97,30,76,71,31,94,90,89,60,81,23,66,41,3,
438	2	4	1.913	2,97,30,76,71,31,94,90,89,60,81,23,66,41,4,
438	2	5	2.052	2,97,30,76,71,27,31,94,90,89,60,81,63,99,48,38,43,5,
438	2	6	2.269	2,97,30,76,71,27,31,94,90,89,60,19,77,63,48,99,38,43,6,
438	2	7	2.421	2,97,30,76,71,31,94,90,89,60,19,20,18,22,39,46,53,16,56,7,
438	2	8	2.626	2,97,30,76,71,27,31,94,90,60,89,17,64,74,82,68,61,40,36,8,
438	2	9	2.606	2,97,30,76,71,27,31,94,90,60,89,91,17,64,74,73,82,68,61,40,9,
438	2	10	2.614	2,97,30,76,71,31,94,90,60,89,91,17,64,74,82,68,61,40,96,85,10,
438	2	11	2.743	2,97,30,76,71,31,94,90,60,89,91,17,64,74,82,68,61,79,96,54,11,
438	2	12	2.67	2,97,42,86,28,67,25,78,87,55,59,21,93,92,52,35,34,24,95,12,
438	2	13	2.368	2,97,42,86,28,67,25,78,87,55,59,21,93,92,52,35,34,24,95,13,
438	2	14	2.119	2,97,28,67,25,78,87,55,59,21,93,92,52,35,24,34,14,
438	2	15	1.968	2,97,30,76,71,27,42,28,67,25,78,87,55,59,21,15,
438	3	4	1.925	3,33,30,76,71,31,94,90,89,60,81,23,66,41,4,
438	3	5	1.731	3,33,30,76,71,27,31,94,90,81,63,99,48,38,5,
438	3	6	1.948	3,33,30,76,71,27,31,94,90,89,60,19,20,80,57,6,
438	3	7	2.135	3,33,30,76,71,31,94,90,89,60,22,39,46,53,16,56,7,
438	3	8	2.486	3,33,30,76,71,31,94,90,60,89,91,17,64,74,82,68,75,36,8,
438	3	9	2.365	3,33,30,76,71,31,94,90,60,89,91,17,64,74,82,68,61,40,9,
438	3	10	2.55	3,33,30,76,71,31,94,90,60,89,91,17,64,74,82,68,61,79,96,85,10,
438	3	11	2.755	3,33,30,76,71,31,94,90,60,89,91,17,64,74,82,68,61,79,96,54,11,
438	3	12	2.698	3,33,30,76,71,31,94,90,60,89,17,91,72,58,62,83,29,88,51,12,
438	3	13	2.467	3,33,30,42,28,67,25,78,87,55,59,21,93,92,52,35,24,34,95,13,
438	3	14	2.386	3,33,30,42,28,67,25,78,87,55,59,21,93,92,52,35,24,34,14,
438	3	15	2.253	3,33,30,76,71,94,31,27,42,86,28,67,25,78,87,55,93,21,15,
438	4	5	1.83	4,41,66,76,71,31,94,90,89,60,19,77,99,48,38,5,
438	4	6	2.106	4,41,33,30,76,71,31,94,90,89,60,19,20,80,57,6,
438	4	7	2.222	4,41,66,30,76,71,27,31,94,90,89,60,19,20,69,7,
438	4	8	2.491	4,23,81,94,31,90,60,89,91,17,64,74,82,68,61,40,36,8,
438	4	9	2.433	4,23,81,90,94,31,71,27,70,72,91,17,64,74,82,68,61,40,9,
438	4	10	2.618	4,23,81,90,94,31,71,27,70,72,91,17,64,74,82,68,61,79,96,85,10,
438	4	11	2.723	4,23,81,60,89,90,94,31,71,27,70,72,91,17,64,74,73,32,45,11,
438	4	12	2.751	4,63,48,99,77,19,60,89,90,94,31,27,70,72,58,62,83,29,88,51,12,
438	4	13	2.48	4,23,81,90,94,31,71,27,70,72,58,62,83,98,35,24,34,50,95,13,
438	4	14	2.52	4,23,81,60,89,90,94,31,71,27,70,72,58,62,83,98,35,24,34,14,
438	4	15	2.255	4,23,81,90,94,31,71,27,42,86,28,67,25,78,87,55,93,21,15,
438	5	6	1.838	5,38,48,99,63,81,94,31,90,89,60,19,20,80,57,6,
438	5	7	1.909	5,38,48,63,99,43,77,80,20,18,22,39,46,53,16,56,7,
438	5	8	2.054	5,38,48,99,63,81,94,31,90,89,60,22,18,39,46,8,
438	5	9	2.361	5,38,48,99,63,81,90,94,31,71,27,70,72,64,74,82,61,40,9,
438	5	10	2.457	5,38,48,99,63,81,90,94,31,27,70,72,91,17,64,74,73,79,96,85,10,
438	5	11	2.545	5,38,48,99,63,81,90,94,31,27,70,72,58,62,83,29,88,51,45,11,
438	5	12	2.603	5,38,48,99,77,19,60,89,90,94,31,71,27,70,72,58,83,29,88,51,12,
438	5	13	2.403	5,38,48,99,63,81,90,94,31,70,72,58,62,83,98,35,24,34,50,95,13,
438	5	14	2.403	5,38,48,99,63,81,90,94,31,71,27,70,72,58,62,83,98,35,24,34,14,
438	5	15	2.201	5,38,48,99,63,81,90,94,31,71,27,86,28,67,25,78,87,55,59,15,
438	6	7	2.089	6,57,43,38,48,99,63,77,80,20,18,22,39,53,16,56,7,
438	6	8	2.255	6,57,80,20,18,22,17,91,64,74,82,68,61,40,36,8,
438	6	9	2.232	6,43,38,48,99,63,77,80,20,18,22,39,75,61,40,9,
438	6	10	2.127	6,57,80,20,18,22,39,75,40,61,68,82,79,96,85,10,
438	6	11	2.632	6,57,80,20,19,60,89,90,94,31,70,72,58,83,29,88,51,45,11,
438	6	12	2.642	6,57,20,19,60,89,90,94,31,71,27,70,72,58,62,83,29,88,51,12,
438	6	13	2.548	6,57,80,20,19,60,89,90,94,31,70,72,58,62,83,98,35,24,34,95,13,
438	6	14	2.558	6,57,20,19,60,89,90,94,31,71,27,70,72,58,62,83,98,35,24,34,14,
438	6	15	2.377	6,57,20,19,60,89,90,94,31,71,27,86,28,67,25,78,87,55,59,21,15,
438	7	8	2.366	7,56,16,53,39,18,22,17,91,64,74,82,68,61,40,36,8,
438	7	9	2.393	7,56,16,53,39,18,22,17,91,72,64,74,82,68,61,40,9,
438	7	10	2.269	7,56,16,53,46,36,75,40,61,68,82,73,79,96,54,85,10,
438	7	11	2.765	7,69,20,19,60,89,90,94,31,70,72,58,62,83,29,37,88,51,45,11,
438	7	12	2.761	7,69,20,19,60,89,90,94,31,71,27,70,72,58,62,83,29,88,51,12,
438	7	13	2.709	7,69,20,19,60,89,90,94,31,27,70,72,58,62,83,98,35,24,34,95,13,
438	7	14	2.768	7,56,16,69,20,19,60,89,90,94,31,71,27,70,72,58,62,83,98,24,34,14,
438	7	15	2.496	7,69,20,19,60,89,90,94,31,71,27,86,28,67,25,78,87,55,59,21,15,
438	8	9	2.578	8,46,39,22,60,89,90,94,31,70,72,64,74,82,61,40,9,
438	8	10	2.409	8,36,40,61,68,82,17,91,72,64,74,73,79,96,85,10,
438	8	11	2.497	8,53,46,36,75,40,61,68,82,79,96,54,32,88,51,45,11,
438	8	12	2.783	8,36,40,61,68,82,74,64,17,91,72,58,62,83,84,29,37,88,51,12,
438	8	13	2.739	8,46,36,40,61,68,82,74,64,17,91,72,58,62,83,98,35,34,95,13,
438	8	14	2.741	8,46,39,22,60,89,90,94,31,71,27,70,72,58,62,83,98,35,34,14,
438	8	15	2.592	8,46,39,22,60,89,90,94,31,71,27,86,28,67,25,78,87,55,59,21,15,
438	9	10	2.317	9,40,61,68,82,17,91,72,58,64,74,73,79,96,85,10,
438	9	11	2.502	9,40,61,68,82,17,91,72,58,62,83,29,37,88,51,45,11,
438	9	12	2.6	9,40,61,68,82,74,64,17,91,72,58,62,83,84,29,37,88,51,12,
438	9	13	2.342	9,40,61,68,82,17,91,72,58,62,83,98,35,24,34,95,13,
438	9	14	2.601	9,40,61,68,82,73,74,64,17,91,70,72,58,62,83,98,35,24,34,14,
438	9	15	2.602	9,40,61,68,82,17,91,72,70,27,86,28,67,25,78,87,55,59,21,15,
438	10	11	2.407	10,85,96,79,61,68,82,17,91,64,74,73,32,54,45,11,
438	10	12	2.411	10,85,96,79,61,40,36,46,75,68,82,73,32,88,51,12,
438	10	13	2.129	10,85,96,54,32,88,37,29,84,98,35,24,34,50,95,13,
438	10	14	2.543	10,85,96,79,61,68,82,74,64,17,91,72,58,62,83,98,35,24,34,14,
438	10	15	2.636	10,85,96,54,32,88,37,29,84,24,34,35,98,49,52,92,93,21,59,15,
438	11	12	2.58	11,45,32,51,88,37,29,83,98,49,52,35,24,34,95,12,
438	11	13	2.209	11,45,51,88,37,29,83,98,49,92,52,35,24,34,95,13,
438	11	14	2.473	11,45,51,88,37,29,84,24,34,35,98,49,52,92,93,21,44,14,
438	11	15	2.401	11,45,51,88,37,29,84,95,50,34,24,35,98,49,52,92,93,21,15,
438	12	13	2.382	12,45,32,88,37,29,84,98,49,52,35,24,34,50,95,13,
438	12	14	2.307	12,51,88,37,29,84,98,24,34,35,52,92,93,21,44,14,
438	12	15	2.382	12,45,51,88,37,29,84,24,34,35,98,49,52,92,93,21,59,15,
438	13	14	2.245	13,95,34,35,24,84,29,83,98,49,52,92,93,21,44,14,
438	13	15	1.97	13,95,50,34,35,24,84,29,83,98,49,52,92,93,21,15,
438	14	15	2.07	14,34,24,35,49,47,86,28,67,25,78,87,55,59,21,15,
