202	0	1	2.118	0,71,48,85,53,39,82,97,83,66,63,59,29,38,81,86,1,
202	0	2	2.217	0,71,48,85,53,39,82,97,76,83,66,63,59,29,51,38,2,
202	0	3	2.126	0,71,48,85,53,39,82,97,76,83,66,63,59,29,51,58,3,
202	0	4	2.61	0,71,48,85,53,39,82,29,59,63,66,34,20,21,65,94,4,
202	0	5	2.572	0,71,48,85,53,39,82,97,76,83,66,34,20,21,31,95,40,88,52,5,
202	0	6	2.56	0,71,48,85,53,39,82,97,76,83,66,34,20,21,31,95,52,88,40,62,30,6,
202	0	7	2.657	0,71,85,53,39,82,97,76,83,66,34,20,21,31,95,88,52,62,30,67,74,7,
202	0	8	2.63	0,71,48,64,49,72,28,98,61,46,23,84,99,44,24,78,73,79,19,96,8,
202	0	9	2.431	0,71,48,64,72,28,98,61,46,23,84,99,44,24,78,73,35,79,32,9,
202	0	10	2.403	0,71,48,64,49,72,36,28,98,61,46,23,84,99,44,55,89,54,42,10,
202	0	11	2.279	0,71,48,64,72,36,28,98,61,46,23,84,99,44,55,77,89,56,11,
202	0	12	2.138	0,71,48,64,49,72,28,98,61,46,23,84,99,44,55,77,18,57,12,
202	0	13	1.976	0,71,48,64,49,41,72,36,28,98,61,46,93,75,25,13,
202	0	14	2.049	0,71,48,64,49,41,61,46,98,28,72,36,75,25,80,14,
202	0	15	2.367	0,71,48,64,49,41,28,98,61,46,93,75,36,72,26,15,
202	1	2	2.173	1,81,86,85,53,39,82,97,76,83,66,63,59,29,51,2,
202	1	3	2.18	1,81,86,85,53,39,82,97,76,83,66,63,59,29,51,3,
202	1	4	2.492	1,81,86,29,59,63,83,66,34,20,60,40,88,52,95,31,94,4,
202	1	5	2.459	1,81,86,38,29,59,63,83,66,34,20,21,31,95,60,40,88,52,5,
202	1	6	2.424	1,81,86,38,29,59,63,83,66,34,20,21,31,60,40,95,88,52,62,30,6,
202	1	7	2.686	1,81,86,38,29,59,63,83,66,34,20,21,31,95,40,88,52,62,30,67,74,7,
202	1	8	2.698	1,81,86,38,29,59,63,83,66,34,20,60,47,22,16,68,50,43,19,96,8,
202	1	9	2.542	1,81,86,38,29,59,63,66,83,70,33,37,87,24,78,73,35,79,32,9,
202	1	10	2.594	1,81,86,85,48,64,72,28,98,61,46,23,84,99,44,55,89,42,10,
202	1	11	2.42	1,81,86,85,48,64,72,28,98,61,23,84,99,44,55,89,56,11,
202	1	12	2.441	1,81,86,85,48,64,49,72,28,98,61,46,23,84,99,77,18,57,12,
202	1	13	2.258	1,81,86,85,48,64,49,72,36,28,98,61,46,93,75,25,13,
202	1	14	2.327	1,81,86,85,48,64,49,41,61,98,28,72,36,75,25,80,14,
202	1	15	2.134	1,81,86,29,59,63,66,83,97,82,39,53,85,48,26,15,
202	2	3	2.315	2,38,81,86,85,53,39,82,97,83,66,63,59,29,51,3,
202	2	4	2.286	2,38,29,59,63,66,34,20,60,40,88,52,95,31,94,4,
202	2	5	2.088	2,38,29,59,63,83,66,34,21,20,60,40,88,52,95,5,
202	2	6	2.455	2,38,29,59,63,66,83,34,20,21,31,60,40,88,95,52,62,67,30,6,
202	2	7	2.466	2,38,29,59,63,83,66,34,20,21,31,95,40,88,52,62,30,67,74,7,
202	2	8	2.657	2,38,29,59,63,83,66,34,20,21,31,95,88,40,47,22,16,68,50,96,8,
202	2	9	2.608	2,38,29,59,63,83,66,34,20,60,47,22,16,68,50,43,73,35,79,32,9,
202	2	10	2.789	2,38,29,59,63,83,66,34,20,60,47,22,16,68,50,43,35,79,90,17,10,
202	2	11	2.636	2,81,86,85,48,64,49,72,28,98,61,23,84,99,44,55,89,56,11,
202	2	12	2.544	2,38,81,86,85,48,64,49,41,72,36,28,98,61,46,91,18,57,12,
202	2	13	2.453	2,38,29,59,63,66,83,70,99,84,23,46,61,98,28,36,75,25,13,
202	2	14	2.446	2,38,29,59,63,83,70,99,84,23,46,61,98,28,36,72,80,14,
202	2	15	2.262	2,38,29,59,63,66,83,76,97,82,39,53,85,71,48,26,15,
202	3	4	2.367	3,58,51,29,59,63,66,34,20,60,40,88,95,31,94,4,
202	3	5	2.175	3,58,51,29,59,63,83,66,34,20,21,31,95,88,52,62,5,
202	3	6	1.929	3,58,51,29,59,63,83,66,34,21,31,95,88,52,62,30,6,
202	3	7	2.427	3,58,51,29,59,63,83,66,34,20,21,31,95,88,52,62,30,67,74,7,
202	3	8	2.597	3,58,51,29,59,63,66,83,70,33,37,92,22,16,68,50,43,19,96,8,
202	3	9	2.578	3,58,51,59,63,83,66,34,20,60,47,22,16,68,50,43,35,79,32,9,
202	3	10	2.836	3,58,51,59,63,83,66,34,20,60,47,22,16,68,50,43,35,79,90,17,10,
202	3	11	2.759	3,58,51,29,59,63,66,83,70,33,37,87,99,84,23,77,55,89,56,11,
202	3	12	2.633	3,58,51,29,59,63,66,83,70,33,37,87,24,44,55,77,91,18,57,12,
202	3	13	2.513	3,58,51,29,59,63,66,83,70,99,84,23,46,61,98,28,36,75,13,
202	3	14	2.513	3,58,51,29,59,63,66,83,70,99,84,23,46,61,98,28,72,80,14,
202	3	15	2.723	3,58,51,29,59,63,65,34,66,83,76,97,82,39,53,85,48,26,15,
202	4	5	2.454	4,58,51,29,59,63,83,66,34,21,20,60,40,88,95,5,
202	4	6	2.087	4,94,65,66,83,34,21,20,60,40,88,95,52,62,30,6,
202	4	7	2.295	4,94,21,31,95,52,88,40,60,47,22,16,68,50,69,74,7,
202	4	8	2.319	4,94,21,20,60,47,22,16,68,50,43,73,35,79,19,96,8,
202	4	9	2.643	4,94,21,20,31,95,52,88,40,60,47,22,16,68,50,43,73,35,79,32,9,
202	4	10	2.718	4,94,21,31,95,52,88,40,47,22,16,68,50,43,35,79,73,78,90,17,10,
202	4	11	2.824	4,94,21,20,60,47,22,16,68,50,43,35,79,73,78,90,54,42,56,11,
202	4	12	2.651	4,94,65,34,33,37,87,99,84,23,46,61,98,36,75,93,57,12,
202	4	13	2.672	4,94,65,34,33,37,87,24,44,99,84,23,46,61,98,28,36,25,13,
202	4	14	2.641	4,94,21,20,92,33,37,87,99,84,23,46,61,98,28,36,72,80,14,
202	4	15	2.766	4,94,21,20,92,33,37,87,99,84,23,46,61,98,28,72,26,15,
202	5	6	2.156	5,95,52,88,40,60,47,22,16,68,50,69,74,67,62,30,6,
202	5	7	2.361	5,62,52,88,95,31,21,20,60,40,47,22,16,68,50,69,74,7,
202	5	8	2.28	5,52,88,95,31,21,20,60,40,47,22,16,68,50,43,19,96,8,
202	5	9	2.433	5,62,52,95,88,40,60,47,22,16,68,50,43,73,79,35,19,27,32,9,
202	5	10	2.585	5,95,52,88,40,60,47,22,16,68,50,43,19,27,79,35,73,78,90,17,10,
202	5	11	2.686	5,95,52,88,40,60,47,22,16,68,50,43,35,79,73,78,90,54,42,56,11,
202	5	12	2.581	5,52,88,40,60,92,37,87,99,84,23,46,61,98,36,75,93,57,12,
202	5	13	2.551	5,95,88,40,60,92,33,37,87,99,84,23,46,61,98,28,36,75,13,
202	5	14	2.602	5,95,52,88,40,60,92,33,37,87,99,84,23,46,61,98,28,72,80,14,
202	5	15	2.682	5,95,52,88,40,60,20,21,34,66,83,76,97,82,39,53,85,48,26,15,
202	6	7	1.943	6,30,62,52,88,95,31,21,20,60,47,22,16,68,50,69,7,
202	6	8	1.865	6,30,62,52,88,40,47,22,68,50,43,73,35,79,19,96,8,
202	6	9	2.158	6,30,62,52,88,95,31,21,20,60,47,22,16,68,50,43,35,79,32,9,
202	6	10	2.319	6,30,62,52,88,40,47,22,16,68,50,43,35,79,73,78,90,54,42,10,
202	6	11	2.449	6,30,62,52,88,40,47,22,16,68,50,43,35,79,73,78,90,54,42,56,11,
202	6	12	2.467	6,30,62,52,88,95,31,21,34,33,37,87,24,44,55,77,91,18,57,12,
202	6	13	2.434	6,30,62,52,88,40,47,22,16,87,99,84,23,46,61,98,28,36,25,13,
202	6	14	2.541	6,30,62,52,88,40,47,22,68,16,87,99,84,23,46,61,98,28,72,80,14,
202	6	15	2.776	6,30,62,52,95,88,40,60,31,21,20,34,66,83,76,97,82,39,53,85,48,26,15,
202	7	8	1.929	7,74,67,30,62,52,95,88,40,47,22,16,68,50,96,8,
202	7	9	2.007	7,74,67,30,62,52,88,40,47,22,68,50,43,35,79,32,9,
202	7	10	2.089	7,69,50,68,22,16,43,35,79,73,78,90,54,42,17,10,
202	7	11	2.591	7,74,69,50,68,16,22,47,92,33,37,87,24,44,55,77,89,56,11,
202	7	12	2.384	7,69,50,68,16,87,99,84,23,46,61,98,28,36,75,93,57,12,
202	7	13	2.412	7,69,50,68,16,22,92,37,87,99,84,23,46,61,98,28,36,75,13,
202	7	14	2.493	7,69,50,68,16,22,92,33,37,87,99,84,23,46,61,98,28,72,80,14,
202	7	15	2.693	7,69,50,68,16,87,24,44,99,84,23,46,61,98,28,36,72,26,15,
202	8	9	2.023	8,96,50,68,47,22,16,43,19,79,35,73,78,90,32,9,
202	8	10	2.04	8,96,50,68,22,16,43,35,79,73,78,90,54,42,17,10,
202	8	11	2.08	8,96,19,35,73,78,24,44,99,84,23,77,55,89,56,11,
202	8	12	2.244	8,96,19,79,35,73,78,24,44,55,77,99,84,23,46,91,18,57,12,
202	8	13	2.175	8,96,19,79,35,73,78,24,44,99,84,23,46,61,98,28,36,75,13,
202	8	14	2.332	8,96,19,79,35,73,78,24,44,55,77,99,84,23,46,61,98,28,72,80,14,
202	8	15	2.563	8,96,19,79,35,73,78,24,44,55,77,99,84,23,46,61,98,28,72,26,15,
202	9	10	2.014	9,32,79,35,73,78,24,44,55,77,89,56,42,54,17,10,
202	9	11	1.962	9,32,79,35,73,78,24,44,99,84,23,77,55,89,56,11,
202	9	12	1.899	9,32,79,35,73,78,90,54,42,89,55,77,91,18,57,12,
202	9	13	2.058	9,32,79,35,73,78,24,44,99,84,23,46,61,98,28,36,75,25,13,
202	9	14	2.164	9,32,79,35,73,78,24,44,55,77,99,84,23,46,61,98,28,36,80,14,
202	9	15	2.469	9,32,79,73,78,24,44,55,77,99,84,23,46,61,98,36,28,72,26,15,
202	10	11	2.121	10,17,42,54,89,55,44,99,84,23,61,98,46,91,18,11,
202	10	12	1.861	10,42,89,55,44,99,84,23,61,98,36,75,93,57,12,
202	10	13	1.894	10,42,54,89,55,44,99,84,23,46,61,98,28,36,75,25,13,
202	10	14	2.038	10,17,42,89,77,55,44,99,84,23,46,61,98,28,36,72,80,14,
202	10	15	2.38	10,17,42,54,89,77,55,44,99,84,23,46,61,98,28,72,49,64,26,15,
202	11	12	1.791	11,56,89,44,99,84,23,46,61,98,36,75,93,57,12,
202	11	13	1.639	11,56,89,55,44,99,84,23,46,61,98,28,36,75,13,
202	11	14	1.702	11,56,89,77,55,44,99,84,23,46,61,98,28,72,14,
202	11	15	2.217	11,56,89,77,55,44,99,84,23,46,61,98,28,36,72,49,64,26,15,
202	12	13	1.655	12,57,18,77,55,44,99,84,23,46,61,98,28,36,25,13,
202	12	14	1.663	12,57,18,77,55,44,99,84,23,46,61,98,28,72,80,14,
202	12	15	1.894	12,57,18,77,55,44,99,84,23,46,61,98,28,72,26,15,
202	13	14	1.965	13,75,36,98,46,23,77,55,44,99,84,61,28,72,14,
202	13	15	1.98	13,25,75,36,28,98,61,46,23,84,45,41,49,64,26,15,
202	14	15	2.005	14,80,72,28,98,61,46,23,84,99,45,41,49,64,26,15,
