501	0	1	2.412	0,36,63,93,38,61,90,59,89,72,31,80,88,98,1,
501	0	2	2.213	0,36,93,34,63,72,31,80,88,27,44,92,50,23,19,2,
501	0	3	2.18	0,36,63,72,89,66,77,60,40,16,52,27,44,92,50,3,
501	0	4	2.415	0,36,93,34,89,66,77,60,40,16,52,27,44,92,55,74,82,4,
501	0	5	2.534	0,36,63,72,89,66,77,60,40,16,52,27,44,55,74,94,22,81,5,
501	0	6	2.533	0,36,63,72,89,66,77,60,48,64,46,45,33,35,57,95,51,68,6,
501	0	7	2.438	0,36,93,34,89,66,77,60,48,64,41,53,45,33,35,57,85,65,7,
501	0	8	2.442	0,36,63,72,89,66,77,60,48,64,97,86,54,41,53,96,75,62,84,8,
501	0	9	2.301	0,36,63,72,89,66,77,60,48,64,97,86,69,70,71,29,32,79,83,9,
501	0	10	2.337	0,36,63,72,89,66,77,48,64,97,86,54,41,53,99,29,32,67,10,
501	0	11	2.222	0,36,63,72,89,66,77,60,48,64,97,86,54,69,43,26,56,11,
501	0	12	2.423	0,36,63,72,89,66,77,60,48,64,97,86,54,69,43,26,49,12,
501	0	13	2.15	0,36,93,63,72,89,66,77,60,48,64,97,42,25,28,18,13,
501	0	14	2.038	0,36,63,72,89,66,77,48,64,97,42,25,90,61,14,
501	0	15	2.214	0,36,63,72,89,66,77,60,48,58,59,90,61,38,15,
501	1	2	2.381	1,98,47,63,72,31,80,88,27,44,55,92,50,23,19,2,
501	1	3	2.26	1,98,31,88,80,66,77,60,40,16,52,27,44,92,50,3,
501	1	4	2.506	1,98,31,88,80,66,77,60,40,16,52,27,44,92,55,74,82,4,
501	1	5	2.559	1,98,31,80,88,27,44,55,74,94,21,87,91,76,39,24,81,5,
501	1	6	2.562	1,98,31,66,77,48,64,97,86,54,41,53,45,33,35,95,51,68,6,
501	1	7	2.433	1,98,31,66,77,48,64,97,86,41,53,45,33,35,57,85,65,7,
501	1	8	2.449	1,98,31,66,77,60,48,64,97,86,54,41,53,45,33,75,62,84,8,
501	1	9	2.366	1,98,31,66,77,60,48,64,97,86,54,41,53,99,71,29,32,79,83,9,
501	1	10	2.466	1,98,31,88,80,66,77,60,48,64,97,86,54,41,53,99,29,32,67,10,
501	1	11	2.37	1,98,31,88,80,66,77,60,48,42,64,97,86,54,69,43,26,56,11,
501	1	12	2.541	1,98,47,63,93,34,72,89,66,77,60,48,64,97,42,25,28,18,12,
501	1	13	2.384	1,98,47,36,93,34,89,66,77,60,48,64,97,42,25,28,18,13,
501	1	14	2.078	1,98,31,66,77,60,48,64,97,42,25,90,59,61,14,
501	1	15	2.266	1,98,88,80,66,77,60,48,64,97,42,58,89,34,93,15,
501	2	3	2.373	2,19,23,44,27,52,16,20,91,87,94,74,55,92,50,3,
501	2	4	2.224	2,19,23,50,92,44,55,74,94,21,87,91,24,81,22,78,4,
501	2	5	2.342	2,19,23,50,92,55,74,94,21,87,91,76,95,51,39,24,81,5,
501	2	6	2.273	2,19,23,44,55,74,94,21,87,91,24,39,76,95,35,57,51,68,6,
501	2	7	2.207	2,19,23,44,55,74,94,21,87,91,24,39,76,51,95,35,57,85,65,7,
501	2	8	2.349	2,19,23,50,92,44,55,74,94,87,91,24,39,76,51,95,35,57,85,62,84,8,
501	2	9	2.421	2,19,23,44,55,74,94,87,91,24,39,76,95,35,57,75,96,73,29,32,79,83,9,
501	2	10	2.524	2,19,23,88,80,66,77,60,48,64,97,86,54,41,53,99,29,32,67,10,
501	2	11	2.456	2,19,23,88,80,66,77,60,48,42,64,97,86,41,54,69,43,56,11,
501	2	12	2.604	2,19,23,50,92,44,27,52,16,40,60,48,64,97,42,58,25,28,18,12,
501	2	13	2.507	2,19,23,88,80,31,72,89,66,77,60,48,64,97,42,25,28,18,13,
501	2	14	2.373	2,19,23,88,80,31,66,77,60,48,64,97,42,25,59,90,61,14,
501	2	15	2.158	2,19,23,50,92,44,27,88,80,31,72,63,34,93,36,15,
501	3	4	2.166	3,50,92,44,55,74,94,21,87,91,76,39,24,81,22,78,4,
501	3	5	2.248	3,50,92,55,74,94,87,91,76,95,35,57,85,51,39,24,81,5,
501	3	6	2.169	3,50,92,44,55,74,94,21,87,91,24,39,76,95,35,57,85,68,6,
501	3	7	2.082	3,50,92,44,55,74,94,21,87,91,24,39,76,51,95,35,57,85,65,7,
501	3	8	2.245	3,50,92,44,55,74,94,21,87,91,24,39,76,51,95,57,35,75,96,62,84,8,
501	3	9	2.292	3,50,92,55,74,94,87,91,24,39,76,51,95,35,57,75,96,73,29,32,79,83,9,
501	3	10	2.403	3,50,92,44,55,74,94,21,87,91,24,39,76,95,35,57,75,96,73,29,32,67,10,
501	3	11	2.546	3,50,92,55,74,94,21,87,91,76,95,57,35,33,45,53,41,54,69,43,56,11,
501	3	12	2.69	3,50,92,55,74,94,87,91,24,39,76,95,57,35,33,45,53,41,54,86,30,12,
501	3	13	2.514	3,50,92,44,27,52,16,20,37,40,60,48,64,97,42,25,28,18,13,
501	3	14	2.348	3,50,92,44,27,52,16,40,60,48,64,97,42,25,90,59,38,61,14,
501	3	15	2.425	3,50,92,44,27,52,16,40,60,64,48,77,66,89,72,63,36,15,
501	4	5	2.158	4,82,74,94,21,87,91,76,95,57,85,51,39,24,81,5,
501	4	6	2.024	4,82,74,94,21,87,91,24,39,76,95,57,85,51,68,6,
501	4	7	1.888	4,82,74,94,21,87,91,24,39,76,51,95,57,85,65,7,
501	4	8	1.896	4,78,22,87,91,24,39,76,95,35,57,85,75,96,62,84,8,
501	4	9	2.235	4,82,74,94,21,87,91,24,39,76,51,95,57,35,75,96,73,29,32,79,83,9,
501	4	10	2.417	4,82,74,94,21,87,91,24,39,76,95,57,35,33,45,53,99,29,32,67,10,
501	4	11	2.384	4,78,22,87,91,24,39,76,51,95,57,35,33,45,53,41,54,69,43,56,11,
501	4	12	2.535	4,78,22,87,91,24,39,76,51,85,57,35,33,45,53,41,54,86,30,12,
501	4	13	2.611	4,78,94,74,55,92,44,27,52,16,40,60,48,64,97,42,58,25,28,18,13,
501	4	14	2.438	4,82,74,55,27,52,16,40,60,48,64,97,42,25,90,59,38,61,14,
501	4	15	2.581	4,78,94,74,55,92,44,27,52,16,40,60,48,77,66,89,72,63,36,15,
501	5	6	2.074	5,81,87,91,24,39,76,51,95,57,35,33,96,75,85,68,6,
501	5	7	1.93	5,81,87,91,24,39,76,51,95,57,35,33,96,75,85,65,7,
501	5	8	1.845	5,81,87,91,24,39,76,51,85,57,35,33,96,62,84,8,
501	5	9	1.776	5,81,24,39,76,51,95,35,57,75,96,73,29,32,79,83,9,
501	5	10	2.259	5,81,87,91,24,39,76,51,95,57,35,33,45,53,99,71,29,32,67,10,
501	5	11	2.394	5,81,87,91,24,39,76,51,95,35,57,75,33,45,53,41,54,69,43,26,56,11,
501	5	12	2.539	5,81,87,91,24,39,76,51,85,57,35,33,45,53,41,54,69,43,26,49,12,
501	5	13	2.506	5,81,24,39,76,95,57,35,33,45,53,41,54,86,97,64,42,25,28,18,13,
501	5	14	2.475	5,81,24,39,51,57,35,33,45,53,41,54,86,97,42,25,90,61,14,
501	5	15	2.55	5,81,22,94,74,55,92,44,27,52,16,40,60,77,66,89,72,63,36,15,
501	6	7	2.013	6,68,24,91,76,39,51,95,57,35,33,45,96,75,85,65,7,
501	6	8	1.958	6,68,24,39,76,51,85,57,95,35,33,45,96,75,62,84,8,
501	6	9	1.755	6,24,39,76,51,95,35,57,85,75,96,73,29,32,79,83,9,
501	6	10	2.199	6,24,39,76,51,95,35,57,85,75,33,45,53,99,71,29,32,67,10,
501	6	11	2.299	6,24,39,76,51,95,35,57,85,75,96,33,45,53,41,54,69,43,26,56,11,
501	6	12	2.503	6,24,39,76,95,57,35,33,45,53,41,54,86,97,64,42,25,28,18,12,
501	6	13	2.431	6,68,51,95,57,35,33,45,53,41,54,86,97,64,48,58,25,28,18,13,
501	6	14	2.429	6,68,51,85,57,35,33,45,53,41,54,86,64,97,42,25,90,59,61,14,
501	6	15	2.483	6,68,51,57,35,33,45,53,41,54,86,97,64,48,77,66,89,34,93,15,
501	7	8	1.904	7,65,68,24,91,76,39,51,85,57,35,33,75,96,62,84,8,
501	7	9	1.644	7,65,85,57,35,33,45,53,99,71,29,32,79,83,9,
501	7	10	1.868	7,65,85,51,95,57,35,33,45,53,99,73,29,32,67,10,
501	7	11	2.076	7,65,85,51,95,35,57,75,96,33,45,53,41,54,69,43,26,56,11,
501	7	12	2.33	7,65,85,57,95,35,33,45,53,41,54,86,97,64,42,25,28,18,12,
501	7	13	2.345	7,65,85,57,35,33,45,53,41,54,86,97,64,42,48,58,25,28,18,13,
501	7	14	2.492	7,65,85,51,95,57,35,33,45,53,41,54,86,97,64,42,25,90,59,38,61,14,
501	7	15	2.436	7,65,85,57,35,33,45,53,41,54,86,97,64,48,77,66,89,72,63,36,15,
501	8	9	1.641	8,84,62,85,57,35,33,45,53,99,29,32,79,83,9,
501	8	10	1.795	8,84,62,85,57,35,33,45,53,99,71,29,32,67,10,
501	8	11	1.962	8,84,62,85,51,95,57,35,33,45,53,41,54,69,43,56,11,
501	8	12	2.258	8,84,62,96,75,85,57,95,35,33,45,53,41,54,69,43,26,49,12,
501	8	13	2.233	8,84,62,85,57,35,33,45,53,41,54,86,97,64,42,25,28,18,13,
501	8	14	2.309	8,84,62,85,57,35,33,45,53,41,54,86,97,64,42,25,59,90,61,14,
501	8	15	2.415	8,84,62,96,45,53,41,54,86,97,64,48,60,77,66,89,72,63,36,15,
501	9	10	1.892	9,83,79,32,29,73,99,53,41,54,86,69,70,71,67,10,
501	9	11	1.728	9,83,79,32,29,71,99,53,41,54,86,69,43,56,11,
501	9	12	2.029	9,83,79,32,29,99,53,41,54,86,97,64,42,25,28,18,12,
501	9	13	2.005	9,83,79,32,29,73,99,53,41,54,86,97,64,42,25,28,18,13,
501	9	14	2.081	9,83,79,32,29,73,99,53,41,54,86,97,64,42,25,59,90,61,14,
501	9	15	2.107	9,83,79,32,29,71,54,86,97,64,48,60,77,66,89,34,93,15,
501	10	11	1.892	10,67,32,29,71,99,53,41,54,69,70,17,43,26,56,11,
501	10	12	2.072	10,67,32,29,71,70,69,86,97,64,42,25,28,18,12,
501	10	13	1.971	10,67,32,29,71,70,69,86,97,64,42,25,28,18,13,
501	10	14	1.987	10,67,32,29,71,54,86,97,64,42,25,90,59,61,14,
501	10	15	2.247	10,67,32,29,71,54,86,97,64,48,60,77,66,89,72,63,36,15,
501	11	12	2.06	11,56,26,43,69,54,86,97,64,48,58,25,28,18,12,
501	11	13	1.959	11,56,26,43,69,54,86,97,64,48,58,25,28,18,13,
501	11	14	1.955	11,56,43,69,54,86,97,64,42,25,90,59,38,61,14,
501	11	15	2.087	11,56,26,43,69,86,97,64,48,60,77,66,89,72,63,36,15,
501	12	13	2.252	12,28,25,42,97,64,48,60,77,66,89,59,90,61,13,
501	12	14	2.079	12,28,25,42,97,64,48,60,77,66,89,59,90,61,14,
501	12	15	2.185	12,18,28,25,42,97,64,48,60,77,66,89,34,93,63,36,15,
501	13	14	1.982	13,18,28,25,42,97,64,48,77,66,89,59,90,61,14,
501	13	15	1.941	13,18,28,25,42,97,64,48,77,66,89,72,63,36,15,
501	14	15	1.983	14,61,90,25,42,97,64,48,77,66,89,72,63,36,15,
