309	0	1	2.373	0,65,51,83,55,59,86,28,90,32,98,75,66,88,73,1,
309	0	2	2.229	0,65,51,83,90,32,98,75,66,88,22,16,36,45,20,2,
309	0	3	2.48	0,76,33,49,96,86,59,55,83,51,65,88,66,22,16,36,45,20,3,
309	0	4	2.431	0,73,22,88,66,75,98,32,69,97,50,95,80,92,74,23,4,
309	0	5	2.375	0,73,22,88,66,75,98,32,69,50,95,97,74,31,85,63,17,5,
309	0	6	2.58	0,73,22,88,66,75,98,32,69,97,50,95,64,27,91,42,87,71,82,79,6,
309	0	7	2.571	0,73,22,88,66,75,98,32,69,97,50,95,64,27,47,53,34,72,99,7,
309	0	8	2.431	0,73,88,66,75,98,32,69,97,50,95,64,27,47,53,34,72,99,8,
309	0	9	2.524	0,73,22,88,66,75,98,32,90,89,39,30,78,46,24,84,38,81,37,9,
309	0	10	2.48	0,73,22,88,66,75,98,32,90,89,39,30,78,46,24,84,38,61,37,10,
309	0	11	2.387	0,73,88,66,75,98,32,90,28,44,29,70,40,25,60,35,54,41,57,11,
309	0	12	2.151	0,73,22,88,66,98,32,90,28,44,29,70,40,25,60,35,54,18,12,
309	0	13	1.901	0,73,22,88,65,51,83,55,59,86,49,96,19,67,77,13,
309	0	14	1.896	0,73,22,66,75,98,32,90,83,55,59,86,96,49,58,14,
309	0	15	2.056	0,73,22,88,66,75,98,32,90,83,55,59,86,96,49,15,
309	1	2	2.51	1,73,65,51,83,55,59,86,44,28,90,98,75,16,43,2,
309	1	3	2.274	1,73,22,66,88,65,51,83,90,32,98,75,36,45,20,3,
309	1	4	2.316	1,73,22,88,66,75,98,32,69,97,80,92,31,74,23,4,
309	1	5	2.33	1,73,22,88,66,75,98,32,69,97,50,95,80,92,85,63,17,5,
309	1	6	2.381	1,73,22,88,66,75,98,32,69,97,50,95,80,92,87,71,82,79,6,
309	1	7	2.431	1,73,22,88,66,75,69,97,50,95,64,47,53,34,72,99,7,
309	1	8	2.51	1,73,22,88,66,75,98,32,69,97,50,95,64,27,47,53,34,72,99,8,
309	1	9	2.687	1,73,22,88,66,75,98,32,90,89,39,30,78,46,24,84,38,81,61,37,21,9,
309	1	10	2.575	1,73,22,88,66,75,98,32,90,28,56,44,29,70,40,25,60,35,41,10,
309	1	11	2.358	1,73,22,88,66,75,98,32,90,28,56,44,29,70,40,60,35,54,57,11,
309	1	12	2.235	1,73,22,88,66,75,98,32,90,28,44,29,70,40,25,60,35,54,18,12,
309	1	13	2.209	1,73,22,88,66,75,98,32,90,51,83,55,59,86,96,19,67,77,13,
309	1	14	1.906	1,73,22,88,66,98,32,90,83,55,59,86,96,49,58,14,
309	1	15	2.079	1,73,22,88,66,75,98,32,90,83,55,59,86,96,49,15,
309	2	3	2.374	2,43,16,22,66,88,65,51,83,90,98,75,36,45,20,3,
309	2	4	2.358	2,43,22,88,66,75,98,32,69,97,74,31,85,63,17,4,
309	2	5	2.374	2,43,16,22,88,66,75,98,90,32,69,97,74,31,85,63,17,5,
309	2	6	2.403	2,43,22,88,66,75,98,90,32,69,97,80,92,87,71,82,79,6,
309	2	7	2.46	2,43,16,75,98,32,69,97,50,95,64,27,47,53,34,72,99,7,
309	2	8	2.467	2,43,16,22,88,66,75,69,97,50,95,64,27,47,53,34,72,99,8,
309	2	9	2.599	2,43,22,88,66,75,98,32,90,89,39,30,78,46,24,84,38,61,37,21,9,
309	2	10	2.659	2,43,22,88,66,75,98,32,90,89,39,30,78,46,24,84,38,81,61,37,10,
309	2	11	2.479	2,43,16,22,88,66,75,98,32,90,28,56,44,29,70,40,25,60,35,54,57,11,
309	2	12	2.346	2,43,22,88,66,75,98,32,90,28,56,44,29,70,40,25,60,35,54,18,12,
309	2	13	2.416	2,43,16,22,88,66,75,98,32,90,28,44,29,70,25,40,68,93,77,13,
309	2	14	2.153	2,43,16,22,88,66,75,98,32,90,51,83,55,59,86,96,49,58,14,
309	2	15	2.061	2,43,16,22,66,88,65,51,83,55,59,86,96,49,33,76,15,
309	3	4	2.364	3,20,45,36,16,22,88,66,98,32,69,97,74,31,23,4,
309	3	5	2.179	3,20,45,36,16,75,98,32,69,97,74,31,85,63,17,5,
309	3	6	2.276	3,20,45,36,69,97,50,95,64,27,91,42,87,71,82,79,6,
309	3	7	2.503	3,20,45,36,16,75,69,97,50,95,64,27,47,53,34,72,99,7,
309	3	8	2.419	3,20,45,36,16,75,69,97,50,95,64,27,47,53,34,72,99,8,
309	3	9	2.556	3,20,45,36,16,75,98,32,90,89,39,30,78,46,24,84,38,61,37,9,
309	3	10	2.54	3,20,45,36,16,75,98,32,90,89,39,78,46,24,84,38,61,37,10,
309	3	11	2.431	3,20,45,36,16,75,98,32,90,28,56,44,29,70,40,25,60,35,54,57,11,
309	3	12	2.486	3,20,45,36,16,22,88,66,98,32,90,28,44,29,70,40,25,60,35,54,18,12,
309	3	13	2.447	3,20,45,36,16,22,88,66,75,98,32,90,51,83,55,59,86,96,19,77,13,
309	3	14	2.26	3,20,45,36,16,22,88,66,75,98,32,90,83,55,59,86,96,49,14,
309	3	15	2.391	3,20,45,36,16,22,88,66,75,98,32,90,83,55,59,86,96,49,15,
309	4	5	2.136	4,23,74,31,92,80,64,27,47,91,42,87,71,85,17,5,
309	4	6	2.147	4,17,63,85,31,74,92,80,64,27,91,42,87,71,82,79,6,
309	4	7	2.325	4,17,63,85,87,71,82,79,42,91,64,27,47,53,34,72,99,7,
309	4	8	2.303	4,23,74,31,92,87,71,82,42,91,64,27,47,53,34,72,99,8,
309	4	9	2.582	4,23,74,31,92,87,71,82,42,52,91,64,27,47,53,34,72,26,21,9,
309	4	10	2.609	4,23,74,31,92,80,95,50,30,39,89,78,46,24,84,38,81,61,37,10,
309	4	11	2.525	4,23,74,31,92,80,95,50,39,30,78,46,29,70,40,25,60,35,54,57,11,
309	4	12	2.471	4,23,74,31,92,80,95,50,39,30,78,46,29,70,40,25,60,35,54,18,12,
309	4	13	2.588	4,23,31,74,97,69,75,98,32,90,51,83,55,59,86,96,19,67,77,13,
309	4	14	2.598	4,23,74,31,92,80,95,50,30,39,89,56,44,28,55,59,86,96,49,58,14,
309	4	15	2.456	4,23,74,31,92,80,95,50,97,69,75,98,32,90,51,33,76,15,
309	5	6	1.895	5,17,63,85,31,74,80,64,27,91,42,87,71,82,79,6,
309	5	7	1.845	5,17,63,85,71,87,42,64,27,47,53,34,72,99,7,
309	5	8	1.761	5,17,63,85,71,87,42,64,27,47,53,34,72,99,8,
309	5	9	2.179	5,17,63,85,87,71,82,79,42,91,64,27,47,53,34,72,26,21,9,
309	5	10	2.328	5,17,63,85,71,87,42,91,64,27,47,53,34,26,81,38,61,37,10,
309	5	11	2.38	5,17,63,85,92,80,95,50,39,30,78,46,29,70,40,25,60,35,54,57,11,
309	5	12	2.383	5,17,63,85,92,80,95,50,39,89,56,44,29,70,25,40,60,35,54,18,12,
309	5	13	2.512	5,17,63,85,31,74,97,50,95,30,39,89,56,44,29,70,40,93,77,13,
309	5	14	2.42	5,17,63,85,31,74,97,69,75,98,32,90,51,83,55,59,86,96,49,58,14,
309	5	15	2.61	5,17,63,85,31,74,97,69,75,98,32,90,51,83,55,59,86,96,49,76,15,
309	6	7	1.754	6,79,82,71,87,42,91,64,27,47,53,34,72,99,7,
309	6	8	1.67	6,79,82,71,87,42,91,64,27,47,53,34,72,99,8,
309	6	9	1.818	6,79,82,71,87,42,91,64,27,47,53,34,72,26,21,9,
309	6	10	2.2	6,79,82,71,87,42,91,64,27,47,53,34,26,81,38,61,37,10,
309	6	11	2.373	6,79,82,71,87,92,80,95,50,39,30,78,46,29,70,25,60,35,54,57,11,
309	6	12	2.319	6,79,82,71,87,92,80,95,50,39,30,78,46,29,70,25,60,35,54,18,12,
309	6	13	2.345	6,79,82,71,87,92,80,95,50,39,30,78,46,29,70,25,40,93,77,13,
309	6	14	2.455	6,79,82,71,87,92,80,97,69,75,98,32,90,83,55,59,86,96,49,58,14,
309	6	15	2.584	6,79,82,71,87,42,91,27,64,95,50,97,69,75,98,32,90,51,33,76,15,
309	7	8	1.845	7,79,82,71,87,42,91,64,27,47,53,34,72,99,8,
309	7	9	1.993	7,79,82,71,87,42,91,64,27,47,53,34,72,26,21,9,
309	7	10	2.156	7,52,42,91,64,27,47,53,72,34,81,38,61,37,10,
309	7	11	2.077	7,99,72,34,26,81,38,84,24,48,41,35,60,54,57,11,
309	7	12	2.285	7,99,72,53,34,26,81,38,84,24,46,29,70,40,25,60,35,54,18,12,
309	7	13	2.44	7,99,72,34,26,81,38,84,24,46,78,56,28,44,29,70,25,40,93,13,
309	7	14	2.413	7,99,72,34,26,81,38,84,24,46,78,56,44,28,55,59,86,96,58,14,
309	7	15	2.529	7,99,72,34,53,47,27,64,95,50,97,69,32,98,90,83,51,33,76,15,
309	8	9	2.123	8,99,72,34,53,47,30,39,78,46,24,84,61,37,9,
309	8	10	2.119	8,99,52,91,64,27,47,53,34,72,26,81,61,37,10,
309	8	11	1.993	8,99,72,34,26,81,38,84,24,48,41,35,60,54,57,11,
309	8	12	2.065	8,99,72,34,26,81,38,84,24,46,29,70,40,60,35,54,18,12,
309	8	13	2.129	8,99,72,34,26,81,38,84,24,46,29,70,40,68,93,77,13,
309	8	14	2.329	8,99,72,34,26,81,38,84,24,46,78,56,44,28,55,59,86,96,58,14,
309	8	15	2.445	8,99,72,34,53,47,27,64,95,50,97,69,32,98,90,83,51,33,76,15,
309	9	10	2.186	9,21,37,61,38,84,24,46,29,70,40,25,60,35,41,10,
309	9	11	1.977	9,21,37,61,38,84,24,46,29,70,40,25,60,35,54,57,11,
309	9	12	1.923	9,21,37,61,38,84,24,46,29,70,40,25,60,35,54,18,12,
309	9	13	2.07	9,21,81,38,84,24,46,78,56,44,29,70,25,40,93,77,13,
309	9	14	2.224	9,21,37,61,38,84,24,46,78,56,44,28,55,59,86,96,49,58,14,
309	9	15	2.551	9,37,61,38,84,24,46,78,30,39,89,56,44,86,96,49,59,55,33,76,15,
309	10	11	2.075	10,37,61,38,84,24,46,78,56,44,29,70,60,54,57,11,
309	10	12	1.99	10,37,61,38,84,24,46,29,70,40,25,60,35,54,18,62,12,
309	10	13	2.104	10,37,61,38,84,24,46,78,56,44,86,96,19,67,77,13,
309	10	14	2.268	10,41,35,60,25,40,70,29,44,56,28,55,59,86,96,19,67,58,14,
309	10	15	2.386	10,41,35,60,25,70,29,40,68,19,67,58,49,96,86,59,55,33,76,15,
309	11	12	1.901	11,57,54,35,60,25,70,29,40,68,19,67,77,93,62,18,12,
309	11	13	1.719	11,57,54,35,60,25,70,29,40,68,86,96,19,67,77,13,
309	11	14	1.742	11,57,41,35,60,25,70,29,40,68,93,77,19,67,58,14,
309	11	15	2.135	11,57,54,35,60,70,25,40,68,19,67,58,49,96,86,59,55,33,76,15,
309	12	13	1.729	12,18,54,35,60,25,70,29,40,93,68,86,96,19,77,13,
309	12	14	1.719	12,18,54,35,60,70,25,40,93,68,19,96,86,49,58,14,
309	12	15	1.816	12,18,54,35,60,25,70,29,40,68,19,96,86,59,33,76,15,
309	13	14	1.726	13,77,93,62,18,54,35,60,40,25,70,29,68,19,67,58,14,
309	13	15	1.863	13,77,93,40,25,70,29,68,19,96,86,59,55,33,76,15,
309	14	15	1.977	14,67,19,68,40,25,70,29,44,56,28,55,59,33,76,15,
