271	0	1	2.195	0,40,84,70,76,98,34,45,44,65,17,59,51,81,63,91,1,
271	0	2	1.994	0,40,84,70,76,98,34,66,45,44,65,17,59,58,51,2,
271	0	3	2.102	0,39,84,70,76,98,34,66,45,22,99,65,17,44,58,59,3,
271	0	4	2.359	0,40,84,70,76,98,58,59,17,44,65,99,22,45,80,48,42,77,28,4,
271	0	5	2.419	0,40,84,70,76,98,34,58,59,44,17,65,99,22,45,80,48,42,77,28,5,
271	0	6	2.617	0,40,84,70,76,98,58,59,44,17,65,99,22,48,42,28,77,56,25,46,6,
271	0	7	2.574	0,40,84,70,76,98,34,66,54,49,64,29,86,36,72,78,93,68,35,18,7,
271	0	8	2.693	0,40,84,70,98,34,66,54,49,64,29,86,36,72,78,93,41,75,71,8,
271	0	9	2.735	0,39,52,92,87,37,33,16,96,88,90,82,83,27,89,74,23,9,
271	0	10	2.526	0,39,52,92,87,37,33,16,96,85,88,21,90,82,83,27,89,10,
271	0	11	2.385	0,39,52,92,87,37,33,16,43,96,85,88,21,90,61,82,83,27,11,
271	0	12	2.609	0,40,39,52,92,87,37,33,16,96,85,88,90,61,82,83,21,12,
271	0	13	2.443	0,40,84,39,52,92,87,37,33,16,24,96,85,31,13,
271	0	14	2.509	0,40,84,70,76,98,34,30,57,53,95,94,47,87,37,14,
271	0	15	2.612	0,40,84,70,76,98,34,66,54,53,95,94,47,87,37,15,
271	1	2	1.95	1,63,70,76,98,34,45,22,99,65,17,44,58,59,51,81,2,
271	1	3	2.011	1,63,70,76,98,34,66,45,22,99,65,17,44,58,59,51,3,
271	1	4	2.096	1,91,70,76,98,58,59,44,17,65,99,22,45,80,48,42,77,28,4,
271	1	5	2.211	1,91,70,76,58,59,44,17,65,99,22,45,66,54,80,48,42,77,28,5,
271	1	6	2.449	1,91,70,76,98,58,59,17,65,44,45,66,54,80,48,42,77,56,46,6,
271	1	7	2.563	1,91,70,76,58,59,17,65,99,22,45,66,54,49,64,38,78,93,68,35,7,
271	1	8	2.672	1,91,63,76,58,59,17,65,44,45,66,54,49,64,38,78,93,41,75,71,8,
271	1	9	2.773	1,91,70,76,98,34,66,54,49,64,29,86,36,72,32,69,50,67,20,62,9,
271	1	10	2.67	1,91,84,39,52,92,87,37,33,16,96,85,88,21,90,82,83,27,89,10,
271	1	11	2.508	1,84,39,52,92,87,37,33,16,96,85,88,21,90,61,82,89,83,27,11,
271	1	12	2.744	1,91,70,76,98,30,57,53,95,94,55,47,87,37,33,16,96,85,31,12,
271	1	13	2.503	1,91,70,76,98,30,57,53,95,94,92,87,37,33,43,13,
271	1	14	2.387	1,91,70,76,98,34,66,54,57,53,95,94,47,87,37,14,
271	1	15	2.452	1,63,81,51,59,17,65,44,58,98,76,70,84,39,52,97,15,
271	2	3	1.715	2,63,76,98,34,66,54,80,22,45,65,17,44,58,59,3,
271	2	4	1.657	2,51,59,58,44,17,65,99,22,45,80,48,42,77,28,4,
271	2	5	2.013	2,81,51,59,58,44,17,65,99,22,45,66,54,49,80,48,42,77,28,5,
271	2	6	2.18	2,51,59,58,44,17,65,99,22,45,66,54,80,48,42,77,56,46,6,
271	2	7	2.366	2,51,58,59,17,65,44,45,66,54,49,64,29,86,36,72,78,93,68,35,7,
271	2	8	2.478	2,51,59,17,65,44,45,66,54,49,64,29,86,36,72,78,93,41,75,71,8,
271	2	9	2.609	2,81,51,58,59,17,65,44,45,66,54,49,64,29,86,36,72,60,73,62,9,
271	2	10	2.674	2,51,59,44,17,65,99,22,45,66,54,49,64,29,86,32,69,50,74,10,
271	2	11	2.558	2,63,91,84,39,52,92,87,37,33,16,96,85,88,21,90,61,82,83,27,11,
271	2	12	2.699	2,51,59,44,17,65,22,45,66,54,53,95,94,55,33,16,96,85,31,12,
271	2	13	2.664	2,51,59,44,17,65,99,22,45,66,54,53,95,94,55,33,16,43,13,
271	2	14	2.245	2,51,59,17,65,45,66,54,53,95,94,47,87,37,14,
271	2	15	2.197	2,51,58,59,17,65,44,45,34,98,76,70,84,39,97,15,
271	3	4	1.569	3,59,44,17,65,99,22,45,66,54,80,48,42,77,28,4,
271	3	5	1.541	3,59,44,17,65,99,22,45,66,54,80,48,42,77,28,5,
271	3	6	1.958	3,59,58,44,17,65,99,22,45,66,54,49,64,38,25,46,6,
271	3	7	1.947	3,59,44,17,65,99,22,45,66,54,49,64,38,78,93,68,35,7,
271	3	8	2.143	3,59,44,17,65,99,22,45,66,54,49,64,38,78,93,41,75,71,8,
271	3	9	2.353	3,59,17,65,99,22,45,66,54,49,64,29,86,36,72,60,73,62,9,
271	3	10	2.587	3,59,44,17,65,99,22,45,66,54,49,64,29,86,32,69,50,67,20,74,10,
271	3	11	2.464	3,59,17,65,44,45,66,54,57,53,95,94,55,24,61,90,82,83,27,11,
271	3	12	2.531	3,59,44,17,65,99,22,45,66,54,53,95,94,47,33,16,96,85,31,12,
271	3	13	2.527	3,59,44,17,65,99,22,45,66,54,53,95,94,92,87,37,33,13,
271	3	14	2.504	3,59,58,44,17,65,99,22,45,66,54,57,53,95,94,55,47,87,37,14,
271	3	15	2.381	3,59,44,17,65,99,22,80,54,66,34,98,76,70,84,39,52,97,15,
271	4	5	1.711	4,99,22,65,17,44,45,66,54,49,80,48,42,77,28,5,
271	4	6	1.901	4,99,65,17,59,58,44,45,22,80,48,42,77,56,46,6,
271	4	7	2.024	4,99,65,17,59,44,45,66,54,49,64,38,78,93,68,35,7,
271	4	8	2.178	4,99,22,65,17,44,45,66,54,64,38,78,93,41,75,71,8,
271	4	9	2.476	4,99,22,65,17,44,45,66,54,49,64,29,86,36,72,60,73,62,9,
271	4	10	2.555	4,28,77,42,48,80,49,64,29,86,36,72,32,69,50,67,20,74,10,
271	4	11	2.519	4,99,65,17,44,45,66,54,53,95,94,55,24,61,90,82,83,27,11,
271	4	12	2.617	4,99,65,17,59,44,45,66,54,53,95,94,55,33,16,96,85,31,12,
271	4	13	2.712	4,99,65,17,59,44,45,66,54,53,95,94,47,87,37,33,16,43,13,
271	4	14	2.666	4,99,22,45,44,65,17,59,58,34,98,76,70,84,39,52,92,87,37,14,
271	4	15	2.556	4,99,22,65,17,59,58,44,45,66,34,98,76,70,84,39,52,97,15,
271	5	6	2.024	5,28,77,42,48,79,38,36,86,72,78,93,68,25,46,6,
271	5	7	1.91	5,28,77,42,48,80,66,54,49,64,38,78,93,68,35,7,
271	5	8	2.106	5,28,77,42,48,80,66,54,49,64,38,78,93,41,75,71,8,
271	5	9	2.454	5,28,77,42,48,79,38,36,86,72,78,93,41,75,71,73,62,9,
271	5	10	2.47	5,28,77,42,48,80,49,64,29,86,36,72,32,69,50,67,74,10,
271	5	11	2.507	5,28,77,42,48,80,66,54,53,95,94,55,24,61,90,82,83,27,11,
271	5	12	2.624	5,28,77,42,48,80,66,54,53,95,94,47,87,37,33,16,96,85,12,
271	5	13	2.747	5,28,77,42,48,80,49,54,66,57,53,95,94,47,87,37,33,16,43,13,
271	5	14	2.689	5,28,77,42,48,22,99,65,17,44,45,66,54,53,95,94,92,87,37,14,
271	5	15	2.595	5,28,77,42,48,99,22,45,65,17,44,59,58,76,70,84,39,52,97,15,
271	6	7	1.994	6,46,25,68,93,78,38,36,86,72,60,41,75,18,35,7,
271	6	8	2.033	6,46,25,68,93,78,72,36,86,32,69,50,67,20,73,8,
271	6	9	1.919	6,46,25,68,93,78,72,36,86,32,69,50,67,20,62,9,
271	6	10	2.277	6,46,25,68,35,41,93,78,72,36,86,32,69,50,67,20,74,10,
271	6	11	2.236	6,46,25,68,93,78,72,36,86,32,69,50,19,61,90,82,83,27,11,
271	6	12	2.425	6,46,25,68,93,78,72,36,86,32,69,50,19,89,82,90,21,88,12,
271	6	13	2.673	6,46,25,68,93,78,72,36,86,32,69,50,19,61,90,88,85,31,13,
271	6	14	2.689	6,46,25,68,93,78,72,36,86,29,53,95,94,55,47,92,87,37,14,
271	6	15	2.766	6,46,25,68,93,78,72,36,86,29,53,95,94,55,47,92,87,37,15,
271	7	8	1.941	7,35,68,93,78,72,36,86,32,69,50,67,20,73,71,8,
271	7	9	1.854	7,18,35,68,93,78,72,36,86,32,69,50,67,20,23,9,
271	7	10	2.164	7,18,75,41,93,78,72,36,86,32,69,50,67,20,23,74,10,
271	7	11	2.156	7,35,68,93,78,72,36,86,32,69,50,19,89,82,90,21,83,27,11,
271	7	12	2.364	7,18,35,68,93,78,72,36,86,32,69,50,19,89,83,82,90,21,88,12,
271	7	13	2.532	7,18,75,71,73,20,67,50,19,89,27,83,82,90,88,96,85,31,13,
271	7	14	2.516	7,18,75,41,93,78,72,36,86,29,53,95,94,55,47,87,37,14,
271	7	15	2.871	7,18,35,68,93,78,72,36,86,29,64,49,54,66,34,98,76,70,39,97,15,
271	8	9	1.919	8,71,75,41,93,78,72,36,86,32,69,50,67,20,62,9,
271	8	10	1.933	8,71,75,41,93,78,72,36,86,32,69,50,67,74,10,
271	8	11	1.961	8,73,62,20,67,50,74,89,27,83,82,61,90,88,21,11,
271	8	12	2.423	8,71,75,41,93,78,72,36,86,32,69,50,19,61,90,82,21,88,12,
271	8	13	2.443	8,71,73,20,67,50,19,89,27,83,82,61,90,21,88,96,85,31,13,
271	8	14	2.42	8,71,75,41,93,78,72,36,86,29,53,95,94,47,87,37,14,
271	8	15	2.673	8,71,75,18,35,68,93,78,72,36,86,29,53,95,94,92,87,37,15,
271	9	10	2.097	9,23,20,67,50,19,61,90,88,21,82,83,27,89,74,10,
271	9	11	2.172	9,23,74,89,27,83,82,90,61,24,16,96,88,21,11,
271	9	12	2.27	9,62,20,67,50,74,19,89,27,83,82,61,90,21,88,96,85,31,12,
271	9	13	2.568	9,23,74,19,89,27,83,82,21,88,90,61,24,16,43,96,85,31,13,
271	9	14	2.369	9,23,74,89,27,83,82,90,21,88,85,96,16,33,87,37,14,
271	9	15	2.535	9,23,74,19,89,27,83,82,90,21,88,85,96,16,33,87,37,15,
271	10	11	1.978	10,23,20,67,50,19,74,89,27,83,82,61,90,88,21,11,
271	10	12	1.899	10,23,74,19,89,27,83,82,61,90,21,88,96,85,31,12,
271	10	13	1.978	10,74,19,89,27,83,82,61,90,21,88,85,96,16,43,13,
271	10	14	2.257	10,74,19,89,27,83,82,90,21,88,85,96,16,33,87,37,14,
271	10	15	2.423	10,74,19,89,27,83,82,61,90,21,88,85,96,16,33,87,37,15,
271	11	12	1.893	11,27,83,89,82,61,90,21,88,85,96,16,33,43,31,12,
271	11	13	2.009	11,27,83,89,82,61,90,21,88,85,96,16,33,43,31,13,
271	11	14	1.766	11,27,83,82,61,90,21,88,85,96,16,33,87,37,14,
271	11	15	2.314	11,27,83,89,82,61,90,21,88,85,96,43,16,33,37,87,97,15,
271	12	13	2.14	12,31,85,96,88,90,82,83,27,89,61,24,16,43,13,
271	12	14	2.146	12,88,21,83,27,89,82,61,90,96,16,33,87,37,14,
271	12	15	2.224	12,21,83,27,89,82,90,88,85,96,16,33,87,37,15,
271	13	14	2.347	13,31,85,88,21,83,82,90,61,24,16,33,87,37,14,
271	13	15	2.424	13,31,85,88,21,83,82,90,61,24,16,33,87,37,15,
271	14	15	2.729	14,37,87,47,94,95,53,57,30,98,76,70,84,39,97,15,
