388	0	1	2.591	0,30,44,79,66,81,87,90,29,57,85,89,86,38,56,1,
388	0	2	2.52	0,32,44,79,66,81,87,90,29,57,85,89,86,38,80,2,
388	0	3	2.271	0,32,56,38,86,45,69,37,93,31,17,46,62,60,3,
388	0	4	2.426	0,32,44,87,90,29,57,85,20,27,94,73,37,93,31,17,46,62,4,
388	0	5	2.637	0,32,44,87,90,29,57,89,85,20,27,94,73,37,93,31,17,46,83,5,
388	0	6	2.632	0,32,56,38,86,89,85,20,27,94,73,37,93,31,26,35,47,36,33,6,
388	0	7	2.64	0,32,56,38,86,89,85,20,73,37,93,31,36,26,35,47,33,92,23,55,59,7,
388	0	8	2.741	0,32,56,38,86,89,85,20,27,94,35,26,36,47,53,58,78,75,88,52,8,
388	0	9	2.841	0,32,56,38,86,89,85,20,27,94,35,26,36,47,58,78,84,70,97,9,
388	0	10	2.716	0,32,56,38,29,90,87,79,19,71,22,50,39,54,67,64,98,72,40,10,
388	0	11	2.473	0,32,44,79,66,81,34,63,96,77,21,24,54,67,64,98,95,72,11,
388	0	12	2.534	0,32,56,38,29,90,87,81,76,34,63,96,77,21,24,54,67,12,
388	0	13	2.503	0,32,56,38,86,29,57,90,87,79,19,71,22,50,39,41,18,13,
388	0	14	2.393	0,32,56,38,86,29,90,87,79,19,71,22,50,91,49,14,
388	0	15	2.615	0,32,56,38,86,89,85,57,90,87,81,66,79,44,30,15,
388	1	2	2.437	1,56,38,86,45,69,37,93,31,17,46,62,60,68,2,
388	1	3	2.156	1,56,38,86,45,69,37,93,31,17,46,62,60,68,3,
388	1	4	2.101	1,56,38,86,89,85,27,94,73,37,93,31,17,46,62,4,
388	1	5	2.387	1,56,38,29,57,89,85,20,27,94,73,37,93,31,17,46,83,5,
388	1	6	2.456	1,56,38,86,89,85,20,27,94,73,37,93,31,36,26,35,47,33,6,
388	1	7	2.506	1,56,38,86,89,85,20,27,73,37,93,31,36,26,35,47,92,23,55,59,7,
388	1	8	2.664	1,56,38,86,45,69,37,93,31,36,26,35,47,53,58,78,75,88,52,8,
388	1	9	2.744	1,56,38,86,89,85,20,27,94,35,26,36,47,53,58,78,84,70,97,9,
388	1	10	2.611	1,56,38,29,90,87,79,19,71,22,50,39,54,67,64,98,95,72,40,10,
388	1	11	2.646	1,56,38,29,90,87,81,34,63,96,77,21,24,54,67,64,25,98,95,72,11,
388	1	12	2.473	1,56,38,29,57,90,87,81,34,63,96,77,21,24,54,64,67,12,
388	1	13	2.421	1,56,38,86,89,85,57,29,90,87,79,19,71,22,50,41,18,13,
388	1	14	2.434	1,56,38,29,57,90,87,81,66,79,19,71,22,50,91,49,43,14,
388	1	15	2.479	1,56,38,86,89,85,57,29,90,87,81,66,79,44,30,15,
388	2	3	2.112	2,80,86,89,85,20,73,37,93,31,17,46,62,60,68,3,
388	2	4	2.206	2,68,60,45,69,37,73,26,35,47,36,31,17,46,62,4,
388	2	5	2.36	2,68,60,62,46,17,31,93,37,73,27,94,35,26,36,82,5,
388	2	6	2.278	2,68,60,62,46,17,31,93,37,73,27,94,35,26,36,33,6,
388	2	7	2.38	2,68,60,62,46,17,93,31,36,26,35,47,53,58,78,75,23,55,7,
388	2	8	2.413	2,68,60,62,46,17,93,31,36,26,35,47,53,58,78,75,88,52,8,
388	2	9	2.599	2,68,60,62,46,17,93,31,36,26,35,47,53,58,78,75,88,97,9,
388	2	10	2.626	2,80,38,90,87,81,34,63,96,77,21,24,54,67,64,98,72,40,10,
388	2	11	2.475	2,80,38,90,87,81,34,63,96,77,21,24,54,67,64,98,95,72,11,
388	2	12	2.669	2,80,86,89,85,57,29,90,87,81,76,34,63,96,77,21,24,54,67,12,
388	2	13	2.588	2,80,86,89,85,57,29,90,87,81,66,79,19,71,22,50,39,41,18,13,
388	2	14	2.397	2,80,38,86,29,57,90,87,79,19,71,22,50,91,49,43,14,
388	2	15	2.502	2,80,38,86,89,85,57,29,90,87,81,66,79,44,30,15,
388	3	4	1.69	3,68,60,45,69,20,27,73,37,93,31,17,46,62,4,
388	3	5	1.811	3,68,60,62,46,17,93,31,36,26,35,47,33,82,5,
388	3	6	1.741	3,68,60,62,46,17,93,31,36,26,35,47,92,33,6,
388	3	7	2.099	3,68,60,62,46,17,93,31,36,26,35,47,53,58,78,75,23,55,7,
388	3	8	2.293	3,68,60,62,46,17,93,31,36,26,35,47,53,58,78,84,70,97,52,8,
388	3	9	2.395	3,68,60,62,46,17,93,31,36,26,35,47,53,58,78,88,84,70,97,9,
388	3	10	2.554	3,68,60,62,46,17,93,31,36,26,35,47,58,78,84,70,51,61,74,10,
388	3	11	2.431	3,68,60,45,69,20,27,94,34,63,96,77,21,24,54,67,64,98,95,11,
388	3	12	2.475	3,68,60,45,69,37,73,20,27,94,34,63,96,77,21,24,54,64,67,12,
388	3	13	2.469	3,68,60,45,69,37,73,20,27,94,76,81,66,19,71,22,50,41,18,13,
388	3	14	2.428	3,68,60,45,69,89,85,57,29,90,87,79,19,71,22,50,91,49,43,14,
388	3	15	2.271	3,68,60,45,69,89,85,57,29,90,87,81,66,79,30,15,
388	4	5	1.739	4,62,46,17,31,93,37,73,27,94,35,26,36,82,5,
388	4	6	1.657	4,62,46,17,31,93,37,73,27,94,35,26,36,33,6,
388	4	7	1.418	4,62,46,17,93,31,36,26,35,47,92,23,55,59,7,
388	4	8	1.724	4,62,46,17,93,31,36,26,35,47,53,58,78,88,52,8,
388	4	9	2.123	4,62,46,17,93,31,36,26,35,47,53,58,78,75,88,84,70,97,9,
388	4	10	2.377	4,62,46,17,93,31,36,26,35,47,53,58,78,88,84,70,51,61,74,10,
388	4	11	2.323	4,62,46,17,93,37,73,27,94,34,63,96,77,21,24,54,67,64,95,11,
388	4	12	2.523	4,62,46,17,31,93,37,73,20,27,94,34,48,63,96,77,21,24,54,64,67,12,
388	4	13	2.36	4,62,46,17,31,93,37,73,27,94,76,81,66,19,71,22,50,41,18,13,
388	4	14	2.392	4,62,46,17,31,93,37,73,20,27,94,76,81,66,19,91,49,43,14,
388	4	15	2.408	4,62,46,17,31,93,37,73,94,27,20,85,57,29,90,87,44,30,15,
388	5	6	1.846	5,83,46,17,31,93,37,73,20,27,94,35,26,36,33,6,
388	5	7	1.671	5,83,46,17,93,31,36,26,35,47,33,92,23,55,59,7,
388	5	8	1.916	5,82,33,36,26,35,47,53,58,78,75,23,55,59,65,52,8,
388	5	9	2.258	5,83,46,17,93,31,36,26,35,47,53,58,78,75,88,84,70,97,9,
388	5	10	2.477	5,82,31,36,26,35,47,53,58,78,75,88,97,84,70,51,61,74,10,
388	5	11	2.286	5,31,93,37,73,27,94,34,63,96,77,21,24,54,67,64,98,95,11,
388	5	12	2.576	5,83,46,17,31,93,37,73,20,27,94,76,34,63,96,77,21,24,54,67,12,
388	5	13	2.593	5,83,46,17,31,93,37,73,20,27,94,34,81,66,19,71,22,50,41,18,13,
388	5	14	2.576	5,82,31,93,37,73,20,27,94,76,81,66,79,19,71,22,50,91,49,43,14,
388	5	15	2.776	5,82,33,47,35,26,36,31,93,37,73,20,85,89,57,29,90,87,44,30,15,
388	6	7	1.74	6,33,36,26,35,47,53,58,78,75,88,65,23,55,59,7,
388	6	8	1.888	6,33,36,26,35,47,53,58,78,75,88,84,70,51,97,52,8,
388	6	9	1.99	6,33,36,26,35,47,53,58,78,75,88,97,84,70,61,51,9,
388	6	10	2.039	6,33,36,26,35,47,53,58,78,75,88,84,70,51,61,74,10,
388	6	11	2.276	6,33,36,26,35,47,53,58,78,84,70,51,61,74,28,25,98,95,72,11,
388	6	12	2.484	6,33,36,26,35,47,53,58,78,84,70,51,61,74,28,25,98,64,54,67,12,
388	6	13	2.536	6,33,36,26,35,47,53,99,63,96,77,21,24,54,64,67,39,41,18,13,
388	6	14	2.653	6,82,31,93,37,73,20,27,94,76,81,66,79,19,71,22,50,91,49,43,14,
388	6	15	2.652	6,92,47,35,26,36,31,93,37,69,45,89,85,57,29,90,87,44,30,15,
388	7	8	1.566	7,59,55,23,92,47,36,26,35,53,58,78,75,88,52,8,
388	7	9	1.723	7,59,55,23,92,47,36,26,35,53,58,78,84,70,97,9,
388	7	10	1.905	7,59,55,23,58,53,78,75,88,97,84,70,51,61,74,10,
388	7	11	2.129	7,59,55,23,75,88,84,70,51,61,16,77,21,24,54,67,64,98,95,11,
388	7	12	2.346	7,59,55,23,75,78,88,84,97,51,61,74,28,25,98,64,24,54,67,12,
388	7	13	2.358	7,59,55,23,75,88,97,70,51,61,74,28,25,98,64,67,54,39,41,18,13,
388	7	14	2.543	7,59,55,23,92,47,36,26,35,94,76,81,66,19,71,22,50,91,49,43,14,
388	7	15	2.629	7,59,55,23,92,47,35,26,36,31,93,37,73,20,85,57,90,87,44,30,15,
388	8	9	2	8,52,65,59,55,23,92,47,26,35,53,58,78,84,97,9,
388	8	10	2.018	8,52,88,84,70,51,61,16,77,21,24,54,64,98,72,40,10,
388	8	11	1.824	8,52,88,84,70,51,61,16,77,21,24,54,67,64,98,95,11,
388	8	12	2.342	8,52,88,97,84,70,51,61,74,28,72,95,98,25,77,21,24,54,67,12,
388	8	13	2.294	8,52,88,97,70,51,61,74,28,25,98,64,67,54,24,21,39,41,18,13,
388	8	14	2.383	8,52,88,84,70,51,61,74,28,25,98,64,67,54,39,50,91,49,43,14,
388	8	15	2.752	8,52,88,75,78,58,53,47,36,26,35,94,27,57,29,90,87,44,30,15,
388	9	10	2.222	9,51,61,16,63,96,77,21,24,54,67,64,98,95,72,40,10,
388	9	11	2.072	9,51,61,74,28,25,77,21,24,54,67,64,98,95,72,40,11,
388	9	12	2.327	9,97,84,70,51,61,74,28,25,98,64,67,54,24,39,41,18,12,
388	9	13	2.435	9,97,88,84,70,51,61,74,28,25,98,64,67,54,24,21,39,41,18,13,
388	9	14	2.324	9,51,61,74,28,25,98,64,67,54,39,50,22,71,19,91,49,43,14,
388	9	15	2.761	9,51,61,74,28,25,98,64,67,54,24,39,50,22,71,19,79,44,30,15,
388	10	11	2.179	10,40,28,16,63,48,96,77,21,24,54,67,64,98,95,72,11,
388	10	12	2.235	10,40,72,95,98,64,67,54,24,39,50,22,71,19,91,18,12,
388	10	13	2.048	10,40,72,95,98,64,67,54,24,39,50,22,71,19,91,18,13,
388	10	14	2.24	10,40,72,95,98,25,21,24,54,64,67,39,50,22,71,19,91,49,43,14,
388	10	15	2.645	10,40,72,95,98,64,67,54,24,21,77,96,63,34,76,81,66,79,30,15,
388	11	12	2.001	11,95,98,64,67,54,39,50,22,71,19,49,91,18,41,12,
388	11	13	1.842	11,95,98,64,67,54,24,39,50,22,71,19,49,91,18,13,
388	11	14	1.723	11,95,98,64,67,54,24,39,50,22,71,19,91,49,43,14,
388	11	15	2.001	11,95,98,64,67,54,24,39,50,22,71,19,91,49,43,15,
388	12	13	2.015	12,64,54,24,21,77,96,63,48,71,19,22,50,41,18,13,
388	12	14	1.968	12,67,64,98,25,21,24,54,39,50,22,71,19,91,49,14,
388	12	15	2.205	12,67,64,54,24,21,77,96,63,34,81,87,44,30,15,
388	13	14	1.894	13,18,41,67,64,54,24,39,50,22,71,19,91,49,43,14,
388	13	15	2.172	13,18,41,67,64,54,24,39,50,22,71,19,91,49,43,15,
388	14	15	2.284	14,43,49,91,50,22,71,19,79,66,81,87,90,44,30,15,
