571	0	1	2.055	0,38,96,49,64,17,25,78,32,94,89,26,59,67,51,1,
571	0	2	1.87	0,38,51,91,49,64,25,78,32,94,89,26,59,86,47,2,
571	0	3	2.054	0,38,96,49,64,17,25,78,23,32,94,89,26,59,86,77,3,
571	0	4	2.325	0,38,51,91,68,59,26,89,94,32,78,23,21,85,87,72,71,98,4,
571	0	5	2.353	0,38,51,91,67,59,26,89,94,32,23,78,25,39,21,85,87,72,71,5,
571	0	6	2.439	0,38,51,91,67,59,26,89,94,32,78,23,21,85,87,72,71,28,16,6,
571	0	7	2.667	0,38,51,67,59,26,89,94,32,78,23,21,85,87,72,71,28,16,48,7,
571	0	8	2.671	0,38,51,67,59,26,89,94,32,23,78,25,39,18,80,40,37,57,29,79,8,
571	0	9	2.389	0,38,96,62,76,50,31,27,69,70,73,82,42,22,84,55,36,63,9,
571	0	10	2.413	0,38,96,49,64,17,66,65,52,33,97,27,69,70,82,73,53,58,90,10,
571	0	11	2.227	0,38,96,49,64,17,66,65,33,97,27,69,70,82,73,53,58,11,
571	0	12	2.346	0,38,96,62,76,99,50,31,97,27,69,70,82,73,93,41,88,12,
571	0	13	2.441	0,38,51,91,49,64,17,66,65,99,76,62,35,74,45,54,92,13,
571	0	14	2.346	0,38,51,91,68,32,78,25,17,62,35,74,45,54,14,
571	0	15	2.301	0,38,51,91,68,32,78,25,17,62,35,74,19,34,15,
571	1	2	1.723	1,51,91,49,64,25,78,23,32,94,89,26,59,86,47,2,
571	1	3	2.084	1,51,91,49,64,25,78,32,94,89,26,59,68,67,86,77,3,
571	1	4	2.114	1,51,91,68,59,26,89,94,32,78,23,21,85,87,72,71,98,4,
571	1	5	2.118	1,44,47,86,59,26,89,94,32,23,78,25,39,21,85,87,72,71,5,
571	1	6	2.315	1,51,91,68,67,59,26,89,94,32,78,23,21,85,87,72,71,28,16,6,
571	1	7	2.558	1,51,91,68,59,26,89,94,32,78,23,21,85,87,72,71,28,16,48,7,
571	1	8	2.541	1,51,67,59,26,89,94,32,78,25,39,66,65,18,80,40,37,57,29,79,8,
571	1	9	2.463	1,51,91,49,64,17,66,65,33,97,27,69,70,73,82,42,22,84,36,63,9,
571	1	10	2.433	1,51,91,49,64,17,66,65,52,33,50,31,97,27,69,70,82,73,53,58,10,
571	1	11	2.147	1,51,91,49,64,17,66,65,33,97,27,69,70,82,73,53,58,11,
571	1	12	2.277	1,51,91,49,64,17,66,65,33,97,82,73,69,70,27,93,41,88,12,
571	1	13	2.302	1,51,91,68,32,23,78,25,64,17,62,35,74,45,54,92,13,
571	1	14	2.198	1,44,67,59,26,89,94,32,78,25,17,62,35,74,19,14,
571	1	15	2.154	1,51,91,49,64,17,66,65,99,76,62,35,74,19,34,15,
571	2	3	1.984	2,44,51,91,68,67,59,26,89,94,32,78,23,56,77,3,
571	2	4	1.814	2,47,86,59,26,89,94,32,78,23,21,85,72,71,98,75,4,
571	2	5	1.748	2,47,86,59,26,89,94,32,78,25,39,21,85,87,72,71,5,
571	2	6	2.141	2,47,86,59,26,89,32,23,78,25,39,21,85,72,71,87,61,16,28,6,
571	2	7	2.364	2,47,86,59,26,89,94,32,78,25,39,21,85,87,72,71,28,16,48,7,
571	2	8	2.29	2,47,86,59,26,89,94,32,23,78,25,39,30,40,37,57,29,81,79,8,
571	2	9	2.385	2,47,86,59,26,94,32,23,78,25,39,66,65,52,83,42,22,84,36,63,9,
571	2	10	2.291	2,47,86,59,26,94,32,78,39,66,65,33,97,27,69,70,82,73,53,58,10,
571	2	11	2.231	2,47,86,59,26,89,32,78,39,66,65,33,97,27,69,70,82,73,53,58,11,
571	2	12	2.257	2,47,86,59,26,89,32,78,39,66,65,33,97,70,69,27,93,41,88,12,
571	2	13	2.121	2,47,86,59,26,89,94,32,23,78,25,17,62,35,74,45,54,92,13,
571	2	14	2.09	2,47,86,59,26,89,94,32,23,78,25,17,62,35,74,45,54,14,
571	2	15	1.946	2,47,86,59,26,89,94,32,78,25,17,62,35,74,19,15,
571	3	4	1.936	3,47,86,59,26,89,94,32,23,21,85,87,72,71,98,75,4,
571	3	5	1.876	3,86,59,26,89,94,32,23,78,25,39,21,85,72,71,5,
571	3	6	1.929	3,86,59,26,89,94,32,78,23,21,85,87,72,71,28,6,
571	3	7	2.372	3,86,59,26,89,94,32,78,23,21,85,87,72,71,61,28,16,48,7,
571	3	8	2.289	3,77,26,89,94,32,78,25,39,66,65,18,80,40,37,57,29,79,8,
571	3	9	2.381	3,77,26,89,94,32,23,78,25,39,66,65,52,83,42,22,84,36,63,9,
571	3	10	2.306	3,77,26,89,32,78,25,39,66,65,33,97,27,69,70,82,73,53,58,10,
571	3	11	2.296	3,77,26,89,94,32,78,25,39,66,65,33,97,27,69,70,82,73,53,58,11,
571	3	12	2.35	3,77,26,89,94,32,78,39,66,65,33,97,82,73,70,69,27,93,41,88,12,
571	3	13	2.439	3,77,26,59,89,94,32,23,78,39,25,64,49,17,62,35,74,45,54,92,13,
571	3	14	2.253	3,86,59,26,89,94,32,23,78,39,25,17,62,35,74,45,54,14,
571	3	15	2.208	3,86,59,26,89,94,32,23,78,39,25,17,62,35,74,19,34,15,
571	4	5	1.93	4,75,56,26,89,94,32,23,78,25,39,21,85,87,72,71,5,
571	4	6	1.985	4,75,56,94,32,78,23,21,85,72,71,87,61,16,28,6,
571	4	7	2.424	4,75,56,26,89,94,32,78,23,21,85,87,72,71,61,28,16,48,7,
571	4	8	2.345	4,75,56,94,89,32,78,25,39,66,65,18,80,40,37,57,29,79,8,
571	4	9	2.471	4,75,56,94,89,32,23,78,25,39,18,66,65,52,83,22,84,36,63,9,
571	4	10	2.374	4,75,56,94,32,78,25,39,66,65,33,97,27,69,70,82,73,53,58,10,
571	4	11	2.36	4,75,56,23,32,78,25,39,66,65,33,97,27,69,70,82,73,53,58,11,
571	4	12	2.406	4,75,56,94,89,32,78,39,66,65,33,97,82,73,70,69,27,93,41,88,12,
571	4	13	2.624	4,75,98,71,72,87,85,21,23,32,78,25,64,49,17,62,35,74,45,54,92,13,
571	4	14	2.593	4,75,98,71,72,87,85,21,23,32,78,25,64,49,17,62,35,74,45,54,14,
571	4	15	2.424	4,75,56,26,59,89,94,32,23,78,39,25,64,17,62,35,74,19,34,15,
571	5	6	2.136	5,71,72,87,85,21,30,80,40,37,95,60,46,61,16,28,6,
571	5	7	2.445	5,71,72,87,85,21,23,32,78,25,39,30,95,57,29,81,7,
571	5	8	2.323	5,71,72,87,85,21,23,32,78,39,18,80,40,37,57,29,79,8,
571	5	9	2.428	5,71,72,87,46,60,95,37,83,97,70,73,82,42,22,84,36,63,9,
571	5	10	2.332	5,71,72,87,85,46,60,95,37,83,97,27,69,70,82,73,53,58,90,10,
571	5	11	2.546	5,71,72,87,85,21,23,32,78,25,17,66,65,52,33,97,82,53,58,11,
571	5	12	2.363	5,71,72,87,46,60,95,57,55,84,22,42,82,73,70,69,27,93,41,88,12,
571	5	13	2.567	5,71,72,87,85,56,94,89,32,23,78,25,64,49,17,62,35,74,45,54,92,13,
571	5	14	2.536	5,71,72,87,85,56,94,89,32,23,78,25,64,49,17,62,35,74,45,54,14,
571	5	15	2.491	5,71,72,87,85,56,94,89,32,23,78,25,64,49,17,62,35,74,19,34,15,
571	6	7	2.263	6,28,16,61,71,72,87,85,46,60,95,57,29,79,81,7,
571	6	8	2.068	6,28,16,61,87,71,72,85,46,60,95,57,29,81,79,8,
571	6	9	2.252	6,48,60,95,37,83,97,27,69,70,82,42,22,84,36,63,9,
571	6	10	2.142	6,16,28,61,46,60,95,37,83,97,27,69,70,82,73,53,90,10,
571	6	11	2.207	6,28,16,61,46,60,95,57,55,84,22,42,97,27,69,70,73,53,58,11,
571	6	12	2.329	6,28,16,61,46,60,95,57,55,84,22,42,97,82,73,69,27,93,41,88,12,
571	6	13	2.459	6,16,28,61,46,60,95,37,83,42,82,73,70,69,27,93,41,88,20,13,
571	6	14	2.588	6,28,16,61,46,60,95,37,40,80,18,65,66,99,76,62,35,74,45,54,14,
571	6	15	2.547	6,28,16,61,71,72,87,85,21,23,32,78,25,17,62,35,74,19,34,15,
571	7	8	2.309	7,48,16,28,61,71,72,87,85,46,60,95,57,29,79,8,
571	7	9	2.068	7,81,29,55,83,97,27,69,70,82,42,22,84,36,63,9,
571	7	10	2.22	7,81,8,79,29,55,84,22,42,97,27,69,70,82,73,53,58,90,10,
571	7	11	2.343	7,81,29,55,84,22,42,97,27,69,70,82,73,53,58,93,41,88,11,
571	7	12	2.453	7,81,29,55,84,22,42,83,97,27,69,70,82,73,53,58,93,41,88,20,12,
571	7	13	2.633	7,81,79,29,55,84,22,42,97,82,73,70,69,27,93,41,88,20,43,92,13,
571	7	14	2.8	7,81,29,55,84,22,42,82,73,70,69,27,31,50,76,62,35,74,45,54,14,
571	7	15	2.746	7,81,79,55,84,22,42,97,82,73,70,69,27,31,50,24,45,19,34,15,
571	8	9	1.863	8,79,55,84,22,42,82,70,27,69,73,53,90,36,63,9,
571	8	10	1.728	8,79,29,55,84,22,42,82,70,27,69,73,53,58,90,10,
571	8	11	1.749	8,79,29,55,84,22,42,82,70,69,27,93,73,53,58,11,
571	8	12	2.186	8,79,29,55,84,22,42,97,27,69,70,82,73,53,58,93,41,88,20,12,
571	8	13	2.386	8,79,81,29,55,84,22,42,97,27,69,70,82,73,53,58,41,88,20,13,
571	8	14	2.518	8,79,81,29,57,95,37,40,80,18,65,66,99,76,62,35,74,45,54,14,
571	8	15	2.664	8,79,55,84,22,42,97,82,73,70,69,27,31,50,99,76,62,35,74,19,15,
571	9	10	1.584	9,63,36,84,22,42,82,70,69,27,93,73,53,58,90,10,
571	9	11	1.543	9,36,63,55,84,22,42,97,82,73,69,70,27,93,41,11,
571	9	12	1.445	9,36,63,55,84,22,42,82,73,70,69,27,93,41,88,12,
571	9	13	2.027	9,63,36,84,22,42,82,70,27,69,73,53,58,93,41,88,20,13,
571	9	14	2.366	9,36,63,55,84,22,42,82,73,70,69,27,97,31,50,24,45,54,92,14,
571	9	15	2.381	9,63,36,84,22,42,97,82,73,70,69,27,31,50,76,62,35,74,19,15,
571	10	11	1.766	10,36,63,55,84,22,42,97,82,73,69,70,27,93,41,11,
571	10	12	1.548	10,90,58,53,82,73,69,70,97,27,93,41,88,20,12,
571	10	13	1.976	10,90,58,53,82,73,69,27,70,97,31,50,24,45,54,92,13,
571	10	14	2.117	10,90,58,53,82,73,69,27,70,97,31,50,24,45,54,92,14,
571	10	15	2.189	10,90,58,53,73,82,70,69,27,31,50,99,76,62,35,74,19,15,
571	11	12	1.635	11,58,53,73,82,42,22,83,97,70,27,69,93,41,88,12,
571	11	13	1.949	11,58,53,73,82,70,69,27,93,41,31,50,24,45,54,92,13,
571	11	14	2.054	11,58,53,73,82,70,69,27,31,50,76,62,35,74,45,54,14,
571	11	15	2.121	11,58,53,73,82,70,69,27,97,31,50,76,62,35,74,19,34,15,
571	12	13	1.845	12,88,41,93,27,69,70,73,82,97,31,24,45,54,92,13,
571	12	14	1.882	12,88,41,93,27,69,70,82,97,31,50,24,45,54,14,
571	12	15	1.985	12,88,41,93,27,69,70,73,82,97,31,24,45,19,34,15,
571	13	14	2.133	13,20,41,93,27,69,70,82,97,31,50,24,45,54,14,
571	13	15	2.236	13,20,41,93,27,69,70,73,82,97,31,24,45,19,34,15,
571	14	15	2.42	14,54,45,24,50,33,52,65,66,99,76,62,35,74,19,15,
