20	0	1	2.048	0,92,38,62,45,95,31,47,18,82,19,75,94,32,27,1,
20	0	2	2.005	0,62,38,47,18,82,19,75,94,32,27,61,97,29,91,2,
20	0	3	2.359	0,62,38,31,47,18,82,19,75,53,20,46,44,93,34,50,65,3,
20	0	4	2.317	0,62,38,47,82,19,75,53,33,20,46,44,93,34,50,87,43,4,
20	0	5	2.429	0,62,38,19,75,53,33,20,46,44,93,34,88,54,23,41,21,5,
20	0	6	2.399	0,62,38,19,75,53,33,20,46,44,34,88,54,23,41,59,48,79,6,
20	0	7	2.487	0,62,38,19,75,53,20,33,36,30,89,58,77,23,41,59,68,7,
20	0	8	2.461	0,62,38,19,75,53,20,33,36,30,89,58,74,73,80,69,17,16,71,39,8,
20	0	9	2.601	0,62,38,47,18,82,19,75,53,20,33,36,89,30,49,63,78,35,25,90,9,
20	0	10	2.473	0,62,38,19,75,53,20,46,33,36,89,30,49,63,78,35,60,99,72,10,
20	0	11	2.492	0,92,62,38,19,75,53,20,33,36,89,30,49,24,85,96,56,52,98,11,
20	0	12	2.362	0,62,38,19,75,53,20,46,33,36,89,30,49,24,85,96,56,70,12,
20	0	13	2.23	0,62,38,19,75,53,20,46,33,36,89,30,49,24,85,84,26,13,
20	0	14	1.954	0,92,38,62,45,95,86,31,28,67,84,26,40,37,51,14,
20	0	15	2.113	0,62,38,19,75,53,20,46,33,82,18,47,31,86,95,15,
20	1	2	2.153	1,27,32,94,19,75,53,33,20,46,44,93,34,50,65,2,
20	1	3	2.125	1,27,32,94,19,75,53,33,20,46,44,93,34,50,65,3,
20	1	4	2.07	1,27,32,94,19,75,53,33,20,46,44,34,50,87,43,4,
20	1	5	2.363	1,27,32,94,19,75,53,33,20,46,44,34,88,54,23,41,21,5,
20	1	6	2.315	1,27,32,94,19,75,53,20,46,93,34,88,54,23,41,59,48,79,6,
20	1	7	2.474	1,27,32,94,19,75,53,33,20,46,93,34,88,54,23,41,59,68,7,
20	1	8	2.457	1,27,32,94,19,75,53,20,33,36,30,89,58,74,73,80,69,17,16,71,39,8,
20	1	9	2.543	1,27,32,94,19,75,53,20,33,36,89,30,49,63,78,35,25,60,99,90,9,
20	1	10	2.486	1,27,32,94,19,75,53,20,33,36,89,30,49,63,78,35,25,60,99,72,10,
20	1	11	2.433	1,27,32,94,19,75,53,20,46,33,36,89,30,49,24,85,96,56,52,98,11,
20	1	12	2.456	1,27,32,61,94,19,75,53,20,33,36,89,30,49,24,85,96,56,70,12,
20	1	13	2.168	1,27,32,94,19,75,53,20,33,36,89,30,49,24,85,84,26,13,
20	1	14	1.835	1,91,29,97,61,27,32,92,38,62,45,95,86,37,51,14,
20	1	15	2.047	1,91,29,97,61,27,32,94,75,19,82,18,28,31,95,15,
20	2	3	2.175	2,91,29,97,94,19,75,53,33,20,46,93,34,50,65,3,
20	2	4	2.135	2,91,29,97,61,94,19,75,53,20,46,44,34,50,87,43,4,
20	2	5	2.309	2,91,29,97,61,27,32,94,19,75,53,20,46,44,34,66,55,5,
20	2	6	2.383	2,91,29,97,94,19,75,53,20,46,93,34,88,54,23,41,59,48,6,
20	2	7	2.513	2,91,29,97,61,94,19,75,53,20,46,44,93,88,54,23,41,59,68,7,
20	2	8	2.46	2,91,29,97,94,19,75,53,33,36,89,30,78,35,25,76,57,71,39,8,
20	2	9	2.485	2,91,29,97,61,27,32,94,19,75,53,20,33,36,89,30,78,35,25,90,9,
20	2	10	2.493	2,91,29,97,61,94,19,75,53,20,33,36,89,30,78,35,25,60,99,72,10,
20	2	11	2.42	2,91,29,97,61,27,32,94,19,75,53,20,33,36,89,30,63,22,64,52,98,11,
20	2	12	2.397	2,91,29,97,61,32,94,19,75,53,33,36,89,30,49,24,85,96,56,12,
20	2	13	2.327	2,91,29,97,61,94,19,75,53,20,33,36,89,30,49,24,85,84,26,13,
20	2	14	2.299	2,91,29,97,61,27,32,94,19,75,53,20,46,33,82,47,28,67,37,51,14,
20	2	15	2.299	2,91,29,97,61,27,32,94,75,53,19,82,18,47,28,67,31,86,95,15,
20	3	4	2.478	3,65,50,34,93,44,46,20,33,58,77,88,66,87,43,4,
20	3	5	2.452	3,65,50,34,44,46,20,33,36,89,58,77,23,41,21,5,
20	3	6	2.144	3,43,87,66,88,54,42,21,41,23,81,59,68,48,79,6,
20	3	7	2.584	3,65,50,34,44,46,20,33,36,30,89,58,77,23,41,59,68,7,
20	3	8	2.513	3,65,50,34,93,46,20,33,36,30,89,58,74,80,69,17,16,71,39,8,
20	3	9	2.591	3,65,50,34,93,44,46,20,33,36,89,30,49,63,78,35,60,25,90,9,
20	3	10	2.587	3,65,50,34,44,46,20,33,36,89,30,49,63,78,35,25,60,99,72,10,
20	3	11	2.66	3,65,50,34,93,44,46,20,33,36,89,30,49,63,24,85,96,56,52,98,11,
20	3	12	2.745	3,65,50,34,93,44,46,20,33,53,75,19,82,18,47,28,67,84,26,70,12,
20	3	13	2.524	3,65,50,34,93,44,46,20,33,53,75,19,82,18,47,28,67,84,26,13,
20	3	14	2.432	3,65,50,34,93,44,46,20,33,53,75,19,82,18,28,67,40,37,51,14,
20	3	15	2.384	3,65,50,34,93,44,46,20,33,53,75,19,82,18,28,67,86,95,15,
20	4	5	2.242	4,43,87,66,88,54,42,21,41,23,81,68,59,48,79,5,
20	4	6	1.927	4,43,87,66,88,54,42,21,41,23,81,68,59,48,79,6,
20	4	7	2.292	4,43,87,66,54,42,21,41,23,81,73,80,69,17,71,16,7,
20	4	8	2.49	4,43,87,50,34,44,46,20,33,36,30,89,58,74,80,69,17,71,39,8,
20	4	9	2.598	4,43,87,50,34,93,44,46,20,33,36,89,30,49,63,78,35,60,25,90,9,
20	4	10	2.552	4,43,87,66,42,21,41,23,81,69,17,16,71,57,76,25,60,99,72,10,
20	4	11	2.545	4,43,87,50,34,93,44,46,20,33,36,89,30,49,24,85,96,56,52,98,11,
20	4	12	2.492	4,43,87,66,34,93,44,46,20,33,36,89,30,49,24,85,96,56,70,12,
20	4	13	2.531	4,43,87,50,34,93,44,46,20,33,53,75,19,82,18,47,28,67,84,26,13,
20	4	14	2.386	4,43,87,66,50,34,93,44,46,20,33,53,75,19,82,47,28,67,37,51,14,
20	4	15	2.271	4,43,87,50,34,93,44,46,20,33,53,75,19,82,18,47,31,95,15,
20	5	6	2.069	5,55,42,21,41,23,81,69,71,16,17,68,59,48,79,6,
20	5	7	2.409	5,55,42,21,41,23,81,73,80,76,57,69,17,71,39,16,7,
20	5	8	2.091	5,55,42,21,41,23,81,73,80,76,57,69,17,16,71,39,8,
20	5	9	2.395	5,55,42,21,41,23,81,69,17,16,71,57,76,25,60,72,99,90,9,
20	5	10	2.594	5,55,42,21,41,23,77,58,89,30,49,63,78,35,25,60,99,72,10,
20	5	11	2.504	5,55,42,54,88,34,93,44,46,20,33,36,89,30,49,63,22,64,52,98,11,
20	5	12	2.466	5,55,42,54,88,34,93,46,20,33,36,89,30,49,24,85,96,56,12,
20	5	13	2.677	5,55,42,54,88,34,93,44,46,20,33,53,75,19,82,18,47,28,67,84,26,13,
20	5	14	2.461	5,55,42,54,88,34,93,44,46,20,33,53,75,19,82,18,47,28,67,37,51,14,
20	5	15	2.355	5,55,42,54,88,34,44,46,20,33,53,75,19,82,18,47,31,95,15,
20	6	7	2.031	6,79,48,59,21,41,23,81,73,74,80,69,17,71,16,7,
20	6	8	1.846	6,79,48,68,59,41,23,81,73,80,69,17,71,16,39,8,
20	6	9	1.945	6,79,48,59,68,17,16,71,39,57,76,25,60,99,90,9,
20	6	10	2.369	6,79,48,59,21,41,23,81,69,17,16,71,39,57,76,25,60,99,10,
20	6	11	2.4	6,79,48,59,41,23,77,58,89,30,36,49,24,85,96,56,52,98,11,
20	6	12	2.378	6,79,48,68,59,41,23,77,58,89,36,30,49,24,85,96,56,12,
20	6	13	2.541	6,79,48,59,41,23,54,88,93,46,20,33,36,89,30,49,24,85,84,26,13,
20	6	14	2.41	6,79,48,59,41,23,54,88,93,44,46,20,53,75,19,82,18,28,67,37,51,14,
20	6	15	2.428	6,79,48,59,41,23,54,88,93,44,46,20,53,75,19,82,18,47,31,95,15,
20	7	8	2.049	7,68,48,59,21,41,23,81,73,80,69,17,71,16,39,8,
20	7	9	2.148	7,68,59,21,41,23,81,69,17,16,71,39,57,76,90,9,
20	7	10	2.176	7,68,59,41,23,81,69,17,16,71,57,76,25,99,10,
20	7	11	2.427	7,68,59,41,23,77,58,89,30,49,24,85,96,56,52,98,11,
20	7	12	2.484	7,68,59,21,41,23,77,58,89,30,36,49,24,85,96,56,70,12,
20	7	13	2.606	7,68,59,41,23,54,88,93,46,20,33,36,89,30,49,24,85,84,26,13,
20	7	14	2.464	7,68,59,41,23,54,88,93,44,46,20,53,75,19,82,47,28,67,37,51,14,
20	7	15	2.54	7,68,59,41,23,54,88,34,93,46,20,33,53,75,19,82,47,31,95,15,
20	8	9	2.175	8,39,71,16,17,69,57,76,80,73,74,35,25,60,99,90,9,
20	8	10	2.118	8,39,71,16,17,69,57,76,80,73,74,35,25,60,99,72,10,
20	8	11	2.138	8,39,71,16,17,69,80,74,58,89,36,30,63,22,64,52,98,11,
20	8	12	2.203	8,39,71,16,17,69,80,74,58,89,30,36,49,24,85,96,56,12,
20	8	13	2.232	8,39,71,16,17,69,80,73,74,58,89,30,36,49,24,85,84,26,13,
20	8	14	2.378	8,39,71,16,17,69,80,73,74,58,89,30,36,49,24,85,84,40,37,51,14,
20	8	15	2.46	8,39,16,71,57,76,25,35,78,30,89,36,33,53,75,19,82,47,31,95,15,
20	9	10	2.37	9,90,25,76,57,71,16,17,69,80,73,74,35,60,99,72,10,
20	9	11	2.173	9,90,25,35,78,30,89,36,49,24,85,96,56,52,98,11,
20	9	12	2.359	9,90,99,72,60,25,35,78,30,89,36,49,24,85,96,56,70,12,
20	9	13	2.403	9,90,25,35,78,30,89,36,33,53,75,19,82,18,28,84,26,13,
20	9	14	2.27	9,90,25,35,78,30,89,36,33,53,75,19,82,18,28,67,37,51,14,
20	9	15	2.482	9,90,25,35,78,63,49,30,89,36,33,20,53,75,19,82,18,47,31,95,15,
20	10	11	2.2	10,72,99,60,25,35,78,30,89,36,49,24,22,64,52,98,11,
20	10	12	2.139	10,72,99,60,25,35,78,30,89,36,49,24,85,96,56,12,
20	10	13	2.109	10,72,99,60,25,35,78,30,89,36,49,24,85,84,26,13,
20	10	14	2.29	10,72,99,60,35,78,30,36,33,53,75,19,82,47,28,67,37,51,14,
20	10	15	2.358	10,72,99,60,25,35,78,30,89,36,33,53,75,19,82,47,31,95,15,
20	11	12	2.307	11,98,52,56,96,22,63,30,36,49,24,85,84,26,70,12,
20	11	13	2.123	11,98,52,56,96,22,63,30,89,36,49,24,85,84,26,13,
20	11	14	2.042	11,98,52,64,22,63,30,89,36,49,24,18,28,67,37,51,14,
20	11	15	2.318	11,98,52,64,22,63,49,30,89,36,33,20,46,53,75,19,82,47,31,95,15,
20	12	13	2.124	12,70,56,96,64,22,63,30,89,36,49,24,85,84,26,13,
20	12	14	2.054	12,56,96,85,24,49,30,36,33,18,28,67,37,51,14,
20	12	15	2.208	12,56,96,85,24,49,30,89,33,53,75,19,82,47,31,95,15,
20	13	14	2.024	13,26,84,85,24,49,30,36,33,18,28,67,37,51,14,
20	13	15	2.14	13,26,84,85,24,49,30,89,36,33,82,18,47,31,95,15,
20	14	15	2.004	14,51,37,40,26,84,28,18,82,47,31,38,62,45,95,15,
