70	0	1	1.722	0,78,26,87,85,92,50,81,63,91,51,65,42,56,1,
70	0	2	2.002	0,78,26,87,85,92,50,81,63,19,91,79,71,23,94,2,
70	0	3	2.042	0,78,26,87,85,92,50,81,63,79,71,23,57,28,3,
70	0	4	2.247	0,78,26,69,87,85,92,50,81,63,79,71,23,57,61,55,4,
70	0	5	2.326	0,65,42,48,23,68,80,76,33,61,55,46,22,34,73,89,17,74,93,16,5,
70	0	6	2.367	0,65,42,48,23,68,80,76,33,61,55,46,22,34,73,89,17,74,72,30,6,
70	0	7	2.606	0,78,26,69,87,85,19,92,50,81,63,31,97,59,58,86,47,24,75,7,
70	0	8	2.461	0,78,26,69,87,85,92,81,50,27,32,20,21,54,98,18,25,66,82,8,
70	0	9	2.49	0,78,26,69,87,85,19,92,50,81,63,31,32,20,21,54,98,18,25,77,9,
70	0	10	2.522	0,42,65,51,69,87,85,19,92,50,81,63,31,32,20,21,99,45,10,
70	0	11	2.287	0,78,26,69,51,91,19,63,81,50,92,85,60,70,83,38,29,52,43,11,
70	0	12	1.92	0,42,65,51,69,26,87,85,19,63,81,92,50,40,38,12,
70	0	13	1.617	0,78,26,69,51,91,19,63,81,50,92,85,60,70,83,13,
70	0	14	1.53	0,78,26,69,51,91,19,63,81,50,92,85,60,70,83,14,
70	0	15	1.643	0,42,65,51,91,19,63,81,50,92,85,87,69,26,78,15,
70	1	2	2.125	1,56,42,65,51,91,19,92,50,63,79,71,23,94,2,
70	1	3	1.934	1,56,42,65,48,23,57,80,68,39,76,33,55,61,28,3,
70	1	4	2.195	1,56,42,65,48,23,57,61,55,33,76,46,22,34,64,4,
70	1	5	2.173	1,56,42,65,48,23,68,80,76,33,61,55,46,22,34,93,16,5,
70	1	6	2.381	1,56,48,23,68,80,39,76,33,61,55,46,22,34,73,89,17,74,72,30,6,
70	1	7	2.637	1,56,42,65,51,69,87,85,19,92,50,81,63,31,97,37,49,36,90,7,
70	1	8	2.571	1,56,42,65,48,71,67,84,58,59,49,37,96,54,98,18,25,77,66,82,8,
70	1	9	2.564	1,56,42,65,51,69,87,85,19,92,50,81,63,31,32,20,21,95,53,9,
70	1	10	2.501	1,56,42,65,51,69,26,87,85,19,92,50,81,63,31,32,20,99,45,10,
70	1	11	2.289	1,56,42,65,51,69,26,87,85,19,63,81,92,50,40,38,29,52,43,11,
70	1	12	2.221	1,56,42,65,51,69,87,85,19,63,81,92,50,60,70,83,40,38,12,
70	1	13	2.041	1,56,42,65,51,69,91,19,63,81,50,92,85,87,60,70,83,38,13,
70	1	14	1.584	1,56,42,65,51,91,19,63,81,50,92,85,60,70,14,
70	1	15	1.578	1,56,42,65,51,91,63,81,50,92,85,87,69,26,15,
70	2	3	2.233	2,94,23,68,39,80,33,76,46,22,34,64,55,61,28,3,
70	2	4	2.114	2,94,57,33,61,55,46,22,34,73,89,17,74,93,16,64,4,
70	2	5	1.931	2,94,23,57,80,68,39,76,33,61,55,46,22,34,93,16,5,
70	2	6	2.191	2,94,23,68,80,57,61,55,33,76,46,22,34,73,89,17,74,72,30,6,
70	2	7	2.556	2,94,23,57,80,68,39,76,33,61,55,46,22,34,73,89,17,74,72,30,7,
70	2	8	2.464	2,28,61,55,33,76,41,58,59,49,37,96,54,98,18,25,77,66,82,8,
70	2	9	2.601	2,94,57,33,76,46,22,34,17,89,47,86,49,37,96,54,98,25,18,77,9,
70	2	10	2.702	2,94,57,33,76,41,58,59,97,96,54,98,18,25,82,66,77,53,10,
70	2	11	2.491	2,94,48,42,65,51,69,87,85,19,63,81,92,50,27,29,52,43,11,
70	2	12	2.53	2,94,48,42,65,51,69,26,87,85,19,63,81,92,50,60,70,83,38,12,
70	2	13	2.247	2,94,56,42,65,51,69,91,19,63,81,50,92,85,87,60,70,83,13,
70	2	14	1.916	2,94,23,71,79,91,19,63,50,81,92,85,60,70,83,14,
70	2	15	1.871	2,94,23,71,79,91,19,63,50,81,92,85,87,69,26,15,
70	3	4	1.795	3,28,61,55,33,76,46,22,34,73,17,74,93,16,64,4,
70	3	5	1.536	3,28,61,55,33,76,46,22,34,73,89,17,74,93,16,5,
70	3	6	1.577	3,28,61,55,33,76,46,22,34,73,89,17,74,72,30,6,
70	3	7	2.356	3,28,55,61,33,76,46,22,34,16,93,74,17,89,47,86,24,75,90,7,
70	3	8	2.198	3,28,55,61,33,76,41,58,59,49,37,96,54,98,25,18,77,66,82,8,
70	3	9	2.389	3,28,61,55,46,22,34,74,17,89,47,86,49,37,96,54,98,25,18,77,53,9,
70	3	10	2.503	3,28,61,55,33,76,41,58,59,97,96,54,98,18,25,82,66,77,53,10,
70	3	11	2.59	3,28,61,55,33,76,41,58,59,97,96,21,20,32,88,29,52,43,11,
70	3	12	2.52	3,28,61,55,33,57,23,71,79,91,19,85,92,63,81,50,40,38,12,
70	3	13	2.302	3,28,57,80,68,23,71,79,91,19,63,81,50,92,85,87,60,70,83,13,
70	3	14	2.194	3,28,55,61,57,23,71,79,91,19,63,81,50,92,85,87,60,70,14,
70	3	15	2.074	3,28,57,23,71,79,91,19,63,81,50,92,85,87,69,26,78,15,
70	4	5	1.809	4,28,61,55,33,76,46,22,34,73,89,17,74,93,16,5,
70	4	6	1.85	4,28,61,55,33,76,46,22,34,73,89,17,74,72,30,6,
70	4	7	2.237	4,64,46,22,34,74,17,89,47,86,58,59,97,37,49,36,44,90,7,
70	4	8	2.08	4,64,16,93,74,17,89,47,86,49,37,96,54,98,18,25,77,66,82,8,
70	4	9	2.242	4,64,16,93,74,17,89,47,86,49,37,96,54,98,18,25,82,66,77,53,9,
70	4	10	2.386	4,64,22,34,74,17,89,47,86,49,37,96,54,98,18,25,66,77,53,10,
70	4	11	2.548	4,64,16,93,74,17,89,47,86,49,37,96,21,20,32,88,29,52,43,11,
70	4	12	2.587	4,64,46,22,34,74,17,89,47,86,49,37,96,21,20,32,88,29,52,12,
70	4	13	2.424	4,55,61,33,57,23,71,79,91,19,63,81,50,92,85,87,60,70,83,13,
70	4	14	2.329	4,55,61,33,80,68,23,71,79,91,19,63,50,81,92,85,87,60,70,14,
70	4	15	2.211	4,55,61,33,80,23,71,79,91,19,63,81,50,92,85,87,69,26,15,
70	5	6	1.89	5,16,93,74,17,89,47,86,58,59,97,37,49,24,72,30,6,
70	5	7	1.956	5,16,93,74,17,73,47,86,58,59,97,37,49,36,44,90,7,
70	5	8	1.678	5,16,93,74,17,89,47,86,49,37,96,54,98,18,25,66,8,
70	5	9	2.125	5,16,93,74,17,89,24,47,86,49,37,96,54,98,18,25,82,66,77,53,9,
70	5	10	2.275	5,16,93,74,17,89,47,86,49,37,96,54,98,18,25,66,77,53,95,45,10,
70	5	11	2.458	5,16,93,74,17,89,47,86,58,59,49,37,96,21,20,32,88,29,52,43,11,
70	5	12	2.565	5,16,93,74,17,89,73,47,86,58,59,49,37,96,21,20,32,88,29,52,12,
70	5	13	2.483	5,16,34,22,46,76,80,68,23,71,79,63,81,50,92,85,60,70,83,13,
70	5	14	2.427	5,16,93,74,17,89,47,58,59,97,31,63,81,50,92,19,85,60,70,83,14,
70	5	15	2.382	5,16,93,74,17,89,47,58,59,97,31,63,81,50,92,19,85,87,69,26,15,
70	6	7	1.93	6,30,72,24,49,37,96,54,98,25,18,77,66,82,35,7,
70	6	8	1.719	6,30,72,17,89,47,86,49,37,96,54,98,25,66,82,8,
70	6	9	1.782	6,30,72,17,89,47,86,49,37,96,54,98,25,66,77,9,
70	6	10	2.142	6,30,72,74,17,89,47,86,49,37,96,54,98,18,25,66,77,53,10,
70	6	11	2.436	6,30,72,17,89,47,86,58,59,97,96,21,20,32,88,29,52,43,11,
70	6	12	2.513	6,30,72,75,90,44,82,66,77,25,18,98,54,21,20,32,88,29,52,12,
70	6	13	2.516	6,30,72,74,17,89,47,58,59,97,31,63,81,50,92,85,60,70,83,13,
70	6	14	2.451	6,30,72,17,89,47,58,59,97,31,63,81,50,92,19,85,60,70,83,14,
70	6	15	2.419	6,30,72,74,17,89,47,86,59,97,31,63,81,50,92,19,85,87,69,26,15,
70	7	8	1.956	7,35,44,36,49,37,96,54,98,25,18,53,77,66,82,8,
70	7	9	1.848	7,35,82,66,77,25,18,98,54,96,21,99,45,95,53,9,
70	7	10	2.327	7,35,44,36,49,37,96,54,98,82,66,25,18,77,53,95,99,45,10,
70	7	11	2.188	7,35,82,66,77,25,18,98,54,96,21,20,32,88,29,52,43,11,
70	7	12	2.366	7,35,82,66,77,25,18,98,54,95,45,99,21,20,32,88,29,52,12,
70	7	13	2.681	7,75,24,86,59,58,84,67,79,91,19,63,81,50,92,85,87,60,83,13,
70	7	14	2.442	7,35,82,66,77,25,18,98,54,21,20,32,27,40,38,83,70,60,14,
70	7	15	2.526	7,75,24,47,41,62,84,67,79,91,19,63,50,81,92,85,87,69,26,15,
70	8	9	1.706	8,82,66,77,25,18,98,54,96,21,20,99,45,95,53,9,
70	8	10	2.108	8,82,66,77,25,18,98,54,44,36,49,37,96,21,20,99,10,
70	8	11	1.868	8,82,66,77,25,18,98,54,96,21,20,32,88,29,52,43,11,
70	8	12	2.272	8,82,66,25,18,98,54,44,36,49,37,96,21,20,32,88,29,52,12,
70	8	13	2.452	8,82,66,25,18,98,54,21,20,32,31,63,81,50,92,85,60,70,83,13,
70	8	14	2.352	8,82,66,25,18,98,54,21,20,32,31,63,81,50,92,19,85,60,70,14,
70	8	15	2.32	8,82,66,25,18,98,54,21,20,32,31,63,81,50,92,85,87,69,26,15,
70	9	10	1.939	9,53,77,18,25,66,82,44,36,49,37,96,21,99,45,10,
70	9	11	1.77	9,77,66,82,25,18,98,54,21,20,32,88,29,52,11,
70	9	12	1.738	9,77,66,82,25,18,98,54,21,20,32,88,29,52,12,
70	9	13	2.12	9,53,77,66,82,25,18,98,54,21,20,32,27,40,38,13,
70	9	14	2.399	9,77,25,18,98,54,21,20,32,27,50,92,81,63,19,85,87,60,70,14,
70	9	15	2.317	9,77,25,18,98,54,21,20,32,27,50,92,63,19,85,87,69,26,15,
70	10	11	2.054	10,53,77,66,25,18,98,54,21,20,32,88,29,52,11,
70	10	12	2.022	10,53,77,66,25,18,98,54,21,20,32,88,29,52,12,
70	10	13	2.197	10,45,99,20,32,31,63,81,50,92,19,85,60,70,83,13,
70	10	14	2.323	10,45,99,20,32,27,38,40,50,81,63,92,19,85,60,70,83,14,
70	10	15	2.345	10,45,99,20,32,31,63,81,50,92,19,91,85,87,69,51,78,15,
70	11	12	2.248	11,43,52,29,27,50,81,63,92,19,85,60,70,83,38,12,
70	11	13	1.96	11,52,29,27,50,81,63,92,19,85,87,60,70,83,13,
70	11	14	1.873	11,52,29,27,50,81,63,92,19,85,87,60,70,83,14,
70	11	15	2.071	11,43,52,29,38,83,70,60,50,81,63,92,19,85,87,69,26,15,
70	12	13	1.928	12,52,29,27,50,81,63,92,19,85,87,60,70,83,13,
70	12	14	1.841	12,52,29,27,50,81,63,92,19,85,87,60,70,83,14,
70	12	15	1.858	12,38,40,83,70,60,85,50,92,81,63,19,91,69,26,15,
70	13	14	1.789	13,38,40,50,81,63,92,19,91,69,26,87,60,70,83,14,
70	13	15	1.521	13,83,70,60,87,85,92,50,81,63,19,91,51,69,26,15,
70	14	15	1.461	14,83,70,60,85,92,50,81,63,19,91,51,69,26,78,15,
