279	0	2	2.055	0,41,80,93,24,71,50,74,20,62,70,28,67,60,2,
279	0	1	1.899	0,41,80,93,24,71,50,74,20,62,70,28,67,60,1,
279	0	3	2.066	0,80,93,24,71,50,74,20,61,67,60,72,26,47,84,3,
279	0	9	2.64	0,80,93,38,24,71,50,56,98,82,64,42,78,91,40,65,81,97,69,9,
279	0	4	2.453	0,80,93,38,24,71,50,74,20,61,28,67,60,72,26,47,84,88,4,
279	0	10	2.505	0,80,93,38,24,71,19,34,73,57,59,82,95,42,64,78,91,65,27,10,
279	0	5	2.639	0,80,93,38,24,71,50,74,20,62,70,92,94,90,63,29,79,86,75,5,
279	0	11	2.436	0,80,93,24,38,50,71,19,34,73,57,59,82,95,96,42,64,78,91,11,
279	0	6	2.701	0,41,80,93,38,24,71,50,74,20,62,70,92,94,90,63,29,86,89,35,6,
279	0	8	2.613	0,80,93,24,71,50,74,20,62,99,48,87,77,83,21,17,25,66,32,8,
279	0	7	2.697	0,80,93,38,24,71,50,74,20,62,99,48,87,77,83,21,39,31,22,7,
279	1	5	2.434	1,76,60,67,28,70,92,99,48,90,63,29,79,86,75,5,
279	1	3	2.383	1,76,41,93,24,71,50,74,20,61,67,60,72,26,47,3,
279	1	4	2.506	1,76,41,74,20,62,70,28,67,60,72,26,47,84,88,4,
279	1	2	2.267	1,76,41,93,24,71,50,74,20,62,70,28,67,60,2,
279	0	15	2.099	0,76,60,67,28,61,41,80,93,38,24,71,50,56,19,15,
279	0	12	2.11	0,41,20,74,50,38,24,71,19,34,73,57,59,82,95,64,42,96,12,
279	0	14	1.904	0,41,20,74,38,93,24,71,50,56,19,34,73,59,57,14,
279	0	13	2.387	0,76,60,67,28,70,62,51,20,74,50,38,24,71,19,34,73,57,59,13,
279	1	6	2.66	1,60,67,28,70,92,99,48,87,77,83,21,39,22,43,37,89,35,6,
279	1	8	2.755	1,60,67,28,70,62,51,99,48,53,45,87,77,83,21,17,25,66,32,8,
279	1	7	2.827	1,60,67,28,70,62,51,53,45,87,77,83,21,17,25,66,39,31,22,7,
279	1	15	1.903	1,60,67,28,70,62,20,74,50,71,24,93,41,80,15,
279	1	14	2.226	1,60,67,28,70,62,20,74,50,38,93,24,71,19,34,73,59,57,14,
279	1	13	2.28	1,60,67,28,70,62,20,74,50,38,24,71,19,56,34,73,57,59,13,
279	1	12	2.316	1,60,67,28,70,92,99,48,87,77,46,55,40,91,78,64,42,96,12,
279	2	4	2.685	2,26,47,84,58,68,23,33,29,79,86,89,37,35,52,75,4,
279	2	5	2.43	2,26,47,84,58,68,23,33,86,79,16,43,37,89,35,52,5,
279	2	3	2.636	2,47,26,72,60,67,28,70,62,92,99,94,18,58,84,3,
279	2	6	2.604	2,26,47,84,58,68,23,33,86,79,16,31,22,43,37,89,52,35,6,
279	1	11	2.686	1,60,67,28,70,92,99,48,83,77,87,53,45,46,55,40,91,65,27,11,
279	1	10	2.745	1,60,67,28,70,62,92,99,48,83,77,87,46,55,40,91,27,65,81,10,
279	1	9	2.812	1,60,67,28,70,92,99,48,83,77,87,46,55,40,91,27,65,81,97,69,9,
279	2	15	1.943	2,26,47,72,60,67,28,70,20,74,50,71,24,38,93,15,
279	3	4	2.595	3,84,47,26,72,58,68,33,86,79,89,37,35,52,75,4,
279	3	5	2.37	3,84,47,26,72,18,58,68,33,86,89,37,43,35,52,5,
279	2	13	2.482	2,26,72,60,67,28,70,62,20,74,50,71,38,24,19,34,73,57,59,13,
279	2	14	2.42	2,60,67,28,70,62,20,74,50,71,38,93,24,19,34,73,59,57,14,
279	2	12	2.567	2,60,67,28,70,92,99,48,87,77,46,55,40,91,78,64,42,95,96,12,
279	2	10	2.729	2,60,67,28,70,92,99,48,83,77,87,46,55,40,91,27,65,81,10,
279	2	9	2.81	2,60,67,28,92,99,48,83,77,87,46,55,40,91,65,81,97,69,9,
279	2	11	2.842	2,26,72,60,67,28,70,92,99,48,83,77,87,46,55,40,91,65,27,11,
279	2	7	2.732	2,60,67,28,70,92,99,48,53,45,87,77,83,21,39,31,22,7,
279	2	8	2.696	2,26,47,72,18,58,68,23,33,86,89,37,43,22,31,39,25,66,32,8,
279	4	5	2.519	4,88,84,47,26,72,18,58,68,23,33,86,89,37,35,52,5,
279	3	15	2.193	3,84,47,26,72,60,67,28,70,62,20,74,50,71,24,38,93,80,15,
279	3	6	2.459	3,84,47,26,72,18,58,68,33,86,79,16,43,37,89,52,35,6,
279	3	12	2.61	3,84,47,26,72,60,67,28,70,62,51,53,45,36,78,64,42,95,96,12,
279	3	14	2.278	3,84,47,26,72,60,67,28,70,62,20,74,50,38,93,24,71,19,34,14,
279	3	13	2.506	3,84,47,26,72,28,70,62,20,74,50,38,93,24,71,19,34,73,59,57,13,
279	3	7	2.605	3,84,47,26,72,18,58,68,23,33,86,79,89,37,43,31,39,22,7,
279	3	10	2.768	3,84,47,26,72,60,67,28,70,92,99,48,87,77,83,85,30,81,10,
279	3	11	2.759	3,84,47,26,72,60,67,28,70,92,99,48,83,77,87,46,55,40,91,11,
279	3	9	2.796	3,84,47,26,72,60,67,28,70,92,99,48,87,77,83,85,30,97,69,9,
279	3	8	2.631	3,84,47,26,72,18,58,68,33,86,89,37,43,22,31,39,25,66,32,8,
279	5	6	2.611	5,75,33,86,79,89,37,43,22,31,39,25,66,7,54,35,6,
279	4	6	2.311	4,88,84,47,26,72,18,58,68,23,33,86,79,89,37,35,6,
279	4	12	2.683	4,88,58,18,94,99,48,83,77,87,46,55,40,91,78,64,42,95,96,12,
279	4	15	2.589	4,88,84,47,26,72,60,67,28,70,20,74,50,71,24,93,41,80,15,
279	4	13	2.578	4,88,84,47,26,72,60,67,61,20,74,50,38,24,71,19,34,73,57,59,13,
279	4	14	2.674	4,88,84,47,26,72,28,67,60,61,20,74,50,38,93,24,71,19,56,34,14,
279	4	7	2.658	4,88,84,47,26,72,18,58,68,23,33,86,79,89,37,43,31,22,7,
279	4	8	2.697	4,88,84,47,26,72,58,68,33,86,89,37,43,22,31,39,66,32,8,
279	4	9	2.952	4,88,84,47,72,60,67,28,70,92,99,48,87,77,83,85,30,69,9,
279	4	10	2.964	4,88,84,47,26,72,60,67,28,70,92,99,48,87,77,46,40,65,27,10,
279	4	11	2.918	4,88,84,47,26,72,60,67,28,92,99,48,83,77,87,46,55,40,91,11,
279	6	8	2.019	6,35,37,89,86,79,16,43,22,31,39,17,25,66,32,8,
279	6	7	2.396	6,35,37,89,86,33,29,79,16,43,22,31,39,25,66,7,
279	5	9	2.661	5,75,52,35,89,37,43,22,31,39,21,17,25,66,32,69,9,
279	5	7	2.768	5,52,35,37,89,86,79,29,63,44,16,43,22,31,39,25,66,7,
279	5	8	2.424	5,52,35,37,89,86,79,16,43,22,31,39,21,17,25,66,32,8,
279	5	12	2.568	5,75,86,79,29,63,90,83,77,87,46,55,40,91,78,64,42,95,96,12,
279	5	13	2.728	5,75,33,23,90,94,92,70,62,20,74,50,38,24,71,19,34,73,57,59,13,
279	5	15	2.566	5,52,35,89,86,29,63,90,94,92,70,62,20,74,50,71,24,38,93,15,
279	5	14	2.706	5,52,35,89,79,29,63,90,94,92,70,62,20,74,50,38,24,71,19,34,14,
279	5	10	2.88	5,75,86,79,29,63,90,94,99,48,83,77,87,46,55,40,91,65,27,10,
279	5	11	2.884	5,52,89,37,43,22,31,39,21,83,77,87,46,55,40,91,65,81,27,11,
279	6	9	2.274	6,35,37,89,86,79,16,43,22,31,39,17,25,66,32,9,
279	7	9	2.332	7,22,43,37,89,86,79,16,31,39,21,17,25,66,32,9,
279	7	10	2.284	7,22,31,39,21,83,77,87,46,40,91,27,65,81,10,
279	7	8	2.077	7,22,43,37,89,86,79,16,31,39,21,17,25,66,32,8,
279	7	11	2.6	7,22,31,39,66,25,17,21,83,77,87,53,45,46,55,40,91,11,
279	6	13	2.547	6,35,37,43,31,39,21,83,77,87,46,55,40,91,78,64,42,95,13,
279	6	12	2.441	6,35,89,37,43,16,44,83,77,87,46,55,40,91,78,64,42,95,96,12,
279	6	11	2.677	6,35,89,37,43,22,31,39,17,21,83,87,77,46,55,40,91,65,27,11,
279	6	14	2.611	6,35,37,89,79,29,63,90,94,92,70,62,20,74,50,71,38,93,24,19,34,14,
279	6	10	2.629	6,35,89,37,43,22,31,39,21,83,77,87,46,55,40,91,65,27,10,
279	6	15	2.64	6,35,37,43,16,44,83,77,87,48,99,92,70,62,20,74,50,71,24,38,93,15,
279	8	9	2.287	8,32,66,25,17,21,83,77,87,46,40,65,81,97,69,9,
279	8	10	2.178	8,32,66,25,17,21,83,77,87,46,55,40,65,27,81,10,
279	8	11	2.148	8,32,66,25,17,21,83,77,87,46,55,40,91,65,27,11,
279	7	12	2.266	7,22,31,39,21,83,77,87,46,55,40,91,78,64,42,95,96,12,
279	8	12	2.186	8,32,66,25,17,21,83,77,87,46,40,91,78,64,42,95,96,12,
279	7	13	2.524	7,22,31,39,17,21,83,77,87,46,55,40,91,78,64,42,96,95,13,
279	8	14	2.428	8,32,66,25,17,21,83,77,87,48,99,62,20,74,50,71,19,34,14,
279	7	14	2.562	7,22,31,39,21,83,77,87,48,99,62,20,74,50,38,24,71,19,34,14,
279	8	13	2.543	8,32,66,25,39,21,83,77,87,53,45,55,40,91,78,64,42,95,13,
279	7	15	2.493	7,22,39,21,83,77,87,48,99,92,70,62,20,74,50,71,24,38,93,15,
279	8	15	2.47	8,32,66,25,17,21,83,77,87,48,99,92,70,62,20,74,50,71,24,93,15,
279	10	12	2.172	10,81,27,65,40,55,46,77,83,87,45,36,64,42,96,12,
279	9	12	1.973	9,69,97,81,65,27,91,40,46,55,36,78,64,42,96,12,
279	9	10	2.293	9,69,97,30,85,83,87,77,46,55,40,91,27,65,81,10,
279	9	11	2.266	9,69,97,30,85,83,77,87,46,55,40,91,65,81,27,11,
279	10	11	2.443	10,81,27,65,40,55,46,77,83,87,53,45,36,78,91,11,
279	10	14	2.27	10,81,27,65,40,91,78,64,42,96,95,82,98,49,56,19,34,14,
279	10	13	2.416	10,81,65,27,91,40,46,55,36,78,64,42,96,95,82,59,73,57,13,
279	9	14	2.26	9,69,97,81,27,65,40,91,78,64,42,96,95,82,59,57,73,34,14,
279	9	13	2.59	9,69,30,85,83,77,87,53,45,46,55,40,91,78,64,42,96,95,13,
279	10	15	2.293	10,27,65,40,91,78,42,64,95,82,59,57,73,34,19,71,24,38,93,15,
279	9	15	2.448	9,69,30,85,83,77,87,48,99,92,70,62,20,74,50,71,24,38,93,15,
279	11	13	2.066	11,27,65,40,46,55,36,78,64,42,95,82,59,73,57,13,
279	11	12	2.159	11,27,65,81,40,55,46,77,83,87,45,36,64,42,96,12,
279	12	13	1.839	12,96,95,42,64,78,91,40,46,55,36,82,59,73,57,13,
279	11	14	1.874	11,27,65,40,91,78,64,42,96,95,82,59,57,73,34,14,
279	12	14	1.664	12,96,42,64,95,82,98,56,50,38,93,24,71,19,34,14,
279	13	14	2.054	13,12,96,42,64,95,82,98,56,50,38,93,24,71,19,34,14,
279	13	15	1.83	13,59,57,73,34,19,71,24,93,38,50,56,74,41,80,15,
279	12	15	1.537	12,96,42,64,95,82,59,57,73,34,19,71,24,38,93,15,
279	14	15	1.944	14,34,19,71,24,38,50,74,20,62,70,61,41,80,93,15,
279	11	15	2.172	11,27,65,40,91,78,64,42,95,82,98,49,56,50,71,24,38,93,15,
