111	0	1	2.068	0,30,69,87,61,72,67,26,85,29,64,77,21,36,1,
111	0	2	2.054	0,30,52,53,34,67,44,26,85,29,64,77,24,65,2,
111	0	3	1.971	0,22,30,69,87,61,29,64,77,24,65,96,78,32,82,19,3,
111	0	4	2.404	0,30,69,87,61,29,64,43,33,27,80,38,55,56,90,71,23,60,4,
111	0	5	2.217	0,30,69,87,61,29,85,26,73,46,33,80,27,38,55,56,90,71,5,
111	0	6	2.383	0,30,69,61,29,64,85,26,73,46,33,27,80,38,55,90,56,51,45,6,
111	0	7	2.485	0,30,69,87,61,29,85,26,44,93,47,17,25,92,97,91,89,48,7,
111	0	8	2.516	0,30,69,87,61,29,64,85,26,44,66,47,17,41,25,92,97,91,89,8,
111	0	9	2.431	0,30,69,87,61,29,64,85,26,44,66,47,17,41,25,20,74,75,31,39,9,
111	0	10	2.221	0,30,69,87,61,29,64,85,26,44,66,47,17,41,25,20,74,10,
111	0	11	2.449	0,30,69,87,61,29,64,85,26,44,93,66,47,17,25,41,76,37,11,
111	0	12	2.21	0,30,69,87,61,29,64,85,26,44,93,66,47,16,99,95,12,
111	0	13	2.302	0,30,69,87,61,29,64,85,26,44,66,93,49,40,63,94,13,
111	0	14	2.066	0,30,69,87,61,29,85,26,44,93,49,40,63,94,14,
111	0	15	2.06	0,30,69,87,61,29,85,26,67,72,34,53,52,57,58,15,
111	1	2	2.167	1,22,87,61,29,72,67,93,44,26,85,64,77,65,2,
111	1	3	1.852	1,36,21,87,61,29,64,77,24,65,96,78,32,82,19,3,
111	1	4	2.159	1,36,21,65,24,77,81,27,80,38,90,56,71,23,60,4,
111	1	5	2.193	1,22,87,61,29,85,26,73,46,33,27,80,38,55,56,90,71,5,
111	1	6	2.393	1,22,69,87,61,29,85,26,73,46,33,27,80,38,55,90,56,51,45,6,
111	1	7	2.509	1,22,87,61,29,64,85,26,44,66,47,17,25,92,97,91,89,48,7,
111	1	8	2.537	1,36,21,77,64,29,85,26,44,93,66,47,17,25,92,97,91,89,8,
111	1	9	2.432	1,36,21,77,64,29,85,26,44,66,47,17,41,25,20,74,75,31,39,9,
111	1	10	2.446	1,36,21,87,61,29,64,85,26,73,44,93,66,47,17,41,25,20,74,10,
111	1	11	2.5	1,36,21,77,64,29,85,26,73,44,93,66,47,17,41,25,20,76,11,
111	1	12	2.332	1,36,21,77,64,29,85,26,44,93,66,47,17,41,16,99,95,12,
111	1	13	2.422	1,36,21,77,64,29,85,26,44,93,67,72,34,40,63,94,13,
111	1	14	2.117	1,22,87,61,29,64,85,26,44,93,49,40,63,94,14,
111	1	15	2.025	1,36,21,65,24,77,64,29,61,87,69,52,53,57,58,15,
111	2	3	2.157	2,21,22,69,87,61,29,64,77,24,65,96,78,32,82,19,3,
111	2	4	1.989	2,78,32,82,19,84,81,27,80,38,55,56,90,71,23,60,4,
111	2	5	2.242	2,96,65,24,77,64,29,85,26,44,73,46,33,55,90,71,5,
111	2	6	2.298	2,78,32,82,19,70,60,23,71,56,90,27,80,38,55,59,79,45,51,6,
111	2	7	2.433	2,65,24,77,64,29,85,26,44,66,47,17,92,97,91,89,48,7,
111	2	8	2.451	2,65,24,77,64,29,85,26,44,66,47,17,25,92,97,91,68,18,8,
111	2	9	2.334	2,65,24,77,64,29,85,26,44,93,66,47,17,41,20,74,39,31,9,
111	2	10	2.515	2,78,32,82,96,65,24,77,64,29,85,26,73,44,93,66,47,17,41,20,74,10,
111	2	11	2.591	2,96,65,24,77,64,29,85,26,73,44,93,66,47,17,41,25,20,74,76,11,
111	2	12	2.335	2,96,65,24,77,64,29,85,26,44,93,66,47,17,41,16,99,95,12,
111	2	13	2.446	2,65,24,77,64,29,85,26,73,44,93,67,72,34,40,63,94,13,
111	2	14	2.308	2,96,65,24,77,64,29,85,26,73,44,93,67,49,40,63,94,14,
111	2	15	1.978	2,78,32,82,19,96,65,24,77,61,87,69,30,52,53,58,15,
111	3	4	2.207	3,32,78,96,65,24,77,64,29,85,26,73,43,81,60,4,
111	3	5	1.992	3,32,78,82,19,98,70,60,23,71,56,90,55,79,45,51,5,
111	3	6	2.009	3,32,78,82,19,70,60,23,71,56,90,38,27,80,55,79,45,6,
111	3	7	2.427	3,32,78,82,19,98,70,60,23,71,56,90,27,80,38,55,59,48,89,42,7,
111	3	8	2.443	3,32,78,96,65,24,77,64,29,85,26,44,93,66,88,86,48,89,8,
111	3	9	2.359	3,32,78,96,65,24,77,64,85,26,44,66,47,17,41,20,75,31,39,9,
111	3	10	2.278	3,32,78,96,65,24,77,64,85,26,44,93,66,47,17,41,20,74,10,
111	3	11	2.365	3,82,32,78,96,65,24,77,64,29,85,26,44,93,66,47,17,41,76,11,
111	3	12	2.333	3,82,32,78,96,65,24,77,64,29,85,26,44,93,66,47,16,99,95,12,
111	3	13	2.39	3,19,82,32,78,96,65,24,77,64,29,85,26,44,93,49,40,63,94,13,
111	3	14	2.291	3,19,82,32,78,96,65,24,77,64,29,85,26,44,93,49,40,63,94,14,
111	3	15	2.249	3,32,78,96,65,24,77,64,29,85,26,44,93,67,72,34,53,58,15,
111	4	5	2.042	4,60,23,71,90,56,55,38,80,27,33,46,59,79,45,51,5,
111	4	6	2.061	4,60,23,71,56,90,55,38,80,27,33,46,59,79,45,51,6,
111	4	7	2.417	4,60,23,71,90,56,51,45,79,55,38,80,27,33,46,86,48,42,7,
111	4	8	2.444	4,60,23,71,90,56,51,45,79,55,38,80,27,33,46,86,48,89,42,8,
111	4	9	2.415	4,60,23,71,90,56,55,38,80,27,33,46,86,91,97,92,75,31,39,9,
111	4	10	2.392	4,60,23,71,90,56,55,38,80,27,33,46,86,91,97,92,20,74,10,
111	4	11	2.53	4,60,23,71,90,56,55,38,80,27,33,46,86,91,97,92,20,76,11,
111	4	12	2.58	4,70,98,84,24,77,64,29,85,26,73,44,93,66,47,16,99,95,12,
111	4	13	2.657	4,60,23,71,90,56,55,38,80,27,33,46,73,44,93,49,40,63,94,13,
111	4	14	2.558	4,60,23,71,90,56,55,38,80,27,33,46,73,44,93,49,40,63,94,14,
111	4	15	2.393	4,70,98,19,82,32,78,96,65,24,77,64,29,61,87,69,52,53,57,58,15,
111	5	6	1.958	5,71,23,90,56,51,45,79,55,38,80,27,33,46,59,54,6,
111	5	7	1.872	5,71,23,90,27,80,38,55,56,51,45,79,54,48,89,42,7,
111	5	8	2.223	5,71,23,90,56,51,45,79,55,38,80,27,33,46,86,48,89,42,8,
111	5	9	2.236	5,71,90,56,55,38,80,27,33,46,86,91,97,92,20,75,31,39,9,
111	5	10	2.324	5,71,23,90,56,55,38,80,27,33,46,86,91,97,92,25,41,20,74,10,
111	5	11	2.384	5,71,90,56,55,38,80,27,33,46,86,91,97,92,75,74,20,76,11,
111	5	12	2.352	5,71,90,56,55,38,80,27,33,46,86,91,97,92,25,41,16,99,95,12,
111	5	13	2.524	5,71,90,56,55,38,80,27,33,46,73,85,26,44,93,49,40,63,94,13,
111	5	14	2.471	5,71,23,90,56,55,38,80,27,33,46,73,26,44,93,49,40,63,94,62,14,
111	5	15	2.353	5,71,90,56,55,38,80,27,33,46,73,26,44,67,72,34,53,57,58,15,
111	6	7	1.95	6,45,51,56,90,55,38,80,27,33,46,86,48,89,42,7,
111	6	8	1.953	6,45,51,56,90,55,38,80,27,33,46,86,48,89,42,8,
111	6	9	2.168	6,45,51,56,90,55,38,80,27,33,46,86,97,91,68,31,39,9,
111	6	10	2.326	6,45,51,56,90,55,38,80,27,33,46,86,91,97,92,75,20,74,10,
111	6	11	2.472	6,45,51,56,90,55,38,80,27,33,46,86,91,97,75,74,20,76,11,
111	6	12	2.503	6,45,51,56,90,55,38,80,27,33,46,86,91,97,92,25,41,16,99,95,12,
111	6	13	2.657	6,45,51,56,90,55,38,80,27,33,46,73,26,44,66,93,49,40,63,94,13,
111	6	14	2.478	6,45,51,56,90,55,38,80,27,33,46,73,26,44,93,49,40,63,94,14,
111	6	15	2.467	6,45,51,56,90,55,38,80,27,33,46,73,26,44,67,34,52,53,58,15,
111	7	8	2.181	7,42,48,89,91,97,92,25,20,74,75,39,31,68,18,8,
111	7	9	2.071	7,42,48,89,91,97,92,25,41,20,74,75,68,31,39,9,
111	7	10	2.471	7,42,89,48,86,88,73,26,44,93,66,47,17,41,20,74,10,
111	7	11	2.426	7,42,48,89,91,97,92,25,41,20,74,76,16,99,95,37,11,
111	7	12	2.534	7,42,48,89,86,91,97,92,25,41,20,74,76,16,99,50,95,12,
111	7	13	2.769	7,42,48,89,91,97,92,25,41,17,47,66,93,44,26,67,49,40,63,13,
111	7	14	2.546	7,42,48,89,91,97,92,25,41,17,47,66,93,67,49,40,63,94,14,
111	7	15	2.577	7,42,48,89,91,97,92,25,41,17,47,66,93,67,72,34,53,52,57,58,15,
111	8	9	2.074	8,42,48,89,91,97,92,25,41,20,74,75,68,31,39,9,
111	8	10	2.231	8,42,48,89,91,97,92,25,41,20,74,75,68,31,39,10,
111	8	11	2.155	8,42,48,89,91,97,92,25,41,16,99,50,95,37,11,
111	8	12	2.507	8,42,89,48,86,91,97,92,25,41,20,75,74,76,16,99,95,12,
111	8	13	2.661	8,42,48,89,91,97,92,25,41,17,47,66,44,93,49,40,63,94,13,
111	8	14	2.649	8,42,48,89,91,97,92,25,41,17,47,66,93,67,72,34,40,63,94,14,
111	8	15	2.58	8,42,48,89,91,97,92,25,41,17,47,66,93,67,72,34,53,52,57,58,15,
111	9	10	2.26	9,39,31,68,91,97,92,25,41,16,99,76,20,75,74,10,
111	9	11	2.127	9,39,31,68,91,97,92,25,41,20,74,76,95,37,11,
111	9	12	2.065	9,39,31,68,91,97,75,74,20,76,16,99,50,95,12,
111	9	13	2.504	9,39,31,68,91,97,92,25,41,17,47,66,93,67,49,40,63,94,13,
111	9	14	2.488	9,39,31,68,91,97,92,25,41,17,47,66,44,93,49,40,63,94,62,14,
111	9	15	2.478	9,39,31,68,91,97,92,25,41,17,47,66,44,67,72,34,53,52,57,58,15,
111	10	11	2.284	10,39,31,68,91,97,92,25,41,20,74,76,95,37,11,
111	10	12	2.231	10,39,31,68,91,97,92,25,41,20,74,76,37,95,12,
111	10	13	2.294	10,74,20,41,17,47,66,93,44,67,49,40,63,94,13,
111	10	14	2.395	10,74,20,25,41,17,47,66,93,44,73,26,67,49,40,63,94,14,
111	10	15	2.355	10,74,20,41,17,47,66,93,44,26,85,64,29,61,52,53,58,15,
111	11	12	2.192	11,37,76,20,74,75,91,97,92,25,41,16,99,95,12,
111	11	13	2.35	11,37,76,20,74,75,91,97,92,25,41,16,99,50,13,
111	11	14	2.153	11,37,76,16,99,95,50,83,40,63,94,62,28,35,14,
111	11	15	2.446	11,76,41,17,47,66,93,44,26,85,64,29,61,87,69,52,53,58,15,
111	12	13	2.343	12,95,99,16,47,66,93,44,26,67,49,40,63,94,13,
111	12	14	2.126	12,95,37,76,16,99,50,83,40,63,94,62,28,35,14,
111	12	15	2.137	12,95,37,76,16,99,83,40,63,94,62,28,35,58,15,
111	13	14	2.314	13,50,95,37,76,16,99,83,40,63,94,62,28,35,14,
111	13	15	2.278	13,63,40,49,93,44,26,85,29,61,87,69,30,57,15,
111	14	15	2.188	14,94,63,40,49,93,44,26,67,72,34,53,52,57,58,15,
