384	0	1	2.056	0,21,92,49,56,80,47,32,96,25,86,98,95,36,58,1,
384	0	2	2.394	0,21,86,25,96,32,51,60,24,54,20,69,37,66,87,38,2,
384	0	3	2.451	0,21,92,49,56,80,47,32,51,60,24,54,69,37,66,3,
384	0	4	2.508	0,21,92,96,32,51,60,24,64,54,69,37,75,85,35,19,4,
384	0	5	2.781	0,21,86,25,96,32,51,60,24,64,54,20,69,37,75,85,35,19,91,5,
384	0	6	2.84	0,21,92,96,32,25,86,98,95,20,69,37,75,85,35,19,65,59,79,26,6,
384	0	7	2.883	0,21,86,98,95,20,69,37,75,85,35,19,91,65,55,31,45,90,70,48,7,
384	0	8	2.735	0,21,92,96,32,47,80,56,63,40,67,34,73,76,88,89,57,74,99,8,
384	0	9	2.615	0,21,92,96,32,51,44,23,34,73,76,89,88,46,74,57,68,94,30,9,
384	0	10	2.518	0,21,92,96,32,47,80,56,63,40,93,33,71,39,97,41,29,16,81,10,
384	0	11	2.175	0,21,92,96,32,47,80,56,63,40,93,33,71,39,72,16,29,41,42,11,
384	0	12	2.3	0,21,86,25,96,32,47,80,56,53,84,63,40,93,33,39,71,12,
384	0	13	2.099	0,21,86,98,25,32,96,49,56,80,47,63,53,84,13,
384	0	14	1.991	0,21,98,86,25,96,32,47,80,56,63,53,84,22,14,
384	0	15	2.243	0,21,98,86,25,96,32,47,80,56,53,84,22,49,15,
384	1	2	2.137	1,58,36,98,86,25,60,24,54,20,69,37,66,87,38,2,
384	1	3	2.218	1,58,36,98,86,25,96,32,51,60,24,54,69,20,66,3,
384	1	4	2.28	1,58,36,98,86,25,60,24,54,69,37,75,85,35,19,4,
384	1	5	2.237	1,58,36,98,86,25,95,54,69,37,75,85,35,19,91,5,
384	1	6	2.66	1,58,36,98,86,25,60,24,64,54,69,37,75,85,35,19,65,59,79,6,
384	1	7	2.813	1,58,36,98,95,20,69,37,75,85,35,19,91,65,55,31,45,90,70,48,7,
384	1	8	2.693	1,58,36,20,37,75,85,35,19,65,55,31,45,90,27,82,46,74,57,99,8,
384	1	9	2.575	1,58,36,20,69,37,75,85,35,31,45,90,82,46,74,57,68,30,94,9,
384	1	10	2.517	1,58,36,98,86,25,96,32,47,80,56,63,40,93,39,72,16,81,78,10,
384	1	11	2.289	1,58,36,98,86,25,96,32,47,80,56,63,40,93,39,71,97,29,41,42,11,
384	1	12	2.391	1,58,36,95,98,86,25,32,47,80,56,53,63,40,93,33,39,71,12,
384	1	13	2.74	1,58,36,98,86,25,32,47,80,56,63,40,93,39,72,29,97,71,33,13,
384	1	14	1.752	1,58,36,98,86,25,96,32,47,80,56,53,84,22,14,
384	1	15	2.046	1,58,36,95,98,86,25,96,32,47,80,56,22,49,15,
384	2	3	2.479	2,38,36,98,86,25,96,32,51,60,24,54,69,20,66,3,
384	2	4	2.468	2,38,87,66,37,75,85,35,19,31,45,90,55,59,65,91,4,
384	2	5	2.218	2,38,87,66,37,75,85,35,19,31,45,90,55,59,79,26,5,
384	2	6	2.58	2,38,87,66,37,75,85,35,19,91,79,59,65,55,31,45,90,70,28,6,
384	2	7	2.652	2,38,87,66,37,75,85,35,19,91,26,79,59,65,55,31,45,90,70,48,7,
384	2	8	2.48	2,38,87,66,37,75,85,35,19,65,31,45,90,27,82,46,74,57,99,8,
384	2	9	2.347	2,87,66,37,75,85,35,19,31,45,90,27,82,46,74,57,68,30,94,9,
384	2	10	2.656	2,87,66,37,75,85,35,19,31,45,90,27,82,46,74,57,68,30,94,10,
384	2	11	2.562	2,38,36,98,86,25,32,47,80,56,63,40,93,33,71,39,97,29,41,42,11,
384	2	12	2.575	2,38,87,66,37,69,54,24,60,17,44,23,61,43,67,93,33,39,71,12,
384	2	13	2.771	2,38,87,66,37,20,69,64,54,95,98,86,25,96,32,47,80,56,53,84,13,
384	2	14	2.484	2,38,87,66,37,69,20,95,98,86,25,32,47,80,56,49,22,14,
384	2	15	2.381	2,87,66,37,69,20,95,98,86,25,32,47,80,56,49,15,
384	3	4	2.604	3,66,20,69,37,75,85,35,19,31,45,90,55,59,65,91,4,
384	3	5	2.354	3,66,20,69,37,75,85,35,19,31,45,90,55,59,79,26,5,
384	3	6	2.243	3,66,37,75,85,35,19,65,59,55,31,45,90,70,28,6,
384	3	7	2.57	3,66,37,75,85,35,19,65,55,31,45,90,27,82,46,57,74,62,7,
384	3	8	2.365	3,66,37,75,85,35,19,65,55,31,45,90,27,82,46,74,57,99,8,
384	3	9	2.447	3,66,37,75,85,35,19,65,55,31,45,90,27,82,46,74,57,68,30,94,9,
384	3	10	2.7	3,66,37,75,85,35,19,31,45,90,82,46,74,57,99,68,30,94,10,
384	3	11	2.644	3,66,37,69,54,24,60,17,44,23,34,67,93,33,71,39,97,29,41,42,11,
384	3	12	2.555	3,66,37,69,54,64,24,60,17,44,23,61,43,67,93,33,39,71,12,
384	3	13	2.809	3,66,37,69,54,24,60,17,44,23,61,43,67,93,40,63,80,56,53,84,13,
384	3	14	2.593	3,66,37,69,20,95,98,86,25,96,32,47,80,56,63,53,22,14,
384	3	15	2.623	3,66,37,69,20,95,98,86,25,96,32,47,80,56,22,49,15,
384	4	5	2.481	4,85,75,35,19,65,55,31,45,90,27,82,48,70,59,79,26,5,
384	4	6	2.277	4,85,75,35,19,65,59,55,31,45,90,27,82,48,70,28,6,
384	4	7	2.339	4,85,75,35,19,65,59,55,31,45,90,27,82,46,57,74,62,7,
384	4	8	2.364	4,85,75,35,19,65,55,31,45,90,27,82,46,74,57,68,94,30,8,
384	4	9	2.298	4,85,75,35,19,91,65,59,55,31,45,90,27,82,46,74,57,68,30,94,9,
384	4	10	2.525	4,85,75,35,19,65,59,55,31,45,90,27,82,46,74,57,68,30,94,10,
384	4	11	2.415	4,85,75,35,19,31,45,90,27,82,46,88,89,73,18,50,16,29,41,42,11,
384	4	12	2.459	4,85,75,35,31,45,90,27,82,46,88,89,18,50,16,72,39,71,12,
384	4	13	2.818	4,85,75,35,19,31,45,90,27,82,46,88,89,18,50,16,72,39,71,33,13,
384	4	14	2.752	4,19,35,85,75,37,69,20,54,95,98,86,25,96,32,47,80,56,22,14,
384	4	15	2.716	4,19,35,85,75,37,69,20,95,98,86,25,32,47,80,56,49,15,
384	5	6	2.144	5,26,79,59,55,45,90,27,82,46,57,74,62,48,70,28,6,
384	5	7	2.082	5,26,79,59,55,31,45,90,27,82,46,74,57,99,62,48,7,
384	5	8	1.963	5,26,79,59,65,55,31,45,90,27,82,46,74,57,68,99,8,
384	5	9	2.471	5,26,79,59,28,70,55,31,45,90,27,82,46,74,57,99,68,94,30,9,
384	5	10	2.512	5,26,79,59,65,55,31,45,90,27,82,46,88,89,76,73,18,50,81,78,52,10,
384	5	11	2.348	5,26,79,59,65,55,31,45,90,27,82,46,88,89,76,73,18,50,16,29,41,42,11,
384	5	12	2.414	5,26,79,59,55,45,90,27,82,46,88,89,18,50,16,29,41,97,39,71,12,
384	5	13	2.513	5,91,19,35,85,75,37,69,54,24,60,51,32,47,80,56,53,84,13,
384	5	14	2.721	5,26,79,59,55,31,45,90,27,82,46,88,89,73,34,43,61,47,80,56,22,14,
384	5	15	2.716	5,91,19,35,85,75,37,69,20,95,98,86,25,32,47,80,56,49,15,
384	6	7	2.017	6,26,79,59,55,31,45,90,27,82,46,74,57,99,62,48,7,
384	6	8	1.898	6,26,79,59,65,55,31,45,90,27,82,46,74,57,68,99,8,
384	6	9	1.683	6,26,79,59,55,31,45,90,27,82,46,74,57,68,30,94,9,
384	6	10	2.359	6,26,79,59,55,31,45,90,27,82,46,88,89,76,73,18,50,81,52,78,10,
384	6	11	2.209	6,26,79,59,55,31,45,90,27,82,46,88,89,76,73,18,50,16,29,41,42,11,
384	6	12	2.443	6,26,79,59,65,55,31,45,90,27,82,46,88,89,76,73,18,50,16,72,39,71,12,
384	6	13	2.474	6,79,59,55,31,45,90,27,82,46,88,89,18,50,16,72,39,71,33,13,
384	6	14	2.652	6,79,59,55,31,45,90,27,82,46,88,89,76,73,34,43,61,47,80,56,22,14,
384	6	15	2.758	6,79,59,55,31,45,90,82,46,88,89,73,34,43,61,47,80,56,49,15,
384	7	8	1.956	7,48,70,59,65,55,31,45,90,27,82,46,57,74,99,8,
384	7	9	1.773	7,28,59,55,31,45,90,27,82,46,74,57,68,30,94,9,
384	7	10	2.213	7,28,59,55,31,45,90,27,82,46,74,57,99,68,30,94,10,
384	7	11	2.103	7,70,48,62,74,57,46,88,89,76,73,18,50,16,29,41,42,11,
384	7	12	2.394	7,70,48,62,74,57,89,88,76,73,18,50,16,72,29,41,97,39,71,12,
384	7	13	2.587	7,62,74,57,88,89,73,18,50,16,72,39,71,33,93,40,63,53,84,13,
384	7	14	2.633	7,62,74,57,88,89,18,50,16,72,39,71,33,93,40,63,80,56,22,14,
384	7	15	2.803	7,62,74,57,88,89,18,50,16,72,39,71,33,93,40,63,56,49,15,
384	8	9	2.039	8,99,74,57,89,88,76,73,18,50,81,78,52,94,30,9,
384	8	10	2.02	8,99,74,57,89,88,76,73,18,50,16,29,41,81,52,78,10,
384	8	11	1.802	8,99,57,74,46,88,89,76,73,18,50,16,72,29,41,42,11,
384	8	12	2.115	8,99,57,74,46,88,89,76,73,18,50,16,29,41,42,97,39,71,12,
384	8	13	2.357	8,99,74,57,88,89,18,50,16,72,39,71,33,93,40,63,53,84,13,
384	8	14	2.533	8,99,74,57,88,89,73,18,50,16,72,39,71,33,93,40,63,80,56,22,14,
384	8	15	2.656	8,99,74,57,88,89,18,50,16,72,39,71,33,93,40,63,80,56,49,15,
384	9	10	1.848	9,30,94,68,89,88,76,73,18,50,16,29,41,81,78,10,
384	9	11	1.612	9,30,94,68,57,89,88,76,73,18,50,16,29,41,42,11,
384	9	12	1.726	9,30,94,68,89,88,76,73,18,50,16,29,41,97,71,12,
384	9	13	2.21	9,30,94,52,78,81,16,29,41,97,39,71,33,93,40,63,53,84,13,
384	9	14	2.42	9,30,94,52,78,81,16,29,41,42,97,39,71,33,93,40,63,80,56,22,14,
384	9	15	2.513	9,30,94,52,78,81,16,29,41,97,39,71,33,93,40,63,56,80,49,15,
384	10	11	2.002	10,9,30,94,68,57,89,88,76,73,18,50,16,29,41,42,11,
384	10	12	1.84	10,78,52,81,18,50,16,72,29,41,42,97,39,71,33,12,
384	10	13	2.084	10,78,81,16,29,41,97,39,71,33,93,40,63,80,56,53,84,13,
384	10	14	2.222	10,78,52,81,16,72,29,41,42,97,39,71,33,93,40,63,80,56,22,14,
384	10	15	2.328	10,78,52,81,16,29,41,97,39,71,33,93,40,63,56,80,47,49,15,
384	11	12	1.726	11,42,41,29,81,78,52,18,50,16,72,97,39,71,33,12,
384	11	13	1.596	11,42,41,29,16,72,97,39,71,33,93,40,63,53,84,13,
384	11	14	1.558	11,42,41,29,16,72,39,71,33,93,40,63,56,22,14,
384	11	15	2.134	11,42,41,29,16,72,39,71,33,93,40,63,56,80,47,32,96,49,15,
384	12	13	1.786	12,71,97,42,41,29,16,72,39,33,93,40,63,53,84,13,
384	12	14	1.756	12,71,97,29,16,72,39,33,93,40,63,80,56,22,14,
384	12	15	1.959	12,71,39,97,41,29,72,93,40,63,56,80,47,49,15,
384	13	14	1.91	13,84,53,63,40,93,67,34,43,61,47,80,56,22,14,
384	13	15	2.152	13,33,71,39,97,29,16,72,93,40,63,56,80,49,15,
384	14	15	2.1	14,22,84,53,63,56,80,47,32,96,25,86,98,21,15,
