560	0	1	2.115	0,22,79,29,61,39,75,52,57,45,41,51,67,94,90,1,
560	0	2	2.063	0,22,29,61,39,75,47,35,45,41,57,90,94,67,2,
560	0	3	1.929	0,22,29,61,39,75,47,35,57,45,41,94,67,51,89,3,
560	0	4	2.604	0,22,15,88,70,79,29,61,39,75,52,57,45,41,94,67,51,89,81,48,4,
560	0	5	2.54	0,22,29,61,39,75,47,35,57,45,41,94,67,51,89,81,48,63,5,
560	0	6	2.573	0,22,79,29,61,39,75,47,33,36,38,32,49,64,86,62,24,25,34,44,6,
560	0	7	2.819	0,22,79,29,61,39,75,47,80,33,36,38,32,49,64,86,62,73,85,83,20,7,
560	0	8	2.703	0,22,79,29,61,39,75,47,80,33,36,38,32,49,64,86,83,85,20,8,
560	0	9	2.732	0,22,79,29,61,39,75,47,33,84,46,40,42,82,21,95,76,60,58,9,
560	0	10	2.538	0,61,29,22,79,70,88,72,59,91,23,43,30,77,69,87,55,17,10,
560	0	11	2.395	0,61,29,22,79,70,88,72,59,91,23,43,30,77,87,55,17,56,11,
560	0	12	2.588	0,61,22,29,50,71,28,78,30,77,69,87,55,17,56,18,12,
560	0	13	2.297	0,61,29,22,79,70,88,72,31,59,37,71,28,78,43,23,91,96,13,
560	0	14	2.473	0,61,29,22,79,70,88,72,31,59,37,71,28,78,43,23,91,96,14,
560	0	15	2.219	0,22,79,70,29,61,39,75,47,80,50,71,31,72,88,15,
560	1	2	2.212	1,99,39,61,22,79,29,50,80,47,57,45,41,94,67,2,
560	1	3	2.147	1,99,0,22,79,29,61,39,75,52,57,45,41,94,67,51,3,
560	1	4	2.609	1,99,39,61,22,79,29,50,80,47,57,41,94,67,51,89,81,4,
560	1	5	2.794	1,90,41,45,57,35,66,65,36,38,32,49,64,86,62,24,25,34,5,
560	1	6	2.567	1,90,41,45,57,35,66,65,36,38,32,49,64,86,62,24,25,34,44,6,
560	1	7	2.71	1,90,41,45,57,35,66,65,36,38,32,49,64,86,62,73,85,83,20,7,
560	1	8	2.691	1,90,57,35,66,65,36,38,32,49,64,86,62,24,73,85,83,20,8,
560	1	9	2.737	1,90,57,35,66,65,38,32,74,46,40,42,82,21,95,76,60,58,9,
560	1	10	2.592	1,90,57,35,33,84,46,40,42,82,21,69,87,55,56,17,98,10,
560	1	11	2.506	1,90,57,35,33,84,46,40,42,82,21,69,87,55,17,56,18,11,
560	1	12	2.732	1,90,57,35,33,84,46,40,42,82,21,69,87,55,17,56,18,12,
560	1	13	2.517	1,52,75,39,61,29,22,79,70,88,72,59,37,28,78,43,23,91,96,13,
560	1	14	2.529	1,90,41,45,57,35,47,52,75,39,61,29,22,79,70,88,72,14,
560	1	15	1.995	1,90,41,45,57,35,47,75,39,61,22,29,70,88,15,
560	2	3	2.443	2,67,94,41,45,35,66,65,36,38,32,27,93,53,51,89,3,
560	2	4	2.395	2,67,94,41,45,57,35,66,65,38,32,49,27,63,48,4,
560	2	5	2.599	2,67,94,41,45,35,66,65,36,38,32,49,64,86,62,24,25,34,5,
560	2	6	2.227	2,67,94,41,45,66,65,36,38,32,49,64,86,62,24,25,34,44,6,
560	2	7	2.499	2,67,94,41,45,35,66,65,36,38,32,49,25,24,62,86,83,85,20,7,
560	2	8	2.597	2,67,94,41,45,66,65,38,32,49,64,86,62,25,24,73,85,83,20,8,
560	2	9	2.714	2,67,94,41,45,66,65,36,38,32,74,46,40,42,82,21,95,76,60,58,9,
560	2	10	2.566	2,67,94,41,45,66,65,36,74,46,40,42,82,21,69,87,55,17,98,10,
560	2	11	2.447	2,67,94,41,45,66,65,36,74,46,40,42,82,21,69,87,55,17,56,11,
560	2	12	2.727	2,67,94,41,45,66,65,36,74,46,40,42,82,21,69,87,17,56,18,12,
560	2	13	2.508	2,67,94,41,45,57,52,75,39,61,29,22,79,70,88,72,59,91,96,13,
560	2	14	2.434	2,67,94,41,45,57,35,47,52,75,39,61,29,22,79,70,88,72,14,
560	2	15	2.063	2,67,94,41,45,57,35,47,52,75,39,61,29,22,79,70,88,15,
560	3	4	2.394	3,89,51,67,94,41,45,66,65,36,38,32,49,27,63,48,4,
560	3	5	2.361	3,89,51,41,45,66,65,36,38,32,49,64,86,62,24,34,5,
560	3	6	2.067	3,67,94,41,45,66,65,38,32,49,64,86,62,24,34,44,6,
560	3	7	2.35	3,89,51,67,94,41,45,66,65,38,32,49,64,86,62,73,83,85,7,
560	3	8	2.529	3,67,94,41,45,35,66,65,38,32,49,64,86,62,73,85,83,20,8,
560	3	9	2.594	3,67,94,41,45,66,65,38,74,46,40,42,82,21,95,76,60,58,9,
560	3	10	2.611	3,67,94,41,45,66,65,36,74,46,40,42,82,21,69,87,55,17,56,10,
560	3	11	2.556	3,67,94,41,45,66,65,38,32,74,46,40,42,82,21,69,87,55,17,56,11,
560	3	12	2.683	3,89,53,93,38,32,74,46,40,42,82,21,69,87,55,17,56,18,12,
560	3	13	2.59	3,89,51,67,94,41,45,57,52,75,39,61,22,79,70,88,72,59,91,96,13,
560	3	14	2.59	3,89,51,67,94,41,45,57,35,47,52,75,39,61,29,22,79,70,88,72,14,
560	3	15	2.328	3,89,51,67,94,41,45,57,35,33,80,47,75,39,61,29,22,79,70,15,
560	4	5	2.485	4,48,81,53,89,51,67,94,41,45,57,35,66,65,93,63,5,
560	4	6	2.245	4,81,89,51,41,45,66,65,36,38,32,49,25,24,34,44,6,
560	4	7	2.484	4,81,89,51,67,94,41,45,66,65,36,38,32,49,64,86,83,85,7,
560	4	8	2.647	4,48,63,27,38,32,49,64,86,62,24,25,34,44,73,85,20,8,
560	4	9	2.633	4,48,93,38,74,46,40,42,82,21,69,87,55,17,98,97,58,9,
560	4	10	2.549	4,48,93,38,32,74,46,40,42,82,21,69,77,87,55,56,17,98,10,
560	4	11	2.599	4,48,93,38,32,49,74,46,40,42,82,21,69,77,87,55,17,56,18,11,
560	4	12	2.762	4,63,27,32,38,74,46,40,42,82,21,69,77,87,55,17,56,18,12,
560	4	13	2.754	4,81,89,51,41,45,57,52,75,39,61,29,22,79,70,88,72,59,91,96,13,
560	4	14	2.505	4,81,89,51,67,94,41,45,57,52,75,39,61,29,22,79,70,88,72,14,
560	4	15	2.439	4,48,81,89,51,67,94,41,45,57,35,47,75,39,61,29,22,79,70,88,15,
560	5	6	2.393	5,34,24,25,27,38,32,49,64,86,83,20,85,73,44,6,
560	5	7	2.425	5,6,34,24,25,27,38,32,49,64,86,62,73,85,83,20,7,
560	5	8	2.671	5,34,24,62,86,64,49,32,38,74,46,40,42,82,21,95,16,8,
560	5	9	2.511	5,63,27,49,32,38,74,46,40,42,82,21,95,16,60,58,9,
560	5	10	2.551	5,63,27,32,38,74,46,40,42,82,21,69,77,87,55,56,17,98,10,
560	5	11	2.556	5,63,27,32,38,74,46,40,42,21,82,19,77,69,87,55,17,56,18,11,
560	5	12	2.691	5,63,27,32,38,74,46,40,42,82,21,69,77,87,55,17,56,18,12,
560	5	13	2.78	5,34,24,25,49,32,38,74,46,40,42,21,82,19,30,43,23,91,96,13,
560	5	14	2.725	5,63,48,81,89,51,67,94,41,45,57,52,39,61,29,22,79,70,88,14,
560	5	15	2.423	5,63,48,81,89,51,67,94,41,45,57,52,75,39,61,22,79,70,88,15,
560	6	7	2.035	6,34,24,25,27,38,32,49,64,86,62,73,85,83,20,7,
560	6	8	2.063	6,44,34,25,24,62,73,85,83,20,16,76,58,60,8,
560	6	9	1.801	6,44,34,25,24,62,86,73,85,83,16,76,60,58,9,
560	6	10	2.219	6,44,34,24,62,86,64,68,95,21,82,19,69,87,55,17,98,10,
560	6	11	2.214	6,44,34,25,24,62,86,64,68,95,21,82,69,87,55,17,56,18,11,
560	6	12	2.44	6,44,34,25,24,62,86,64,68,95,21,82,69,87,55,17,56,18,12,
560	6	13	2.457	6,44,34,25,24,62,86,64,68,95,21,82,42,19,30,43,23,91,96,13,
560	6	14	2.657	6,44,34,25,24,62,86,64,68,46,40,21,82,42,19,30,43,23,91,14,
560	6	15	2.518	6,44,34,24,62,86,64,49,32,38,36,33,47,75,39,61,22,79,70,88,15,
560	7	8	2.16	7,20,83,85,73,24,25,62,86,64,16,76,58,60,8,
560	7	9	1.89	7,20,83,85,73,24,25,62,86,64,16,76,60,58,9,
560	7	10	2.101	7,20,83,85,73,62,86,64,68,95,69,87,97,98,10,
560	7	11	2.227	7,85,83,86,64,68,46,40,42,82,21,69,87,55,17,56,18,11,
560	7	12	2.515	7,20,83,85,73,62,86,64,68,95,69,77,87,55,17,56,18,12,
560	7	13	2.571	7,85,83,86,64,49,32,38,74,46,40,21,82,19,30,43,23,91,96,13,
560	7	14	2.807	7,85,83,73,62,86,64,49,32,38,74,46,40,21,82,42,54,28,37,59,14,
560	7	15	2.626	7,85,83,73,62,86,64,49,32,38,36,33,47,75,39,61,29,70,88,15,
560	8	9	1.973	8,20,83,85,73,24,25,62,86,64,16,76,60,58,9,
560	8	10	2.137	8,16,95,21,82,69,77,87,55,56,17,98,97,10,
560	8	11	2.083	8,20,85,83,86,64,68,95,21,82,69,87,17,56,11,
560	8	12	2.598	8,20,85,83,86,64,68,46,40,21,82,69,87,55,17,56,18,12,
560	8	13	2.631	8,60,58,97,98,17,56,55,87,69,77,30,26,43,23,91,96,13,
560	8	14	2.739	8,20,85,83,64,49,32,38,74,46,40,21,82,19,30,43,23,91,14,
560	8	15	2.615	8,20,85,83,64,49,32,38,36,33,47,75,39,61,22,29,70,88,15,
560	9	10	1.948	9,58,60,16,76,69,77,87,55,56,17,98,97,10,
560	9	11	1.925	9,58,60,16,76,69,87,97,98,17,55,56,18,11,
560	9	12	2.194	9,58,60,76,16,95,21,82,69,87,55,17,56,18,12,
560	9	13	2.497	9,58,97,98,17,56,55,87,69,21,82,42,19,30,43,23,91,96,13,
560	9	14	2.7	9,58,97,98,17,56,55,87,77,69,21,82,19,30,43,23,91,96,14,
560	9	15	2.73	9,58,60,76,95,21,82,42,40,46,84,33,47,75,39,61,29,70,88,15,
560	10	11	2.088	10,98,17,56,55,87,77,69,21,82,42,19,30,18,11,
560	10	12	2.253	10,98,17,56,55,87,77,69,82,21,42,19,30,43,92,12,
560	10	13	2.08	10,98,97,69,77,87,55,17,56,18,26,43,23,91,96,13,
560	10	14	2.537	10,98,17,56,55,87,69,77,19,82,21,42,54,28,71,37,59,72,14,
560	10	15	2.497	10,98,17,56,55,87,69,77,30,78,28,71,50,29,22,79,70,88,15,
560	11	12	1.919	11,18,56,17,55,87,77,69,21,82,42,19,30,26,12,
560	11	13	1.872	11,56,55,17,98,97,69,87,77,30,43,23,91,96,13,
560	11	14	2.023	11,18,56,17,55,87,69,77,30,43,23,91,59,72,14,
560	11	15	2.305	11,56,17,55,87,69,77,30,78,28,71,50,29,22,79,70,88,15,
560	12	13	2.109	12,18,56,17,55,87,69,77,30,26,43,23,91,96,13,
560	12	14	2.249	12,18,56,17,55,87,69,77,30,43,23,91,59,72,14,
560	12	15	2.29	12,18,56,17,55,87,69,77,30,78,28,37,59,72,88,15,
560	13	14	2.339	13,96,91,23,43,78,28,71,50,29,61,22,79,70,88,14,
560	13	15	2.083	13,96,91,23,43,78,28,71,37,59,72,88,70,29,22,79,15,
560	14	15	2.45	14,59,31,50,80,47,52,75,39,61,29,22,79,70,72,88,15,
