333	0	1	1.974	0,58,84,33,37,74,81,17,97,88,50,49,38,48,72,1,
333	0	2	1.881	0,58,84,83,33,37,74,81,17,97,88,48,38,50,49,2,
333	0	3	1.944	0,58,84,83,33,37,74,81,97,88,48,38,49,44,80,3,
333	0	4	2.539	0,17,97,88,48,50,40,41,92,98,31,73,99,69,59,90,53,54,4,
333	0	5	2.381	0,33,37,74,68,70,30,92,98,31,73,99,69,59,90,53,54,79,55,5,
333	0	6	2.486	0,17,97,88,48,38,50,40,41,92,98,31,73,99,69,71,51,67,6,
333	0	7	2.765	0,17,97,88,48,38,50,40,41,68,70,30,92,98,31,73,99,71,42,95,7,
333	0	8	2.705	0,17,97,88,48,38,50,40,41,68,70,92,98,31,73,99,19,21,22,45,8,
333	0	9	2.71	0,58,84,83,78,16,36,62,39,24,77,86,23,64,76,94,46,52,9,
333	0	10	2.568	0,58,84,83,78,16,36,62,39,24,86,23,27,91,35,94,96,10,
333	0	11	2.518	0,58,84,83,33,37,89,28,43,93,62,36,39,24,86,77,56,32,29,11,
333	0	12	1.857	0,58,84,83,78,16,36,62,39,24,86,77,56,32,12,
333	0	13	1.97	0,58,84,83,78,16,36,62,39,23,64,86,77,87,13,
333	0	14	2.138	0,58,84,83,33,37,89,28,43,93,62,36,16,78,60,14,
333	0	15	2.069	0,17,97,88,48,38,50,40,41,68,74,37,33,83,84,15,
333	1	2	1.753	1,72,48,88,97,17,81,68,30,70,41,40,50,38,49,2,
333	1	3	1.832	1,72,48,88,97,17,81,68,30,70,41,40,49,44,80,3,
333	1	4	2.082	1,72,97,88,48,38,50,40,34,57,69,59,90,53,54,4,
333	1	5	2.252	1,72,48,88,97,17,81,68,70,92,98,31,73,69,59,90,53,54,79,55,5,
333	1	6	2.338	1,72,48,88,97,17,81,68,70,30,92,98,31,73,99,69,71,51,67,6,
333	1	7	2.576	1,72,97,88,48,38,50,40,41,68,70,30,92,98,31,73,99,71,42,95,7,
333	1	8	2.554	1,72,97,88,48,50,40,41,68,70,30,92,98,31,73,99,19,21,22,45,8,
333	1	9	2.608	1,97,88,48,38,50,40,41,70,30,92,98,31,73,99,19,21,22,45,66,9,
333	1	10	2.538	1,72,48,88,97,81,74,37,89,28,43,93,62,36,39,23,64,76,96,10,
333	1	11	2.409	1,72,48,88,97,81,74,37,89,28,43,62,36,24,86,77,56,32,29,11,
333	1	12	2.248	1,72,48,88,97,17,74,37,89,28,43,93,62,36,24,86,77,56,32,12,
333	1	13	2.188	1,72,48,88,97,17,81,74,37,89,28,43,93,62,36,24,77,87,13,
333	1	14	2.017	1,72,48,88,97,81,74,37,89,28,43,62,36,16,78,14,
333	1	15	1.845	1,72,48,38,50,88,97,17,81,74,37,33,83,84,58,15,
333	2	3	1.921	2,49,50,48,88,97,17,81,68,30,70,41,40,44,80,3,
333	2	4	2.188	2,72,97,88,48,38,50,40,34,57,69,59,90,53,54,4,
333	2	5	2.022	2,38,50,40,41,92,98,31,73,69,59,90,53,54,79,55,5,
333	2	6	2.268	2,48,88,97,17,81,68,70,30,92,98,31,73,69,71,51,67,6,
333	2	7	2.608	2,49,38,48,97,88,50,40,41,68,30,70,92,98,31,73,99,42,95,7,
333	2	8	2.558	2,49,38,48,88,97,17,81,68,70,30,92,98,31,73,99,19,21,22,45,8,
333	2	9	2.707	2,49,38,48,88,97,17,81,68,70,30,92,98,31,73,99,19,21,22,45,66,9,
333	2	10	2.673	2,38,48,88,97,17,81,74,37,89,28,43,93,62,36,39,23,64,76,96,10,
333	2	11	2.53	2,48,88,97,17,81,74,37,89,28,43,93,62,36,24,86,77,56,32,29,11,
333	2	12	2.455	2,49,38,48,88,97,17,81,74,37,89,28,43,93,62,36,24,86,77,56,32,12,
333	2	13	2.348	2,49,38,48,88,97,17,81,74,37,89,28,43,93,62,36,24,77,87,13,
333	2	14	2.294	2,49,38,48,88,97,17,81,74,37,89,28,43,93,62,36,16,78,14,
333	2	15	1.818	2,49,50,38,48,88,97,17,81,74,37,33,83,84,25,15,
333	3	4	2.226	3,80,44,40,41,68,70,92,98,31,73,69,59,90,53,54,4,
333	3	5	1.943	3,80,44,49,38,48,88,50,40,34,82,53,54,79,55,5,
333	3	6	2.146	3,80,44,63,82,57,98,31,73,99,69,59,90,51,67,6,
333	3	7	2.56	3,80,44,49,38,48,88,97,17,81,68,70,92,98,31,73,99,42,95,7,
333	3	8	2.585	3,80,44,49,50,40,41,68,70,30,92,98,31,73,99,19,21,22,45,8,
333	3	9	2.707	3,80,44,49,38,50,40,41,70,30,92,98,31,73,99,19,21,22,45,66,9,
333	3	10	2.72	3,80,44,49,38,48,88,97,17,81,68,70,30,26,20,85,27,91,35,94,96,10,
333	3	11	2.547	3,80,44,40,41,68,70,30,26,20,93,62,36,24,86,77,56,32,29,11,
333	3	12	2.586	3,80,49,38,48,88,97,17,74,37,89,28,43,93,62,36,24,86,77,56,32,12,
333	3	13	2.544	3,80,49,38,48,88,97,81,74,37,89,28,43,93,62,36,24,86,77,87,13,
333	3	14	2.464	3,80,44,49,38,48,88,97,17,74,37,89,28,43,93,62,36,16,78,14,
333	3	15	2.311	3,80,44,49,40,41,50,38,48,88,97,17,81,74,37,33,83,84,25,15,
333	4	5	2.133	4,54,53,90,59,69,57,98,31,73,99,71,51,55,79,5,
333	4	6	2.134	4,54,53,90,59,69,57,98,31,73,99,42,71,51,67,6,
333	4	7	2.26	4,54,53,90,59,69,31,73,99,19,21,22,45,75,95,7,
333	4	8	2.459	4,54,53,90,59,69,57,98,31,73,18,61,47,19,21,22,45,75,8,
333	4	9	2.606	4,54,53,90,59,69,57,98,31,73,99,19,47,61,91,35,46,52,66,9,
333	4	10	2.684	4,54,53,90,59,69,57,98,31,73,99,19,47,61,85,27,91,35,94,96,10,
333	4	11	2.63	4,54,53,90,59,69,57,98,31,73,99,19,47,61,91,35,94,76,29,11,
333	4	12	2.562	4,54,53,90,59,69,57,98,31,73,99,47,61,27,23,39,24,77,56,12,
333	4	13	2.551	4,54,53,90,59,69,73,99,19,47,61,27,23,39,24,86,77,87,13,
333	4	14	2.547	4,54,53,90,59,69,73,99,47,61,27,23,39,62,36,16,78,14,
333	4	15	2.533	4,54,53,90,59,69,99,73,31,98,92,30,70,68,74,37,33,83,84,15,
333	5	6	1.877	5,55,79,54,53,90,59,69,31,73,99,42,51,67,6,
333	5	7	1.939	5,55,79,54,53,90,59,69,57,98,31,73,99,42,95,7,
333	5	8	1.952	5,55,79,54,53,90,59,69,73,99,19,21,22,45,75,8,
333	5	9	2.23	5,55,79,54,53,90,59,69,57,98,31,73,99,19,21,22,45,66,9,
333	5	10	2.391	5,55,79,54,53,90,59,69,57,98,31,73,99,47,61,91,35,94,96,10,
333	5	11	2.407	5,55,79,54,53,90,59,69,73,99,19,47,61,91,35,94,76,29,11,
333	5	12	2.478	5,55,79,54,53,90,59,69,73,99,19,47,61,27,23,39,24,86,77,56,12,
333	5	13	2.581	5,55,79,54,53,90,59,69,57,98,31,73,99,47,61,27,23,39,24,77,87,13,
333	5	14	2.466	5,55,79,54,53,90,59,69,73,47,61,27,23,39,62,36,16,78,14,
333	5	15	2.416	5,55,79,54,53,90,59,69,99,73,31,98,92,30,70,68,74,37,33,84,15,
333	6	7	2.17	6,67,55,79,54,53,90,59,69,31,73,99,42,95,7,
333	6	8	2.046	6,67,51,59,69,57,98,31,73,99,19,21,22,45,8,
333	6	9	2.158	6,67,51,59,69,57,98,31,73,99,21,22,45,66,9,
333	6	10	2.425	6,67,51,59,69,57,98,31,73,99,19,47,61,91,35,94,96,10,
333	6	11	2.499	6,67,51,59,69,57,98,31,73,99,47,61,91,35,94,76,29,11,
333	6	12	2.488	6,67,51,71,69,57,98,31,73,99,19,47,61,27,23,86,77,56,12,
333	6	13	2.652	6,67,51,71,69,73,99,19,47,61,27,23,39,62,36,24,86,77,87,13,
333	6	14	2.591	6,67,51,59,69,57,98,31,73,99,47,61,85,93,62,36,16,78,14,
333	6	15	2.587	6,67,51,71,69,99,73,31,98,92,30,70,68,74,37,33,83,84,58,15,
333	7	8	2.215	7,95,42,71,69,57,98,31,73,99,19,21,22,45,75,8,
333	7	9	2.297	7,95,42,71,69,57,98,31,73,99,19,21,22,45,66,9,
333	7	10	2.527	7,95,42,71,69,57,98,31,73,99,19,47,61,91,35,94,96,10,
333	7	11	2.546	7,95,75,45,22,21,19,47,61,27,23,39,24,77,56,32,29,11,
333	7	12	2.445	7,95,75,45,22,21,19,47,61,91,27,23,39,24,86,56,32,12,
333	7	13	2.537	7,95,75,45,22,21,19,47,61,27,23,39,62,36,24,86,77,87,13,
333	7	14	2.662	7,95,75,45,22,21,19,47,61,27,23,86,24,39,62,36,16,78,14,
333	7	15	2.768	7,95,75,45,22,21,19,47,61,91,27,23,39,62,36,16,78,83,84,15,
333	8	9	2.327	8,75,45,22,21,19,47,61,18,85,27,91,35,46,52,66,9,
333	8	10	2.255	8,75,45,22,21,19,47,61,85,27,91,35,46,52,96,10,
333	8	11	2.277	8,45,22,21,19,47,61,27,23,39,24,77,56,32,29,11,
333	8	12	2.1	8,75,45,22,21,19,47,61,27,23,39,24,86,77,56,12,
333	8	13	2.444	8,75,45,22,21,19,47,61,91,27,23,39,62,36,24,86,77,87,13,
333	8	14	2.519	8,75,45,22,21,19,47,61,91,27,64,23,39,62,36,16,78,60,14,
333	8	15	2.729	8,75,45,22,21,19,47,61,27,23,64,86,77,24,39,62,36,16,78,25,15,
333	9	10	2.334	9,66,52,46,45,22,21,19,47,61,27,91,35,94,96,10,
333	9	11	2.192	9,66,46,52,94,76,64,23,39,24,86,77,56,32,29,11,
333	9	12	2.063	9,66,52,46,35,64,23,39,62,36,24,86,77,56,32,12,
333	9	13	2.347	9,66,46,52,96,94,35,64,23,39,62,36,24,86,77,87,13,
333	9	14	2.506	9,66,52,46,35,91,27,23,64,86,77,24,39,62,36,16,78,60,14,
333	9	15	2.71	9,66,46,52,94,35,91,27,23,64,86,24,39,62,36,16,78,83,84,15,
333	10	11	2.022	10,96,76,64,23,39,62,36,24,86,77,56,32,29,11,
333	10	12	1.89	10,96,94,76,64,23,39,62,36,24,86,77,56,32,12,
333	10	13	2.35	10,96,94,35,91,27,85,93,62,36,24,39,23,64,86,77,87,13,
333	10	14	2.376	10,96,52,46,35,91,27,23,64,86,24,39,62,36,16,78,14,
333	10	15	2.526	10,96,94,35,91,27,23,64,86,77,24,39,62,36,16,78,83,84,15,
333	11	12	2.266	11,29,32,56,77,86,23,39,62,36,16,78,60,87,12,
333	11	13	2.285	11,29,32,56,77,86,24,23,39,36,62,93,43,16,78,60,13,
333	11	14	2.354	11,29,32,56,77,24,86,64,23,39,62,36,16,78,83,25,14,
333	11	15	2.473	11,29,32,56,77,24,86,64,23,39,93,62,36,16,78,83,84,25,15,
333	12	13	1.944	12,32,56,77,86,24,39,23,93,62,36,16,78,60,13,
333	12	14	1.878	12,32,56,77,24,86,64,23,39,93,62,36,16,78,14,
333	12	15	1.842	12,32,56,77,86,24,39,36,62,16,78,83,84,25,15,
333	13	14	2.029	13,87,77,86,64,23,39,24,36,62,93,43,16,78,60,14,
333	13	15	1.958	13,87,77,24,86,23,39,62,36,16,78,83,84,25,15,
333	14	15	2.097	14,60,78,16,36,62,39,93,43,28,89,37,33,83,84,15,
