463	0	1	1.543	0,63,56,33,81,88,73,94,67,46,59,29,34,36,44,1,
463	0	2	1.558	0,63,56,33,81,88,73,94,67,46,59,34,29,36,89,2,
463	0	3	1.602	0,63,33,81,88,94,46,59,34,29,17,66,62,54,3,
463	0	4	1.916	0,63,33,81,88,94,46,59,34,29,36,89,27,62,54,41,32,91,4,
463	0	5	2.185	0,63,56,33,81,88,94,67,19,48,77,20,49,64,76,16,51,21,5,
463	0	6	2.172	0,63,33,81,88,94,67,19,48,77,20,49,64,76,16,51,21,87,6,
463	0	7	2.381	0,63,33,81,88,94,67,48,19,72,35,37,92,71,90,28,40,98,7,
463	0	8	2.366	0,63,33,81,88,94,67,48,19,72,35,37,92,71,90,28,24,82,68,8,
463	0	9	2.424	0,63,56,33,81,88,73,94,67,48,19,72,35,92,71,25,80,78,97,52,85,9,
463	0	10	2.321	0,63,56,33,81,88,73,94,67,48,19,72,35,70,92,71,25,80,78,38,10,
463	0	11	2.208	0,63,56,33,81,88,73,94,67,48,19,72,35,70,93,50,23,65,11,
463	0	12	2.071	0,63,56,33,81,88,73,94,67,48,19,72,42,74,99,47,12,
463	0	13	1.749	0,63,56,33,81,88,94,67,48,19,72,42,74,99,47,13,
463	0	14	1.811	0,63,56,33,81,88,73,94,46,48,19,67,83,53,95,14,
463	0	15	1.818	0,63,56,33,81,88,73,94,46,67,48,19,72,83,53,15,
463	1	2	1.597	1,44,56,63,33,81,88,73,94,46,59,34,29,36,89,2,
463	1	3	1.704	1,44,56,33,81,88,94,46,59,34,29,17,62,54,3,
463	1	4	1.974	1,44,56,63,33,81,88,73,94,46,59,34,29,17,66,86,32,91,4,
463	1	5	2.157	1,36,29,34,59,20,49,60,64,76,16,51,21,87,61,55,5,
463	1	6	2.271	1,44,56,33,81,88,94,67,48,77,20,49,64,76,16,51,21,87,6,
463	1	7	2.471	1,44,56,63,33,81,88,94,67,72,35,37,92,71,90,28,40,98,7,
463	1	8	2.456	1,44,56,33,81,88,94,67,72,35,37,92,71,90,28,40,24,82,68,8,
463	1	9	2.395	1,44,56,33,81,88,94,67,48,19,72,35,37,92,71,25,80,78,97,52,9,
463	1	10	2.376	1,44,56,63,33,81,88,94,46,48,19,72,35,37,92,71,25,80,78,38,10,
463	1	11	2.334	1,44,56,63,33,81,88,73,94,67,48,19,72,35,70,93,50,23,65,11,
463	1	12	2.401	1,44,56,63,33,81,88,73,94,46,67,48,19,72,22,42,74,99,47,12,
463	1	13	2.036	1,44,56,63,33,81,88,94,46,67,48,19,72,42,74,47,99,30,13,
463	1	14	2.174	1,44,56,63,33,81,88,73,94,67,48,19,72,42,74,47,99,30,14,
463	1	15	1.842	1,44,56,63,33,81,88,94,46,48,19,67,73,83,53,15,
463	2	3	2.076	2,89,36,34,29,17,66,62,27,54,41,32,69,84,91,3,
463	2	4	1.861	2,89,36,34,29,17,66,62,27,54,41,32,69,84,91,4,
463	2	5	2.111	2,27,62,54,41,86,76,64,49,60,45,26,51,21,87,55,5,
463	2	6	2.317	2,27,62,54,41,86,66,17,49,60,64,76,16,26,51,21,87,61,6,
463	2	7	2.377	2,27,62,54,41,86,76,64,49,60,45,40,28,24,82,68,39,7,
463	2	8	2.568	2,27,62,54,41,86,76,64,60,49,20,79,45,31,40,28,24,82,68,8,
463	2	9	2.498	2,27,62,54,41,86,76,64,49,60,45,31,40,28,24,18,85,52,9,
463	2	10	2.567	2,27,62,54,41,86,76,64,49,60,45,40,28,24,18,85,52,43,10,
463	2	11	2.531	2,89,36,29,34,59,48,19,72,35,70,92,71,25,80,93,50,23,65,11,
463	2	12	2.58	2,27,62,66,17,29,34,59,46,94,67,48,19,72,42,74,99,47,12,
463	2	13	2.323	2,27,62,66,17,29,34,59,46,94,67,48,19,72,42,74,99,47,13,
463	2	14	2.162	2,27,62,54,41,86,66,17,29,34,59,46,94,88,73,83,53,95,14,
463	2	15	1.744	2,27,62,66,17,29,34,59,46,67,94,73,88,81,15,
463	3	4	1.838	3,41,54,27,62,66,17,20,49,64,76,69,84,91,4,
463	3	5	1.939	3,41,54,27,62,66,17,49,60,64,76,16,51,21,55,5,
463	3	6	1.943	3,41,54,27,62,66,17,49,60,64,76,16,51,21,87,6,
463	3	7	2.313	3,54,41,86,76,64,49,60,79,45,31,40,28,24,82,68,39,7,
463	3	8	2.417	3,41,54,27,62,86,76,64,49,60,79,45,31,28,40,24,82,68,8,
463	3	9	2.586	3,41,54,27,62,86,76,64,49,60,79,45,31,40,28,24,18,85,52,9,
463	3	10	2.599	3,41,54,62,27,89,29,34,59,48,19,72,35,37,92,71,25,80,78,38,10,
463	3	11	2.537	3,54,41,86,76,64,49,60,45,31,90,71,92,37,35,70,93,50,23,65,11,
463	3	12	2.53	3,41,54,62,27,89,36,29,34,59,46,94,73,83,53,95,99,47,12,
463	3	13	2.348	3,41,54,27,62,66,17,29,34,59,46,94,88,73,83,53,95,99,47,13,
463	3	14	2.124	3,41,54,62,27,89,36,29,34,59,46,67,94,88,81,73,83,53,95,14,
463	3	15	1.943	3,41,54,62,27,89,36,29,34,59,46,94,88,81,73,83,53,15,
463	4	5	1.828	4,91,84,69,76,64,49,60,45,26,96,51,21,87,55,5,
463	4	6	1.813	4,91,84,69,16,76,64,49,60,45,26,51,21,87,6,
463	4	7	2.05	4,91,84,69,76,64,49,60,45,40,28,24,82,68,39,7,
463	4	8	1.982	4,91,84,69,76,64,49,60,45,31,40,28,24,82,68,8,
463	4	9	2.611	4,91,84,69,76,64,49,60,45,31,90,71,92,35,70,25,80,78,97,85,52,9,
463	4	10	2.613	4,91,84,69,76,64,49,60,45,31,40,28,90,37,92,71,25,80,78,97,43,10,
463	4	11	2.542	4,91,84,69,16,76,64,49,60,79,31,90,71,92,37,35,70,93,50,23,65,11,
463	4	12	2.653	4,91,32,41,54,62,27,89,36,29,34,59,48,19,72,42,74,99,47,12,
463	4	13	2.456	4,91,32,41,54,62,27,89,36,29,34,59,48,19,72,42,74,47,99,30,13,
463	4	14	2.269	4,91,32,41,54,27,62,66,17,29,34,59,46,67,94,73,83,53,95,14,
463	4	15	2.175	4,91,32,41,54,62,27,89,36,29,34,59,46,94,88,81,73,83,53,15,
463	5	6	2.019	5,55,21,51,16,76,64,49,60,79,45,26,96,87,61,6,
463	5	7	2.093	5,55,61,87,21,51,96,26,45,40,28,24,82,68,39,7,
463	5	8	2.025	5,55,61,87,21,51,96,26,45,31,40,28,24,82,68,8,
463	5	9	2.329	5,55,21,51,16,76,64,49,60,79,31,40,28,24,18,85,52,9,
463	5	10	2.455	5,55,21,51,16,76,64,49,60,79,31,40,28,24,18,85,52,43,10,
463	5	11	2.445	5,55,61,87,21,51,96,58,40,28,90,71,92,35,70,93,50,23,65,11,
463	5	12	2.632	5,55,21,51,26,16,76,64,49,60,45,31,90,71,92,37,35,70,57,12,
463	5	13	2.488	5,55,21,51,16,76,64,49,60,79,20,77,48,19,72,42,74,47,99,30,13,
463	5	14	2.439	5,55,21,51,16,76,64,49,17,29,34,59,46,94,73,83,53,95,14,
463	5	15	2.385	5,55,21,51,16,76,64,49,17,29,34,59,46,67,94,73,88,81,15,
463	6	7	2.105	6,61,87,21,51,96,26,45,31,28,40,24,82,68,39,7,
463	6	8	2.062	6,61,87,21,51,16,26,45,31,40,28,24,82,68,8,
463	6	9	2.07	6,87,21,51,96,26,45,31,28,40,24,18,85,52,9,
463	6	10	2.119	6,87,21,51,96,26,45,40,28,24,18,85,52,43,10,
463	6	11	2.354	6,61,87,21,51,26,45,31,90,71,92,37,35,70,93,50,23,65,11,
463	6	12	2.623	6,61,87,21,51,16,76,64,49,60,45,31,90,71,92,37,35,70,57,12,
463	6	13	2.465	6,87,21,51,16,76,64,49,79,20,77,48,19,72,42,74,47,99,30,13,
463	6	14	2.377	6,87,21,51,16,76,64,49,20,77,48,67,94,73,83,53,95,14,
463	6	15	2.302	6,87,21,51,16,76,64,49,17,29,34,59,46,94,73,88,81,15,
463	7	8	2.291	7,98,40,28,90,71,92,37,35,70,25,80,18,82,68,8,
463	7	9	2.101	7,39,68,82,24,40,28,90,71,92,25,80,78,97,52,85,9,
463	7	10	2.074	7,39,68,82,24,40,28,90,37,92,71,25,80,78,97,43,10,
463	7	11	2.31	7,39,68,82,24,40,28,90,71,92,37,35,70,25,80,93,50,23,11,
463	7	12	2.544	7,39,68,82,18,24,40,28,90,71,92,37,35,70,93,50,23,75,12,
463	7	13	2.67	7,39,68,82,24,40,28,18,80,25,92,71,90,37,35,70,42,74,99,47,13,
463	7	14	2.67	7,98,40,28,90,71,92,37,35,72,19,48,67,94,88,73,83,53,95,14,
463	7	15	2.617	7,39,68,82,24,40,28,90,71,92,35,72,19,48,46,94,73,88,81,15,
463	8	9	2.08	8,68,82,24,40,28,90,71,37,92,25,80,78,97,52,85,9,
463	8	10	2.058	8,68,82,24,40,28,90,71,92,37,35,70,25,80,78,38,10,
463	8	11	2.185	8,68,82,24,40,28,90,71,92,37,35,70,25,80,93,50,23,11,
463	8	12	2.473	8,68,82,24,40,28,90,71,92,37,35,70,25,80,93,50,23,75,12,
463	8	13	2.278	8,68,82,24,18,80,25,90,71,92,37,35,70,42,74,47,99,30,13,
463	8	14	2.543	8,68,82,24,40,28,90,71,92,37,35,72,19,48,67,83,53,95,14,
463	8	15	2.509	8,68,82,24,40,28,90,71,92,37,35,72,19,48,67,94,73,88,81,15,
463	9	10	2.062	9,85,52,97,78,80,25,71,92,37,35,70,93,50,23,65,10,
463	9	11	1.925	9,85,52,97,78,80,25,71,92,37,35,70,93,50,23,65,11,
463	9	12	2.411	9,52,85,18,24,40,28,90,71,92,37,35,70,93,50,23,75,12,
463	9	13	2.155	9,85,52,97,78,80,25,90,71,92,37,35,70,42,74,47,99,30,13,
463	9	14	2.454	9,52,85,18,24,40,28,90,71,92,37,35,70,42,74,47,99,30,14,
463	9	15	2.437	9,85,52,97,78,80,25,71,92,37,35,72,19,48,67,94,73,88,81,15,
463	10	11	2.097	10,43,52,97,78,80,25,92,71,90,37,35,70,93,50,23,11,
463	10	12	2.189	10,43,97,78,80,25,90,71,92,37,35,70,93,50,23,75,12,
463	10	13	1.998	10,43,97,78,80,25,90,71,92,37,35,70,42,74,99,47,13,
463	10	14	2.393	10,38,78,80,25,71,92,35,72,19,48,67,94,73,83,53,95,14,
463	10	15	2.354	10,43,97,78,80,25,71,92,37,35,72,19,48,46,94,73,88,81,15,
463	11	12	2.221	11,65,23,50,93,80,25,71,92,35,70,42,74,99,47,12,
463	11	13	1.964	11,65,23,50,93,80,25,71,92,35,70,42,74,99,47,13,
463	11	14	2.211	11,23,38,78,80,25,71,92,37,35,70,42,74,47,99,30,14,
463	11	15	2.345	11,23,50,93,80,25,71,92,37,35,72,19,48,67,94,88,81,15,
463	12	13	2.22	12,75,23,50,93,80,25,71,92,37,35,70,42,74,99,47,13,
463	12	14	2.243	12,47,99,74,42,72,19,48,67,94,88,73,83,53,95,14,
463	12	15	2.314	12,47,99,74,42,72,19,48,46,67,94,88,81,73,83,53,15,
463	13	14	1.986	13,47,99,74,42,72,19,48,67,94,88,73,83,53,95,14,
463	13	15	1.952	13,30,99,47,74,42,72,19,48,67,94,88,73,83,53,15,
463	14	15	2.091	14,95,53,83,73,88,94,46,59,34,29,36,56,33,81,15,
