151	0	1	2.157	0,36,49,25,50,39,64,62,23,69,48,46,72,26,94,1,
151	0	2	2.115	0,31,92,26,72,46,77,29,87,67,79,88,61,93,74,73,2,
151	0	3	2.48	0,36,49,25,50,39,64,62,23,69,48,72,46,88,93,74,73,65,3,
151	0	4	2.392	0,31,92,94,61,93,74,79,67,87,29,90,84,85,37,28,52,81,4,
151	0	5	2.789	0,31,92,94,61,88,93,74,79,67,87,29,90,84,85,37,28,52,89,33,5,
151	0	6	2.653	0,31,92,94,61,93,74,79,67,87,29,90,84,85,22,86,17,51,53,6,
151	0	7	2.721	0,31,92,94,61,93,88,87,29,90,84,22,86,17,96,68,38,32,45,7,
151	0	8	2.595	0,36,49,25,50,39,34,60,35,63,56,16,95,54,47,55,66,20,78,8,
151	0	9	2.679	0,36,49,25,50,39,34,60,35,63,56,16,95,54,47,30,55,66,20,9,
151	0	10	2.344	0,36,49,25,50,39,19,71,82,27,70,99,59,98,18,57,40,24,43,10,
151	0	11	2.255	0,36,49,25,50,39,19,71,82,27,70,99,59,98,18,57,40,21,24,11,
151	0	12	2.298	0,31,92,26,72,46,48,69,23,62,64,25,50,39,19,71,70,27,12,
151	0	13	2.2	0,31,92,26,72,46,48,69,23,62,64,25,50,39,19,71,82,44,13,
151	0	14	2.066	0,31,92,26,69,23,62,64,25,50,39,19,71,82,44,14,
151	0	15	2.216	0,31,92,94,26,72,46,48,69,23,62,64,39,25,49,15,
151	1	2	2.036	1,31,92,26,72,46,77,29,87,67,79,88,61,93,74,73,2,
151	1	3	2.093	1,31,92,26,72,46,77,29,87,67,79,88,93,74,73,65,3,
151	1	4	1.96	1,94,61,93,88,79,67,87,29,90,84,85,37,89,52,81,4,
151	1	5	2.602	1,31,92,94,61,88,93,74,79,67,87,29,90,84,22,85,37,28,52,5,
151	1	6	2.574	1,31,92,94,61,93,74,79,67,87,29,90,84,85,22,86,17,51,53,6,
151	1	7	2.603	1,94,61,93,79,67,87,29,90,84,22,86,17,75,96,68,38,32,45,7,
151	1	8	2.629	1,94,61,93,88,87,29,90,84,75,96,68,54,95,16,47,55,66,20,78,8,
151	1	9	2.695	1,94,61,93,79,67,87,29,90,84,75,96,68,54,95,16,47,55,66,20,9,
151	1	10	2.503	1,31,92,26,69,23,62,64,39,34,60,99,59,98,18,57,40,21,24,43,10,
151	1	11	2.41	1,31,92,26,69,23,62,64,39,19,71,70,59,98,18,57,40,21,24,11,
151	1	12	2.358	1,94,61,93,88,46,72,48,69,23,62,64,25,50,39,19,71,70,27,12,
151	1	13	2.221	1,31,92,26,72,48,69,23,62,64,25,50,39,19,71,70,27,82,13,
151	1	14	2.086	1,31,92,26,72,48,69,23,62,64,25,50,39,19,71,44,14,
151	1	15	2.207	1,94,92,31,26,72,48,69,23,62,64,39,50,25,49,97,15,
151	2	3	2.275	2,73,74,93,79,67,87,29,90,84,85,37,89,52,81,4,3,
151	2	4	1.885	2,73,74,93,79,67,87,29,90,84,85,37,89,52,81,4,
151	2	5	1.971	2,73,74,93,79,67,87,29,90,84,85,37,28,52,89,5,
151	2	6	2.075	2,73,74,93,79,67,87,29,90,84,22,86,17,51,53,6,
151	2	7	2.497	2,73,74,79,67,87,29,90,84,22,86,17,75,96,68,38,32,45,7,
151	2	8	2.522	2,73,74,93,79,67,87,29,77,83,58,54,95,16,47,55,66,20,78,8,
151	2	9	2.589	2,73,74,79,67,87,29,90,84,75,96,68,54,95,16,47,55,66,20,9,
151	2	10	2.606	2,74,93,88,72,48,69,23,62,64,34,60,99,59,98,18,57,40,21,24,43,10,
151	2	11	2.505	2,74,93,88,72,48,69,23,62,64,34,60,99,59,98,18,57,40,21,24,11,
151	2	12	2.354	2,73,74,93,88,72,48,69,23,62,64,25,50,39,19,71,82,70,27,12,
151	2	13	2.267	2,73,74,93,88,46,72,48,69,23,62,64,25,50,39,19,71,82,44,13,
151	2	14	2.197	2,73,74,79,93,88,46,72,48,69,23,62,64,39,50,25,97,14,
151	2	15	2.202	2,73,74,93,61,88,46,72,48,69,23,62,64,39,50,25,49,15,
151	3	4	1.937	3,65,73,74,79,67,87,29,90,84,85,37,89,52,81,4,
151	3	5	2.02	3,65,73,74,93,79,67,87,29,90,84,85,37,52,89,5,
151	3	6	2.114	3,65,73,74,93,79,67,87,29,90,84,22,86,51,53,6,
151	3	7	2.438	3,65,73,74,93,61,88,79,67,87,29,90,84,22,86,51,91,7,
151	3	8	2.385	3,4,81,52,37,85,22,86,17,96,75,54,95,47,55,66,20,78,8,
151	3	9	2.46	3,4,81,52,37,85,22,86,17,96,75,54,95,16,30,55,66,20,9,
151	3	10	2.614	3,65,74,79,67,87,29,77,83,76,56,63,35,42,40,21,24,43,10,
151	3	11	2.551	3,65,73,74,93,88,72,48,23,62,64,34,60,99,59,98,18,57,11,
151	3	12	2.384	3,65,73,74,93,88,72,48,23,62,64,25,50,39,19,71,70,27,12,
151	3	13	2.336	3,65,73,74,93,88,72,48,69,23,62,64,25,50,39,19,71,82,44,13,
151	3	14	2.4	3,65,73,74,93,88,72,48,69,23,62,64,25,50,39,19,71,44,14,
151	3	15	2.315	3,65,73,74,79,93,88,46,48,69,23,62,64,39,50,25,49,15,
151	4	5	2.259	4,81,52,89,37,85,22,86,17,75,96,68,91,53,33,5,
151	4	6	2.104	4,81,52,89,37,85,22,86,17,96,75,68,38,45,91,6,
151	4	7	1.852	4,81,52,89,37,85,22,86,51,17,75,96,68,38,45,7,
151	4	8	2.07	4,81,52,89,37,22,86,17,96,75,54,95,16,30,55,66,20,78,8,
151	4	9	2.176	4,81,52,89,37,85,22,86,51,17,96,75,54,95,16,47,55,66,20,9,
151	4	10	2.392	4,81,52,89,37,85,22,86,51,17,96,75,54,95,16,47,66,55,30,10,
151	4	11	2.34	4,81,52,89,37,22,86,17,96,75,58,56,63,35,42,40,21,24,11,
151	4	12	2.37	4,81,28,85,22,86,17,96,75,58,56,63,35,42,18,98,59,12,
151	4	13	2.505	4,81,52,37,22,86,17,75,58,56,63,35,42,18,98,59,70,27,13,
151	4	14	2.458	4,81,52,89,37,85,84,90,29,87,46,72,48,69,23,62,64,25,50,14,
151	4	15	2.356	4,81,52,89,37,85,84,90,29,77,46,72,48,69,23,62,64,49,15,
151	5	6	2.16	5,89,52,37,85,22,86,51,17,96,75,68,38,45,91,6,
151	5	7	1.936	5,89,52,28,37,85,22,86,17,96,75,68,38,32,45,7,
151	5	8	2	5,89,52,37,85,22,86,17,96,75,54,95,47,55,66,20,78,8,
151	5	9	2.075	5,89,52,37,85,22,86,17,96,75,54,95,16,30,55,66,20,9,
151	5	10	2.362	5,89,52,37,85,22,86,51,17,96,75,54,95,16,47,66,55,30,10,
151	5	11	2.521	5,89,52,37,85,22,86,17,96,75,58,56,63,35,42,18,57,40,21,24,11,
151	5	12	2.573	5,89,52,37,85,22,86,17,96,75,58,56,63,35,42,18,98,59,70,27,12,
151	5	13	2.518	5,89,37,85,22,86,17,96,75,58,56,63,35,42,18,98,59,70,27,13,
151	5	14	2.627	5,52,89,37,85,84,90,29,77,46,72,48,69,23,62,64,39,50,25,97,14,
151	5	15	2.544	5,52,28,37,85,84,90,29,87,77,46,72,48,69,23,62,64,49,15,
151	6	7	1.998	6,53,51,17,96,75,54,95,16,30,55,66,38,32,45,7,
151	6	8	1.764	6,53,51,17,96,75,54,95,16,47,30,55,66,20,78,8,
151	6	9	2.203	6,33,22,86,17,96,75,54,95,16,30,47,55,66,20,78,9,
151	6	10	2.309	6,53,51,17,96,75,58,56,63,35,42,18,98,57,40,21,24,43,10,
151	6	11	2.405	6,33,53,51,17,96,75,58,56,63,35,42,18,98,57,40,24,11,
151	6	12	2.489	6,53,51,17,96,75,58,56,63,35,42,40,21,57,18,98,59,99,70,27,12,
151	6	13	2.555	6,53,51,17,96,75,58,56,63,35,42,40,57,18,98,59,70,27,82,44,13,
151	6	14	2.668	6,53,51,17,96,75,58,56,63,35,42,40,57,18,98,59,70,27,82,44,14,
151	6	15	2.686	6,53,51,86,22,84,90,29,87,46,48,69,23,62,64,39,50,25,49,15,
151	7	8	1.849	7,32,38,45,68,96,75,54,95,16,30,55,66,20,78,8,
151	7	9	2.217	7,45,32,38,78,20,55,66,47,54,75,58,95,16,30,9,
151	7	10	2.241	7,45,32,38,68,96,75,58,56,63,35,42,18,57,40,21,24,43,10,
151	7	11	2.182	7,45,38,68,96,75,58,56,63,35,42,18,98,57,40,21,24,11,
151	7	12	2.314	7,45,38,78,20,55,66,47,54,95,16,40,57,18,98,59,70,27,12,
151	7	13	2.452	7,45,38,78,20,55,66,47,54,95,56,63,35,42,18,98,59,99,70,27,13,
151	7	14	2.523	7,45,38,68,96,75,58,56,63,35,42,18,98,59,99,70,27,82,44,14,
151	7	15	2.659	7,45,38,78,20,55,66,47,54,95,56,63,35,60,34,39,50,25,49,15,
151	8	9	1.96	8,32,38,45,68,96,75,54,95,16,30,55,66,20,78,9,
151	8	10	1.837	8,78,20,66,55,30,16,56,63,35,42,40,21,24,43,10,
151	8	11	1.922	8,78,20,55,66,47,54,95,56,63,35,42,18,57,40,21,24,11,
151	8	12	2.082	8,78,20,66,55,30,16,95,56,63,35,42,18,98,59,99,70,27,12,
151	8	13	2.253	8,78,20,55,66,47,54,95,56,63,35,42,40,21,57,18,98,59,70,27,13,
151	8	14	2.313	8,78,20,55,66,47,54,95,16,40,21,57,18,98,59,70,27,82,44,14,
151	8	15	2.503	8,78,20,66,55,30,16,40,57,18,98,59,99,60,34,39,50,25,49,15,
151	9	10	1.876	9,20,66,55,30,16,95,56,63,35,42,40,21,24,43,10,
151	9	11	1.831	9,20,55,66,47,54,95,16,56,63,35,42,40,21,24,11,
151	9	12	1.881	9,20,66,55,30,16,40,57,18,98,59,99,70,27,12,
151	9	13	1.903	9,20,55,66,47,95,56,63,35,42,18,98,59,70,27,13,
151	9	14	2.372	9,20,55,66,47,54,95,16,40,21,57,18,98,59,99,70,27,82,44,14,
151	9	15	2.491	9,20,66,55,30,16,40,57,18,98,59,70,71,19,39,50,25,49,15,
151	10	11	2.052	10,30,55,66,47,95,56,63,35,42,18,57,40,21,24,11,
151	10	12	1.84	10,43,24,21,40,57,18,98,59,99,60,19,71,70,27,12,
151	10	13	1.703	10,43,24,21,40,57,18,98,59,99,70,27,82,71,44,13,
151	10	14	2.179	10,43,24,21,40,57,18,98,59,70,27,82,71,19,39,50,25,49,97,14,
151	10	15	2.135	10,43,24,21,40,57,18,98,59,99,70,27,82,71,19,39,50,25,49,15,
151	11	12	1.824	11,24,21,40,57,18,98,59,99,60,19,71,82,70,27,12,
151	11	13	1.789	11,24,21,40,57,18,98,59,99,60,34,39,19,71,82,13,
151	11	14	1.762	11,24,21,57,18,98,59,70,27,82,71,19,39,50,25,14,
151	11	15	2.034	11,24,21,40,57,18,98,59,99,70,27,82,71,19,39,50,25,49,15,
151	12	13	1.952	12,27,70,59,98,18,57,21,40,42,35,60,19,71,82,13,
151	12	14	1.978	12,98,18,59,99,70,27,82,71,19,39,50,25,49,97,14,
151	12	15	1.997	12,98,59,99,70,27,82,71,19,39,50,25,64,62,49,15,
151	13	14	1.996	13,44,82,27,70,59,98,18,99,60,34,39,50,25,97,14,
151	13	15	2.018	13,44,82,27,70,59,98,18,99,60,34,39,50,25,49,15,
151	14	15	2.131	14,44,82,27,70,59,98,18,99,60,34,39,50,25,49,15,
