205	0	3	1.919	0,29,73,82,64,71,43,31,50,59,56,44,61,68,92,3,
205	0	2	2.028	0,16,47,53,73,82,64,71,43,31,50,56,61,44,68,2,
205	0	1	2.294	0,16,47,53,73,82,64,71,31,50,56,61,44,68,59,1,
205	0	7	2.506	0,73,82,64,69,74,48,20,95,55,70,75,58,36,80,57,24,83,98,7,
205	0	8	2.403	0,73,82,64,69,74,48,20,95,55,78,49,27,70,75,80,36,63,87,96,8,
205	0	9	2.375	0,73,82,64,69,74,48,20,95,55,78,49,27,70,75,80,36,63,87,96,51,9,
205	0	6	2.688	0,73,82,29,71,64,69,74,48,20,95,55,75,70,78,49,26,88,46,6,
205	0	10	2.401	0,73,82,29,71,69,74,48,20,95,55,75,70,57,80,36,63,35,10,
205	0	4	2.336	0,73,29,82,64,71,43,31,50,59,68,44,61,56,94,72,41,45,4,
205	0	11	2.31	0,73,82,53,47,32,85,60,76,18,93,97,33,66,65,42,39,19,34,11,
205	0	5	2.464	0,73,82,29,31,50,59,68,44,61,56,30,77,99,67,23,52,79,17,28,5,
205	1	3	1.986	1,29,73,82,64,71,43,31,50,59,68,44,56,61,92,3,
205	1	2	2.157	1,29,73,82,64,71,43,31,50,59,56,44,61,92,68,2,
205	0	13	2.067	0,73,82,29,71,64,53,47,32,85,60,76,18,93,97,33,13,
205	0	12	1.962	0,73,82,53,47,32,85,60,76,18,93,97,33,66,65,42,12,
205	0	15	2.267	0,73,82,29,71,64,32,85,60,76,18,93,97,33,38,15,
205	0	14	1.947	0,73,82,29,71,64,32,85,60,76,18,93,97,33,38,14,
205	1	4	2.173	1,59,68,44,61,56,30,22,77,99,67,23,52,79,41,72,45,4,
205	1	8	2.401	1,29,71,69,74,48,20,95,55,78,49,27,57,80,36,63,87,96,8,
205	1	6	2.466	1,31,50,59,68,44,61,56,30,22,77,99,67,23,52,79,17,89,6,
205	1	7	2.63	1,29,71,69,74,48,20,95,55,78,70,75,58,36,80,57,24,83,98,7,
205	1	5	2.399	1,31,50,59,68,44,61,56,30,22,77,99,67,23,52,79,17,89,28,5,
205	1	13	2.197	1,50,31,71,64,82,73,53,47,32,85,60,76,93,97,33,13,
205	2	3	1.738	2,68,44,61,56,30,77,99,67,23,52,41,72,94,92,3,
205	2	5	1.656	2,68,44,61,56,30,22,77,99,67,23,52,79,17,28,5,
205	2	4	1.724	2,68,44,61,56,30,77,99,67,23,52,79,41,72,45,4,
205	1	12	2.462	1,29,71,64,82,73,53,47,32,85,60,76,18,93,97,33,66,65,42,12,
205	1	10	2.575	1,29,71,64,69,74,48,20,95,55,78,49,27,70,75,80,36,63,35,10,
205	1	11	2.489	1,29,82,73,53,47,32,85,60,76,18,81,86,66,65,42,39,19,34,11,
205	1	9	2.458	1,29,71,64,69,74,48,20,95,55,78,49,27,57,80,36,63,87,96,51,9,
205	2	6	2.436	2,68,44,56,30,22,77,99,67,23,52,79,17,28,89,54,25,21,6,
205	1	14	2.054	1,29,71,64,82,53,32,85,60,76,18,93,97,33,38,14,
205	1	15	2.029	1,59,68,44,61,56,50,31,71,64,82,73,53,47,16,15,
205	3	5	1.628	3,92,68,44,61,56,30,77,99,67,23,52,79,17,28,5,
205	3	4	1.714	3,92,68,44,61,56,30,77,99,67,23,52,79,17,28,4,
205	2	12	2.32	2,68,44,61,56,50,31,29,82,53,32,85,60,76,93,97,66,65,42,12,
205	2	13	2.343	2,68,44,61,56,50,31,29,82,53,47,32,85,60,76,18,93,97,33,13,
205	2	11	2.445	2,59,50,31,71,64,82,53,32,85,60,76,18,81,86,40,39,19,34,11,
205	2	9	2.309	2,68,44,61,56,30,77,99,67,84,48,20,95,55,78,70,75,80,36,63,87,51,9,
205	2	10	2.416	2,68,44,61,56,30,77,99,67,84,48,20,95,55,78,70,75,80,36,63,35,10,
205	2	7	2.383	2,68,44,61,56,30,22,77,99,67,84,48,20,95,55,78,49,26,98,7,
205	2	8	2.347	2,68,44,61,56,30,77,99,67,84,48,20,95,55,70,75,80,36,63,87,96,8,
205	2	15	1.763	2,68,44,61,56,50,31,43,71,64,82,73,53,47,16,15,
205	2	14	2.279	2,68,44,61,56,50,31,29,82,73,53,32,85,60,76,93,97,33,38,14,
205	4	5	1.872	4,45,92,61,44,56,30,77,99,67,23,52,79,17,28,5,
205	3	6	1.875	3,92,68,44,61,56,30,77,99,67,23,52,79,17,89,6,
205	3	13	2.351	3,92,61,44,56,50,31,71,29,82,53,32,85,60,76,18,93,97,33,13,
205	3	12	2.437	3,92,61,44,56,50,31,29,82,53,32,85,60,76,18,93,97,66,65,42,12,
205	3	9	2.273	3,92,61,44,56,30,77,99,67,84,48,20,95,55,70,75,80,36,63,87,51,9,
205	3	10	2.412	3,92,61,44,56,30,77,99,84,48,20,95,55,70,75,58,80,36,63,35,10,
205	3	8	2.309	3,92,61,44,56,30,77,99,67,84,48,20,95,55,75,70,27,62,83,24,8,
205	3	11	2.51	3,92,61,44,56,50,31,71,64,85,60,76,18,81,86,40,39,19,34,11,
205	3	7	2.287	3,92,68,44,61,56,30,22,77,99,67,23,52,79,54,25,21,46,98,7,
205	3	14	2.36	3,92,68,44,61,56,50,31,29,82,73,53,32,85,60,76,93,97,33,38,14,
205	3	15	2.252	3,92,94,56,61,44,68,59,50,31,43,71,64,82,29,73,53,47,16,15,
205	4	7	2.115	4,45,72,41,52,79,17,28,89,54,25,21,88,46,98,7,
205	5	6	2.201	5,28,17,41,72,22,77,99,67,23,52,79,54,25,21,6,
205	4	6	2.119	4,45,92,61,44,56,30,77,99,67,23,52,79,17,89,6,
205	4	12	2.6	4,45,92,61,44,56,50,31,71,64,32,85,60,76,93,97,66,65,42,12,
205	4	13	2.509	4,45,92,61,44,56,50,31,29,82,73,53,32,85,60,76,93,97,33,13,
205	4	8	2.24	4,17,89,54,25,21,88,26,49,78,55,70,75,80,36,63,87,96,8,
205	4	11	2.557	4,28,17,89,54,25,21,88,26,49,78,55,70,75,58,40,39,19,34,11,
205	4	9	2.319	4,45,72,41,52,23,84,48,20,95,55,78,70,75,80,36,63,87,96,51,9,
205	4	10	2.554	4,45,72,22,77,99,84,48,20,95,55,78,49,27,70,75,80,36,63,35,10,
205	4	14	2.439	4,45,41,72,94,56,61,44,68,59,50,31,29,82,53,32,85,60,38,14,
205	4	15	2.313	4,45,41,72,94,92,68,44,61,56,50,31,71,64,82,53,47,16,15,
205	5	8	1.913	5,89,54,25,21,88,26,49,27,57,80,36,63,87,96,8,
205	6	8	1.847	6,46,88,26,49,78,55,75,70,27,57,80,36,63,87,96,8,
205	6	7	2.016	6,46,88,26,49,78,55,70,75,58,36,80,57,24,83,98,7,
205	5	7	2.108	5,89,54,25,21,88,26,49,78,55,70,57,24,83,98,7,
205	5	12	2.697	5,89,54,25,21,88,26,49,27,57,80,36,63,35,90,34,19,39,12,
205	5	13	2.677	5,28,17,79,52,23,67,99,77,30,43,71,64,32,85,60,76,93,97,33,13,
205	5	11	2.439	5,89,54,25,21,88,26,49,78,55,70,75,80,36,63,35,90,34,19,11,
205	5	9	2.171	5,28,89,54,25,21,88,26,49,78,55,75,70,57,80,36,63,87,96,51,9,
205	5	10	2.471	5,28,89,54,25,21,88,26,62,27,49,78,55,75,70,57,80,36,63,35,90,10,
205	5	15	2.488	5,28,17,41,72,94,56,61,44,68,59,50,31,71,64,82,73,53,47,16,15,
205	5	14	2.721	5,28,17,79,41,72,94,56,61,44,68,59,50,31,29,82,53,32,85,60,38,14,
205	6	9	1.743	6,46,88,26,49,78,55,75,70,57,80,36,63,87,96,51,9,
205	7	9	1.63	7,98,26,49,78,55,75,70,27,57,80,36,63,87,96,51,9,
205	7	8	1.731	7,98,46,88,26,49,78,55,75,70,57,80,36,63,87,96,8,
205	7	10	1.825	7,98,83,24,62,27,49,78,55,70,75,58,80,36,63,35,10,
205	6	12	2.631	6,46,88,26,49,78,55,75,70,27,57,80,36,63,35,90,34,19,39,12,
205	6	13	2.656	6,46,88,26,49,27,70,75,55,78,95,20,48,86,81,18,93,97,33,13,
205	7	11	2.155	7,98,46,88,26,49,78,55,75,70,57,80,36,63,35,90,34,19,11,
205	6	10	2.383	6,46,98,26,62,83,24,57,27,49,78,55,70,75,58,80,36,63,35,90,10,
205	6	11	2.474	6,46,98,83,24,62,27,49,78,55,75,70,57,80,36,63,35,90,34,19,11,
205	6	15	2.646	6,46,88,26,49,78,70,75,55,95,20,48,74,69,64,82,53,47,16,15,
205	6	14	2.783	6,46,88,26,62,57,80,58,75,70,78,55,95,20,48,81,18,93,97,33,38,14,
205	8	9	1.507	8,24,83,62,27,78,55,75,70,57,80,36,63,87,96,51,9,
205	8	10	1.703	8,24,83,62,27,49,78,55,75,70,57,80,36,63,35,90,10,
205	8	11	1.945	8,96,87,63,36,80,57,27,49,78,55,70,75,58,40,39,19,34,11,
205	8	12	2.265	8,96,87,63,36,80,75,70,78,55,95,20,48,81,86,66,65,42,12,
205	7	12	2.491	7,98,83,24,57,80,58,75,70,78,55,95,20,48,81,86,66,65,42,12,
205	8	13	2.312	8,96,87,63,36,80,57,27,49,78,55,95,20,48,81,18,93,97,33,13,
205	7	13	2.541	7,98,83,24,57,80,36,58,75,70,78,55,95,20,48,81,18,93,97,33,13,
205	7	15	2.507	7,98,26,49,78,55,95,20,48,74,69,64,71,29,82,53,47,16,15,
205	7	14	2.636	7,98,83,24,57,80,36,58,75,70,78,55,95,20,48,81,18,93,97,33,38,14,
205	8	14	2.407	8,96,87,63,36,80,57,27,49,78,55,95,20,48,81,18,93,97,33,38,14,
205	8	15	2.414	8,96,87,63,36,80,57,70,55,95,20,48,74,69,64,82,53,47,16,15,
205	10	12	2.093	10,35,90,34,19,39,40,86,81,18,93,97,66,65,42,12,
205	9	10	1.625	9,51,96,87,63,36,80,57,27,49,78,55,70,75,58,35,10,
205	10	11	1.903	10,35,63,36,80,57,27,78,55,70,75,58,40,39,19,34,11,
205	9	11	1.81	9,51,63,36,80,57,27,49,78,55,70,75,58,40,39,19,34,11,
205	10	13	2.255	10,35,63,36,80,75,70,78,55,95,20,48,81,18,93,97,33,13,
205	9	12	2.125	9,51,96,87,63,36,80,75,70,55,95,20,48,86,66,65,42,12,
205	9	13	2.152	9,51,87,63,36,80,57,70,75,55,95,20,48,81,18,93,97,33,13,
205	10	14	2.234	10,90,34,19,39,40,42,65,66,33,97,93,18,76,85,60,38,14,
205	9	14	2.229	9,51,96,87,63,36,80,75,70,78,55,95,20,48,81,97,33,38,14,
205	10	15	2.387	10,35,63,36,80,75,70,55,95,20,48,74,69,64,82,53,47,16,15,
205	9	15	2.39	9,51,96,87,63,36,80,58,75,70,78,55,95,20,48,74,69,64,53,47,16,15,
205	11	12	2.229	11,34,19,39,40,42,65,66,86,81,18,76,93,97,33,13,12,
205	12	13	2.221	12,39,19,34,40,42,65,66,86,81,18,76,93,97,33,13,
205	11	13	1.839	11,34,19,39,40,42,65,66,86,81,18,76,93,97,33,13,
205	13	14	2.097	13,33,97,66,86,81,18,76,60,85,32,53,47,16,38,14,
205	14	15	1.841	14,38,33,97,66,86,81,18,76,60,85,32,53,47,16,15,
205	12	14	1.959	12,42,66,86,81,18,93,97,33,76,60,85,32,47,38,14,
205	13	15	1.911	13,65,42,66,86,81,18,93,97,33,76,60,85,32,47,16,15,
205	12	15	1.749	12,42,65,66,86,81,18,93,97,33,76,60,85,32,47,16,15,
205	11	14	1.796	11,34,19,39,40,42,65,66,97,93,18,76,85,60,38,14,
205	11	15	2.097	11,34,19,39,42,65,66,86,81,18,93,97,33,76,60,85,32,47,16,15,
