548	0	1	2.097	0,48,86,22,91,53,45,72,26,57,78,66,88,49,39,90,1,
548	0	2	1.994	0,48,86,22,91,90,39,49,88,72,26,57,78,66,89,2,
548	0	3	2.003	0,48,86,22,91,90,39,49,88,45,72,26,57,66,92,35,3,
548	0	4	2.045	0,48,86,22,91,90,39,49,45,72,26,57,66,46,21,41,80,4,
548	0	5	1.983	0,48,86,22,91,90,39,49,88,45,72,26,57,66,46,21,41,80,27,5,
548	0	6	2.205	0,48,86,22,91,90,39,49,88,45,72,26,57,78,94,42,37,75,38,6,
548	0	7	2.259	0,48,86,22,91,90,39,49,88,72,26,57,78,94,42,31,99,79,7,
548	0	8	2.426	0,48,86,22,91,90,39,49,88,72,26,57,78,94,42,31,99,28,16,8,
548	0	9	2.637	0,48,86,22,91,90,39,49,45,72,26,57,78,94,42,37,31,98,63,61,44,9,
548	0	10	2.588	0,48,86,22,91,90,39,49,88,72,77,70,74,36,18,64,65,87,93,73,10,
548	0	11	2.665	0,48,86,22,91,90,39,49,45,72,77,70,74,36,18,64,65,87,93,83,11,
548	0	12	2.374	0,48,86,33,84,55,24,58,54,68,95,76,82,47,52,96,12,
548	0	13	2.28	0,48,86,20,54,68,95,76,82,55,24,58,84,85,32,17,13,
548	0	14	2.059	0,48,86,20,54,68,95,76,82,55,24,58,84,85,32,14,
548	0	15	2.007	0,48,22,86,20,54,68,95,76,82,55,24,58,33,15,
548	1	2	2.257	1,22,91,90,39,49,53,25,45,72,88,26,57,78,66,89,2,
548	1	3	2.051	1,91,90,39,53,25,45,72,88,26,57,66,78,46,92,35,3,
548	1	4	1.852	1,90,39,49,88,45,72,26,57,66,46,21,41,27,80,4,
548	1	5	2.045	1,90,39,49,88,45,72,26,57,78,59,42,94,46,21,41,80,27,5,
548	1	6	2.135	1,90,39,49,88,72,26,57,78,94,59,42,37,31,19,40,81,50,6,
548	1	7	2.136	1,90,39,49,88,45,72,26,57,66,78,94,42,37,31,19,40,81,50,7,
548	1	8	2.298	1,90,39,49,88,45,72,26,57,66,78,94,42,37,31,19,99,28,16,8,
548	1	9	2.522	1,90,39,49,88,72,26,57,78,94,42,59,60,29,34,43,67,56,61,44,9,
548	1	10	2.57	1,90,39,49,88,45,72,26,57,66,78,94,42,59,60,34,65,87,93,73,10,
548	1	11	2.546	1,90,39,49,88,45,72,26,57,77,70,74,36,18,64,65,87,93,83,11,
548	1	12	2.495	1,90,39,49,88,72,26,57,77,70,74,36,18,76,82,47,52,96,12,
548	1	13	2.293	1,90,39,49,88,72,45,77,70,74,68,54,58,24,55,85,32,17,13,
548	1	14	2.072	1,90,39,49,88,72,45,77,70,74,68,54,58,24,55,85,32,14,
548	1	15	2.044	1,90,39,91,22,48,86,20,68,54,58,24,55,84,15,
548	2	3	2.243	2,90,39,49,53,25,45,72,88,26,57,66,78,46,92,35,3,
548	2	4	2.012	2,89,49,88,45,72,26,57,66,78,46,21,41,27,80,4,
548	2	5	2.02	2,89,88,45,72,26,57,66,78,59,42,94,46,21,41,80,27,5,
548	2	6	2.152	2,89,88,45,72,26,57,66,78,94,59,42,37,31,19,40,81,50,6,
548	2	7	2.276	2,89,49,88,45,72,26,57,66,78,94,59,42,37,31,19,40,81,50,7,
548	2	8	2.448	2,89,88,45,72,26,57,66,78,94,59,42,37,31,19,99,79,69,28,16,8,
548	2	9	2.539	2,89,88,45,72,26,57,66,78,94,42,59,60,29,34,43,67,56,61,44,9,
548	2	10	2.633	2,89,88,45,72,26,57,66,78,94,42,59,60,29,34,65,87,93,71,73,10,
548	2	11	2.679	2,89,88,45,72,26,57,78,94,42,59,60,29,34,65,87,93,73,83,11,
548	2	12	2.677	2,89,88,45,72,26,57,66,78,94,42,59,60,34,65,30,52,96,12,
548	2	13	2.468	2,89,88,45,72,26,57,77,70,74,68,54,58,24,55,85,32,17,62,13,
548	2	14	2.282	2,89,88,45,72,26,77,70,74,36,18,95,68,54,58,24,55,85,32,14,
548	2	15	2.381	2,89,88,45,72,26,57,77,70,74,68,54,58,24,55,84,33,15,
548	3	4	2.073	3,89,49,45,72,88,26,57,66,78,46,21,41,27,80,4,
548	3	5	1.951	3,35,89,88,45,72,26,57,66,46,92,21,41,80,27,5,
548	3	6	2.02	3,89,88,45,72,26,57,78,94,42,37,31,19,40,38,6,
548	3	7	2.285	3,35,89,88,45,72,26,57,66,78,94,59,42,37,31,19,40,81,50,7,
548	3	8	2.421	3,89,88,45,72,26,57,66,78,94,59,42,37,31,19,99,79,28,16,8,
548	3	9	2.54	3,89,88,45,72,26,57,78,94,42,59,60,29,34,43,67,56,61,44,9,
548	3	10	2.665	3,35,89,88,45,72,26,57,66,78,94,42,59,60,29,34,65,87,93,73,10,
548	3	11	2.848	3,89,88,45,72,26,57,66,78,94,42,59,60,29,34,43,67,71,73,83,11,
548	3	12	2.81	3,89,88,45,72,26,57,66,78,94,42,59,60,29,34,64,97,47,52,96,12,
548	3	13	2.561	3,89,88,45,72,26,77,70,74,36,18,95,68,54,58,24,55,85,32,17,13,
548	3	14	2.408	3,89,88,45,72,26,57,77,70,74,36,18,95,68,54,58,24,55,85,32,14,
548	3	15	2.439	3,89,88,45,72,26,57,77,70,74,68,54,58,24,55,84,33,15,
548	4	5	1.921	4,80,27,41,21,46,94,59,42,37,31,19,75,23,51,5,
548	4	6	1.846	4,80,41,21,46,94,59,42,37,31,19,40,81,50,6,
548	4	7	2.122	4,80,27,41,21,46,94,59,42,37,31,19,75,23,38,40,81,50,7,
548	4	8	2.353	4,80,27,41,21,46,94,59,42,37,31,19,40,81,50,79,28,16,8,
548	4	9	2.408	4,41,80,27,51,23,75,38,40,81,50,79,69,28,16,63,56,61,44,9,
548	4	10	2.573	4,80,27,41,21,23,75,38,40,81,79,28,16,63,56,67,71,73,10,
548	4	11	2.797	4,80,27,41,21,46,94,42,59,60,29,34,43,65,87,93,71,73,83,11,
548	4	12	2.775	4,80,27,41,21,46,78,66,57,26,77,70,74,36,18,64,97,47,52,96,12,
548	4	13	2.634	4,80,27,41,21,46,66,57,26,77,70,74,68,54,58,24,55,85,32,17,13,
548	4	14	2.495	4,80,27,41,21,46,78,66,57,26,77,70,74,68,54,58,24,55,85,32,14,
548	4	15	2.368	4,80,41,21,46,66,26,72,88,49,39,90,91,22,86,48,33,15,
548	5	6	1.668	5,27,80,41,21,46,94,42,37,31,19,40,81,50,6,
548	5	7	1.632	5,27,80,41,21,46,94,42,37,31,19,40,81,50,7,
548	5	8	2.026	5,27,80,41,21,46,94,59,42,37,31,19,99,79,69,28,16,8,
548	5	9	2.249	5,27,80,41,21,23,51,38,40,81,50,79,28,16,63,56,61,44,9,
548	5	10	2.458	5,27,80,41,21,23,75,38,40,81,50,79,69,28,16,63,56,71,73,10,
548	5	11	2.605	5,27,80,41,21,23,75,19,31,37,42,94,59,60,29,34,65,87,93,83,11,
548	5	12	2.62	5,27,80,41,21,46,66,57,26,77,70,74,36,18,95,76,82,47,52,96,12,
548	5	13	2.478	5,27,80,41,21,46,78,57,26,77,70,74,68,54,58,24,55,85,32,17,13,
548	5	14	2.405	5,27,80,41,21,46,78,66,57,26,77,70,74,95,68,54,58,24,55,85,32,14,
548	5	15	2.325	5,27,80,41,21,46,66,57,26,72,45,88,49,39,90,91,22,86,48,33,15,
548	6	7	1.89	6,51,27,80,41,21,23,75,38,40,81,50,79,28,69,7,
548	6	8	2.005	6,51,27,80,41,21,23,75,38,40,81,50,79,28,16,8,
548	6	9	1.973	6,51,23,75,38,40,81,50,79,69,28,16,63,56,61,44,9,
548	6	10	2.397	6,50,81,40,19,31,37,42,94,59,60,29,34,65,87,93,71,73,10,
548	6	11	2.588	6,50,81,40,38,23,75,19,31,37,42,94,59,60,34,65,87,93,83,11,
548	6	12	2.623	6,50,81,40,38,23,75,19,31,37,42,94,59,60,29,34,65,30,96,12,
548	6	13	2.642	6,38,23,75,37,42,94,78,57,77,70,74,68,54,58,24,55,85,32,17,13,
548	6	14	2.561	6,38,75,19,31,37,42,59,94,78,57,77,70,74,68,54,58,24,55,85,32,14,
548	6	15	2.538	6,38,23,37,42,94,78,57,26,72,88,49,39,90,91,22,86,48,33,15,
548	7	8	2.062	7,50,81,40,19,37,42,94,59,31,99,79,69,28,16,8,
548	7	9	2.081	7,50,81,40,38,23,75,19,99,79,28,16,63,56,61,44,9,
548	7	10	2.086	7,50,81,40,79,28,16,63,61,56,67,71,73,83,10,
548	7	11	2.518	7,50,81,40,19,31,37,42,94,59,60,29,34,43,67,71,73,83,11,
548	7	12	2.572	7,50,81,40,38,23,75,19,31,37,42,59,60,29,34,65,30,52,96,12,
548	7	13	2.605	7,50,81,40,19,31,37,42,94,78,57,77,70,74,36,18,76,82,62,13,
548	7	14	2.484	7,50,81,40,19,31,37,42,94,59,70,74,68,54,58,24,55,85,32,14,
548	7	15	2.556	7,50,81,40,19,31,37,42,94,78,66,57,26,72,88,45,25,20,33,15,
548	8	9	2.115	8,16,98,43,60,29,34,65,87,93,71,67,56,61,44,9,
548	8	10	2.185	8,16,63,61,56,67,43,60,29,34,65,87,93,71,73,10,
548	8	11	2.273	8,16,63,56,67,43,60,29,34,65,87,93,71,73,83,11,
548	8	12	2.562	8,16,63,56,67,71,93,87,65,34,60,29,64,97,47,52,96,12,
548	8	13	2.513	8,16,98,43,60,29,34,64,18,36,95,68,54,58,24,55,85,32,17,13,
548	8	14	2.41	8,16,63,56,67,43,34,29,64,18,36,95,68,54,58,24,55,85,32,14,
548	8	15	2.57	8,16,63,56,67,43,60,29,34,64,18,36,95,68,54,58,24,55,84,15,
548	9	10	2.037	9,44,61,56,67,43,60,29,34,65,87,93,71,73,83,10,
548	9	11	2.088	9,44,61,56,67,43,60,29,34,65,87,93,71,73,83,11,
548	9	12	2.377	9,44,61,56,67,71,93,87,65,34,60,29,64,97,47,52,96,12,
548	9	13	2.397	9,44,61,56,67,43,34,29,18,36,95,68,54,58,24,55,85,32,17,13,
548	9	14	2.225	9,44,61,56,67,43,34,29,64,18,36,95,68,54,58,24,55,85,32,14,
548	9	15	2.486	9,44,61,56,67,43,60,29,34,64,18,36,95,68,54,58,24,84,33,15,
548	10	11	2.308	10,73,71,67,56,63,98,43,60,34,65,87,93,83,11,
548	10	12	2.31	10,73,71,56,67,43,60,29,34,64,65,30,52,96,12,
548	10	13	2.187	10,73,93,87,65,64,18,36,95,68,54,58,24,55,85,17,13,
548	10	14	2.251	10,73,71,67,43,60,29,34,64,18,36,95,68,54,58,24,55,85,14,
548	10	15	2.506	10,73,71,67,43,60,29,64,18,36,95,68,54,58,24,55,84,33,15,
548	11	12	2.336	11,83,73,71,56,67,43,60,29,34,65,30,52,96,12,
548	11	13	2.132	11,96,52,47,82,76,95,68,54,58,24,55,85,32,17,13,
548	11	14	2.219	11,83,93,87,65,30,97,76,95,68,54,58,24,55,85,32,14,
548	11	15	2.429	11,83,93,87,65,34,29,60,18,36,95,68,54,58,24,55,84,15,
548	12	13	1.96	12,96,52,47,82,76,95,68,54,58,24,55,85,32,17,13,
548	12	14	2.248	12,96,52,47,82,76,95,68,54,20,58,24,55,84,85,32,14,
548	12	15	2.449	12,96,52,47,97,64,18,36,95,68,54,58,24,55,85,84,33,15,
548	13	14	2.224	13,17,32,85,55,24,58,54,68,20,86,48,33,84,14,
548	13	15	2.406	13,62,17,32,85,84,55,24,58,54,68,20,86,22,48,33,15,
548	14	15	2.079	14,32,85,55,24,58,54,76,95,68,20,86,48,33,15,
