467	0	1	1.954	0,61,60,23,22,16,98,49,66,40,42,56,28,55,96,1,
467	0	2	1.945	0,61,21,60,23,22,16,98,49,66,40,72,43,84,86,2,
467	0	3	1.845	0,61,21,60,23,22,16,98,49,66,40,72,43,84,73,3,
467	0	4	2.385	0,61,21,60,23,22,16,98,66,49,56,42,72,43,44,32,70,4,
467	0	5	2.274	0,61,21,60,23,22,16,98,49,66,40,72,43,44,32,70,30,71,95,5,
467	0	6	2.415	0,61,60,23,22,16,98,31,46,68,87,45,57,58,52,80,90,83,24,6,
467	0	7	2.44	0,61,21,60,23,22,16,98,31,46,68,87,45,57,58,52,80,90,83,7,
467	0	8	2.494	0,61,60,23,22,16,98,49,66,31,46,68,87,45,57,58,52,47,35,94,8,
467	0	9	2.524	0,61,21,60,23,22,16,98,31,46,68,87,45,57,97,36,65,85,48,9,
467	0	10	2.552	0,61,21,60,23,22,16,76,77,91,29,18,62,88,93,99,74,17,79,78,10,
467	0	11	2.54	0,61,21,60,23,22,16,76,77,91,29,18,62,88,93,99,74,17,38,69,11,
467	0	12	2.272	0,61,60,23,22,16,98,31,46,62,88,93,99,74,38,63,34,12,
467	0	13	2.058	0,61,21,60,23,22,16,76,77,91,29,18,67,33,75,13,
467	0	14	1.98	0,61,60,23,22,16,98,49,66,31,54,77,91,89,19,14,
467	0	15	2.095	0,61,21,60,23,22,16,98,49,66,31,54,77,91,89,15,
467	1	2	1.977	1,21,61,60,23,22,16,98,49,66,40,72,43,84,86,2,
467	1	3	1.877	1,21,61,60,23,22,16,98,49,66,40,72,43,84,73,3,
467	1	4	2.24	1,96,55,28,21,61,60,23,22,16,98,49,66,40,72,44,32,4,
467	1	5	2.373	1,96,55,21,60,23,22,16,98,49,66,40,72,43,44,32,70,30,71,95,5,
467	1	6	2.536	1,21,61,60,23,22,16,98,49,66,50,45,57,58,52,80,90,83,24,6,
467	1	7	2.456	1,96,55,28,56,42,53,84,43,72,44,32,70,30,51,64,83,80,90,7,
467	1	8	2.431	1,21,61,60,23,22,16,98,31,46,68,87,45,57,58,52,47,35,94,20,8,
467	1	9	2.637	1,21,60,23,22,16,98,31,46,68,87,45,57,58,52,47,35,97,36,65,9,
467	1	10	2.684	1,96,55,28,21,61,60,23,22,76,77,91,29,18,62,88,93,99,74,17,79,10,
467	1	11	2.599	1,21,61,60,23,22,16,98,49,66,31,46,62,88,93,99,74,17,79,78,11,
467	1	12	2.472	1,96,55,28,21,61,60,23,22,16,76,77,91,29,18,67,25,63,34,12,
467	1	13	2.409	1,96,55,28,21,61,60,23,22,16,76,77,91,29,18,67,25,92,75,13,
467	1	14	2.017	1,96,55,28,21,61,60,23,22,16,98,76,77,91,89,19,14,
467	1	15	2.127	1,21,61,60,23,22,16,98,49,66,31,54,77,91,89,15,
467	2	3	2.027	2,26,28,21,61,60,23,22,56,53,42,72,43,84,73,3,
467	2	4	2.225	2,26,96,55,21,60,23,22,16,98,49,66,40,72,44,32,4,
467	2	5	1.951	2,96,55,28,56,59,53,42,72,43,44,32,70,30,71,95,5,
467	2	6	2.64	2,26,28,21,60,23,22,16,98,49,66,40,72,43,44,32,70,30,71,81,6,
467	2	7	2.474	2,26,96,55,28,56,53,42,72,43,44,32,70,30,51,64,83,80,90,7,
467	2	8	2.4	2,26,59,53,42,72,44,32,70,30,51,64,83,90,80,52,47,35,94,20,8,
467	2	9	2.624	2,26,59,53,42,72,44,32,70,30,51,64,83,90,80,52,47,35,94,65,9,
467	2	10	2.677	2,26,28,21,61,60,23,22,16,98,31,46,62,88,93,99,74,17,79,78,10,
467	2	11	2.719	2,26,28,55,21,61,60,23,22,16,98,31,46,62,88,93,99,74,17,79,78,11,
467	2	12	2.564	2,26,28,55,21,61,60,23,22,16,76,77,91,29,18,67,25,63,34,12,
467	2	13	2.547	2,26,28,55,21,61,60,23,22,16,76,77,91,29,18,67,33,92,75,13,
467	2	14	2.411	2,26,28,21,61,60,23,22,16,98,49,66,31,54,77,91,89,19,14,
467	2	15	2.381	2,26,28,55,21,60,23,22,16,98,49,66,31,54,77,91,89,15,
467	3	4	2.449	3,73,43,72,42,53,59,56,22,16,98,49,66,40,44,32,4,
467	3	5	2.047	3,73,84,59,56,53,42,40,72,43,44,32,70,30,71,95,5,
467	3	6	2.11	3,73,84,53,42,72,43,44,32,70,30,71,95,81,64,24,6,
467	3	7	2.398	3,73,84,43,72,44,32,70,30,51,64,83,90,80,52,47,35,94,20,7,
467	3	8	2.391	3,86,84,43,72,44,32,70,30,51,64,83,90,80,52,47,35,94,20,8,
467	3	9	2.542	3,73,84,43,44,32,70,30,51,64,83,90,80,52,47,35,97,36,65,85,9,
467	3	10	2.611	3,73,44,32,70,30,51,64,83,90,80,52,47,35,97,36,65,85,48,10,
467	3	11	2.654	3,73,84,43,72,40,66,49,98,16,76,77,91,29,18,67,25,63,69,11,
467	3	12	2.667	3,73,84,43,72,40,66,49,98,31,46,62,88,93,99,74,17,38,63,34,12,
467	3	13	2.643	3,73,84,43,72,40,66,49,98,31,54,77,91,29,18,67,33,92,75,13,
467	3	14	2.453	3,73,84,43,72,40,66,49,98,16,76,77,91,29,18,67,33,27,14,
467	3	15	2.481	3,73,84,59,56,53,42,43,72,40,66,49,98,16,22,23,60,61,15,
467	4	5	2.301	4,73,84,59,56,53,42,43,72,40,44,32,70,30,71,95,5,
467	4	6	2.429	4,32,70,30,51,64,83,90,80,52,47,35,94,20,7,24,6,
467	4	7	2.128	4,44,32,70,30,51,64,83,90,80,52,47,35,94,20,7,
467	4	8	1.99	4,44,32,70,30,51,64,83,90,80,52,47,35,94,20,8,
467	4	9	2.428	4,70,30,51,64,83,90,80,52,47,20,94,35,97,36,65,85,48,9,
467	4	10	2.525	4,70,30,51,64,83,80,90,52,47,20,94,35,97,36,65,85,48,10,
467	4	11	2.671	4,70,30,51,64,83,90,80,52,47,35,97,36,39,82,79,78,11,
467	4	12	2.753	4,70,30,51,64,83,90,80,52,47,35,97,39,82,74,38,63,34,12,
467	4	13	2.812	4,70,32,44,43,72,40,66,49,98,16,76,77,91,29,18,67,25,92,75,13,
467	4	14	2.696	4,70,32,44,43,72,42,53,59,56,49,66,98,16,76,77,91,89,19,14,
467	4	15	2.663	4,70,32,44,43,72,42,53,56,49,66,98,16,22,23,60,21,61,15,
467	5	6	2.193	5,95,71,30,51,64,83,90,80,52,47,35,94,20,7,24,6,
467	5	7	1.884	5,95,71,81,51,64,83,90,80,52,58,47,35,94,20,7,
467	5	8	1.786	5,95,71,81,64,83,90,80,52,47,35,97,36,65,8,
467	5	9	2.229	5,95,71,51,64,24,83,90,80,52,47,20,94,35,97,36,65,85,9,
467	5	10	2.387	5,95,81,64,83,90,80,52,47,20,94,35,97,39,36,65,85,48,10,
467	5	11	2.49	5,95,71,81,64,83,90,80,52,47,35,97,39,37,99,74,17,79,78,11,
467	5	12	2.593	5,95,71,81,64,83,90,80,52,47,35,97,36,39,82,74,17,38,63,34,12,
467	5	13	2.602	5,95,81,64,83,90,80,52,47,35,97,39,37,99,93,88,25,92,75,13,
467	5	14	2.594	5,95,71,30,70,32,44,72,43,53,42,49,66,31,54,77,91,89,19,14,
467	5	15	2.496	5,95,71,30,70,32,44,43,72,40,66,49,16,22,23,60,21,61,15,
467	6	7	1.894	6,24,64,83,90,80,52,47,35,97,36,65,94,20,7,
467	6	8	1.727	6,24,64,83,90,80,52,47,35,97,36,65,94,8,
467	6	9	1.676	6,24,83,90,80,52,47,20,94,35,97,36,65,85,9,
467	6	10	2.355	6,24,83,90,80,52,47,35,20,94,65,36,39,37,99,74,17,79,10,
467	6	11	2.35	6,24,83,90,80,52,47,35,97,36,39,82,37,99,74,17,79,78,11,
467	6	12	2.455	6,24,83,90,80,52,47,35,94,65,36,39,37,99,74,17,38,63,34,12,
467	6	13	2.401	6,24,83,90,80,52,47,35,97,39,82,37,99,93,88,25,92,75,13,
467	6	14	2.496	6,24,83,90,80,52,47,35,97,39,82,37,99,93,88,25,33,27,14,
467	6	15	2.531	6,24,83,90,80,52,58,57,45,87,68,46,31,54,77,91,89,19,15,
467	7	8	1.953	7,83,90,80,52,58,47,20,94,35,97,39,36,65,8,
467	7	9	1.697	7,83,90,80,52,47,20,94,35,97,36,65,85,48,9,
467	7	10	2.21	7,83,90,80,52,47,35,94,65,36,97,39,82,74,17,79,10,
467	7	11	2.225	7,83,90,80,52,47,35,20,94,65,36,97,39,82,79,78,11,
467	7	12	2.376	7,83,90,80,52,47,35,94,65,36,39,37,99,74,17,38,63,34,12,
467	7	13	2.518	7,83,90,80,52,47,35,97,39,82,37,99,74,17,38,63,34,92,75,13,
467	7	14	2.608	7,90,80,52,47,35,94,65,36,39,82,37,99,93,88,25,67,33,27,14,
467	7	15	2.596	7,83,90,80,52,47,58,57,45,87,68,46,31,54,77,91,89,19,15,
467	8	9	1.71	8,20,94,35,47,52,90,80,58,97,36,65,85,48,9,
467	8	10	1.801	8,20,94,35,47,52,90,80,58,97,36,65,85,48,10,
467	8	11	1.966	8,94,35,47,52,58,57,45,37,82,74,17,79,78,11,
467	8	12	2.336	8,20,94,35,47,52,90,80,58,57,45,37,99,74,17,38,63,34,12,
467	8	13	2.483	8,20,94,35,47,52,90,80,58,57,45,37,99,74,63,34,92,75,13,
467	8	14	2.538	8,20,94,35,47,52,90,80,58,57,45,37,99,93,88,25,67,33,27,14,
467	8	15	2.692	8,20,94,35,47,52,90,80,58,57,45,87,68,46,31,54,77,91,89,19,15,
467	9	10	2	9,48,85,65,36,97,39,82,37,99,74,17,79,78,10,
467	9	11	1.989	9,48,85,65,36,97,39,82,37,99,74,17,79,78,11,
467	9	12	2.076	9,48,85,65,36,97,39,82,37,99,74,17,38,63,34,12,
467	9	13	2.492	9,48,85,65,36,97,39,82,37,99,93,74,17,38,63,34,92,75,13,
467	9	14	2.551	9,85,65,94,35,47,52,58,57,45,37,99,93,88,25,67,33,27,14,
467	9	15	2.606	9,65,36,97,35,47,52,58,57,45,87,68,46,31,54,77,91,89,15,
467	10	11	2.08	10,48,85,65,36,97,39,82,37,99,74,17,79,78,11,
467	10	12	2.167	10,48,85,65,36,97,39,82,37,99,74,17,38,63,34,12,
467	10	13	2.48	10,48,85,65,36,97,39,82,37,99,93,88,25,67,33,92,75,13,
467	10	14	2.477	10,78,79,17,74,82,37,99,93,88,25,67,18,29,77,91,89,19,14,
467	10	15	2.593	10,78,79,17,74,82,37,99,93,88,25,67,18,29,77,91,89,19,15,
467	11	12	2.186	11,78,79,17,74,82,37,99,93,88,25,67,33,92,34,12,
467	11	13	2.152	11,78,79,17,74,82,37,99,93,88,62,18,67,33,75,13,
467	11	14	2.421	11,78,79,17,74,82,37,99,93,88,62,18,29,91,89,19,27,14,
467	11	15	2.581	11,69,38,17,74,82,37,99,93,88,25,67,18,29,77,91,89,19,15,
467	12	13	2.168	12,34,63,38,17,74,82,37,99,93,88,25,67,33,27,13,
467	12	14	2.083	12,34,63,38,17,74,82,37,99,93,88,25,67,33,27,14,
467	12	15	2.418	12,34,63,38,17,74,82,37,99,93,88,62,18,29,77,91,89,15,
467	13	14	2.23	13,75,92,34,63,74,82,37,99,93,88,25,67,33,27,14,
467	13	15	2.304	13,75,33,67,18,29,91,77,76,16,22,23,60,21,61,15,
467	14	15	2.226	14,19,89,91,77,54,31,66,49,98,16,22,23,60,61,15,
