91	0	1	1.696	0,84,37,19,90,73,34,83,22,57,53,98,43,96,1,
91	0	2	1.512	0,84,37,19,90,73,34,83,22,57,53,98,43,96,2,
91	0	3	2.036	0,84,37,19,90,73,34,83,96,43,39,98,22,70,57,53,3,
91	0	4	2.328	0,37,19,90,73,34,83,96,43,39,98,53,57,21,38,18,77,85,4,
91	0	5	2.267	0,37,19,90,73,34,83,96,43,39,98,53,57,21,38,18,77,85,72,5,
91	0	6	2.386	0,84,37,19,90,73,79,82,23,25,52,47,61,17,54,35,65,94,6,
91	0	7	2.358	0,19,90,73,79,82,23,25,52,47,61,17,54,35,65,32,71,87,7,
91	0	8	2.503	0,84,37,19,90,73,79,82,23,25,52,47,67,61,17,54,35,81,30,8,
91	0	9	2.59	0,84,37,19,90,73,79,82,23,25,52,80,64,92,51,26,50,91,31,9,
91	0	10	2.426	0,19,90,73,79,82,23,25,52,80,64,92,55,63,16,42,48,88,10,
91	0	11	2.536	0,19,90,73,79,82,23,25,52,80,64,92,63,16,42,48,88,11,
91	0	12	2.352	0,19,37,84,33,36,66,59,56,99,95,28,76,69,89,68,24,12,
91	0	13	2.033	0,19,90,37,93,62,59,56,99,28,68,89,69,76,78,13,
91	0	14	2.196	0,84,37,19,90,73,79,41,82,45,86,29,59,66,58,14,
91	0	15	2.259	0,19,1,96,43,39,98,53,22,83,34,73,90,37,84,33,15,
91	1	2	1.871	1,19,0,84,37,90,73,34,83,22,57,53,98,43,96,2,
91	1	3	2.316	1,19,37,90,73,34,83,96,43,39,98,53,57,40,21,20,3,
91	1	4	2.343	1,19,90,73,34,83,96,43,39,98,53,57,21,38,18,77,85,4,
91	1	5	2.146	1,34,83,96,43,39,98,53,57,22,70,40,21,38,18,77,85,72,5,
91	1	6	2.363	1,19,90,73,79,82,23,25,52,47,67,61,17,54,35,65,94,6,
91	1	7	2.405	1,73,79,82,23,25,52,80,47,67,61,17,54,35,65,32,71,87,7,
91	1	8	2.555	1,73,79,82,23,25,52,47,67,61,17,54,35,65,32,87,71,30,8,
91	1	9	2.649	1,34,83,96,43,39,98,53,57,40,23,25,52,80,64,60,97,91,31,9,
91	1	10	2.57	1,19,37,90,73,79,41,82,23,25,80,64,92,63,16,42,48,88,10,
91	1	11	2.615	1,19,90,73,79,82,23,25,52,80,64,92,63,16,42,48,88,11,
91	1	12	2.51	1,34,83,96,43,39,98,53,57,70,79,41,29,56,99,28,68,89,24,12,
91	1	13	2.1	1,90,19,37,93,62,59,56,99,28,68,89,69,76,78,13,
91	1	14	2.187	1,34,83,96,43,39,98,53,57,70,79,41,62,36,66,58,14,
91	1	15	1.9	1,96,43,39,98,53,22,83,34,73,90,19,37,84,33,15,
91	2	3	2.092	2,43,96,83,34,22,98,53,57,70,40,21,38,18,20,3,
91	2	4	1.92	2,96,43,39,98,53,57,22,70,40,21,38,18,77,85,4,
91	2	5	1.745	2,96,43,39,98,53,57,70,40,21,38,18,77,85,72,5,
91	2	6	2.183	2,39,98,53,57,40,23,25,52,47,61,17,54,35,65,32,94,6,
91	2	7	2.205	2,39,98,53,57,40,23,25,52,47,67,17,54,35,65,32,71,87,7,
91	2	8	2.407	2,39,98,53,57,40,23,25,52,80,64,47,67,61,17,54,35,81,30,8,
91	2	9	2.598	2,96,43,39,98,53,57,40,23,25,52,80,64,47,61,67,60,97,91,31,9,
91	2	10	2.462	2,96,43,39,98,53,57,40,23,25,52,80,64,92,55,63,16,42,48,88,10,
91	2	11	2.524	2,96,43,39,98,53,57,40,23,25,80,64,92,63,16,42,48,88,11,
91	2	12	2.405	2,43,96,83,34,73,90,19,37,84,93,62,59,56,99,28,68,89,24,12,
91	2	13	2.398	2,43,39,98,53,57,40,70,79,41,29,56,99,28,68,89,69,76,78,13,
91	2	14	2.258	2,96,43,39,98,53,57,22,83,34,73,90,19,37,84,33,36,58,14,
91	2	15	1.677	2,43,39,98,53,57,22,83,34,73,90,19,37,84,33,15,
91	3	4	2.179	3,53,98,43,96,83,34,22,57,40,21,38,18,77,85,4,
91	3	5	2.009	3,53,98,39,43,96,22,57,40,21,38,18,77,85,72,5,
91	3	6	2.267	3,53,57,40,23,25,52,47,67,61,17,54,35,65,32,94,6,
91	3	7	2.263	3,53,57,40,23,25,52,47,67,61,17,54,65,32,71,87,7,
91	3	8	2.486	3,53,57,40,23,25,80,64,47,67,61,17,54,65,35,81,30,8,
91	3	9	2.704	3,53,57,40,23,25,52,47,67,61,17,54,65,35,74,97,75,91,31,9,
91	3	10	2.523	3,39,98,53,57,40,23,25,52,80,64,92,55,63,16,42,48,88,10,
91	3	11	2.761	3,53,57,40,70,79,41,82,23,25,80,64,92,63,16,42,48,88,11,
91	3	12	2.737	3,98,39,43,96,83,34,22,57,40,70,79,41,29,56,99,28,68,89,24,12,
91	3	13	2.655	3,39,98,53,57,40,70,79,82,41,29,56,99,28,68,89,69,76,78,13,
91	3	14	2.457	3,53,57,22,98,39,43,96,83,34,73,90,19,37,84,33,36,58,14,
91	3	15	2.59	3,53,98,39,43,96,83,34,22,57,40,70,79,73,90,19,37,84,33,15,
91	4	5	2.264	4,20,53,98,39,43,96,22,57,21,38,18,77,85,72,5,
91	4	6	2.15	4,20,21,52,25,80,64,47,67,61,17,54,65,94,6,
91	4	7	2.232	4,20,21,52,25,80,47,67,61,17,54,35,65,32,71,87,7,
91	4	8	2.479	4,20,21,52,25,80,47,67,61,17,54,35,65,32,87,71,30,8,
91	4	9	2.588	4,85,77,18,38,61,67,17,54,35,65,32,87,71,30,27,75,91,31,9,
91	4	10	2.677	4,85,77,18,38,61,67,47,52,25,80,64,92,51,63,16,42,48,88,10,
91	4	11	2.836	4,85,77,18,38,61,67,47,52,25,80,64,92,51,63,16,42,48,88,11,
91	4	12	2.79	4,85,77,18,38,21,52,25,23,82,41,29,56,99,95,28,68,89,24,12,
91	4	13	2.737	4,85,77,18,38,52,25,23,82,41,29,56,99,28,68,89,69,76,78,13,
91	4	14	2.664	4,20,57,53,98,39,43,96,83,34,73,90,19,37,84,33,36,58,14,
91	4	15	2.628	4,20,21,40,57,22,53,98,39,43,96,83,34,73,90,19,37,84,33,15,
91	5	6	1.938	5,72,85,77,18,38,61,47,67,17,54,35,65,32,94,6,
91	5	7	1.851	5,72,85,77,18,38,61,67,17,54,35,65,32,71,87,7,
91	5	8	2.047	5,72,85,77,18,61,67,17,54,35,65,32,87,71,30,8,
91	5	9	2.438	5,72,85,77,18,38,61,17,54,65,32,87,71,30,27,75,91,31,9,
91	5	10	2.484	5,72,85,77,18,38,21,52,25,80,64,92,26,51,63,16,42,48,88,10,
91	5	11	2.759	5,72,94,32,65,35,54,17,61,67,47,80,64,92,63,16,42,48,88,11,
91	5	12	2.635	5,72,85,77,18,38,21,52,25,23,45,86,29,56,99,95,28,68,89,24,12,
91	5	13	2.582	5,72,85,77,18,38,52,25,23,45,86,29,56,99,28,68,89,69,76,78,13,
91	5	14	2.73	5,72,85,77,18,38,61,67,47,64,80,52,25,23,82,41,29,59,66,58,14,
91	5	15	2.522	5,72,85,77,18,38,21,57,53,98,39,43,96,83,34,73,90,37,84,33,15,
91	6	7	1.944	6,94,32,65,35,54,17,61,67,47,60,74,81,71,87,7,
91	6	8	2.05	6,94,32,65,35,54,17,61,67,60,50,91,75,27,30,8,
91	6	9	2.241	6,94,32,65,35,54,17,61,67,47,80,64,60,97,75,91,31,9,
91	6	10	2.215	6,94,65,35,54,17,61,67,47,80,64,92,55,63,16,42,48,88,10,
91	6	11	2.5	6,94,32,65,35,54,17,61,67,47,80,64,92,51,63,16,42,48,88,11,
91	6	12	2.543	6,94,32,65,35,54,17,61,67,47,80,64,92,55,95,28,76,69,89,24,12,
91	6	13	2.498	6,94,65,35,54,17,67,47,80,64,92,55,95,28,68,89,69,76,78,13,
91	6	14	2.578	6,94,32,65,35,54,17,61,67,47,64,80,25,23,45,86,29,59,66,58,14,
91	6	15	2.565	6,94,32,65,54,17,61,67,47,64,80,25,52,23,82,41,62,93,33,15,
91	7	8	1.957	7,87,71,32,65,35,54,17,60,74,97,91,75,27,30,8,
91	7	9	2.22	7,87,71,32,65,35,54,17,61,67,47,80,64,60,97,91,31,9,
91	7	10	2.159	7,87,71,32,65,35,54,17,60,50,26,51,63,16,42,48,88,10,
91	7	11	2.382	7,87,71,32,65,54,17,61,67,47,80,64,92,63,16,42,48,88,11,
91	7	12	2.467	7,87,71,32,65,35,54,17,61,67,47,80,64,92,55,95,28,68,89,24,12,
91	7	13	2.481	7,87,71,32,65,54,17,61,67,47,80,64,92,55,95,28,69,76,78,13,
91	7	14	2.574	7,87,71,32,65,54,17,61,67,47,64,80,25,23,45,86,29,59,66,58,14,
91	7	15	2.516	7,87,71,32,65,35,54,17,61,67,47,80,25,23,82,41,62,93,33,15,
91	8	9	2.083	8,30,71,87,32,65,35,54,17,60,74,97,91,75,31,9,
91	8	10	2.123	8,30,71,87,32,65,35,74,97,50,26,51,42,48,88,10,
91	8	11	2.444	8,30,71,87,32,65,35,54,17,60,26,51,63,16,42,48,88,11,
91	8	12	2.557	8,71,87,32,65,35,54,17,60,26,51,63,16,44,68,89,24,12,
91	8	13	2.674	8,71,87,32,65,35,54,17,61,67,47,80,64,45,86,29,56,99,78,13,
91	8	14	2.622	8,30,71,87,32,65,35,54,17,61,47,80,64,45,86,29,59,66,58,14,
91	8	15	2.601	8,71,87,32,65,54,17,61,67,47,52,25,23,82,41,62,93,33,15,
91	9	10	2.036	9,31,91,75,27,30,74,97,50,26,51,63,16,42,48,88,10,
91	9	11	2.195	9,31,91,75,27,30,74,97,50,26,51,63,16,42,48,88,11,
91	9	12	2.672	9,31,91,97,74,35,54,17,61,67,47,80,64,92,63,16,44,24,12,
91	9	13	2.811	9,31,91,75,97,74,35,54,17,61,67,47,80,64,45,86,29,56,99,78,13,
91	9	14	2.752	9,31,91,75,97,74,35,65,54,17,61,67,47,80,64,86,29,59,66,58,14,
91	9	15	2.699	9,31,91,97,60,64,80,52,25,23,82,79,73,90,19,37,84,33,15,
91	10	11	2.237	10,88,48,42,49,46,91,75,97,50,26,51,63,16,44,11,
91	10	12	2.126	10,88,48,42,49,46,50,26,51,63,16,44,68,89,24,12,
91	10	13	2.212	10,88,48,42,44,24,68,89,69,76,28,95,99,78,13,
91	10	14	2.445	10,88,48,42,44,24,68,89,69,76,28,95,99,56,59,66,58,14,
91	10	15	2.587	10,88,48,42,16,63,92,64,80,52,25,23,82,79,41,62,93,33,15,
91	11	12	2.305	11,88,48,42,49,46,31,91,50,26,51,63,16,44,24,12,
91	11	13	2.371	11,88,48,42,44,24,68,89,69,76,28,95,99,78,13,
91	11	14	2.605	11,88,48,42,44,68,89,69,76,78,28,95,99,56,59,66,58,14,
91	11	15	2.614	11,88,48,42,16,63,92,64,80,52,25,23,82,41,62,93,33,15,
91	12	13	2.282	12,24,44,16,63,51,92,55,95,28,68,89,69,76,78,13,
91	12	14	2.217	12,24,44,68,89,69,76,78,28,95,99,56,59,36,66,58,14,
91	12	15	2.415	12,24,89,68,28,99,56,29,41,82,79,73,90,37,84,33,15,
91	13	14	1.996	13,78,76,69,89,24,44,68,28,95,99,56,59,66,58,14,
91	13	15	2.122	13,78,76,69,89,24,68,28,95,99,56,59,66,36,33,15,
91	14	15	2.438	14,58,78,76,69,89,24,68,28,95,99,56,59,36,33,15,
