575	0	1	2.196	0,83,99,18,44,74,29,51,72,42,50,97,92,91,80,1,
575	0	2	2.188	0,83,99,44,18,50,33,90,97,92,91,96,93,80,64,2,
575	0	3	2.011	0,93,96,80,91,92,97,90,32,63,85,55,86,26,88,3,
575	0	4	2.422	0,83,99,93,96,80,91,92,97,90,27,69,61,32,63,85,55,86,26,4,
575	0	5	2.588	0,83,99,93,96,80,91,92,97,90,27,69,35,23,22,71,47,25,65,5,
575	0	6	2.54	0,83,99,93,96,91,92,97,90,33,27,69,35,23,22,71,47,25,34,6,
575	0	7	2.644	0,93,96,91,92,97,90,27,69,35,45,41,89,94,52,54,53,73,31,58,7,
575	0	8	2.658	0,93,96,91,92,97,90,33,27,69,35,45,41,89,94,52,54,53,49,8,
575	0	9	2.475	0,93,96,91,92,97,90,33,27,69,35,45,41,89,94,52,59,75,39,9,
575	0	10	2.523	0,93,96,92,97,90,27,69,35,45,41,89,94,52,59,75,56,39,46,10,
575	0	11	2.489	0,83,99,18,50,95,57,40,70,38,19,62,77,84,79,78,17,36,16,11,
575	0	12	2.522	0,83,99,93,96,80,91,92,97,50,18,44,29,51,98,76,81,66,12,
575	0	13	2.083	0,83,99,93,96,18,44,74,29,51,72,98,81,48,30,13,
575	0	14	2.098	0,83,99,93,96,80,91,92,97,50,42,29,74,21,14,
575	0	15	2.19	0,93,96,80,91,92,97,90,33,57,95,42,29,74,15,
575	1	2	2.307	1,93,96,80,91,92,97,90,33,27,69,61,55,63,32,2,
575	1	3	2.019	1,93,96,80,91,92,97,90,32,63,85,55,86,26,88,3,
575	1	4	2.016	1,80,91,92,97,90,27,69,61,32,63,85,55,86,26,4,
575	1	5	2.409	1,80,91,92,97,90,32,63,85,55,61,27,69,35,23,22,71,28,5,
575	1	6	2.543	1,80,91,92,97,90,27,69,35,45,41,89,94,54,53,31,58,34,6,
575	1	7	2.5	1,80,91,92,97,90,27,69,35,45,41,89,94,52,54,53,73,31,58,7,
575	1	8	2.574	1,80,91,92,97,90,27,69,35,45,41,89,94,52,59,75,39,56,49,8,
575	1	9	2.48	1,80,91,92,97,90,27,69,35,45,41,89,94,52,62,77,79,84,75,39,9,
575	1	10	2.462	1,80,91,92,97,90,27,69,35,45,41,89,94,52,59,75,56,39,46,10,
575	1	11	2.467	1,80,91,92,97,90,27,69,35,45,41,89,94,52,59,84,79,78,16,11,
575	1	12	2.661	1,80,91,92,97,33,57,40,70,38,19,62,77,84,79,78,17,36,87,66,12,
575	1	13	2.383	1,80,91,97,92,96,93,99,18,44,74,29,51,98,76,81,48,30,13,
575	1	14	2.089	1,80,91,97,92,96,93,99,18,44,74,29,72,51,21,14,
575	1	15	2.198	1,93,96,80,91,92,97,90,33,57,95,42,29,74,15,
575	2	3	2.13	2,64,80,91,92,97,90,37,32,85,63,55,86,26,88,3,
575	2	4	2.159	2,64,80,91,92,97,90,27,69,35,23,22,71,86,26,4,
575	2	5	2.165	2,64,80,91,92,97,90,33,27,69,35,23,22,71,28,5,
575	2	6	2.433	2,64,91,92,97,90,33,27,69,35,23,22,71,47,25,65,34,6,
575	2	7	2.509	2,64,91,92,97,90,27,69,35,45,41,89,94,54,53,73,31,58,7,
575	2	8	2.561	2,64,80,91,92,97,90,27,69,35,45,41,89,94,52,54,53,49,8,
575	2	9	2.561	2,64,91,92,97,90,27,69,35,45,41,89,94,52,62,77,79,84,75,39,9,
575	2	10	2.475	2,64,91,92,97,90,27,69,35,45,41,89,94,52,59,75,39,46,10,
575	2	11	2.58	2,64,91,92,97,90,33,57,40,70,38,19,62,77,84,79,78,17,36,16,11,
575	2	12	2.764	2,32,63,61,27,69,35,45,41,89,94,52,59,84,79,78,17,36,87,66,12,
575	2	13	2.517	2,64,80,91,92,97,50,18,44,74,29,51,72,60,76,81,98,48,30,13,
575	2	14	2.544	2,64,91,97,92,96,93,99,83,44,18,50,42,72,51,29,74,21,14,
575	2	15	2.478	2,64,91,97,92,96,93,99,83,44,18,50,42,72,51,29,74,15,
575	3	4	2.183	3,88,55,85,32,61,27,69,35,23,22,71,28,86,26,4,
575	3	5	2.125	3,88,26,86,55,85,32,61,27,69,35,23,22,71,28,5,
575	3	6	2.06	3,88,85,63,32,61,27,69,35,23,22,71,47,25,34,6,
575	3	7	2.352	3,85,63,32,61,27,69,35,45,41,89,94,52,54,53,31,58,7,
575	3	8	2.473	3,85,63,32,61,27,69,35,45,41,89,94,52,59,75,39,56,49,8,
575	3	9	2.307	3,85,63,61,27,69,35,45,41,89,94,52,62,77,79,84,75,39,9,
575	3	10	2.442	3,88,85,63,32,61,27,69,35,45,41,89,94,52,59,75,56,39,46,10,
575	3	11	2.457	3,85,63,61,27,69,35,45,41,89,94,52,62,77,84,79,78,17,36,16,11,
575	3	12	2.637	3,85,55,61,27,69,35,45,41,89,94,52,59,84,79,78,17,36,87,12,
575	3	13	2.59	3,88,85,63,32,61,27,69,35,40,57,95,42,72,51,98,81,48,30,13,
575	3	14	2.623	3,88,26,86,55,85,63,32,90,97,92,50,18,44,74,29,51,21,14,
575	3	15	2.423	3,88,26,86,55,85,63,32,37,90,97,92,91,80,93,96,99,83,15,
575	4	5	2.018	4,26,88,55,85,63,32,61,27,69,35,23,22,71,28,5,
575	4	6	2.023	4,26,86,55,85,63,32,61,27,69,35,23,47,25,34,6,
575	4	7	2.243	4,26,86,55,85,63,32,61,27,69,35,23,47,25,24,58,7,
575	4	8	2.391	4,26,86,55,85,63,32,61,27,69,35,45,41,89,94,52,54,49,8,
575	4	9	2.319	4,26,88,85,63,32,61,27,69,35,45,41,89,94,52,59,75,56,39,9,
575	4	10	2.518	4,26,88,85,63,32,61,27,69,35,45,41,89,94,52,59,75,56,39,46,10,
575	4	11	2.534	4,26,88,85,63,61,69,35,45,41,89,94,52,59,84,79,78,17,36,16,11,
575	4	12	2.69	4,28,71,22,23,35,45,41,89,94,52,62,77,84,79,78,17,36,87,66,12,
575	4	13	2.563	4,26,86,55,85,63,32,61,27,69,35,40,57,95,60,76,81,98,48,30,13,
575	4	14	2.659	4,26,86,55,85,63,32,61,27,69,35,45,70,40,57,95,42,72,51,21,14,
575	4	15	2.557	4,26,88,55,85,63,32,61,69,27,90,97,92,91,80,96,93,99,83,15,
575	5	6	2.217	5,28,71,22,55,85,63,61,27,69,35,23,47,25,34,6,
575	5	7	2.157	5,28,71,22,23,45,41,89,94,52,54,53,73,31,58,7,
575	5	8	2.35	5,65,25,24,31,53,54,89,94,52,62,77,79,84,75,56,49,8,
575	5	9	2.172	5,65,25,24,31,73,53,54,89,94,52,59,62,77,79,84,75,39,9,
575	5	10	2.371	5,65,25,24,31,73,53,54,89,94,52,59,62,77,79,84,75,39,46,10,
575	5	11	2.392	5,65,25,24,31,73,53,54,89,94,52,62,77,84,79,78,20,17,36,16,11,
575	5	12	2.446	5,65,25,24,31,53,54,89,94,52,62,77,84,79,78,17,36,87,66,12,
575	5	13	2.648	5,65,25,24,31,53,54,89,94,52,59,84,79,78,17,43,76,81,48,30,13,
575	5	14	2.905	5,28,71,22,23,35,69,27,33,90,97,92,96,93,99,18,44,29,74,21,14,
575	5	15	2.732	5,28,71,22,23,35,69,27,40,57,33,90,97,92,91,80,96,93,99,83,15,
575	6	7	2.209	6,34,58,31,53,54,89,94,52,59,75,39,56,49,68,7,
575	6	8	1.971	6,34,58,31,73,53,54,89,94,52,59,75,39,56,49,8,
575	6	9	1.784	6,34,58,31,53,54,89,94,52,62,77,84,75,39,9,
575	6	10	2.097	6,34,58,31,53,54,89,94,52,59,62,77,79,84,75,39,46,10,
575	6	11	2.152	6,34,25,24,31,73,53,54,89,94,52,62,77,84,79,78,17,36,16,11,
575	6	12	2.266	6,34,58,31,73,53,54,89,94,52,62,77,84,79,78,17,36,87,66,12,
575	6	13	2.421	6,34,58,31,53,54,89,94,52,59,84,79,78,17,43,76,81,48,30,13,
575	6	14	2.755	6,34,58,31,53,54,89,94,52,59,84,79,78,17,36,87,81,98,51,21,14,
575	6	15	2.85	6,34,65,25,47,71,22,23,35,69,27,33,90,97,92,91,80,96,93,99,83,15,
575	7	8	1.961	7,58,31,53,54,89,94,52,62,77,79,84,75,56,49,8,
575	7	9	1.668	7,58,31,53,54,89,94,52,62,77,79,84,75,39,9,
575	7	10	1.982	7,58,31,73,53,54,89,94,52,59,62,77,79,84,75,39,46,10,
575	7	11	1.933	7,58,31,73,53,54,89,94,52,59,62,77,84,79,78,17,36,16,11,
575	7	12	2.172	7,58,31,73,53,54,89,94,52,59,62,77,84,79,78,17,36,87,66,12,
575	7	13	2.315	7,58,31,53,54,89,94,52,59,84,79,78,17,43,76,81,98,48,30,13,
575	7	14	2.55	7,58,31,53,54,89,94,52,59,84,79,78,17,43,76,81,98,51,21,14,
575	7	15	2.742	7,58,31,53,54,89,94,52,59,84,79,78,17,43,76,81,98,51,29,74,15,
575	8	9	1.729	8,49,53,54,89,94,52,59,62,77,79,84,75,56,39,9,
575	8	10	1.792	8,49,53,54,89,94,52,62,77,79,84,75,39,46,10,
575	8	11	1.811	8,49,53,54,89,94,52,59,62,77,84,79,78,17,36,16,11,
575	8	12	2.426	8,49,53,54,89,94,52,59,62,77,84,79,78,17,36,87,76,81,66,12,
575	8	13	2.333	8,49,54,89,94,52,59,62,77,84,79,78,17,36,87,76,81,98,48,30,13,
575	8	14	2.529	8,49,54,89,94,52,59,62,77,84,79,78,17,36,87,81,98,51,21,14,
575	8	15	2.653	8,49,54,89,94,52,62,77,84,79,78,17,36,87,81,98,51,29,74,15,
575	9	10	1.807	9,39,56,59,52,94,89,62,77,84,79,78,17,36,16,82,10,
575	9	11	1.787	9,39,75,56,54,89,94,52,62,77,84,79,78,17,36,16,11,
575	9	12	1.864	9,39,75,59,52,94,89,62,77,84,79,78,17,36,87,66,12,
575	9	13	2.249	9,39,56,75,59,52,94,89,62,77,84,79,78,17,43,76,81,98,48,30,13,
575	9	14	2.464	9,39,56,75,84,79,78,17,36,87,43,76,81,98,72,51,29,74,21,14,
575	9	15	2.591	9,39,56,75,46,84,79,78,17,36,87,43,76,81,98,72,51,29,74,15,
575	10	11	1.776	10,46,39,56,75,59,52,62,77,84,79,78,17,36,16,11,
575	10	12	1.903	10,46,39,56,75,59,62,77,84,79,78,17,36,87,66,12,
575	10	13	1.985	10,46,39,56,75,84,79,78,17,36,87,76,81,98,48,30,13,
575	10	14	2.22	10,46,39,56,75,84,79,78,17,36,87,76,81,98,51,21,14,
575	10	15	2.412	10,46,39,56,75,84,79,78,17,36,87,76,81,98,51,29,74,15,
575	11	12	2.133	11,16,36,17,78,79,84,77,62,20,43,76,98,81,66,12,
575	11	13	1.989	11,16,36,17,78,79,84,77,20,43,60,76,81,98,48,30,13,
575	11	14	2.054	11,16,36,17,78,79,84,77,20,43,76,81,98,51,21,14,
575	11	15	2.461	11,16,36,17,78,79,84,77,20,43,76,81,98,72,42,29,74,15,
575	12	13	2.058	12,66,87,36,17,78,79,84,77,20,43,76,81,98,48,30,13,
575	12	14	2.216	12,66,87,36,17,20,43,76,81,98,51,29,74,21,14,
575	12	15	2.281	12,66,81,76,98,72,51,29,74,44,18,96,93,99,83,15,
575	13	14	2.127	13,30,48,81,76,98,51,29,42,50,18,44,74,21,14,
575	13	15	2.132	13,30,48,98,81,76,60,72,51,29,42,50,18,99,83,15,
575	14	15	2.19	14,21,74,29,42,50,97,92,91,80,96,93,99,83,15,
