486	0	1	1.875	0,18,23,26,22,52,47,83,44,64,28,59,96,58,92,1,
486	0	2	1.668	0,18,23,26,22,52,47,83,44,64,28,86,59,96,58,2,
486	0	3	1.622	0,18,23,26,22,52,47,83,44,64,28,86,59,96,50,3,
486	0	4	2.051	0,18,23,32,52,22,26,16,47,83,44,64,28,59,86,20,84,98,79,4,
486	0	5	2.3	0,18,23,32,52,22,26,16,47,83,44,64,28,59,86,20,84,98,70,5,
486	0	6	2.383	0,18,23,26,22,52,47,82,39,45,21,74,55,66,78,51,48,27,6,
486	0	7	2.43	0,18,23,26,22,52,47,82,39,45,21,74,55,66,78,51,48,38,7,
486	0	8	2.398	0,18,23,32,22,52,30,89,72,37,63,56,25,93,94,46,29,57,76,85,8,
486	0	9	2.38	0,18,23,26,22,52,30,89,72,37,63,56,25,93,94,46,29,57,76,87,9,
486	0	10	2.207	0,18,23,22,52,82,39,45,21,41,63,37,56,25,93,77,65,34,24,10,
486	0	11	2.176	0,18,23,22,52,82,39,45,21,41,63,37,56,25,93,19,33,11,
486	0	12	2.175	0,18,23,26,22,52,32,30,89,72,53,75,67,36,49,54,69,12,
486	0	13	2.002	0,18,23,26,22,52,32,30,89,72,53,75,67,36,49,54,13,
486	0	14	2.079	0,18,23,26,16,47,52,22,32,30,89,72,53,42,14,
486	0	15	2.054	0,18,23,26,22,52,47,82,39,21,45,89,30,95,15,
486	1	2	1.726	1,16,26,22,32,52,47,83,44,64,28,86,59,96,58,2,
486	1	3	1.68	1,16,26,22,32,52,47,83,44,64,28,86,59,96,50,3,
486	1	4	1.861	1,16,26,22,52,47,83,44,64,28,59,86,20,84,98,79,4,
486	1	5	2.168	1,16,26,22,32,52,47,83,64,28,59,86,20,84,98,70,5,
486	1	6	2.278	1,16,26,22,52,47,82,39,45,21,74,55,66,78,51,48,6,
486	1	7	2.331	1,16,26,22,52,47,82,39,45,21,55,66,78,51,48,27,38,7,
486	1	8	2.436	1,26,16,47,82,39,45,21,41,63,37,56,25,93,94,46,29,57,76,85,8,
486	1	9	2.427	1,26,22,52,82,39,45,21,41,63,37,56,25,93,94,46,29,57,76,87,9,
486	1	10	2.342	1,26,16,47,82,39,45,21,41,63,37,56,25,40,88,91,93,77,65,34,24,10,
486	1	11	2.347	1,26,16,47,82,39,45,21,55,41,63,37,56,40,88,91,93,19,33,11,
486	1	12	2.263	1,16,47,82,39,45,21,41,63,37,72,53,75,36,49,54,69,12,
486	1	13	2.09	1,16,47,82,39,45,21,41,63,37,72,53,75,36,49,54,13,
486	1	14	2.131	1,16,47,82,39,45,21,41,63,37,56,72,53,42,14,
486	1	15	2.162	1,16,26,22,32,52,47,83,44,82,39,45,89,30,95,15,
486	2	3	1.751	2,58,92,16,26,22,52,47,83,44,64,28,59,96,50,3,
486	2	4	1.955	2,92,16,26,22,52,47,83,44,64,28,59,86,20,84,98,4,
486	2	5	2.153	2,58,96,59,28,64,17,97,39,45,21,55,66,78,61,90,5,
486	2	6	2.108	2,58,96,59,86,17,97,39,45,21,55,66,78,51,48,6,
486	2	7	2.236	2,58,96,59,86,17,97,39,45,21,55,66,78,51,48,38,7,
486	2	8	2.348	2,58,96,59,28,64,17,43,97,39,45,21,55,66,99,29,57,76,85,8,
486	2	9	2.383	2,58,83,44,97,39,45,21,41,63,37,56,25,93,94,46,29,57,76,87,9,
486	2	10	2.296	2,58,96,59,28,64,17,97,39,45,21,41,63,37,56,25,93,77,65,34,24,10,
486	2	11	2.284	2,58,96,59,28,64,17,97,39,45,21,41,63,37,56,40,88,19,33,11,
486	2	12	2.332	2,58,83,44,97,39,45,21,41,63,37,56,25,40,75,36,49,54,69,12,
486	2	13	2.169	2,58,64,17,97,39,45,21,41,63,37,56,25,40,75,36,49,54,13,
486	2	14	2.243	2,58,96,59,28,64,17,97,39,45,21,41,63,37,56,53,42,14,
486	2	15	1.933	2,58,96,59,28,64,17,97,44,83,47,52,22,32,95,15,
486	3	4	1.901	3,50,59,96,28,64,83,44,97,17,86,20,84,98,79,4,
486	3	5	2.011	3,50,96,59,28,64,17,43,97,39,45,21,74,61,90,5,
486	3	6	2.003	3,50,59,86,17,97,39,45,21,55,66,78,51,48,6,
486	3	7	2.109	3,50,96,59,28,64,17,97,43,74,78,51,48,27,38,7,
486	3	8	2.182	3,50,59,28,64,17,97,39,45,21,55,66,99,29,57,76,85,8,
486	3	9	2.354	3,50,59,86,17,97,39,45,21,41,63,37,56,25,94,46,29,57,76,87,9,
486	3	10	2.261	3,50,59,28,64,17,97,39,45,21,55,41,63,37,56,25,93,77,65,34,24,10,
486	3	11	2.307	3,50,59,28,64,17,97,39,45,21,41,63,37,56,25,40,88,91,93,19,33,11,
486	3	12	2.355	3,50,59,28,64,17,97,39,45,21,41,63,37,56,25,40,75,36,49,54,69,12,
486	3	13	2.182	3,50,59,28,64,17,97,39,45,21,41,63,37,56,25,40,75,36,49,54,13,
486	3	14	2.313	3,50,96,59,28,64,17,43,97,39,45,21,41,63,37,56,72,53,42,14,
486	3	15	2.262	3,50,59,28,64,17,43,97,39,45,82,47,16,26,23,22,52,32,95,15,
486	4	5	2.132	4,98,84,20,86,17,43,97,39,45,21,74,61,90,5,
486	4	6	2.12	4,98,84,20,17,97,39,45,21,55,66,78,51,48,6,
486	4	7	2.227	4,98,84,20,17,97,39,45,21,74,78,51,48,38,7,
486	4	8	2.29	4,98,84,20,17,97,39,45,21,55,66,99,29,57,76,85,8,
486	4	9	2.264	4,98,84,20,17,97,39,45,21,55,66,99,29,57,76,87,9,
486	4	10	2.299	4,98,84,20,17,97,39,45,21,41,63,37,56,25,93,77,65,34,24,10,
486	4	11	2.293	4,98,84,20,17,97,39,45,21,41,63,37,56,25,91,88,19,33,11,
486	4	12	2.463	4,98,84,20,17,97,39,45,21,41,63,37,56,25,40,75,36,49,54,69,12,
486	4	13	2.26	4,98,84,20,17,97,39,45,21,41,63,37,72,53,75,36,49,54,13,
486	4	14	2.432	4,98,84,20,17,43,97,39,45,21,55,41,63,37,56,72,53,42,14,
486	4	15	2.37	4,98,84,20,86,59,28,64,17,97,39,45,82,47,52,22,32,30,95,15,
486	5	6	2.376	5,90,20,17,43,97,39,45,21,55,66,78,51,48,6,
486	5	7	2.443	5,90,20,17,97,39,45,21,55,66,78,51,48,38,7,
486	5	8	2.403	5,90,61,78,66,41,63,37,56,25,94,46,29,76,85,8,
486	5	9	2.354	5,90,61,74,39,45,21,55,66,99,29,57,76,87,9,
486	5	10	2.438	5,90,61,78,66,55,41,63,37,56,25,40,88,91,93,77,65,34,24,10,
486	5	11	2.504	5,90,61,78,66,55,41,63,37,56,25,40,88,91,93,77,65,34,33,11,
486	5	12	2.536	5,90,61,78,66,41,63,37,56,25,91,88,40,75,67,36,49,54,69,12,
486	5	13	2.443	5,90,61,78,66,55,41,63,37,56,25,91,88,40,75,67,36,49,54,13,
486	5	14	2.65	5,70,98,84,20,86,59,96,28,64,44,83,47,52,22,32,30,62,42,14,
486	5	15	2.557	5,70,98,84,20,86,59,28,64,44,83,47,16,26,23,22,52,30,95,15,
486	6	7	2.516	6,27,38,48,51,61,78,66,99,29,57,76,73,80,31,7,
486	6	8	2.367	6,48,51,78,66,41,63,37,56,25,94,46,29,76,85,8,
486	6	9	2.341	6,48,51,78,66,41,63,37,56,25,94,46,29,76,87,9,
486	6	10	2.099	6,27,38,31,80,73,76,57,29,46,94,93,77,65,34,24,10,
486	6	11	2.517	6,27,38,31,80,73,76,57,29,46,94,93,91,40,88,19,77,65,34,33,11,
486	6	12	2.527	6,27,38,31,80,73,76,57,29,46,94,93,91,88,40,75,67,36,49,54,69,12,
486	6	13	2.354	6,27,38,31,80,73,76,57,29,46,94,93,91,88,40,75,67,36,49,54,13,
486	6	14	2.566	6,27,38,31,80,73,76,57,29,46,94,93,91,25,56,37,63,72,53,42,14,
486	6	15	2.538	6,27,48,51,78,66,55,21,39,45,82,47,16,26,22,52,32,95,15,
486	7	8	2.48	7,38,27,48,51,61,78,66,99,29,57,76,73,80,85,8,
486	7	9	2.394	7,31,80,73,76,57,29,46,94,93,19,77,65,34,68,24,9,
486	7	10	2.112	7,31,80,73,76,57,29,46,94,93,19,77,65,34,68,24,10,
486	7	11	2.334	7,31,80,73,76,57,29,46,94,25,63,37,56,40,88,19,33,11,
486	7	12	2.453	7,31,80,73,76,57,29,46,94,93,91,88,40,53,75,67,36,49,54,69,12,
486	7	13	2.401	7,31,80,73,57,29,46,94,93,88,91,25,56,37,63,72,53,75,36,49,54,13,
486	7	14	2.621	7,31,80,73,57,29,46,94,93,91,88,40,56,37,63,72,53,75,36,49,60,14,
486	7	15	2.576	7,31,80,73,57,29,46,94,93,91,88,40,25,56,37,63,72,53,42,71,15,
486	8	9	2.323	8,85,76,57,29,46,94,93,91,40,88,19,77,65,34,24,9,
486	8	10	2.041	8,85,76,57,29,46,94,93,91,40,88,19,77,65,34,24,10,
486	8	11	2.264	8,85,73,76,57,29,46,94,93,25,63,37,56,40,88,19,33,11,
486	8	12	2.246	8,85,87,76,57,29,46,94,93,91,88,40,75,67,36,49,54,69,12,
486	8	13	2.156	8,85,76,57,29,46,94,93,91,25,56,37,63,72,53,75,36,49,54,13,
486	8	14	2.48	8,85,76,57,29,46,94,93,91,88,40,25,56,37,63,72,53,75,36,49,60,14,
486	8	15	2.583	8,85,76,57,29,46,94,25,56,37,63,41,21,45,39,82,52,22,32,95,15,
486	9	10	1.98	9,87,76,57,29,46,94,93,91,88,19,77,65,34,68,24,10,
486	9	11	2.117	9,87,76,57,29,46,94,93,25,63,37,56,40,88,19,33,11,
486	9	12	2.03	9,87,76,57,29,46,94,93,91,88,40,75,36,49,54,69,12,
486	9	13	2.095	9,87,76,57,29,46,94,93,25,56,37,63,72,53,75,36,49,54,13,
486	9	14	2.342	9,87,76,57,29,46,94,93,91,25,56,37,63,72,53,75,36,49,60,14,
486	9	15	2.557	9,87,76,57,29,46,94,25,56,37,63,41,21,45,39,82,52,22,32,95,15,
486	10	11	2.022	10,24,34,65,77,94,93,25,63,37,56,40,91,88,19,33,11,
486	10	12	1.936	10,24,68,34,65,77,93,91,88,40,75,67,36,49,54,69,12,
486	10	13	1.993	10,24,34,65,77,93,91,88,40,56,37,63,72,53,75,36,49,54,13,
486	10	14	2.239	10,24,34,65,77,93,91,88,40,25,56,37,63,72,53,75,36,49,60,14,
486	10	15	2.385	10,24,34,65,77,93,25,56,37,63,41,21,45,39,82,52,22,32,95,15,
486	11	12	1.998	11,33,19,88,91,25,56,37,63,72,53,75,36,49,69,12,
486	11	13	1.868	11,33,19,88,40,56,37,63,72,53,75,36,49,54,13,
486	11	14	2.147	11,33,19,88,91,25,56,37,63,72,53,75,67,36,49,60,14,
486	11	15	2.347	11,33,19,88,91,25,56,37,63,41,21,45,39,82,52,32,95,15,
486	12	13	1.949	12,35,19,88,91,25,56,37,63,72,53,75,36,49,54,13,
486	12	14	2.144	12,69,54,49,36,75,40,88,91,25,56,37,63,72,53,42,14,
486	12	15	2.255	12,69,54,49,36,67,75,40,88,91,25,56,37,63,72,62,95,15,
486	13	14	1.999	13,54,49,36,67,75,40,91,25,56,37,63,72,53,42,14,
486	13	15	2.065	13,54,49,36,67,75,40,25,56,37,63,72,53,42,71,15,
486	14	15	2.294	14,60,49,36,67,75,40,88,91,25,56,37,63,72,62,95,15,
