176	0	1	1.828	0,26,49,80,64,85,75,98,60,73,56,68,52,54,1,
176	0	2	1.809	0,26,49,64,85,75,98,60,73,56,68,90,52,54,77,2,
176	0	3	1.872	0,26,49,80,64,85,75,98,60,73,88,38,65,71,50,27,3,
176	0	4	2.043	0,26,49,64,85,75,98,60,73,88,38,61,65,71,50,44,74,4,
176	0	5	2.261	0,26,49,80,64,85,75,98,60,73,88,67,89,55,57,53,23,42,5,
176	0	6	2.278	0,26,49,80,64,85,75,98,60,73,88,67,89,55,57,53,23,42,6,
176	0	7	2.431	0,26,49,80,64,85,75,98,60,73,88,83,67,89,55,69,70,93,92,7,
176	0	8	2.466	0,26,49,80,64,85,75,98,60,73,88,67,89,55,69,70,93,92,97,8,
176	0	9	2.511	0,26,49,80,64,85,75,98,60,73,88,67,89,22,39,79,86,33,20,9,
176	0	10	2.333	0,26,49,80,64,85,75,98,60,67,89,22,39,79,35,95,72,10,
176	0	11	2.192	0,26,49,80,56,73,60,98,75,87,63,36,66,41,84,59,45,11,
176	0	12	2.046	0,26,49,64,85,75,73,60,98,87,63,36,66,41,19,12,
176	0	13	2.114	0,26,49,64,85,75,73,60,98,87,63,18,36,66,48,13,
176	0	14	1.89	0,26,49,64,85,75,73,60,98,87,63,18,34,91,14,
176	0	15	1.902	0,26,49,64,56,61,38,88,73,60,98,75,85,47,15,
176	1	2	1.868	1,46,49,80,64,85,75,98,60,73,56,68,90,52,77,2,
176	1	3	1.857	1,54,77,52,90,16,58,50,71,44,17,40,74,31,27,3,
176	1	4	2.158	1,46,80,64,85,75,98,60,73,88,38,61,65,71,50,44,40,74,4,
176	1	5	2.361	1,46,49,80,64,85,75,98,73,60,67,89,55,57,53,23,42,5,
176	1	6	2.405	1,46,49,80,64,85,75,98,60,73,88,67,89,55,57,53,23,42,6,
176	1	7	2.489	1,54,52,90,16,58,50,71,65,61,38,88,67,89,55,69,70,93,92,7,
176	1	8	2.566	1,46,49,80,64,85,75,98,73,60,67,89,55,69,70,93,92,97,8,
176	1	9	2.598	1,46,26,49,80,64,85,75,98,60,73,88,67,89,22,28,24,20,9,
176	1	10	2.53	1,46,80,64,85,75,98,60,73,88,67,89,22,39,79,35,95,78,72,10,
176	1	11	2.405	1,46,49,80,64,85,75,73,60,98,87,63,36,66,41,84,37,76,11,
176	1	12	2.376	1,46,26,49,80,64,85,75,73,60,98,87,63,18,36,66,41,19,12,
176	1	13	2.318	1,46,26,49,80,64,85,75,73,60,98,87,62,36,66,48,13,
176	1	14	2.063	1,46,26,49,64,85,75,73,60,98,87,63,18,34,14,
176	1	15	2.034	1,54,77,52,90,68,94,61,38,88,60,98,75,85,47,15,
176	2	3	1.774	2,77,54,52,90,16,58,50,71,44,17,40,74,31,27,3,
176	2	4	1.664	2,77,54,52,90,16,58,27,31,50,71,44,17,40,74,4,
176	2	5	2.189	2,16,58,50,71,96,65,61,38,88,67,89,55,57,53,23,42,5,
176	2	6	2.319	2,77,52,90,16,58,50,71,65,61,38,83,67,89,55,57,53,23,6,
176	2	7	2.371	2,77,52,90,16,58,50,71,96,65,83,67,89,55,69,70,93,92,7,
176	2	8	2.481	2,16,58,50,71,96,65,61,38,83,67,89,55,69,70,93,21,82,97,8,
176	2	9	2.539	2,77,52,90,16,58,50,71,65,61,38,88,67,89,22,39,79,35,86,33,9,
176	2	10	2.567	2,77,52,90,16,58,50,71,65,61,38,83,67,89,22,39,79,35,51,95,72,10,
176	2	11	2.399	2,77,54,52,90,68,56,73,60,98,75,87,63,36,66,41,84,59,45,11,
176	2	12	2.366	2,16,58,50,71,65,61,38,88,73,60,98,75,87,63,36,66,41,19,12,
176	2	13	2.309	2,77,52,90,16,58,50,71,65,61,38,88,73,60,98,75,87,63,18,48,13,
176	2	14	2.068	2,77,54,52,90,68,56,73,60,98,75,87,63,18,34,91,14,
176	2	15	2.032	2,16,58,50,71,44,96,65,38,88,73,60,98,75,85,47,15,
176	3	4	1.93	3,31,27,58,16,90,52,68,94,50,71,44,17,40,74,4,
176	3	5	2.038	3,27,50,71,65,61,38,88,67,89,55,57,53,23,42,5,
176	3	6	2.055	3,27,50,71,65,61,38,88,67,89,55,57,53,23,42,6,
176	3	7	2.21	3,27,31,50,71,96,65,61,38,83,67,89,55,69,70,93,92,7,
176	3	8	2.341	3,27,31,50,71,96,65,61,38,88,67,89,55,69,70,93,92,97,8,
176	3	9	2.389	3,27,31,50,71,65,61,38,83,67,89,22,39,79,35,86,33,20,9,
176	3	10	2.428	3,27,31,50,71,65,38,61,88,67,89,22,39,79,86,35,51,95,78,72,10,
176	3	11	2.417	3,27,50,71,65,61,38,88,73,60,98,87,63,36,66,41,19,59,45,11,
176	3	12	2.48	3,27,31,44,50,71,96,65,61,38,88,73,60,98,75,87,63,36,66,41,19,12,
176	3	13	2.425	3,27,31,50,71,96,65,61,38,83,89,67,88,73,60,98,75,87,63,18,48,13,
176	3	14	2.252	3,27,31,44,50,71,65,61,38,88,73,60,98,75,87,63,18,34,91,14,
176	3	15	1.977	3,27,31,44,50,71,96,65,61,38,88,73,60,98,75,85,47,15,
176	4	5	2.136	4,74,44,50,71,96,83,67,89,55,57,53,23,42,5,
176	4	6	2.153	4,74,44,50,71,96,83,67,89,55,57,53,23,42,6,
176	4	7	2.171	4,31,27,50,71,96,83,67,89,55,69,70,93,92,7,
176	4	8	2.247	4,74,40,44,96,83,67,89,55,69,70,93,92,97,8,
176	4	9	2.557	4,74,40,17,44,50,71,65,61,38,83,67,89,22,39,79,35,86,33,9,
176	4	10	2.598	4,74,40,17,44,50,71,65,38,61,88,67,89,22,39,79,35,86,33,78,72,10,
176	4	11	2.588	4,74,40,44,96,65,38,88,73,60,98,75,87,63,36,66,41,84,59,45,11,
176	4	12	2.444	4,74,40,44,50,71,65,61,38,88,73,60,98,75,87,63,36,66,41,12,
176	4	13	2.493	4,74,40,17,44,31,27,50,71,65,61,38,88,73,60,98,75,87,63,18,48,13,
176	4	14	2.468	4,74,40,44,50,71,65,61,38,88,73,60,98,75,85,87,63,18,34,91,14,
176	4	15	2.244	4,31,27,50,71,65,61,38,83,89,67,88,73,60,98,75,85,47,15,
176	5	6	2.374	5,40,74,44,50,71,65,61,38,83,55,57,53,23,42,6,
176	5	7	2.406	5,40,74,44,50,71,65,61,38,83,55,69,70,93,92,7,
176	5	8	2.271	5,42,23,53,70,93,21,30,28,24,86,33,20,82,97,8,
176	5	9	2.517	5,42,23,53,70,93,21,82,30,28,24,39,79,86,35,51,95,72,78,9,
176	5	10	2.543	5,42,23,53,57,69,70,93,21,82,30,28,24,39,79,86,35,51,95,72,10,
176	5	11	2.462	5,42,23,53,70,93,21,30,28,24,33,86,35,51,81,76,37,84,59,45,11,
176	5	12	2.436	5,42,23,53,70,93,21,30,28,24,86,35,51,81,76,37,84,45,59,19,12,
176	5	13	2.572	5,40,74,31,27,50,71,96,65,61,38,88,73,60,98,75,87,63,18,48,13,
176	5	14	2.607	5,40,74,31,27,50,71,65,61,38,88,73,60,98,75,87,63,18,34,91,14,
176	5	15	2.332	5,40,74,31,27,50,71,96,65,61,38,88,73,60,98,75,85,47,15,
176	6	7	2.456	6,42,23,53,70,93,21,30,28,24,86,33,20,82,97,7,
176	6	8	2.288	6,42,23,53,70,93,21,30,28,24,86,33,20,82,97,8,
176	6	9	2.158	6,42,23,53,70,93,21,82,30,28,24,86,35,33,20,9,
176	6	10	2.411	6,42,23,53,70,93,21,82,30,28,24,20,33,86,35,51,95,78,72,10,
176	6	11	2.567	6,42,23,53,70,93,21,82,30,28,24,33,86,35,51,81,76,37,84,59,45,11,
176	6	12	2.396	6,43,92,21,82,30,28,24,33,86,35,95,51,81,76,37,84,59,19,12,
176	6	13	2.551	6,43,92,21,82,30,28,24,86,35,51,81,76,37,84,41,66,36,48,13,
176	6	14	2.595	6,42,23,53,57,55,89,67,83,88,73,60,98,87,63,18,34,91,14,
176	6	15	2.506	6,42,23,53,57,55,89,67,83,65,61,38,88,73,60,98,75,85,47,15,
176	7	8	2.191	7,43,92,21,30,28,39,79,35,86,33,24,20,82,97,8,
176	7	9	2.046	7,92,21,82,30,28,24,86,35,51,95,72,78,33,20,9,
176	7	10	1.846	7,92,21,82,30,28,24,20,33,86,35,51,95,78,72,10,
176	7	11	2.509	7,92,97,82,21,30,28,24,39,79,35,86,33,95,51,81,76,37,84,59,45,11,
176	7	12	2.294	7,92,21,30,28,24,33,86,35,95,51,81,76,37,84,45,59,19,41,12,
176	7	13	2.408	7,92,21,30,28,24,86,35,51,81,76,37,84,45,59,19,41,66,36,48,13,
176	7	14	2.513	7,92,21,30,28,24,86,35,51,81,76,37,84,41,66,36,18,34,91,14,
176	7	15	2.538	7,92,93,70,69,55,89,67,83,65,61,38,88,73,60,98,75,85,47,15,
176	8	9	1.915	8,97,82,21,30,28,24,39,79,86,35,51,95,33,20,9,
176	8	10	1.754	8,97,82,21,30,28,24,33,86,35,79,39,51,95,78,72,10,
176	8	11	1.735	8,97,82,21,30,28,24,86,35,51,81,76,37,84,59,45,11,
176	8	12	2.107	8,97,82,21,30,28,24,33,86,35,51,81,76,37,84,45,59,19,41,12,
176	8	13	2.182	8,97,82,30,28,24,33,86,35,51,81,76,37,84,41,66,36,48,13,
176	8	14	2.314	8,82,30,28,24,86,35,51,81,76,37,84,41,66,36,18,34,91,14,
176	8	15	2.538	8,97,82,21,93,70,69,55,89,67,83,88,73,60,98,75,85,47,15,
176	9	10	2.082	9,20,24,28,30,29,22,39,79,35,86,33,95,78,72,10,
176	9	11	1.81	9,20,33,24,39,79,86,35,95,51,81,76,37,84,59,45,11,
176	9	12	2.174	9,20,24,28,39,79,86,33,78,72,95,51,81,76,37,84,45,59,19,12,
176	9	13	2.187	9,20,24,33,86,35,95,51,81,76,37,84,45,59,19,41,66,36,48,13,
176	9	14	2.238	9,20,33,86,35,51,81,76,37,84,45,59,19,41,66,36,18,34,91,14,
176	9	15	2.563	9,33,86,35,79,39,22,29,55,89,67,88,73,60,98,75,85,47,15,
176	10	11	1.724	10,72,78,33,20,24,86,35,95,51,81,76,37,84,59,45,11,
176	10	12	1.792	10,72,78,33,20,24,86,35,95,51,81,76,37,84,59,45,12,
176	10	13	1.677	10,72,78,95,51,81,76,37,84,45,59,19,41,66,36,48,13,
176	10	14	2.084	10,72,78,95,51,81,99,76,37,84,45,59,19,41,66,36,18,34,91,14,
176	10	15	2.358	10,72,78,95,51,81,76,37,84,45,59,19,41,66,36,63,87,47,15,
176	11	12	2.08	11,45,59,84,37,76,81,51,95,33,86,79,39,32,41,19,12,
176	11	13	1.853	11,99,76,37,84,45,59,19,41,66,36,62,63,18,34,48,13,
176	11	14	1.804	11,99,76,37,84,45,59,19,41,66,36,62,63,18,34,91,14,
176	11	15	2.383	11,99,76,37,45,59,84,41,66,36,63,87,98,60,73,75,85,47,15,
176	12	13	1.968	12,19,59,45,76,37,84,41,66,36,62,87,63,18,34,13,
176	12	14	2.013	12,19,41,84,59,45,76,37,32,62,66,36,63,18,34,91,14,
176	12	15	2.278	12,19,41,32,62,66,36,63,87,98,60,73,75,85,47,15,
176	13	14	2.084	13,48,36,66,41,19,59,45,84,37,32,62,63,18,34,91,14,
176	13	15	2.216	13,48,18,63,87,75,98,60,73,56,80,49,26,47,15,
176	14	15	2.27	14,34,18,63,87,98,60,73,75,85,64,80,49,26,0,15,
