2	0	1	1.927	0,25,56,72,83,82,45,31,79,98,69,54,96,29,78,1,
2	0	2	2.031	0,82,25,56,72,83,52,79,69,98,31,54,96,29,78,2,
2	0	3	2.106	0,25,82,45,54,31,79,98,69,84,85,26,67,24,63,3,
2	0	4	2.316	0,25,56,72,83,82,45,96,54,31,98,69,84,85,26,67,24,21,4,
2	0	5	2.497	0,25,56,72,83,45,96,54,31,98,69,84,85,34,47,94,92,57,88,5,
2	0	6	2.56	0,25,56,72,83,45,96,54,31,98,69,84,85,34,47,94,92,57,88,49,6,
2	0	7	2.468	0,45,54,98,79,44,95,28,73,35,48,58,19,43,74,71,68,18,7,
2	0	8	2.413	0,45,54,98,79,44,95,28,73,35,48,58,19,87,76,50,65,89,8,
2	0	9	2.35	0,45,54,98,79,44,95,28,73,35,48,58,19,87,81,76,50,65,89,90,9,
2	0	10	2.382	0,45,54,31,98,79,44,95,28,73,35,48,58,19,87,81,77,36,91,10,
2	0	11	2.339	0,45,31,79,44,95,28,73,35,48,19,87,81,77,23,62,93,11,
2	0	12	2.57	0,45,54,31,98,79,44,95,28,73,35,48,58,30,16,51,75,42,12,
2	0	13	2.28	0,25,56,72,83,82,45,96,54,31,79,40,70,32,37,13,
2	0	14	2.414	0,25,56,72,83,82,45,96,54,31,79,99,53,40,70,14,
2	0	15	2.372	0,1,78,29,96,45,54,31,98,69,79,52,83,25,72,56,15,
2	1	2	2.077	1,78,29,96,54,31,79,98,69,84,26,67,24,63,33,2,
2	1	3	1.915	1,78,29,96,54,31,79,98,69,84,85,26,67,24,63,3,
2	1	4	1.916	1,78,29,96,54,31,98,69,84,85,26,63,24,67,80,4,
2	1	5	2.02	1,78,29,96,54,31,98,69,66,97,60,94,92,57,88,5,
2	1	6	2.322	1,78,29,96,54,31,79,98,69,84,85,34,47,94,92,86,57,88,49,6,
2	1	7	2.39	1,78,29,96,54,31,98,79,44,95,28,73,35,48,43,74,71,68,18,7,
2	1	8	2.349	1,78,29,96,54,31,79,44,95,28,73,35,48,19,87,76,50,65,8,
2	1	9	2.261	1,78,29,96,54,98,79,44,95,28,73,35,48,19,87,76,50,65,89,90,9,
2	1	10	2.242	1,78,29,96,54,98,79,44,95,28,73,35,48,19,87,81,22,36,91,10,
2	1	11	2.33	1,78,29,96,54,31,98,79,44,41,38,16,30,55,20,23,62,93,11,
2	1	12	2.368	1,78,29,96,54,31,79,98,69,66,44,41,38,16,51,75,42,12,
2	1	13	2.344	1,78,29,96,54,31,98,79,44,41,38,39,53,99,40,70,32,13,
2	1	14	2.287	1,78,29,96,45,54,31,98,79,52,83,82,25,72,56,15,14,
2	1	15	2.165	1,78,29,96,54,98,79,31,45,82,25,56,72,83,52,15,
2	2	3	2.036	2,78,29,96,54,31,79,98,69,84,85,26,67,24,63,3,
2	2	4	2.037	2,78,29,96,54,31,98,69,84,85,26,63,24,67,80,4,
2	2	5	2.141	2,78,29,96,54,31,98,69,66,97,60,94,92,57,88,5,
2	2	6	2.421	2,78,29,96,54,31,79,98,69,66,97,60,94,92,86,57,88,49,6,
2	2	7	2.448	2,33,26,85,84,66,44,95,28,73,35,48,19,43,74,71,68,18,7,
2	2	8	2.416	2,33,26,85,84,66,44,95,28,73,35,48,58,19,87,76,50,65,8,
2	2	9	2.257	2,33,26,84,66,44,95,28,73,35,48,19,87,76,50,65,89,90,9,
2	2	10	2.362	2,33,26,84,66,44,41,95,28,73,35,48,58,19,87,81,22,36,91,10,
2	2	11	2.413	2,33,26,84,66,44,95,28,73,35,48,19,87,81,77,23,62,93,11,
2	2	12	2.574	2,78,29,96,54,31,79,98,69,66,97,44,41,38,16,51,75,42,12,
2	2	13	2.524	2,78,29,96,54,31,98,79,44,41,38,39,53,99,40,70,32,37,13,
2	2	14	2.569	2,78,29,96,54,31,98,69,66,44,41,38,39,53,99,40,70,14,
2	2	15	2.292	2,33,63,24,67,26,85,84,69,98,54,96,45,82,25,72,56,15,
2	3	4	2.331	3,63,24,67,26,85,84,66,97,60,34,47,94,92,57,86,4,
2	3	5	2.099	3,21,80,67,24,63,26,84,85,34,47,94,92,86,57,88,5,
2	3	6	1.998	3,21,80,24,67,26,84,85,34,47,94,92,57,88,49,6,
2	3	7	2.341	3,63,26,84,66,44,95,28,73,35,48,19,43,74,71,68,18,7,
2	3	8	2.323	3,63,26,85,84,66,44,95,28,73,35,48,58,19,87,76,50,65,8,
2	3	9	2.164	3,63,26,84,66,44,95,28,73,35,48,19,87,76,50,65,89,90,9,
2	3	10	2.269	3,63,26,84,66,44,41,95,28,73,35,48,58,19,87,81,22,36,91,10,
2	3	11	2.382	3,63,26,85,84,66,44,95,28,73,35,48,58,19,87,81,77,23,62,93,11,
2	3	12	2.666	3,63,26,85,84,66,44,41,95,28,73,35,48,58,19,87,81,55,51,75,42,12,
2	3	13	2.475	3,21,24,67,26,85,84,66,44,41,38,39,53,99,40,70,32,37,13,
2	3	14	2.533	3,21,24,67,26,85,84,66,97,44,41,38,39,99,53,40,70,14,
2	3	15	2.153	3,63,24,67,26,85,84,69,98,31,54,96,45,82,25,72,56,15,
2	4	5	2.071	4,80,67,24,63,26,85,84,66,97,60,94,92,57,88,5,
2	4	6	1.972	4,21,80,24,67,26,84,85,34,47,94,92,57,88,49,6,
2	4	7	2.016	4,21,24,67,80,34,47,94,92,57,88,49,61,64,18,7,
2	4	8	2.342	4,80,34,60,97,44,95,28,73,35,48,58,19,87,76,50,65,8,
2	4	9	2.221	4,80,34,60,97,44,95,28,73,35,48,58,19,76,50,65,89,90,9,
2	4	10	2.299	4,80,34,60,97,66,44,95,28,73,35,48,58,19,87,81,22,36,91,10,
2	4	11	2.401	4,80,34,60,97,44,95,28,73,35,48,58,19,87,81,77,23,62,93,11,
2	4	12	2.634	4,21,24,67,26,85,84,66,44,95,28,73,35,48,58,30,16,51,75,42,12,
2	4	13	2.52	4,21,24,67,26,84,66,97,44,41,38,39,53,99,40,70,32,37,13,
2	4	14	2.621	4,21,80,24,67,26,85,84,66,97,44,41,38,39,53,99,40,70,14,
2	4	15	2.268	4,21,24,67,26,85,84,69,98,79,31,54,96,45,82,25,72,56,15,
2	5	6	2.201	5,86,80,24,67,26,84,85,34,47,94,92,57,88,49,6,
2	5	7	2.159	5,86,92,17,28,73,35,48,58,19,43,74,71,68,7,
2	5	8	2.123	5,88,57,92,17,28,73,35,48,58,19,76,50,65,8,
2	5	9	2.109	5,88,57,92,17,28,73,35,48,58,19,87,81,76,50,65,89,90,9,
2	5	10	2.265	5,88,57,92,94,60,97,44,95,28,73,35,48,19,87,81,22,36,91,10,
2	5	11	2.367	5,88,57,92,17,28,73,35,48,58,19,87,81,22,36,77,23,62,93,11,
2	5	12	2.568	5,88,57,92,94,60,97,66,44,95,28,73,48,35,59,16,51,75,42,12,
2	5	13	2.573	5,88,57,86,92,94,60,97,66,44,41,38,39,53,99,40,70,32,37,13,
2	5	14	2.676	5,88,57,86,92,94,47,34,60,97,66,44,41,38,39,53,99,40,70,14,
2	5	15	2.407	5,88,57,92,94,47,34,85,84,69,98,31,54,96,45,82,25,56,72,15,
2	6	7	2.06	6,49,61,64,71,74,43,19,87,81,76,27,68,18,7,
2	6	8	2.001	6,61,64,71,74,43,48,58,19,87,81,76,50,65,8,
2	6	9	1.859	6,49,61,64,71,74,43,19,58,81,87,76,50,89,90,9,
2	6	10	2.168	6,49,88,57,92,94,17,28,73,35,48,58,19,87,81,22,36,91,10,
2	6	11	2.271	6,49,61,64,71,74,43,19,58,81,87,76,22,36,91,77,23,62,93,11,
2	6	12	2.395	6,49,61,64,71,74,43,48,35,73,28,95,44,41,38,16,51,75,42,12,
2	6	13	2.441	6,61,64,71,74,43,48,35,73,28,95,41,38,39,53,99,40,70,32,13,
2	6	14	2.516	6,61,64,71,74,43,48,35,73,28,95,44,41,38,39,53,99,40,70,14,
2	6	15	2.449	6,49,88,57,92,94,47,34,85,84,69,98,31,54,96,45,82,25,72,56,15,
2	7	8	1.814	7,18,68,71,74,43,48,58,19,87,76,50,65,89,8,
2	7	9	1.651	7,18,68,71,74,43,19,58,81,87,76,50,65,89,90,9,
2	7	10	1.673	7,18,68,71,74,43,48,58,19,87,81,22,36,91,10,
2	7	11	2.053	7,18,68,71,74,43,19,58,81,87,76,22,36,91,77,23,62,93,11,
2	7	12	2.236	7,18,68,71,74,43,19,58,48,73,28,95,41,38,16,51,75,42,12,
2	7	13	2.288	7,18,68,71,74,43,48,35,73,28,95,41,38,39,53,99,40,70,32,13,
2	7	14	2.432	7,18,68,71,74,43,19,58,48,35,73,28,95,41,38,39,53,99,40,70,14,
2	7	15	2.441	7,18,68,71,74,43,48,35,73,28,95,44,41,38,39,53,40,52,15,
2	8	9	1.722	8,68,71,74,43,48,58,19,87,81,76,50,65,89,90,9,
2	8	10	1.75	8,89,65,50,76,81,87,19,58,30,55,20,77,36,91,10,
2	8	11	2.016	8,65,50,76,87,19,58,48,35,73,28,59,30,55,20,23,62,93,11,
2	8	12	2.15	8,89,65,50,76,87,19,58,48,35,73,28,95,38,16,51,75,42,12,
2	8	13	2.276	8,65,50,76,19,58,48,35,73,28,95,38,39,53,99,40,70,32,13,
2	8	14	2.352	8,65,50,76,87,19,58,48,35,73,28,95,41,38,39,53,99,40,70,14,
2	8	15	2.47	8,65,50,76,87,19,58,48,35,73,28,95,41,38,39,53,99,40,52,15,
2	9	10	1.615	9,90,89,65,50,76,81,87,19,58,30,55,20,77,36,10,
2	9	11	1.503	9,90,89,65,50,76,87,81,22,36,91,77,23,62,93,11,
2	9	12	1.797	9,90,89,65,50,76,19,58,48,35,59,16,51,75,42,12,
2	9	13	2.091	9,90,89,65,50,76,19,48,35,73,28,95,38,39,53,40,70,32,13,
2	9	14	2.126	9,90,89,65,50,76,87,19,48,35,73,28,95,38,39,53,40,70,14,
2	9	15	2.284	9,90,89,65,50,76,87,19,48,35,73,28,95,38,39,53,99,40,52,15,
2	10	11	1.63	10,91,36,22,76,81,87,19,58,30,55,20,23,62,93,11,
2	10	12	1.839	10,91,36,22,76,87,19,58,48,35,59,16,51,75,42,12,
2	10	13	2.068	10,91,36,22,81,87,19,48,35,59,38,39,53,99,40,70,32,13,
2	10	14	2.107	10,91,36,22,81,87,19,48,35,73,28,95,38,39,53,40,70,14,
2	10	15	2.313	10,91,36,22,81,87,19,58,48,35,73,28,95,38,39,53,99,40,52,15,
2	11	12	1.929	11,93,62,23,77,81,87,19,48,35,59,16,51,75,42,12,
2	11	13	1.969	11,93,62,23,77,20,55,30,16,39,53,99,40,70,32,37,13,
2	11	14	2.158	11,93,62,23,20,55,30,59,73,28,95,38,39,53,40,70,14,
2	11	15	2.061	11,93,62,23,20,55,30,16,39,53,99,40,52,83,72,56,15,
2	12	13	2.209	12,42,75,51,16,59,73,28,95,41,38,39,99,40,70,32,13,
2	12	14	2.243	12,42,75,51,16,59,73,28,95,41,38,39,53,99,40,70,14,
2	12	15	2.28	12,42,75,51,53,99,79,98,31,54,96,45,82,25,56,15,
2	13	14	2.582	13,37,32,70,40,79,98,31,54,96,45,82,25,56,72,15,14,
2	13	15	2.172	13,37,32,70,40,79,98,31,54,96,45,82,25,72,56,15,
2	14	15	2.396	14,32,70,40,99,79,98,31,54,96,45,82,25,56,72,15,
