219	0	1	2.237	0,18,77,23,27,88,90,72,86,38,61,37,68,78,51,1,
219	0	2	2.287	0,16,78,79,50,68,37,23,27,88,90,61,83,75,66,36,2,
219	0	3	2.379	0,41,77,18,23,68,37,50,78,79,51,36,75,66,30,55,3,
219	0	4	2.616	0,16,78,79,50,68,18,77,23,37,83,75,36,66,30,39,55,19,21,4,
219	0	5	2.659	0,16,78,79,50,68,37,61,90,88,72,86,38,35,80,32,31,95,5,
219	0	6	2.733	0,16,78,79,50,68,37,61,90,72,86,38,35,80,32,31,93,84,6,
219	0	7	2.56	0,18,77,23,27,88,90,72,86,38,80,42,70,96,91,94,82,76,7,
219	0	8	2.464	0,18,77,23,27,88,90,72,86,38,35,80,42,70,96,91,94,82,87,8,
219	0	9	2.532	0,18,77,23,27,88,90,72,86,38,35,80,70,96,94,82,87,64,9,
219	0	10	2.545	0,18,77,23,27,88,90,72,86,56,25,74,99,28,26,22,48,65,10,
219	0	11	2.337	0,18,77,23,27,88,90,72,86,56,25,74,99,28,26,22,48,62,65,11,
219	0	12	2.252	0,18,77,23,27,88,90,72,86,56,25,74,99,28,34,89,85,12,
219	0	13	1.975	0,16,78,79,50,68,37,23,18,77,20,98,24,52,67,44,13,
219	0	14	2.251	0,16,78,79,50,68,23,77,20,33,63,92,67,44,52,24,14,
219	0	15	2.113	0,16,51,79,78,50,68,37,23,18,77,20,98,97,29,15,
219	1	2	2.04	1,51,78,79,50,68,18,77,23,37,83,39,30,66,36,2,
219	1	3	1.923	1,51,16,78,79,50,83,75,36,66,30,39,55,19,21,3,
219	1	4	1.833	1,51,16,78,79,50,83,75,36,66,30,39,55,19,21,4,
219	1	5	2.054	1,51,79,78,50,83,75,36,66,30,39,55,19,21,95,5,
219	1	6	2.556	1,51,79,78,50,68,37,61,90,72,86,38,35,80,32,31,93,84,6,
219	1	7	2.589	1,51,79,78,50,68,37,23,27,88,90,72,86,38,35,80,42,54,71,7,
219	1	8	2.4	1,51,79,78,50,68,37,61,90,72,86,38,35,80,70,96,94,82,87,8,
219	1	9	2.497	1,51,79,78,50,37,61,90,72,86,38,80,42,70,96,94,82,87,64,9,
219	1	10	2.495	1,51,79,78,50,68,37,61,90,88,72,86,56,25,74,99,46,53,17,10,
219	1	11	2.295	1,51,79,78,50,68,37,61,90,72,86,56,25,74,99,28,26,22,48,65,11,
219	1	12	2.187	1,51,79,78,50,68,37,23,18,77,20,98,24,52,67,44,40,89,85,12,
219	1	13	2.135	1,51,16,78,79,50,68,37,23,18,77,20,33,63,92,67,24,52,44,13,
219	1	14	2.16	1,51,79,78,50,68,37,23,18,77,20,33,58,92,63,98,14,
219	1	15	1.945	1,51,79,78,50,68,37,23,18,77,20,98,97,29,41,15,
219	2	3	2.312	2,1,51,16,78,79,50,83,75,36,66,30,39,55,19,21,3,
219	2	4	2.111	2,51,16,78,79,50,83,75,36,66,30,39,55,19,21,4,
219	2	5	2.332	2,51,79,78,50,83,75,36,66,30,39,55,19,21,95,5,
219	2	6	2.512	2,36,66,75,83,61,90,88,72,86,38,35,80,42,93,84,6,
219	2	7	2.762	2,36,66,75,83,61,90,88,72,86,38,80,42,70,96,91,94,82,87,76,7,
219	2	8	2.593	2,36,66,75,83,61,90,88,72,86,38,35,80,42,70,96,91,94,82,87,8,
219	2	9	2.677	2,36,66,75,83,61,90,72,86,38,35,80,42,70,96,91,94,82,87,64,9,
219	2	10	2.668	2,36,75,83,61,88,90,72,86,38,35,56,25,74,99,46,53,73,17,10,
219	2	11	2.484	2,36,66,75,83,61,90,72,86,38,35,56,25,74,99,28,26,22,48,65,11,
219	2	12	2.545	2,36,75,83,61,90,72,86,38,35,56,25,74,99,28,26,34,89,85,12,
219	2	13	2.422	2,36,66,75,83,61,90,72,86,56,25,74,99,59,58,63,92,67,52,13,
219	2	14	2.384	2,36,75,66,30,55,39,83,50,79,78,68,37,23,18,77,20,97,14,
219	2	15	1.999	2,36,75,66,30,55,39,83,50,68,37,23,18,77,41,29,15,
219	3	4	2.426	3,55,30,66,75,36,51,16,78,79,50,83,39,19,21,4,
219	3	5	2.381	3,21,19,55,39,30,66,36,75,83,45,32,31,93,95,5,
219	3	6	2.605	3,55,30,66,75,83,61,90,72,86,38,35,80,42,93,84,6,
219	3	7	2.621	3,55,39,30,66,75,83,61,90,72,86,38,35,80,42,54,71,7,
219	3	8	2.565	3,30,66,75,83,61,90,72,86,38,35,80,42,70,96,94,82,87,8,
219	3	9	2.669	3,55,39,83,61,90,72,86,38,80,42,70,96,91,94,82,87,64,9,
219	3	10	2.696	3,55,39,30,66,75,83,61,90,72,86,56,25,74,99,46,53,73,17,10,
219	3	11	2.481	3,30,66,75,83,61,90,72,86,56,25,74,99,28,26,22,48,62,65,11,
219	3	12	2.617	3,55,39,30,66,75,83,61,90,88,72,86,56,25,74,99,28,34,89,85,12,
219	3	13	2.523	3,55,39,30,66,36,75,83,50,68,37,23,18,77,20,98,24,52,67,44,13,
219	3	14	2.575	3,19,55,39,30,66,75,36,51,79,78,50,68,37,23,18,77,20,97,14,
219	3	15	2.313	3,19,55,39,30,66,75,36,79,78,50,68,37,23,77,18,41,29,15,
219	4	5	2.291	4,21,19,55,39,30,66,36,75,83,45,32,31,93,95,5,
219	4	6	2.27	4,21,19,55,39,30,66,36,75,83,45,32,31,93,84,6,
219	4	7	2.621	4,21,19,55,30,39,45,32,31,42,70,96,91,94,82,87,76,7,
219	4	8	2.476	4,21,19,55,30,39,45,32,31,42,70,96,91,94,82,87,76,8,
219	4	9	2.825	4,21,19,55,39,83,61,90,72,86,38,80,70,96,91,94,82,87,64,9,
219	4	10	2.739	4,21,19,55,39,30,66,75,83,61,90,72,86,56,25,46,53,73,17,10,
219	4	11	2.564	4,21,19,31,32,80,38,86,72,56,25,74,99,28,26,22,48,65,11,
219	4	12	2.746	4,21,19,55,39,30,66,75,83,61,90,72,86,56,25,74,99,28,34,89,85,12,
219	4	13	2.55	4,21,19,45,38,86,72,56,25,74,99,59,58,63,92,67,24,52,44,13,
219	4	14	2.451	4,21,19,55,39,30,66,36,79,78,50,68,37,23,18,77,20,97,14,
219	4	15	2.389	4,21,19,55,39,30,66,75,83,50,79,78,68,37,23,77,18,41,29,15,
219	5	6	2.552	5,95,21,19,55,30,66,36,75,39,45,32,31,93,84,6,
219	5	7	2.636	5,95,31,32,80,38,86,35,70,96,94,82,87,76,7,
219	5	8	2.444	5,95,84,93,31,32,80,42,70,96,91,94,82,87,76,8,
219	5	9	2.733	5,95,31,32,80,35,38,86,72,56,25,74,99,46,53,73,17,9,
219	5	10	2.69	5,95,31,32,80,38,86,72,56,25,74,99,28,26,22,48,65,10,
219	5	11	2.494	5,95,31,32,80,35,38,86,72,56,25,74,99,28,26,22,48,65,11,
219	5	12	2.745	5,95,31,32,80,38,86,72,56,25,74,99,28,26,62,48,65,22,47,81,85,12,
219	5	13	2.67	5,95,31,32,80,35,38,86,72,56,25,74,99,59,58,63,92,67,52,44,13,
219	5	14	2.667	5,95,31,32,80,35,56,25,74,99,28,34,89,40,44,67,52,24,14,
219	5	15	2.486	5,95,31,32,80,35,38,86,72,90,61,37,68,23,77,41,29,15,
219	6	7	2.672	6,71,54,42,80,38,86,35,70,96,91,94,82,87,76,7,
219	6	8	2.535	6,84,93,31,32,80,38,86,35,70,96,94,82,87,8,
219	6	9	2.533	6,84,93,42,80,35,38,86,72,56,25,46,53,73,9,
219	6	10	2.635	6,71,54,42,80,35,38,86,72,56,25,74,99,46,53,73,17,10,
219	6	11	2.442	6,84,93,42,80,35,56,25,74,99,28,26,57,43,62,48,22,65,11,
219	6	12	2.621	6,84,93,42,80,35,56,25,74,99,28,26,57,43,62,48,22,47,81,85,12,
219	6	13	2.686	6,84,93,42,80,35,38,86,72,56,25,74,99,59,58,92,63,67,52,44,13,
219	6	14	2.817	6,71,54,42,80,35,38,86,72,56,25,74,99,59,58,63,92,67,52,24,14,
219	6	15	2.623	6,84,93,42,80,35,38,86,72,88,90,61,37,68,23,18,77,41,29,15,
219	7	8	2.611	7,71,54,42,80,35,56,25,74,99,46,53,60,69,87,8,
219	7	9	2.525	7,91,94,96,70,42,80,35,56,25,74,99,46,53,73,9,
219	7	10	2.442	7,71,54,42,80,35,38,86,72,56,25,46,53,73,17,10,
219	7	11	2.395	7,71,54,42,80,35,56,25,74,99,28,26,57,43,62,48,22,65,11,
219	7	12	2.57	7,76,87,69,60,53,46,25,74,99,28,26,57,43,62,48,22,47,81,85,12,
219	7	13	2.57	7,71,54,42,80,35,38,86,72,56,25,74,99,59,58,63,92,67,52,13,
219	7	14	2.66	7,76,82,87,60,69,73,17,53,46,57,26,28,34,89,40,44,67,52,24,14,
219	7	15	2.514	7,91,94,96,70,42,80,35,38,86,72,90,88,27,23,18,77,41,29,15,
219	8	9	2.345	8,87,82,94,91,96,70,42,80,35,56,25,46,53,73,9,
219	8	10	2.23	8,76,82,60,69,73,17,53,46,57,26,22,48,65,62,43,10,
219	8	11	1.983	8,76,82,87,60,69,73,17,53,46,57,26,62,48,22,65,11,
219	8	12	2.38	8,87,69,60,53,46,25,56,74,99,28,26,57,43,62,48,22,47,81,85,12,
219	8	13	2.374	8,76,82,87,60,69,73,17,53,46,57,26,28,34,89,40,44,52,67,24,13,
219	8	14	2.57	8,87,82,94,91,96,70,42,80,38,86,72,90,88,27,23,18,77,20,97,14,
219	8	15	2.413	8,87,82,94,96,70,42,80,35,38,86,72,90,88,27,23,77,41,29,15,
219	9	10	2.143	9,17,73,53,46,25,74,99,28,26,22,48,65,62,43,10,
219	9	11	1.94	9,17,73,53,46,57,26,28,34,89,85,81,47,22,65,11,
219	9	12	2.115	9,17,73,53,46,25,56,74,99,28,26,22,48,65,47,81,85,12,
219	9	13	2.326	9,17,73,53,46,25,56,74,99,57,26,28,34,89,40,44,52,67,24,13,
219	9	14	2.484	9,17,73,53,46,25,56,74,99,57,26,28,34,89,40,44,52,67,24,14,
219	9	15	2.474	9,64,87,82,94,91,96,70,80,38,86,72,90,88,27,23,18,41,29,15,
219	10	11	1.835	10,17,53,46,57,26,28,34,89,85,81,47,22,48,65,11,
219	10	12	2.024	10,17,73,53,46,25,56,74,99,28,26,22,48,65,47,81,85,12,
219	10	13	2.014	10,17,73,53,46,25,74,99,28,26,34,89,40,44,67,52,13,
219	10	14	2.239	10,43,62,48,65,22,47,81,85,89,34,40,44,52,24,67,92,63,98,14,
219	10	15	2.403	10,17,73,53,46,99,74,25,56,86,72,90,88,27,23,77,41,29,15,
219	11	12	1.713	11,65,22,48,62,43,53,46,57,26,28,34,89,81,85,12,
219	11	13	1.494	11,65,22,48,62,43,26,28,34,89,40,44,67,24,52,13,
219	11	14	1.853	11,65,22,48,62,43,57,26,28,34,89,40,44,52,67,24,98,14,
219	11	15	2.11	11,65,22,48,62,43,57,26,28,34,89,40,44,52,67,24,98,97,29,15,
219	12	13	1.591	12,85,81,47,65,48,22,26,28,34,89,40,44,67,52,13,
219	12	14	1.773	12,85,81,47,22,48,62,26,28,34,89,40,44,67,52,24,14,
219	12	15	1.925	12,85,89,40,44,52,24,67,92,63,33,20,77,18,41,29,15,
219	13	14	1.926	13,24,52,67,44,40,89,34,28,99,74,59,58,33,98,14,
219	13	15	1.896	13,44,52,24,67,92,63,98,20,77,23,68,18,41,29,15,
219	14	15	2.052	14,24,52,44,67,63,92,58,49,27,23,18,77,41,29,15,
