286	0	1	2.395	0,43,64,53,55,86,24,41,89,73,49,88,35,87,22,1,
286	0	2	2.312	0,43,98,64,53,55,89,73,27,23,79,30,25,50,2,
286	0	3	2.024	0,43,98,64,53,55,89,73,27,23,79,30,25,50,3,
286	0	4	2.438	0,43,98,64,53,55,89,73,27,23,60,79,71,30,25,50,92,4,
286	0	5	2.485	0,43,98,64,53,55,41,24,67,57,78,20,85,27,23,63,33,59,74,5,
286	0	6	2.495	0,43,98,64,53,55,41,67,57,78,20,85,23,63,33,95,66,97,84,6,
286	0	7	2.721	0,43,98,64,53,80,81,94,16,99,29,45,93,75,76,17,70,77,83,7,
286	0	8	2.634	0,43,98,64,53,80,81,94,16,21,40,99,29,45,93,75,76,17,70,77,8,
286	0	9	2.664	0,43,98,64,53,80,81,94,16,99,61,31,36,44,42,54,29,45,93,46,9,
286	0	10	2.477	0,43,98,64,53,80,81,94,16,21,40,99,61,31,36,44,42,54,26,19,96,10,
286	0	11	2.313	0,43,98,64,53,80,81,94,16,21,40,99,61,31,36,44,42,54,26,11,
286	0	12	2.272	0,43,64,53,80,81,94,16,21,40,99,61,31,36,44,37,69,52,82,12,
286	0	13	2.304	0,43,64,53,80,81,94,16,99,61,31,36,37,69,39,13,
286	0	14	2.449	0,43,64,53,98,35,87,88,55,86,81,32,47,68,14,
286	0	15	2.459	0,43,64,53,98,35,87,88,55,86,81,32,68,65,15,
286	1	2	2.292	1,22,87,35,88,49,73,27,23,79,71,30,25,50,2,
286	1	3	2.004	1,22,87,35,88,49,73,27,23,79,71,30,25,50,3,
286	1	4	2.306	1,22,87,35,88,55,89,73,27,23,60,63,33,59,28,91,4,
286	1	5	2.369	1,35,87,88,55,41,67,57,78,20,85,27,23,63,33,59,74,5,
286	1	6	2.363	1,22,87,35,88,55,89,73,71,79,23,63,33,95,66,97,84,6,
286	1	7	2.725	1,22,51,87,35,88,55,89,73,27,23,60,63,33,95,66,97,84,83,7,
286	1	8	2.67	1,22,87,35,88,55,41,24,94,16,99,29,45,93,75,76,17,70,77,8,
286	1	9	2.6	1,22,87,35,88,55,41,24,94,16,21,40,99,29,45,93,46,56,48,9,
286	1	10	2.571	1,35,87,88,55,41,24,94,16,21,40,99,61,31,36,44,42,54,26,19,96,10,
286	1	11	2.407	1,35,87,88,55,41,24,94,16,21,40,99,61,31,36,44,42,54,26,11,
286	1	12	2.327	1,35,87,88,55,41,24,94,16,99,61,31,36,44,37,69,52,82,12,
286	1	13	2.536	1,35,88,55,86,81,94,16,99,61,31,36,44,37,69,39,38,13,
286	1	14	2.695	1,22,87,35,88,55,41,24,94,16,99,61,31,36,58,72,14,
286	1	15	2.293	1,22,51,87,35,88,98,43,64,53,80,47,32,68,65,15,
286	2	3	1.995	2,51,87,35,88,49,73,27,23,79,71,30,25,50,3,
286	2	4	2.219	2,51,87,35,88,55,89,73,27,23,63,33,59,28,91,4,
286	2	5	2.261	2,51,87,35,88,55,89,73,27,23,60,63,33,59,28,91,5,
286	2	6	2.253	2,51,87,35,88,55,89,73,27,23,60,63,33,95,66,97,84,6,
286	2	7	2.621	2,51,87,35,88,55,89,73,27,23,60,63,33,59,66,97,84,83,7,
286	2	8	2.643	2,51,87,35,88,55,86,81,94,16,99,21,40,18,75,76,17,70,77,8,
286	2	9	2.591	2,51,87,35,88,55,41,24,94,16,21,40,99,29,45,93,46,56,48,9,
286	2	10	2.45	2,51,87,35,88,55,41,24,94,16,99,61,31,36,44,42,54,19,96,10,
286	2	11	2.492	2,51,87,35,88,55,86,81,94,16,21,40,99,61,31,36,44,42,54,26,11,
286	2	12	2.36	2,51,87,35,88,55,86,81,94,16,99,61,31,36,44,37,69,82,12,
286	2	13	2.604	2,51,87,35,88,55,41,24,94,16,99,61,31,36,44,37,69,39,13,
286	2	14	2.803	2,50,25,30,71,79,23,27,85,20,78,57,67,24,86,81,47,68,14,
286	2	15	2.283	2,51,87,35,88,55,53,98,64,80,47,32,68,65,15,
286	3	4	1.884	3,50,25,30,71,79,23,60,63,33,59,74,28,91,4,
286	3	5	1.848	3,50,25,30,71,79,23,60,63,33,59,74,28,91,5,
286	3	6	2.023	3,50,25,30,71,79,23,27,85,20,78,57,95,66,97,84,6,
286	3	7	2.209	3,50,25,30,71,79,27,23,60,63,33,59,66,97,84,83,7,
286	3	8	2.372	3,50,25,30,71,79,23,85,20,78,57,34,90,18,75,76,17,70,77,8,
286	3	9	2.392	3,50,25,30,71,27,85,20,78,57,34,90,40,99,29,45,93,46,56,48,9,
286	3	10	2.34	3,50,25,30,71,27,85,20,78,57,34,90,21,99,61,31,44,42,54,19,96,10,
286	3	11	2.351	3,50,25,30,71,27,85,20,78,57,34,90,40,21,16,61,31,36,44,42,54,26,11,
286	3	12	2.249	3,50,25,30,71,27,85,20,78,57,34,90,40,99,61,31,36,37,69,52,82,12,
286	3	13	2.449	3,50,25,30,71,27,85,20,78,57,34,90,40,21,99,61,31,36,58,39,13,
286	3	14	2.519	3,50,25,30,71,79,23,27,85,20,78,57,67,24,86,80,47,68,14,
286	3	15	2.505	3,50,25,30,71,79,60,63,23,27,85,20,78,57,67,24,86,80,65,15,
286	4	5	1.989	4,92,50,25,30,71,79,23,60,63,33,59,74,28,5,
286	4	6	2.07	4,92,50,25,30,71,79,27,23,60,63,33,95,66,97,84,6,
286	4	7	2.44	4,91,28,59,33,63,60,23,27,85,20,78,57,95,66,97,84,7,
286	4	8	2.427	4,92,62,60,23,27,85,20,78,57,34,90,21,40,18,75,76,17,70,77,8,
286	4	9	2.385	4,92,62,60,63,23,27,85,20,78,57,34,90,40,21,99,29,45,93,46,9,
286	4	10	2.335	4,92,62,60,23,85,20,78,57,34,90,21,99,61,31,36,44,42,54,19,96,10,
286	4	11	2.332	4,92,62,60,23,27,85,20,78,57,34,90,40,21,99,61,31,36,44,42,54,26,11,
286	4	12	2.398	4,92,62,60,63,23,85,20,78,57,34,90,40,21,16,99,61,31,36,44,37,69,82,12,
286	4	13	2.449	4,92,62,60,23,85,20,78,57,34,90,40,21,99,61,31,36,58,39,38,13,
286	4	14	2.606	4,92,62,60,23,85,20,78,57,34,90,40,21,99,61,31,36,58,72,14,
286	4	15	2.571	4,92,62,60,63,23,27,85,20,78,57,67,24,86,81,32,47,68,65,15,
286	5	6	1.954	5,74,59,33,63,23,27,85,20,78,57,95,66,97,84,6,
286	5	7	2.183	5,74,59,33,63,23,27,85,20,78,57,95,66,97,84,7,
286	5	8	2.303	5,74,59,33,63,23,85,20,78,57,34,90,18,75,76,17,70,77,8,
286	5	9	2.257	5,74,59,33,63,23,85,20,78,57,34,90,40,29,45,93,46,9,
286	5	10	2.311	5,74,59,33,63,23,85,20,78,57,34,90,40,21,99,29,45,93,19,96,10,
286	5	11	2.271	5,74,59,33,63,23,85,20,78,57,34,90,40,99,61,31,44,42,54,26,11,
286	5	12	2.323	5,74,59,33,63,23,85,20,78,57,34,90,40,21,99,61,31,36,37,69,52,82,12,
286	5	13	2.489	5,74,59,33,63,23,85,20,78,57,34,90,40,21,99,61,31,36,58,39,13,
286	5	14	2.686	5,74,59,33,63,23,85,20,78,57,34,90,40,21,99,61,31,36,58,72,14,
286	5	15	2.681	5,74,59,33,63,60,23,27,85,20,78,57,67,24,86,81,32,47,68,65,15,
286	6	7	2.253	6,84,97,66,59,33,63,23,27,85,20,78,57,95,83,7,
286	6	8	2.159	6,84,97,66,95,85,20,78,57,34,18,75,76,17,70,77,8,
286	6	9	2.139	6,84,97,66,95,34,90,21,99,29,45,93,46,56,48,9,
286	6	10	2.023	6,84,97,66,95,34,90,40,21,99,29,45,93,46,96,10,
286	6	11	2.259	6,84,97,66,95,85,20,78,57,34,90,40,21,99,61,31,36,44,42,54,26,11,
286	6	12	2.339	6,84,97,66,95,85,20,78,57,34,90,40,21,16,99,61,31,36,37,69,52,82,12,
286	6	13	2.488	6,84,97,66,95,85,20,78,57,34,90,21,99,61,31,36,44,37,69,39,13,
286	6	14	2.683	6,84,97,66,95,33,63,23,27,85,20,78,57,67,24,86,81,32,47,68,14,
286	6	15	2.693	6,84,97,66,95,33,63,60,23,27,85,20,78,57,67,24,41,55,53,64,15,
286	7	8	2.238	7,83,77,70,17,76,75,18,40,21,99,29,45,93,56,48,8,
286	7	9	2.063	7,83,77,70,17,76,75,18,40,21,99,29,45,93,56,48,9,
286	7	10	1.942	7,83,70,17,76,75,93,45,29,31,44,42,54,19,96,10,
286	7	11	2.023	7,83,77,70,17,76,75,18,93,45,29,61,31,36,44,42,54,26,11,
286	7	12	2.158	7,83,77,70,17,76,75,18,93,45,29,99,61,31,36,44,37,69,52,82,12,
286	7	13	2.384	7,83,77,70,17,76,75,18,93,45,29,61,31,36,44,37,52,69,39,38,13,
286	7	14	2.611	7,83,77,70,17,76,75,18,93,45,29,54,42,44,37,69,39,58,72,14,
286	7	15	2.656	7,83,77,70,17,76,75,18,93,45,29,61,99,16,94,81,47,68,65,15,
286	8	9	1.914	8,77,70,17,76,75,18,40,21,99,29,45,93,46,56,48,9,
286	8	10	1.794	8,77,70,17,76,75,93,45,29,31,36,44,42,54,19,96,10,
286	8	11	1.776	8,77,70,17,76,75,18,93,45,29,61,31,44,42,54,26,11,
286	8	12	1.946	8,77,70,17,76,75,18,93,45,29,99,61,31,36,44,37,69,52,82,12,
286	8	13	2.217	8,77,70,17,76,75,18,93,45,29,54,42,44,31,36,37,69,39,38,13,
286	8	14	2.495	8,77,70,17,76,75,18,93,45,29,99,61,31,36,44,37,52,69,39,72,14,
286	8	15	2.634	8,77,70,17,76,75,93,45,29,31,36,44,37,69,39,58,32,47,68,65,15,
286	9	10	1.712	9,48,56,46,93,45,29,61,31,36,44,42,54,26,19,96,10,
286	9	11	1.743	9,48,56,46,93,45,29,40,21,99,61,31,44,42,54,26,11,
286	9	12	1.702	9,46,93,45,29,40,21,99,61,31,36,44,37,69,52,82,12,
286	9	13	2.082	9,48,56,46,93,45,29,40,21,99,61,31,36,44,37,69,39,38,13,
286	9	14	2.438	9,48,56,46,93,45,29,54,42,44,31,36,37,69,52,82,39,58,72,14,
286	9	15	2.611	9,48,56,46,93,45,29,54,42,44,36,31,61,99,16,94,81,32,68,65,15,
286	10	11	1.592	10,96,46,93,45,29,40,21,99,61,31,44,42,54,26,11,
286	10	12	1.544	10,96,46,93,45,29,54,42,44,31,36,37,69,52,82,12,
286	10	13	2.01	10,96,46,93,45,29,40,21,16,99,61,31,44,37,52,69,39,13,
286	10	14	2.228	10,96,19,26,54,42,44,36,31,61,99,40,21,16,94,81,32,72,14,
286	10	15	2.348	10,96,19,26,54,42,44,36,31,61,99,40,21,16,94,81,32,47,68,65,15,
286	11	12	1.625	11,26,54,42,44,31,61,99,40,21,16,36,37,69,82,12,
286	11	13	1.838	11,26,54,42,44,36,31,61,99,21,16,94,58,39,38,13,
286	11	14	2.094	11,26,54,42,44,31,61,99,40,21,16,94,81,32,47,68,14,
286	11	15	2.356	11,52,69,37,36,31,44,42,54,45,29,99,16,94,81,47,68,65,15,
286	12	13	1.797	12,82,52,69,37,44,42,54,29,61,31,36,58,39,38,13,
286	12	14	1.947	12,82,52,69,37,44,36,31,61,99,16,94,81,47,68,14,
286	12	15	1.95	12,82,69,37,44,36,31,61,99,16,94,81,47,68,65,15,
286	13	14	2.243	13,38,39,69,37,44,36,31,61,99,16,94,81,32,72,14,
286	13	15	2.221	13,39,69,37,44,36,31,61,99,16,94,81,47,68,65,15,
286	14	15	2.459	14,72,39,69,37,44,31,61,99,16,94,81,47,68,65,15,
