494	0	1	1.745	0,98,92,29,59,88,18,71,76,32,23,54,34,68,28,1,
494	0	2	1.913	0,98,92,29,88,59,71,76,32,23,54,34,30,25,48,2,
494	0	3	2.001	0,98,92,29,88,59,71,76,32,23,54,34,30,25,48,3,
494	0	4	2.25	0,98,76,71,59,88,18,17,37,99,78,21,44,77,53,86,97,4,
494	0	5	2.389	0,98,76,71,59,88,18,17,37,99,78,21,44,77,38,53,86,49,5,
494	0	6	2.412	0,98,76,71,59,88,18,37,99,78,33,50,19,66,36,95,31,26,6,
494	0	7	2.605	0,98,92,29,59,71,76,32,23,18,17,37,99,78,33,19,50,85,35,51,7,
494	0	8	2.488	0,98,59,88,16,74,73,93,84,41,75,39,45,40,47,27,58,69,67,8,
494	0	9	2.289	0,98,59,88,16,74,73,93,84,41,75,39,45,40,47,43,57,27,58,9,
494	0	10	2.198	0,98,76,71,59,88,16,74,73,93,84,41,75,39,45,40,47,43,65,55,10,
494	0	11	2.249	0,98,76,71,59,88,16,74,73,93,84,41,75,39,45,40,47,56,63,11,
494	0	12	2.338	0,98,92,29,59,71,76,32,23,18,88,16,74,73,93,84,41,12,
494	0	13	2.057	0,98,92,29,59,71,88,18,17,73,74,16,42,46,62,13,
494	0	14	1.946	0,98,76,71,59,29,88,18,17,73,74,16,42,89,14,
494	0	15	2.069	0,98,76,71,59,29,88,18,17,73,74,16,42,89,15,
494	1	2	1.973	1,28,68,34,54,23,32,76,71,59,29,88,18,20,30,2,
494	1	3	2.032	1,28,68,34,54,23,32,76,71,59,88,18,20,72,91,3,
494	1	4	2.081	1,28,68,34,30,25,72,91,38,77,53,87,86,97,49,4,
494	1	5	2.395	1,28,68,34,54,23,32,18,17,37,99,78,21,44,77,87,53,86,97,49,5,
494	1	6	2.418	1,28,68,34,54,23,32,18,17,37,99,78,33,50,19,66,36,95,31,26,6,
494	1	7	2.438	1,28,68,34,54,76,71,59,88,18,37,99,79,33,19,50,85,35,51,7,
494	1	8	2.519	1,28,68,34,54,76,71,59,88,18,17,37,99,78,19,50,61,52,8,
494	1	9	2.399	1,28,68,76,71,59,88,16,74,73,93,84,41,75,45,40,47,27,58,9,
494	1	10	2.219	1,28,68,76,71,59,88,16,74,93,84,41,75,45,40,47,43,65,55,10,
494	1	11	2.246	1,28,68,54,23,32,76,71,59,88,16,74,73,93,84,41,75,39,45,60,11,
494	1	12	2.338	1,28,68,34,54,23,32,76,71,59,29,88,42,16,74,73,93,84,41,12,
494	1	13	2.239	1,28,68,34,54,23,32,76,71,59,29,42,16,74,73,93,84,46,62,13,
494	1	14	1.832	1,28,68,34,54,23,32,76,71,59,29,89,46,96,94,14,
494	1	15	1.788	1,28,68,34,54,23,32,18,88,29,59,71,76,98,92,15,
494	2	3	2.286	2,68,34,54,23,32,18,17,37,99,78,21,44,72,91,3,
494	2	4	2.218	2,25,72,44,21,78,33,50,19,66,36,87,53,86,97,4,
494	2	5	2.471	2,48,25,72,44,21,78,79,22,33,50,19,66,36,95,31,26,5,
494	2	6	2.523	2,48,25,72,44,21,78,99,79,22,70,33,50,19,66,36,95,31,26,6,
494	2	7	2.62	2,30,34,54,23,32,76,71,88,18,37,99,79,33,19,50,85,35,51,7,
494	2	8	2.702	2,30,34,54,23,32,76,71,59,88,18,37,99,79,33,19,50,61,52,8,
494	2	9	2.577	2,30,34,54,23,32,18,17,73,93,84,41,75,39,45,40,47,27,58,9,
494	2	10	2.409	2,30,34,54,23,32,18,17,73,93,84,41,75,39,45,47,43,65,55,10,
494	2	11	2.363	2,30,34,54,76,71,59,88,16,74,73,93,84,41,75,45,60,11,
494	2	12	2.469	2,48,25,30,34,54,23,32,76,71,59,88,16,74,73,93,84,41,12,
494	2	13	2.435	2,30,34,54,23,32,76,71,59,29,88,18,17,73,74,16,42,46,62,13,
494	2	14	2.184	2,48,25,30,34,54,23,32,76,71,59,88,16,42,89,94,14,
494	2	15	2.246	2,48,25,30,34,68,54,23,32,76,71,59,88,29,92,98,15,
494	3	4	2.192	3,91,72,44,21,78,33,50,19,66,36,87,53,86,97,4,
494	3	5	2.237	3,91,72,44,21,78,33,50,19,66,36,87,53,86,49,5,
494	3	6	2.16	3,91,72,44,21,78,79,33,50,19,66,36,95,31,26,6,
494	3	7	2.382	3,91,38,77,44,21,78,79,33,50,19,66,36,95,83,51,7,
494	3	8	2.636	3,91,38,97,86,53,87,36,66,19,50,33,90,24,27,58,69,67,8,
494	3	9	2.565	3,91,38,77,44,21,78,79,22,70,80,40,47,43,65,55,57,27,58,9,
494	3	10	2.539	3,91,72,44,21,78,79,22,70,82,93,84,41,75,39,45,40,47,43,65,55,10,
494	3	11	2.649	3,91,72,44,21,78,33,19,50,90,24,80,40,47,43,57,55,65,64,63,11,
494	3	12	2.632	3,48,25,30,34,54,23,32,76,71,59,29,42,16,74,73,93,84,41,12,
494	3	13	2.665	3,48,25,30,34,54,23,32,76,71,59,29,42,16,74,73,93,84,46,62,13,
494	3	14	2.6	3,91,72,30,34,54,23,32,76,71,59,88,18,17,73,74,16,42,89,14,
494	3	15	2.214	3,48,25,30,34,54,23,32,18,88,29,59,71,76,98,92,15,
494	4	5	2.282	4,97,38,77,44,21,78,33,50,19,66,36,95,31,26,5,
494	4	6	2.172	4,97,86,53,77,44,21,78,19,50,66,36,95,31,26,6,
494	4	7	2.365	4,97,86,53,87,77,38,44,21,78,79,33,19,50,85,35,51,7,
494	4	8	2.489	4,97,86,53,87,36,66,19,50,33,79,22,70,90,24,27,58,69,67,8,
494	4	9	2.378	4,97,86,53,87,36,66,19,50,90,24,80,40,47,43,65,55,58,9,
494	4	10	2.339	4,97,86,53,87,36,66,19,50,33,90,24,80,39,45,40,47,43,65,10,
494	4	11	2.451	4,97,86,53,87,36,66,19,50,90,24,80,40,47,43,65,64,63,56,60,11,
494	4	12	2.699	4,97,86,53,87,36,66,19,50,90,24,80,40,47,43,65,64,63,56,60,12,
494	4	13	2.534	4,97,86,53,87,36,66,19,50,33,79,22,70,82,73,74,16,42,89,96,62,13,
494	4	14	2.455	4,97,86,53,87,36,66,19,50,33,79,22,70,82,73,74,16,42,46,96,94,14,
494	4	15	2.429	4,97,86,53,38,77,44,21,78,99,37,17,18,32,76,71,59,29,92,15,
494	5	6	2.274	5,49,86,53,77,44,21,78,33,19,50,66,36,95,31,26,6,
494	5	7	2.202	5,49,86,97,38,77,53,87,66,36,95,31,26,83,51,7,
494	5	8	2.25	5,49,97,86,53,87,36,66,19,50,33,90,24,61,52,8,
494	5	9	2.387	5,26,31,95,36,66,19,50,90,24,80,40,47,43,65,55,58,9,
494	5	10	2.266	5,26,31,95,36,66,19,50,33,90,24,80,40,47,43,57,65,55,10,
494	5	11	2.428	5,26,31,95,36,66,19,50,90,24,80,40,47,43,57,55,65,64,63,11,
494	5	12	2.714	5,26,31,95,36,66,19,50,90,24,47,43,57,55,65,64,63,56,60,12,
494	5	13	2.595	5,26,31,95,36,66,19,50,33,79,22,70,82,84,93,73,74,16,42,46,62,13,
494	5	14	2.48	5,49,97,86,53,87,36,66,19,50,33,79,22,70,82,73,74,16,42,89,94,14,
494	5	15	2.58	5,26,31,95,36,66,19,50,33,70,22,79,99,37,17,18,88,59,29,92,15,
494	6	7	2.2	6,26,31,95,36,66,19,50,90,24,61,35,83,51,7,
494	6	8	2.17	6,26,31,95,36,66,19,50,33,90,24,27,58,69,67,8,
494	6	9	2.088	6,26,31,95,36,66,19,50,33,22,70,90,24,27,58,9,
494	6	10	2.102	6,26,31,95,36,66,19,50,33,90,24,80,40,47,43,65,55,10,
494	6	11	2.309	6,26,31,95,36,66,19,50,90,24,80,39,45,40,47,56,63,60,11,
494	6	12	2.496	6,26,31,95,36,66,19,50,33,79,22,70,82,73,74,16,93,84,41,12,
494	6	13	2.402	6,26,31,95,36,66,19,50,33,79,22,70,82,73,74,16,42,46,96,62,13,
494	6	14	2.456	6,26,31,95,36,66,19,50,33,79,22,70,82,84,93,73,74,16,42,89,94,14,
494	6	15	2.584	6,26,31,95,36,66,19,50,33,78,99,37,17,18,23,32,76,71,59,29,92,15,
494	7	8	2.24	7,51,35,61,90,24,47,43,65,55,27,58,69,67,8,
494	7	9	2.088	7,51,35,61,90,24,80,40,47,43,65,55,57,27,58,9,
494	7	10	2.098	7,51,35,61,90,24,80,39,45,40,47,43,57,55,65,64,10,
494	7	11	2.28	7,51,35,61,90,24,80,39,45,40,47,43,57,55,65,64,63,60,11,
494	7	12	2.528	7,51,35,61,90,24,80,39,45,40,47,43,57,55,65,64,63,60,12,
494	7	13	2.453	7,51,35,85,50,19,33,79,22,70,82,84,93,73,74,16,42,89,96,13,
494	7	14	2.569	7,51,35,61,90,24,80,40,45,39,75,41,84,93,73,74,16,42,89,94,14,
494	7	15	2.578	7,51,35,85,50,19,33,70,22,79,78,99,37,17,18,88,71,59,29,92,15,
494	8	9	2.065	8,52,61,90,24,80,39,45,47,43,65,55,27,58,9,
494	8	10	1.784	8,67,69,58,27,57,55,65,43,47,40,45,56,63,64,10,
494	8	11	2.281	8,67,69,58,27,57,55,65,43,64,63,56,47,40,45,39,75,41,60,11,
494	8	12	2.311	8,67,69,58,27,55,65,43,64,63,56,47,80,40,45,39,75,41,12,
494	8	13	2.241	8,67,69,58,27,57,55,65,43,47,40,45,39,75,41,84,93,46,62,13,
494	8	14	2.279	8,67,69,58,27,57,43,47,40,45,39,75,41,84,93,73,74,16,42,89,14,
494	8	15	2.402	8,67,69,58,27,57,43,47,40,45,39,75,41,84,93,73,74,16,42,89,15,
494	9	10	1.781	9,58,27,47,40,80,39,45,56,63,64,65,43,57,55,10,
494	9	11	1.73	9,58,27,57,55,65,64,63,56,47,40,80,39,45,60,11,
494	9	12	1.876	9,58,27,57,55,65,64,63,56,47,40,45,39,75,41,12,
494	9	13	2.102	9,58,27,57,43,47,40,45,39,75,41,84,93,73,74,16,42,46,62,13,
494	9	14	2.077	9,58,27,55,65,43,47,40,45,39,75,41,84,93,73,74,16,42,89,14,
494	9	15	2.245	9,58,27,57,55,65,43,47,40,45,39,75,41,84,93,73,74,16,42,89,15,
494	10	11	1.722	10,55,65,57,43,64,63,56,47,40,45,39,75,41,60,11,
494	10	12	1.788	10,55,65,57,43,64,63,56,47,40,80,39,45,75,41,12,
494	10	13	1.741	10,55,65,43,47,40,80,39,45,75,41,84,93,46,62,13,
494	10	14	1.841	10,55,65,43,47,40,45,39,75,41,84,93,73,74,16,42,89,94,14,
494	10	15	2.099	10,55,65,64,63,56,47,40,45,39,75,41,84,93,73,74,16,42,89,15,
494	11	12	1.745	11,60,56,63,64,65,55,57,43,47,40,45,39,75,41,12,
494	11	13	1.785	11,63,56,64,65,55,57,43,47,40,45,39,75,41,62,13,
494	11	14	1.784	11,63,56,47,40,45,41,84,93,73,74,16,42,89,14,
494	11	15	1.907	11,63,56,47,40,45,41,84,93,73,74,16,42,89,15,
494	12	13	2.049	12,60,63,64,65,55,57,43,47,40,45,39,75,41,62,13,
494	12	14	2.049	12,60,63,56,45,75,41,84,93,73,74,16,42,89,14,
494	12	15	2.126	12,41,84,93,73,74,16,42,29,59,71,76,98,92,15,
494	13	14	2.12	13,62,41,45,39,75,84,93,73,74,16,42,46,96,94,14,
494	13	15	2.017	13,62,46,42,16,74,73,17,18,32,76,71,59,29,92,15,
494	14	15	2.055	14,89,42,16,74,73,17,18,88,29,59,71,76,98,15,
