445	0	1	2.409	0,18,42,57,76,53,21,25,89,83,30,52,72,85,20,86,1,
445	0	2	2.249	0,18,42,57,76,53,37,21,25,89,83,30,52,72,85,2,
445	0	3	2.156	0,18,64,86,20,83,30,52,39,63,22,46,56,68,45,29,3,
445	0	4	2.171	0,18,42,64,86,20,85,72,83,30,52,39,63,46,45,68,16,55,4,
445	0	5	2.514	0,18,42,64,86,20,83,30,52,39,34,43,41,49,22,63,46,45,68,16,55,17,5,
445	0	6	2.46	0,18,42,64,86,20,83,30,52,39,34,49,82,22,63,46,35,66,27,48,6,
445	0	7	2.681	0,18,57,76,53,37,75,58,19,32,50,51,54,92,90,71,74,91,73,80,7,
445	0	8	2.458	0,18,42,76,53,37,75,58,19,32,50,51,54,92,90,71,74,91,78,8,
445	0	9	2.713	0,18,64,42,76,53,37,75,58,19,32,50,51,54,92,90,71,74,91,78,9,
445	0	10	2.602	0,18,64,42,76,53,37,75,58,19,32,50,51,54,92,77,93,79,26,10,
445	0	11	2.568	0,18,57,76,53,84,23,60,59,87,67,28,88,99,95,33,65,69,11,
445	0	12	2.557	0,18,64,42,57,76,53,84,23,60,59,67,28,88,99,95,96,62,12,
445	0	13	2.415	0,18,64,42,76,53,84,23,60,59,67,28,88,99,95,96,87,13,
445	0	14	2.225	0,18,64,42,76,53,37,75,58,99,88,28,67,59,60,14,
445	0	15	2.264	0,18,42,64,86,20,85,72,52,30,83,89,21,37,84,15,
445	1	2	2.423	1,86,20,83,30,52,39,34,49,22,63,46,56,68,45,29,2,
445	1	3	2.196	1,86,20,83,30,52,39,34,49,22,63,46,56,68,45,29,3,
445	1	4	2.105	1,85,72,83,30,52,39,34,49,22,63,46,45,68,16,55,4,
445	1	5	2.366	1,86,20,83,30,52,39,34,43,41,49,82,22,63,46,45,68,16,55,17,5,
445	1	6	2.44	1,85,72,83,30,52,39,34,43,41,49,82,22,63,46,35,66,27,48,6,
445	1	7	2.734	1,86,20,85,72,83,30,52,39,63,22,49,82,70,24,71,74,91,73,80,7,
445	1	8	2.601	1,64,42,76,53,37,75,58,19,32,50,51,54,92,90,71,74,91,78,8,
445	1	9	2.638	1,64,42,76,53,37,75,58,19,32,50,51,54,92,77,93,79,61,9,
445	1	10	2.71	1,64,42,18,57,76,53,37,75,58,19,32,50,51,54,92,77,93,79,10,
445	1	11	2.682	1,64,42,18,57,76,53,84,23,60,59,67,28,88,99,33,65,69,11,
445	1	12	2.738	1,85,72,83,30,52,39,63,22,82,49,41,43,38,50,32,19,99,95,62,12,
445	1	13	2.551	1,85,72,83,30,52,39,34,41,43,38,50,32,19,99,88,67,87,13,
445	1	14	2.354	1,85,72,30,83,20,86,64,42,18,57,76,53,84,23,60,59,14,
445	1	15	2.301	1,85,72,52,30,83,20,86,64,42,18,57,76,53,84,23,15,
445	2	3	2.043	2,85,72,30,52,39,63,22,49,82,46,56,68,45,29,3,
445	2	4	1.809	2,85,72,83,30,52,39,63,22,46,56,45,68,16,55,4,
445	2	5	2.133	2,85,72,30,52,39,34,43,41,49,22,63,46,45,68,16,55,17,5,
445	2	6	2.143	2,85,72,83,30,52,39,34,49,82,22,63,46,35,66,27,48,6,
445	2	7	2.419	2,85,72,83,30,52,39,63,22,49,82,24,71,74,91,78,73,80,7,
445	2	8	2.449	2,85,72,83,30,52,39,34,63,46,22,49,82,70,24,71,74,91,73,8,
445	2	9	2.547	2,85,72,83,30,52,39,63,22,49,82,41,43,70,24,71,74,91,78,9,
445	2	10	2.608	2,85,72,83,30,52,39,63,22,49,82,24,74,71,90,77,93,79,26,10,
445	2	11	2.582	2,85,72,83,30,52,39,63,22,82,49,41,43,38,32,50,33,65,69,11,
445	2	12	2.503	2,85,72,83,30,52,39,63,22,49,41,43,38,50,32,19,99,95,62,12,
445	2	13	2.509	2,85,72,30,52,39,63,22,49,41,43,38,50,32,19,99,88,28,67,87,13,
445	2	14	2.191	2,85,72,30,83,20,86,64,42,18,57,76,53,84,23,60,59,14,
445	2	15	2.138	2,85,72,52,30,83,20,86,64,42,18,57,76,53,84,23,15,
445	3	4	2.011	3,29,72,85,83,30,52,39,34,63,46,45,68,16,55,4,
445	3	5	2.058	3,29,52,39,34,49,82,22,63,46,45,68,16,55,17,5,
445	3	6	2.138	3,29,45,68,16,55,56,46,22,49,82,81,44,27,48,6,
445	3	7	2.507	3,29,45,68,16,55,56,46,63,22,49,82,24,71,74,91,73,80,7,
445	3	8	2.596	3,29,72,85,83,30,52,39,63,46,22,49,82,24,71,74,91,78,73,8,
445	3	9	2.699	3,29,45,68,56,46,22,49,41,43,38,32,50,51,54,92,77,61,9,
445	3	10	2.636	3,29,45,68,56,46,22,82,49,41,43,38,54,92,77,93,79,26,10,
445	3	11	2.678	3,29,45,68,56,46,22,82,49,41,43,38,51,50,32,19,33,65,69,11,
445	3	12	2.541	3,29,45,68,56,46,63,22,82,49,41,43,38,50,32,19,99,95,62,12,
445	3	13	2.517	3,29,45,68,56,46,22,49,82,41,43,38,50,32,19,99,88,67,87,13,
445	3	14	2.52	3,29,52,30,83,72,85,20,86,64,18,42,76,53,84,23,60,59,14,
445	3	15	2.322	3,29,52,30,83,72,85,20,86,64,18,42,76,53,84,23,15,
445	4	5	1.995	4,55,16,68,45,46,63,22,49,82,81,44,27,48,66,5,
445	4	6	1.898	4,55,16,68,45,56,46,63,22,49,82,81,44,27,48,6,
445	4	7	2.209	4,55,16,68,45,46,63,22,49,82,70,24,71,74,91,73,80,7,
445	4	8	2.231	4,55,16,68,45,46,63,22,82,49,41,43,70,24,71,74,91,78,8,
445	4	9	2.412	4,55,16,68,45,46,63,22,49,82,41,43,38,54,92,77,61,9,
445	4	10	2.479	4,55,16,68,45,46,22,82,49,41,43,38,54,92,77,93,79,26,10,
445	4	11	2.441	4,55,16,68,45,46,63,22,82,49,41,43,38,50,32,19,33,65,69,11,
445	4	12	2.533	4,55,16,68,45,46,22,82,49,41,43,38,50,32,19,99,88,28,67,96,12,
445	4	13	2.327	4,55,16,68,45,46,22,49,41,43,38,50,32,19,99,88,28,67,87,13,
445	4	14	2.333	4,55,16,68,45,56,46,63,22,49,82,41,43,36,31,75,59,60,14,
445	4	15	2.365	4,55,16,68,45,39,52,30,83,20,86,64,42,18,57,76,53,84,15,
445	5	6	1.94	5,17,55,16,68,45,46,63,22,49,82,81,44,27,48,6,
445	5	7	2.089	5,17,55,16,68,45,56,46,63,22,49,82,81,94,40,80,7,
445	5	8	2.005	5,17,55,16,68,45,46,22,49,82,24,71,74,91,78,8,
445	5	9	2.284	5,17,55,16,68,45,46,63,22,49,82,24,71,74,91,73,78,9,
445	5	10	2.5	5,17,55,16,68,45,46,22,82,49,41,43,38,54,92,77,93,26,10,
445	5	11	2.507	5,17,55,16,68,45,46,22,82,49,41,43,38,50,32,19,33,65,69,11,
445	5	12	2.594	5,17,55,16,68,45,56,46,63,22,49,82,41,43,38,50,32,19,99,95,62,12,
445	5	13	2.503	5,17,55,16,68,45,46,63,22,49,41,43,38,50,32,19,99,88,28,67,87,13,
445	5	14	2.636	5,17,55,16,56,46,22,82,49,41,43,38,50,32,19,99,88,28,59,60,14,
445	5	15	2.573	5,17,55,16,68,45,46,63,22,82,49,41,43,38,36,31,37,53,84,15,
445	6	7	2.179	6,48,27,66,35,46,63,22,49,82,81,44,94,40,80,7,
445	6	8	2.106	6,48,27,66,35,46,63,22,49,82,70,24,71,74,73,8,
445	6	9	2.359	6,48,27,66,35,44,94,40,74,71,90,92,77,93,79,61,9,
445	6	10	2.414	6,48,27,66,35,46,22,49,41,43,38,54,92,77,93,79,10,
445	6	11	2.588	6,48,27,44,94,40,74,71,90,92,54,51,50,32,19,33,97,65,69,11,
445	6	12	2.49	6,98,94,40,74,71,90,92,54,51,50,32,19,99,88,28,67,96,62,12,
445	6	13	2.583	6,48,27,66,35,46,63,22,82,49,41,43,38,50,32,19,99,88,28,67,87,13,
445	6	14	2.569	6,98,94,40,74,71,90,92,54,51,50,32,19,99,88,28,67,59,60,14,
445	6	15	2.601	6,48,27,66,35,17,55,16,68,45,39,52,30,83,20,86,64,18,57,15,
445	7	8	2.367	7,80,40,94,44,27,48,66,35,81,24,71,74,91,78,73,8,
445	7	9	2.25	7,80,73,78,91,74,71,24,70,54,92,77,93,79,61,9,
445	7	10	2.241	7,80,73,91,74,71,90,92,54,51,50,32,19,33,65,26,10,
445	7	11	2.344	7,80,73,91,74,71,90,92,54,51,50,32,19,99,95,33,65,69,11,
445	7	12	2.281	7,80,73,91,74,71,90,92,54,51,50,32,19,99,88,28,67,96,12,
445	7	13	2.859	7,80,73,78,91,74,71,90,92,54,51,50,32,19,33,95,99,88,28,67,96,87,13,
445	7	14	2.432	7,80,73,91,74,71,90,92,54,51,50,32,19,99,88,28,67,59,60,14,
445	7	15	2.613	7,80,73,91,74,71,90,92,54,51,50,32,19,99,88,28,59,60,23,15,
445	8	9	2.207	8,73,78,91,74,71,90,92,54,51,97,65,26,79,61,9,
445	8	10	2	8,78,91,74,71,90,92,54,51,50,32,33,65,26,10,
445	8	11	1.94	8,78,91,74,71,90,92,54,51,50,32,19,33,65,69,11,
445	8	12	2.087	8,78,91,74,71,90,92,54,51,50,32,19,99,88,28,67,96,12,
445	8	13	2.156	8,78,91,74,71,90,92,54,51,50,32,19,58,99,88,28,67,87,13,
445	8	14	2.498	8,73,78,91,74,71,90,92,54,51,50,32,19,99,88,28,67,87,59,60,14,
445	8	15	2.49	8,78,91,74,71,90,92,54,51,50,32,19,99,88,28,59,60,23,84,15,
445	9	10	2.084	9,61,79,93,77,92,54,51,50,32,19,33,65,26,10,
445	9	11	2.022	9,61,77,92,54,51,50,32,19,99,95,33,65,69,11,
445	9	12	2.196	9,61,79,93,77,92,54,51,50,32,19,99,88,28,67,96,62,12,
445	9	13	2.182	9,61,79,26,93,77,92,54,51,50,32,19,99,88,28,67,87,13,
445	9	14	2.418	9,61,79,93,77,90,92,54,51,50,32,19,99,88,28,67,59,60,14,
445	9	15	2.542	9,61,93,77,92,54,51,50,32,19,99,88,28,67,59,60,23,84,15,
445	10	11	1.944	10,26,79,93,77,92,54,51,50,32,19,33,65,69,11,
445	10	12	1.969	10,79,93,77,92,54,51,50,32,19,99,88,28,67,96,12,
445	10	13	1.835	10,79,93,77,92,54,51,50,32,19,99,88,28,67,87,13,
445	10	14	2.355	10,26,79,61,77,92,54,51,50,32,19,99,88,28,67,59,60,14,
445	10	15	2.481	10,79,93,77,92,54,51,50,32,19,99,88,28,67,59,60,23,84,15,
445	11	12	2.005	11,69,65,33,97,51,50,32,19,99,88,28,67,96,62,12,
445	11	13	2.047	11,69,26,93,77,92,54,51,50,32,19,99,88,67,87,13,
445	11	14	2.057	11,69,65,97,51,50,32,19,99,88,28,67,87,59,60,14,
445	11	15	2.605	11,69,65,33,97,51,50,32,19,99,88,28,67,87,59,60,23,84,15,
445	12	13	2.059	12,62,47,65,97,51,50,32,19,58,99,88,28,67,87,13,
445	12	14	2.103	12,62,96,67,28,88,99,58,75,37,84,23,60,59,14,
445	12	15	2.502	12,62,47,65,97,51,50,32,19,99,88,28,67,59,60,23,84,15,
445	13	14	2.001	13,87,67,28,88,99,58,75,37,53,84,23,60,59,14,
445	13	15	2.186	13,87,67,28,59,60,23,84,53,76,42,64,18,57,15,
445	14	15	2.248	14,60,59,87,67,28,88,99,58,75,37,53,84,23,15,
