32	0	1	2.066	0,92,91,39,35,52,59,22,67,75,28,30,55,37,1,
32	0	2	2.095	0,91,92,39,35,59,22,67,52,30,55,26,78,36,17,2,
32	0	3	2.053	0,92,91,22,39,35,59,67,52,30,55,26,17,78,36,3,
32	0	4	2.336	0,92,91,22,59,39,35,30,95,94,71,93,50,45,76,43,21,31,62,4,
32	0	5	2.387	0,92,91,22,59,39,35,52,30,95,94,71,93,50,45,76,43,21,31,62,5,
32	0	6	2.478	0,92,91,22,59,67,75,27,25,80,41,79,47,24,97,16,73,18,48,6,
32	0	7	2.548	0,92,91,22,59,67,44,75,27,25,80,86,41,79,47,24,97,18,16,73,46,7,
32	0	8	2.58	0,92,91,22,59,67,75,27,25,80,86,41,79,47,24,16,73,81,32,8,
32	0	9	2.598	0,92,91,22,59,67,75,27,40,29,61,96,82,87,70,54,63,90,34,56,9,
32	0	10	2.441	0,92,91,22,59,67,75,27,40,29,61,96,82,87,70,54,89,10,
32	0	11	2.263	0,92,91,39,35,59,22,67,75,27,40,29,61,96,42,57,65,11,
32	0	12	2.051	0,92,91,22,59,52,67,44,75,27,40,29,61,96,42,57,60,98,12,
32	0	13	1.857	0,92,91,22,59,52,67,44,75,27,40,29,61,72,64,13,
32	0	14	1.853	0,92,91,22,59,67,75,27,40,29,61,72,49,53,14,
32	0	15	1.961	0,92,91,22,59,67,75,27,40,29,61,72,49,53,15,
32	1	2	2.065	1,37,92,91,22,59,67,52,35,39,55,26,17,78,36,2,
32	1	3	1.991	1,37,39,92,91,22,59,52,35,30,55,26,17,78,36,3,
32	1	4	1.945	1,37,92,91,39,35,30,95,94,71,93,50,45,43,76,4,
32	1	5	2.24	1,37,92,91,39,35,30,95,94,71,93,50,45,76,43,21,31,5,
32	1	6	2.489	1,37,92,91,22,59,52,35,30,88,20,51,19,97,18,16,73,6,
32	1	7	2.49	1,37,92,91,22,59,52,28,25,80,86,41,79,47,24,97,16,73,46,7,
32	1	8	2.595	1,37,92,91,22,59,67,75,27,25,80,84,86,41,79,83,58,8,
32	1	9	2.552	1,37,92,91,22,59,67,75,27,25,80,86,79,83,63,90,34,56,9,
32	1	10	2.677	1,37,92,91,22,59,67,75,27,25,80,86,41,79,83,63,90,34,89,10,
32	1	11	2.49	1,37,92,91,39,35,52,59,22,67,75,27,40,29,61,96,82,87,65,11,
32	1	12	2.312	1,37,92,91,22,59,67,75,27,40,29,61,96,82,87,65,57,60,98,12,
32	1	13	2.281	1,37,92,91,22,59,67,75,27,40,29,61,96,42,57,60,98,99,85,13,
32	1	14	1.79	1,37,55,35,39,92,91,22,59,52,67,44,49,53,14,
32	1	15	1.898	1,37,55,35,39,92,91,22,59,52,67,44,49,53,15,
32	2	3	2.38	2,1,37,39,92,91,22,59,52,35,30,55,26,17,78,36,3,
32	2	4	2.196	2,17,36,78,95,94,71,93,50,45,76,43,68,21,31,62,4,
32	2	5	2.526	2,17,36,78,50,45,76,43,68,66,19,97,16,73,18,48,21,5,
32	2	6	2.49	2,17,36,78,50,45,43,76,62,31,21,68,66,48,18,16,73,6,
32	2	7	2.716	2,17,36,78,50,45,43,76,62,31,21,68,66,19,48,18,97,16,73,46,7,
32	2	8	2.458	2,17,36,78,50,45,76,43,68,66,48,97,16,18,73,46,81,32,8,
32	2	9	2.681	2,17,36,78,50,93,68,66,48,18,73,16,97,24,47,83,63,90,34,56,9,
32	2	10	2.694	2,17,78,50,93,68,66,48,18,73,16,97,24,47,83,63,90,34,89,10,
32	2	11	2.661	2,26,55,35,39,91,22,59,67,75,27,40,29,61,96,82,87,65,11,
32	2	12	2.522	2,26,55,35,39,92,91,22,59,67,75,27,40,29,61,96,42,57,60,98,12,
32	2	13	2.553	2,17,26,55,30,35,39,92,91,22,59,67,75,27,40,29,61,64,13,
32	2	14	2.483	2,17,36,78,26,55,30,35,39,92,91,22,59,67,75,44,49,53,14,
32	2	15	2.088	2,17,26,55,35,39,92,91,22,59,67,44,49,53,15,
32	3	4	2.178	3,36,17,78,95,94,38,71,93,50,45,76,43,21,31,62,4,
32	3	5	2.215	3,45,76,43,68,66,19,24,73,18,48,21,31,62,5,
32	3	6	2.151	3,36,17,78,50,45,76,43,68,66,48,18,97,16,73,6,
32	3	7	2.517	3,36,17,78,50,45,43,76,62,31,21,68,66,48,18,97,16,73,46,7,
32	3	8	2.499	3,36,78,50,45,76,43,68,66,19,47,24,97,18,16,73,46,81,32,8,
32	3	9	2.558	3,45,76,43,50,93,68,66,48,18,73,16,97,24,47,83,63,90,34,56,9,
32	3	10	2.569	3,50,45,76,43,68,66,48,18,73,16,97,24,47,83,63,90,34,89,10,
32	3	11	2.79	3,45,76,43,68,66,48,18,73,16,97,24,47,83,63,90,34,89,23,11,
32	3	12	2.614	3,36,17,26,55,35,39,22,59,67,75,27,40,29,61,96,42,57,60,98,12,
32	3	13	2.577	3,36,78,26,55,35,39,92,91,22,59,67,75,27,40,29,61,72,64,13,
32	3	14	2.549	3,36,78,17,26,55,30,52,35,39,92,91,22,59,67,75,44,49,53,14,
32	3	15	2.487	3,36,17,26,55,30,35,39,92,91,22,59,67,75,44,49,53,15,
32	4	5	2.205	4,45,43,68,66,19,24,97,16,73,18,48,21,31,62,5,
32	4	6	2.051	4,62,31,21,43,76,45,50,93,68,66,48,18,16,73,6,
32	4	7	1.846	4,76,43,45,50,93,68,66,48,18,16,97,24,73,46,7,
32	4	8	2.437	4,62,31,21,43,76,45,50,93,68,66,48,97,16,18,73,46,81,32,8,
32	4	9	2.419	4,76,43,45,50,93,68,66,48,18,73,16,97,24,47,83,63,90,34,56,9,
32	4	10	2.594	4,76,43,45,50,93,68,66,48,18,73,16,97,24,47,83,63,90,34,89,23,10,
32	4	11	2.76	4,76,43,45,50,93,68,66,48,18,73,16,97,24,47,83,63,54,23,11,
32	4	12	2.668	4,62,31,21,48,18,73,16,97,24,47,79,41,86,84,87,96,42,57,60,98,12,
32	4	13	2.727	4,76,43,45,50,93,71,38,88,28,25,77,82,87,96,42,57,60,98,99,85,13,
32	4	14	2.56	4,76,43,45,50,93,71,94,95,30,35,39,92,91,22,59,67,44,49,53,14,
32	4	15	2.596	4,76,43,45,50,93,71,94,95,30,35,39,91,22,59,67,44,49,53,15,
32	5	6	2.009	5,21,31,62,76,43,50,93,68,66,48,18,97,16,73,6,
32	5	7	1.857	5,21,43,76,45,50,93,68,66,48,18,16,73,46,7,
32	5	8	2.007	5,21,31,62,76,43,68,66,48,18,97,16,73,81,32,8,
32	5	9	2.283	5,62,31,21,66,48,18,73,16,97,24,47,83,63,33,90,34,56,9,
32	5	10	2.409	5,62,31,21,48,18,73,16,97,24,47,79,41,86,83,63,90,34,89,10,
32	5	11	2.69	5,62,31,21,66,48,18,73,16,97,24,47,83,63,33,90,34,89,23,11,
32	5	12	2.541	5,48,18,73,16,97,24,47,79,41,86,80,25,77,82,96,42,57,60,98,12,
32	5	13	2.716	5,48,18,73,16,97,24,47,79,41,86,84,87,82,96,42,57,60,98,99,85,13,
32	5	14	2.667	5,62,31,21,43,76,45,50,93,94,95,30,35,39,22,59,67,44,49,53,14,
32	5	15	2.655	5,62,31,43,76,45,50,93,71,94,95,30,35,39,92,91,22,59,67,74,15,
32	6	7	2.04	6,48,18,73,16,97,24,47,79,41,86,83,58,81,46,7,
32	6	8	2.119	6,48,18,73,16,97,24,47,79,41,86,83,63,90,33,8,
32	6	9	1.927	6,48,18,73,16,97,24,47,79,41,86,84,63,90,34,56,9,
32	6	10	2.33	6,48,18,73,16,97,24,19,47,79,41,86,83,63,33,90,34,89,10,
32	6	11	2.567	6,48,18,73,16,97,24,47,83,79,41,86,80,25,77,82,87,65,11,
32	6	12	2.399	6,48,18,73,16,97,24,47,79,41,86,80,25,77,82,96,42,57,60,98,12,
32	6	13	2.574	6,48,18,73,16,97,24,47,79,41,86,84,87,82,96,42,57,60,98,99,85,13,
32	6	14	2.609	6,48,18,73,16,97,24,47,83,79,41,86,80,25,27,75,44,49,53,14,
32	6	15	2.703	6,48,18,73,16,24,47,79,41,86,80,25,27,75,44,67,59,22,74,15,
32	7	8	2.012	7,46,73,16,18,97,24,47,79,41,86,83,63,90,33,8,
32	7	9	1.82	7,46,73,16,18,97,24,47,79,41,86,84,63,90,34,56,9,
32	7	10	2.115	7,46,73,16,18,97,24,47,79,41,86,84,83,63,90,34,89,23,10,
32	7	11	2.373	7,46,73,16,18,97,24,47,79,41,86,83,63,33,90,34,89,23,11,
32	7	12	2.286	7,46,73,16,18,97,24,47,79,41,86,80,77,82,87,96,42,57,60,98,12,
32	7	13	2.387	7,46,73,16,18,97,24,47,79,41,86,80,25,77,82,87,96,99,85,13,
32	7	14	2.591	7,46,73,16,18,97,24,47,83,79,41,86,84,80,25,27,75,44,49,53,14,
32	7	15	2.61	7,46,73,16,18,97,24,47,83,79,41,86,80,25,27,75,44,49,53,15,
32	8	9	1.967	8,32,81,46,73,16,18,97,24,47,83,63,90,33,56,9,
32	8	10	2.045	8,32,81,46,73,16,97,24,47,83,63,33,90,34,89,10,
32	8	11	2.397	8,32,81,46,73,16,18,97,24,47,79,83,63,90,34,89,23,11,
32	8	12	2.419	8,32,81,73,16,18,97,24,47,79,41,86,84,87,82,96,42,57,60,98,12,
32	8	13	2.575	8,32,81,73,16,18,97,24,47,79,41,86,84,87,96,42,57,60,98,85,13,
32	8	14	2.562	8,32,81,73,16,18,97,24,47,79,41,86,80,25,27,75,44,49,53,14,
32	8	15	2.602	8,32,81,73,16,18,97,24,47,79,41,80,25,27,75,44,49,53,15,
32	9	10	2.272	9,56,33,63,83,79,41,86,80,84,70,54,90,34,89,10,
32	9	11	2.307	9,56,34,90,33,63,54,70,87,82,96,42,99,85,98,60,69,11,
32	9	12	2.191	9,56,33,63,54,70,65,87,82,96,42,57,60,99,85,98,12,
32	9	13	2.436	9,56,34,90,54,70,87,82,96,42,57,60,98,85,99,61,29,72,64,13,
32	9	14	2.606	9,56,34,33,63,54,70,87,82,96,61,29,40,27,75,44,49,53,14,
32	9	15	2.682	9,56,34,90,63,54,70,87,82,96,61,29,40,27,75,67,59,22,74,15,
32	10	11	2.242	10,23,89,34,90,33,63,54,70,87,82,96,42,57,65,11,
32	10	12	1.946	10,89,34,90,33,63,54,70,87,82,96,42,57,60,98,12,
32	10	13	2.308	10,23,89,34,90,33,63,54,70,87,82,96,42,57,60,98,99,85,13,
32	10	14	2.452	10,23,89,34,90,33,63,54,70,87,82,96,61,29,72,49,53,14,
32	10	15	2.625	10,89,23,65,57,60,98,85,99,61,29,40,27,75,67,59,22,74,15,
32	11	12	2.081	11,65,57,42,87,82,96,61,29,72,64,85,99,98,60,69,12,
32	11	13	2.2	11,65,57,60,98,85,99,42,87,82,96,61,29,40,72,64,13,
32	11	14	2.073	11,65,57,60,98,85,99,61,29,40,27,75,44,49,53,14,
32	11	15	2.467	11,65,57,60,98,85,99,42,96,61,29,40,27,75,67,59,22,74,15,
32	12	13	1.912	12,69,57,60,98,85,99,42,65,87,82,96,29,61,72,64,13,
32	12	14	1.895	12,98,60,57,42,87,96,61,29,40,27,75,44,49,53,14,
32	12	15	2.148	12,98,60,57,42,87,82,96,61,29,40,27,75,67,59,22,74,15,
32	13	14	1.953	13,85,98,60,57,42,96,61,29,40,27,75,44,49,53,14,
32	13	15	2.05	13,64,61,29,40,27,75,67,59,52,35,39,92,91,74,15,
32	14	15	2.028	14,53,49,44,27,75,67,22,59,35,39,92,91,74,15,
