422	0	1	2.337	0,61,78,50,24,35,52,70,18,34,27,26,42,65,45,1,
422	0	2	2.286	0,61,78,43,45,65,42,26,79,27,53,19,98,82,39,2,
422	0	3	2.461	0,61,78,50,24,73,46,42,65,67,22,39,82,98,19,25,47,56,3,
422	0	4	2.605	0,43,61,78,50,24,73,46,42,65,67,22,39,82,98,19,25,47,60,4,
422	0	5	2.597	0,61,78,43,45,65,67,22,39,82,98,19,25,63,88,95,20,16,30,5,
422	0	6	2.649	0,61,78,43,45,67,22,82,98,19,25,63,95,88,36,84,93,55,68,33,6,
422	0	7	2.744	0,45,67,22,39,82,98,47,19,25,63,95,88,36,84,93,55,94,99,77,7,
422	0	8	2.542	0,61,78,50,24,73,35,52,70,81,58,66,90,80,57,87,62,17,41,8,
422	0	9	2.585	0,61,78,50,24,73,35,52,70,81,58,92,38,54,90,80,57,87,21,9,
422	0	10	2.45	0,61,78,50,24,35,52,70,74,40,64,29,69,44,92,38,54,32,51,10,
422	0	11	2.366	0,61,78,50,24,73,35,52,70,81,58,66,54,38,92,44,69,75,37,97,11,
422	0	12	2.165	0,43,61,78,50,24,73,35,52,70,81,58,66,54,38,92,44,69,75,37,12,
422	0	13	2.195	0,61,78,50,24,73,35,52,70,81,58,66,54,38,92,44,69,75,37,13,
422	0	14	2.121	0,61,78,50,24,73,35,52,70,18,31,58,81,74,40,86,14,
422	0	15	2.313	0,43,45,65,42,26,79,27,34,18,70,52,35,24,50,15,
422	1	2	2.266	1,45,65,42,26,79,27,53,25,19,47,98,82,39,22,2,
422	1	3	2.187	1,45,65,42,26,79,27,72,96,88,95,63,25,19,47,3,
422	1	4	2.26	1,45,65,42,26,27,72,96,88,95,63,25,19,47,60,4,
422	1	5	2.523	1,67,22,39,82,98,19,25,63,95,88,36,84,93,55,76,68,33,30,5,
422	1	6	2.421	1,67,22,82,98,19,25,63,95,88,36,84,93,55,94,99,77,76,68,33,6,
422	1	7	2.562	1,67,22,39,82,98,47,19,25,63,95,88,36,84,89,48,33,68,76,77,7,
422	1	8	2.452	1,67,22,39,82,98,19,25,63,95,88,36,84,93,55,99,94,83,17,41,8,
422	1	9	2.709	1,67,22,82,98,19,25,63,95,88,36,84,93,55,99,94,83,41,17,62,21,9,
422	1	10	2.729	1,45,65,42,26,79,27,34,71,31,58,23,92,38,54,32,51,85,10,
422	1	11	2.526	1,45,65,42,26,79,27,34,71,31,58,92,38,44,69,75,37,97,11,
422	1	12	2.273	1,45,65,42,26,79,27,34,71,31,58,66,54,38,92,44,75,37,12,
422	1	13	2.444	1,45,65,42,26,79,27,34,71,31,58,66,92,38,44,69,75,37,13,
422	1	14	2.121	1,45,43,61,78,50,24,73,35,52,70,59,86,40,74,29,64,14,
422	1	15	2.303	1,45,65,42,26,79,34,71,31,18,52,35,73,24,50,15,
422	2	3	2.319	2,22,39,82,98,19,25,63,88,95,20,16,60,47,56,3,
422	2	4	2.284	2,67,22,39,82,98,47,19,25,53,63,95,20,16,60,4,
422	2	5	1.969	2,22,39,82,98,47,19,25,53,63,88,95,20,16,5,
422	2	6	2.083	2,22,39,82,98,19,25,63,95,88,36,84,93,55,76,68,33,6,
422	2	7	2.573	2,67,22,39,82,98,47,19,25,53,63,95,88,36,84,93,94,99,77,7,
422	2	8	2.568	2,22,39,82,98,47,19,25,63,95,88,36,84,93,55,99,94,83,62,17,41,8,
422	2	9	2.465	2,39,98,19,25,63,95,88,36,84,93,55,99,94,83,41,17,62,21,9,
422	2	10	2.611	2,39,82,98,19,25,63,95,88,36,84,93,55,94,99,83,62,21,85,10,
422	2	11	2.667	2,67,65,42,26,79,27,34,71,31,66,54,38,92,44,69,75,37,97,11,
422	2	12	2.42	2,22,65,42,26,79,34,71,31,58,66,54,38,92,44,69,75,37,12,
422	2	13	2.552	2,22,67,65,42,46,43,61,78,50,24,73,35,52,70,59,40,74,64,29,13,
422	2	14	2.412	2,22,67,65,42,46,43,61,78,50,24,73,35,52,70,74,40,86,14,
422	2	15	2.448	2,39,82,98,19,25,53,27,79,26,42,65,45,43,61,78,50,15,
422	3	4	2.112	3,56,39,22,82,98,47,19,25,53,63,95,20,16,4,
422	3	5	1.971	3,56,39,22,82,98,47,19,25,53,63,95,20,16,5,
422	3	6	2.027	3,56,47,19,25,63,95,88,36,84,93,94,99,55,68,33,6,
422	3	7	2.2	3,56,39,82,98,47,19,25,63,95,88,36,84,93,94,99,77,7,
422	3	8	2.236	3,56,39,82,98,19,25,63,95,88,36,84,93,55,99,94,83,17,41,8,
422	3	9	2.395	3,56,39,82,98,19,25,63,95,88,36,84,93,55,99,94,83,62,21,9,
422	3	10	2.584	3,56,47,19,25,63,95,88,36,84,93,94,99,83,17,62,21,85,10,
422	3	11	2.671	3,47,19,25,53,26,79,34,71,31,58,92,38,44,69,75,37,97,11,
422	3	12	2.495	3,47,19,25,53,27,79,34,71,91,57,80,90,54,38,92,44,69,75,37,12,
422	3	13	2.5	3,56,47,19,25,53,27,34,71,31,66,54,38,92,44,69,75,37,13,
422	3	14	2.47	3,56,47,19,98,82,39,22,67,65,42,46,73,24,35,52,70,59,86,14,
422	3	15	2.583	3,47,19,25,63,95,88,96,72,27,79,26,42,46,73,35,24,50,15,
422	4	5	2.085	4,60,47,19,25,63,95,88,36,84,93,55,68,33,30,5,
422	4	6	1.844	4,60,47,19,25,63,95,88,36,84,93,55,76,68,33,6,
422	4	7	2.225	4,60,47,19,25,53,63,95,88,36,84,89,48,33,68,76,77,7,
422	4	8	2.187	4,60,47,19,25,63,95,88,36,84,93,55,94,99,83,62,17,41,8,
422	4	9	2.37	4,60,47,19,25,63,95,88,36,84,93,55,94,99,83,17,62,21,9,
422	4	10	2.637	4,60,47,19,25,63,95,88,36,84,93,55,94,99,83,41,17,21,85,10,
422	4	11	2.702	4,60,47,19,25,53,27,34,71,31,66,54,38,92,44,69,75,37,97,11,
422	4	12	2.527	4,60,47,19,25,53,27,79,34,71,31,58,66,54,38,92,44,69,75,37,12,
422	4	13	2.556	4,60,47,19,25,53,27,79,34,71,31,58,92,38,44,69,75,37,13,
422	4	14	2.554	4,60,47,25,19,98,82,39,22,67,65,42,46,73,24,35,52,70,59,86,14,
422	4	15	2.662	4,60,47,19,25,63,95,88,96,72,27,79,26,42,46,43,61,78,50,15,
422	5	6	1.837	5,16,20,95,88,36,84,93,55,94,99,77,76,33,6,
422	5	7	1.956	5,16,20,30,33,68,48,89,36,84,93,55,94,99,77,7,
422	5	8	1.878	5,30,16,20,95,88,36,84,93,55,99,94,83,17,41,8,
422	5	9	2.236	5,30,16,20,95,88,36,84,93,55,99,94,83,41,17,62,21,9,
422	5	10	2.416	5,16,20,95,88,36,84,93,55,99,94,83,41,17,62,21,85,10,
422	5	11	2.516	5,16,20,89,36,84,93,55,99,94,83,41,17,62,21,85,51,11,
422	5	12	2.567	5,16,20,95,88,96,72,34,71,49,57,80,90,54,38,92,44,69,75,37,12,
422	5	13	2.628	5,16,20,95,88,96,72,34,71,91,57,80,90,54,38,92,44,69,37,13,
422	5	14	2.752	5,16,20,95,88,96,72,34,71,31,66,54,38,92,44,69,29,74,40,86,14,
422	5	15	2.601	5,30,16,20,95,63,25,19,98,82,39,22,67,65,42,46,73,24,50,15,
422	6	7	1.936	6,76,33,68,48,89,36,84,93,55,94,99,83,62,17,41,7,
422	6	8	1.727	6,76,33,68,48,89,36,84,93,55,99,94,83,62,17,41,8,
422	6	9	2.271	6,33,68,76,77,55,93,84,36,28,94,99,83,41,17,62,21,9,
422	6	10	2.304	6,33,68,48,89,36,84,93,55,99,94,83,41,17,62,21,85,51,10,
422	6	11	2.45	6,33,76,55,93,28,49,57,80,90,54,38,92,44,69,75,37,97,11,
422	6	12	2.322	6,76,33,68,48,89,36,84,28,49,57,80,90,54,38,92,44,69,75,37,12,
422	6	13	2.465	6,76,33,68,48,89,36,84,28,49,57,80,90,54,38,92,44,69,75,37,13,
422	6	14	2.602	6,33,76,55,93,28,49,57,80,90,54,38,92,44,69,29,64,74,40,86,14,
422	6	15	2.659	6,33,68,48,89,36,84,28,49,57,80,90,66,58,81,70,52,35,24,50,15,
422	7	8	1.761	7,77,76,33,68,48,89,36,84,93,55,99,94,83,17,41,8,
422	7	9	1.922	7,77,76,33,68,48,89,36,84,93,55,94,99,83,62,21,9,
422	7	10	2.109	7,77,76,33,68,55,93,94,99,83,41,17,62,21,85,10,
422	7	11	2.393	7,77,99,94,28,49,57,80,90,54,38,92,44,69,37,75,97,11,
422	7	12	2.255	7,77,99,94,55,93,84,28,49,57,80,90,54,38,92,44,75,37,12,
422	7	13	2.524	7,77,99,94,93,84,36,28,49,57,80,90,54,38,92,44,69,75,37,13,
422	7	14	2.63	7,41,17,62,87,57,80,90,54,38,92,44,75,37,69,29,64,74,40,59,86,14,
422	7	15	2.701	7,77,99,94,28,49,57,80,90,54,38,92,23,81,70,52,35,73,24,50,15,
422	8	9	2.292	8,17,41,77,76,33,68,48,89,93,55,94,99,83,62,21,9,
422	8	10	2.257	8,17,62,21,87,57,80,90,54,92,38,32,51,85,10,
422	8	11	2.026	8,41,17,62,87,57,80,90,54,38,92,44,75,37,97,11,
422	8	12	2.085	8,41,17,62,21,87,57,80,90,54,38,92,44,69,75,37,97,12,
422	8	13	2.553	8,17,41,83,94,99,55,93,28,49,57,80,90,54,38,92,44,69,75,37,13,
422	8	14	2.437	8,41,17,62,87,57,80,90,54,38,92,44,75,37,69,29,64,40,74,59,86,14,
422	8	15	2.507	8,41,17,62,87,57,80,90,54,38,92,44,23,81,70,52,35,73,24,50,15,
422	9	10	2.332	9,21,87,57,80,90,54,92,44,69,75,37,97,11,51,10,
422	9	11	2.1	9,21,87,57,80,90,54,38,92,23,44,69,75,37,97,11,
422	9	12	1.956	9,17,62,21,87,57,80,90,54,92,44,69,75,37,12,
422	9	13	2.452	9,17,62,21,87,57,80,90,66,58,92,54,38,44,69,75,37,13,
422	9	14	2.278	9,21,87,57,80,90,54,38,92,44,75,37,69,29,64,74,40,59,86,14,
422	9	15	2.483	9,21,87,57,80,90,54,38,92,44,69,23,81,70,52,35,73,24,50,15,
422	10	11	2.234	10,85,51,32,54,38,92,58,81,23,44,69,37,97,11,
422	10	12	2.125	10,85,51,32,90,80,57,49,91,31,58,23,69,37,12,
422	10	13	2.156	10,51,85,32,54,38,92,44,75,37,69,23,81,74,40,64,13,
422	10	14	2.32	10,85,87,57,80,90,54,38,92,44,75,37,69,29,64,74,40,59,86,14,
422	10	15	2.355	10,51,32,54,38,92,44,75,37,69,29,64,74,40,59,70,52,35,24,50,15,
422	11	12	1.916	11,32,90,80,57,91,31,58,66,54,38,92,44,75,37,12,
422	11	13	2.065	11,97,37,75,69,44,92,38,54,66,31,58,81,74,40,64,13,
422	11	14	2.087	11,97,37,75,69,44,92,38,54,66,58,81,29,64,74,40,59,86,14,
422	11	15	2.208	11,97,37,75,69,44,38,92,23,81,74,40,59,70,52,35,73,24,50,15,
422	12	13	1.738	12,37,69,23,44,92,38,54,66,58,81,74,40,64,29,13,
422	12	14	1.688	12,37,75,69,44,92,38,54,66,58,81,74,64,40,59,86,14,
422	12	15	1.639	12,37,75,69,29,64,74,40,86,59,70,52,35,73,24,50,15,
422	13	14	1.807	13,29,69,37,75,44,92,38,54,66,58,81,74,40,59,86,14,
422	13	15	1.782	13,37,75,69,29,64,74,40,86,59,70,52,35,73,24,50,15,
422	14	15	1.936	14,86,59,40,74,64,29,69,44,23,81,70,52,35,24,50,15,
