124	0	3	2.103	0,72,36,75,33,18,28,94,71,19,46,57,59,55,20,3,
124	0	1	1.793	0,72,36,94,75,33,18,28,68,69,71,19,46,57,59,1,
124	0	4	2.337	0,72,36,94,75,33,18,28,68,69,23,95,65,32,73,39,51,79,98,4,
124	0	5	2.356	0,72,36,75,33,18,28,68,69,23,95,65,32,73,39,51,79,26,91,38,5,
124	0	6	2.535	0,72,36,75,33,18,28,68,69,23,95,65,32,73,39,51,79,26,91,38,60,6,
124	0	10	2.648	0,72,36,75,28,68,69,23,37,44,85,84,47,34,77,90,25,87,48,10,
124	0	7	2.619	0,72,36,94,75,33,18,28,68,69,23,37,44,62,29,58,81,35,40,83,7,
124	0	11	2.581	0,72,36,75,33,18,28,68,23,37,44,85,56,84,47,34,77,90,25,11,
124	0	2	1.808	0,72,36,75,33,18,28,94,71,19,46,57,59,55,20,2,
124	0	8	2.565	0,72,36,75,33,18,28,68,37,44,85,66,86,88,22,41,92,30,52,8,
124	0	9	2.645	0,72,36,75,33,18,28,68,69,23,37,44,85,56,84,47,50,88,22,9,
124	0	13	1.954	0,72,36,75,28,18,33,42,67,99,74,80,31,70,43,17,13,
124	0	14	2.051	0,97,46,57,49,19,71,94,75,28,18,33,96,42,67,14,
124	0	15	1.883	0,97,46,19,71,69,68,28,18,33,75,94,36,27,15,
124	1	2	1.817	1,57,46,19,71,94,75,28,18,68,69,49,55,20,2,
124	1	4	2.181	1,57,46,19,71,94,75,33,18,28,68,23,95,65,32,73,39,4,
124	1	3	2.087	1,46,19,71,94,75,28,68,69,23,95,65,32,73,39,3,
124	1	6	2.488	1,59,57,46,19,71,69,23,95,65,32,73,39,51,79,26,91,38,60,89,6,
124	1	7	2.546	1,46,19,71,94,75,33,18,28,68,23,37,44,62,29,58,35,40,83,7,
124	1	5	2.326	1,57,46,19,71,94,28,68,23,95,65,32,73,39,51,79,26,91,38,5,
124	0	12	2.395	0,97,19,71,94,28,18,33,75,96,42,67,99,74,80,70,31,64,93,12,
124	1	8	2.443	1,57,46,19,71,69,23,37,44,85,66,86,88,22,41,92,30,52,8,
124	1	15	2.026	1,46,57,59,55,49,19,71,94,28,18,33,75,96,36,27,15,
124	2	6	2.061	2,20,55,16,32,73,39,51,79,26,91,38,35,40,89,6,
124	1	14	2.197	1,46,57,59,55,49,19,71,94,28,18,33,75,96,42,67,63,14,
124	2	5	2.073	2,20,55,49,16,65,95,78,32,73,39,51,79,26,91,38,5,
124	2	4	2.138	2,20,55,59,57,46,19,71,69,23,95,65,32,73,39,4,
124	1	13	1.958	1,59,57,46,19,71,94,75,28,18,99,74,82,70,31,43,17,13,
124	2	3	2.109	2,20,55,59,57,46,19,71,69,23,95,65,32,73,39,3,
124	1	10	2.613	1,57,46,19,71,69,23,37,44,85,56,84,47,50,77,90,25,87,48,10,
124	1	11	2.651	1,59,57,46,19,71,94,28,18,33,75,96,42,67,99,74,82,70,31,64,11,
124	1	12	2.379	1,59,57,46,19,71,94,75,28,18,33,42,67,99,74,80,70,31,64,93,12,
124	1	9	2.719	1,59,57,46,19,71,69,23,37,44,85,56,84,47,50,88,53,22,41,92,9,
124	2	15	1.973	2,20,55,59,57,46,19,71,94,28,18,33,75,96,36,27,15,
124	3	4	2.371	3,39,73,32,65,95,23,37,44,62,78,79,26,38,91,45,4,
124	3	5	2.281	3,39,73,32,65,95,23,37,44,85,62,78,79,26,91,38,5,
124	2	14	2.513	2,20,55,59,57,46,19,71,94,75,28,18,33,42,67,99,74,82,63,14,
124	2	7	2.604	2,20,55,49,19,71,69,23,37,44,85,66,29,58,81,35,40,83,7,
124	2	10	2.722	2,20,55,49,19,71,69,23,37,44,85,56,84,47,50,77,90,87,48,10,
124	2	13	2.401	2,20,55,49,19,71,69,68,28,18,33,75,96,42,67,82,70,31,43,17,13,
124	2	11	2.621	2,20,55,59,57,46,19,71,94,75,28,18,99,74,80,70,31,64,11,
124	2	8	2.442	2,20,55,49,69,23,37,44,85,66,86,88,22,41,92,30,52,8,
124	2	12	2.449	2,20,55,59,57,46,19,71,94,75,28,18,33,99,74,80,70,31,64,93,12,
124	2	9	2.721	2,20,55,49,19,71,69,23,37,44,85,56,84,47,50,88,22,41,92,9,
124	3	6	2.058	3,39,73,32,65,95,37,44,85,29,58,81,35,40,89,6,
124	3	14	2.662	3,20,55,59,57,46,19,71,94,75,28,68,18,33,96,42,67,63,14,
124	4	5	2.294	4,98,51,39,73,32,65,95,37,44,85,29,58,26,91,38,5,
124	3	7	2.334	3,39,73,32,65,95,37,44,62,85,66,29,58,81,35,40,83,7,
124	3	15	2.583	3,39,73,32,65,95,23,69,68,28,75,94,71,19,97,72,36,27,15,
124	3	13	2.447	3,20,55,49,19,71,94,75,28,18,33,99,74,80,70,31,43,17,13,
124	3	10	2.546	3,39,73,32,65,95,37,44,85,66,84,56,47,50,77,90,25,87,48,10,
124	3	11	2.621	3,39,73,32,65,95,37,44,85,66,84,56,47,34,77,90,25,87,48,76,11,
124	3	8	2.316	3,39,73,32,65,95,37,44,85,84,47,50,88,22,92,41,30,52,8,
124	3	12	2.449	3,39,73,32,65,95,37,44,85,66,84,56,47,34,77,90,54,21,64,93,12,
124	3	9	2.435	3,39,73,32,65,95,37,44,85,56,84,47,50,88,53,22,41,92,9,
124	5	6	2.028	5,38,91,26,79,51,39,73,32,78,29,58,35,40,89,6,
124	4	6	2.068	4,98,51,39,73,32,65,95,37,44,62,29,58,35,40,89,6,
124	4	7	2.285	4,98,79,51,39,73,32,65,95,37,44,62,29,58,81,35,40,83,7,
124	4	14	2.596	4,45,98,79,51,39,73,32,65,95,23,69,68,28,18,33,75,96,42,67,14,
124	4	10	2.496	4,98,79,51,39,73,32,65,95,37,44,85,56,84,47,34,77,90,87,48,10,
124	4	13	2.489	4,39,73,32,65,95,37,44,85,84,47,34,77,90,54,80,70,31,43,17,13,
124	4	15	2.481	4,98,26,79,51,39,73,32,65,95,23,69,68,28,18,33,75,94,36,27,15,
124	4	8	2.345	4,39,73,32,65,95,37,44,85,84,47,50,88,22,92,41,30,52,8,
124	4	11	2.647	4,45,91,26,79,51,39,73,32,65,95,37,44,85,56,84,47,34,77,90,25,11,
124	4	12	2.48	4,98,51,39,73,32,65,95,37,44,85,56,84,47,34,77,90,54,21,64,93,12,
124	4	9	2.464	4,39,73,32,65,95,37,44,85,56,84,47,50,88,53,22,41,92,9,
124	6	7	2.247	6,60,40,35,58,29,66,86,88,22,41,30,52,7,
124	5	7	2.25	5,38,91,26,79,51,39,73,32,78,62,29,58,81,35,40,83,7,
124	6	8	1.997	6,60,89,40,35,58,29,86,88,22,41,30,52,8,
124	5	10	2.485	5,91,26,79,51,39,32,65,95,37,44,85,84,47,34,77,90,87,48,10,
124	5	8	2.256	5,38,91,26,79,58,29,86,88,53,22,92,41,30,52,8,
124	5	13	2.543	5,91,26,79,51,39,73,32,65,95,37,44,85,84,56,24,80,31,70,17,13,
124	5	14	2.57	5,38,91,26,79,51,39,73,32,65,95,23,69,68,28,18,33,75,96,42,67,14,
124	5	11	2.464	5,38,91,26,79,51,39,73,32,65,95,37,44,85,84,47,34,77,90,25,11,
124	5	15	2.491	5,38,91,26,79,51,39,73,32,65,95,23,69,68,18,28,75,94,36,27,15,
124	5	9	2.384	5,38,91,26,79,51,39,73,32,65,95,37,44,85,66,86,88,22,9,
124	5	12	2.507	5,38,91,26,79,51,39,73,32,65,95,37,44,85,84,47,34,54,21,64,93,12,
124	7	10	2.166	7,52,30,92,41,22,53,88,50,77,90,25,87,48,10,
124	7	8	2.081	7,83,40,35,58,29,66,86,88,22,41,92,30,52,8,
124	6	10	2.294	6,89,40,35,81,58,29,66,84,47,50,77,90,25,87,48,10,
124	7	9	2.204	7,83,40,35,81,58,29,66,86,88,53,22,41,92,9,
124	7	11	2.518	7,83,40,35,81,58,29,66,84,56,47,34,77,90,25,87,48,76,11,
124	6	14	2.646	6,60,38,91,26,79,51,39,73,32,65,95,23,69,68,28,75,96,42,67,14,
124	6	13	2.417	6,89,40,35,81,58,29,66,84,47,34,77,90,54,21,64,31,70,43,17,13,
124	6	11	2.449	6,89,40,35,81,58,29,66,84,56,47,34,77,90,25,87,48,76,11,
124	6	9	2.293	6,89,40,35,81,58,29,66,84,56,47,50,88,22,41,92,9,
124	6	15	2.586	6,60,38,91,26,79,51,39,73,32,65,95,23,69,68,28,18,33,75,36,27,15,
124	6	12	2.512	6,89,40,35,81,58,29,86,66,85,56,84,47,34,77,90,54,21,64,93,12,
124	8	11	1.992	8,52,30,92,41,22,53,88,50,77,90,25,87,76,11,
124	8	10	1.931	8,52,30,92,41,22,53,88,50,77,90,25,87,48,10,
124	7	14	2.658	7,83,40,35,81,58,29,62,44,37,23,68,28,18,33,75,96,42,67,14,
124	7	13	2.356	7,52,30,92,41,22,53,88,50,77,90,54,21,64,31,70,17,13,
124	8	9	2.204	8,52,30,92,41,22,53,88,50,77,90,25,87,48,9,
124	8	14	2.514	8,52,30,41,92,22,53,88,50,77,90,25,21,64,31,70,82,63,14,
124	8	15	2.531	8,52,30,41,92,22,88,86,66,85,44,37,68,28,18,33,75,96,15,
124	8	13	2.237	8,52,30,41,92,22,53,88,50,34,77,90,54,21,64,31,70,43,17,13,
124	7	15	2.65	7,83,40,35,81,58,29,85,44,37,23,69,68,28,18,33,75,36,27,15,
124	8	12	2.276	8,52,30,92,41,22,53,88,50,77,90,25,54,80,70,31,93,12,
124	7	12	2.457	7,52,30,92,41,22,53,88,50,77,90,54,80,70,31,64,93,12,
124	10	13	2.106	10,48,53,22,88,50,77,90,54,21,64,31,70,43,17,13,
124	9	10	2.246	9,92,30,41,22,53,88,50,34,77,90,25,87,48,10,
124	10	11	2.361	10,48,87,53,88,86,66,85,84,47,50,77,90,25,11,
124	9	11	2.278	9,92,41,22,88,86,66,84,56,47,50,77,90,25,11,
124	10	12	2.155	10,48,87,53,22,88,50,34,77,90,25,54,21,64,93,12,
124	9	12	2.097	9,92,41,22,53,88,50,34,77,90,25,54,21,64,93,12,
124	9	14	2.697	9,22,88,50,47,84,56,85,44,37,68,28,18,33,75,96,42,67,14,
124	9	13	2.425	9,92,41,22,53,88,50,34,77,90,25,54,21,64,93,31,70,43,17,13,
124	10	14	2.657	10,48,87,90,77,34,47,84,85,44,37,68,28,18,33,75,96,42,14,
124	9	15	2.593	9,22,88,50,47,84,56,85,44,37,23,69,68,28,75,36,27,15,
124	10	15	2.56	10,48,87,90,77,34,47,84,85,44,37,68,28,18,33,75,36,27,15,
124	13	15	1.886	13,17,43,31,70,80,74,99,33,18,28,75,94,36,27,15,
124	12	13	2.172	12,64,21,54,90,77,34,47,84,56,24,80,31,70,43,17,13,
124	11	13	2.24	11,76,48,87,25,54,21,80,74,82,70,31,64,93,43,17,13,
124	14	15	2.096	14,67,42,96,75,33,18,28,94,71,19,97,72,36,27,15,
124	12	15	1.932	12,93,64,31,70,80,74,99,18,28,75,94,36,27,15,
124	12	14	2.068	12,93,64,31,70,80,74,99,33,18,28,75,96,42,67,14,
124	13	14	2.08	13,17,43,31,70,80,74,99,33,18,28,75,96,42,67,63,14,
124	11	12	2.301	11,76,48,87,53,22,88,50,34,77,90,25,54,21,64,12,
124	11	15	2.529	11,25,90,77,34,47,84,56,85,44,37,23,68,28,75,36,27,15,
124	11	14	2.66	11,25,90,77,34,47,84,56,85,44,37,23,68,28,18,33,42,67,14,
