194	0	1	2.097	0,78,58,50,79,18,31,72,55,46,65,66,30,28,74,1,
194	0	4	2.284	0,78,59,50,79,58,18,31,72,55,46,65,66,30,34,99,80,4,
194	0	9	2.439	0,78,58,50,79,31,72,55,46,32,81,70,61,24,60,36,39,42,47,9,
194	0	10	2.564	0,16,63,54,22,97,41,40,75,70,61,24,60,36,39,84,42,47,51,89,10,
194	0	5	2.443	0,78,58,50,79,18,31,72,86,32,46,55,65,66,30,34,92,90,91,5,
194	0	7	2.547	0,16,63,54,22,97,41,40,75,70,61,24,60,36,35,62,44,94,56,88,7,
194	0	3	1.829	0,78,58,50,79,31,72,55,46,65,66,30,34,99,80,3,
194	0	2	2.036	0,78,58,50,79,18,31,72,55,46,65,66,30,28,74,2,
194	0	8	2.509	0,78,58,50,79,18,31,72,55,46,32,81,70,61,24,60,36,35,62,44,94,8,
194	0	11	2.808	0,78,58,50,79,31,72,55,46,32,81,70,61,24,76,43,87,77,53,11,
194	0	6	2.598	0,78,59,50,79,58,18,31,72,86,32,46,55,65,66,92,91,90,52,6,
194	1	2	1.994	1,50,79,58,18,31,72,86,55,46,65,66,30,28,74,2,
194	0	14	2.15	0,78,16,63,21,85,23,22,97,41,29,93,95,96,38,14,
194	1	3	1.762	1,50,79,58,18,86,55,46,65,66,30,34,99,80,3,
194	0	15	2.247	0,59,58,50,79,31,72,55,46,32,86,18,63,16,48,15,
194	1	5	2.154	1,74,50,79,18,31,72,86,55,46,65,66,34,92,90,91,5,
194	1	4	2.113	1,74,50,79,18,31,72,86,55,46,65,66,30,34,99,4,
194	0	13	2.492	0,78,59,50,79,58,18,63,21,85,23,19,38,96,95,33,13,
194	0	12	2.477	0,78,16,63,21,85,23,19,38,96,95,93,71,25,73,57,12,
194	1	6	2.64	1,74,50,79,58,18,31,72,86,32,46,55,65,66,92,27,69,49,68,26,6,
194	1	7	2.425	1,50,79,31,72,55,46,32,81,70,61,24,60,35,62,44,94,56,88,7,
194	1	8	2.45	1,74,50,79,58,18,31,72,55,46,32,81,70,61,24,60,36,35,62,44,94,8,
194	1	14	2.068	1,74,50,79,58,18,64,97,22,54,21,85,23,19,38,14,
194	2	5	1.956	2,74,50,79,58,18,86,72,55,46,65,66,92,90,91,5,
194	2	3	1.719	2,74,50,79,58,18,86,55,46,65,66,34,99,80,3,
194	1	13	2.544	1,50,79,18,31,72,30,66,65,55,46,32,64,97,22,95,96,33,13,
194	2	4	1.95	2,74,50,79,58,18,31,72,86,55,46,65,66,30,34,4,
194	2	6	2.27	2,74,50,79,58,18,31,72,55,46,65,66,92,69,49,68,26,6,
194	1	9	2.38	1,50,79,18,31,72,55,46,32,81,70,61,24,60,36,39,84,42,47,9,
194	1	10	2.439	1,50,79,31,72,55,46,32,81,70,61,24,60,36,39,42,47,51,89,10,
194	1	15	2.131	1,74,50,79,58,18,31,72,86,64,54,21,85,23,19,15,
194	1	12	2.639	1,74,50,79,58,18,86,55,46,32,64,97,22,96,95,93,17,83,12,
194	1	11	2.695	1,74,50,79,31,72,55,46,32,81,70,76,43,87,71,25,73,98,11,
194	3	5	2.053	3,80,99,34,30,66,65,55,86,32,46,27,92,90,91,5,
194	3	4	2.13	3,80,99,28,50,79,18,31,72,86,55,46,65,66,34,4,
194	2	14	2.312	2,74,50,79,58,18,31,72,86,64,97,22,54,21,85,23,19,38,14,
194	2	13	2.553	2,74,50,79,58,18,31,72,55,46,32,64,54,21,85,23,19,38,33,13,
194	2	9	2.412	2,74,50,79,18,86,55,46,32,81,70,61,24,60,36,39,84,42,47,9,
194	2	8	2.185	2,74,50,79,31,72,55,46,32,81,70,61,24,60,35,62,44,94,8,
194	2	10	2.483	2,74,50,79,31,72,55,46,32,81,70,61,24,60,36,39,42,47,51,89,10,
194	2	7	2.395	2,74,50,79,31,86,32,81,70,61,24,60,35,62,44,94,56,7,
194	2	15	2.07	2,74,50,79,58,18,31,72,86,64,54,21,85,23,19,15,
194	2	12	2.7	2,74,50,79,31,72,55,46,32,81,70,76,43,87,71,25,73,98,57,12,
194	2	11	2.762	2,74,50,79,58,18,31,72,30,66,65,55,46,32,40,75,71,25,73,98,11,
194	4	5	2.292	4,80,99,34,30,66,65,55,86,32,46,27,92,90,91,5,
194	3	6	2.344	3,80,99,34,30,66,65,55,86,32,46,27,92,91,90,52,6,
194	3	14	2.309	3,80,99,34,66,65,55,72,31,79,50,58,63,21,85,23,19,38,14,
194	3	7	2.215	3,80,99,34,66,65,27,81,70,61,24,60,35,62,45,88,7,
194	3	13	2.544	3,80,99,34,66,65,55,72,31,79,50,58,63,21,85,23,19,38,33,13,
194	3	9	2.3	3,80,99,34,66,65,27,81,70,61,24,60,36,35,62,44,67,84,42,47,9,
194	3	8	2.113	3,80,99,34,30,66,65,27,81,70,61,24,60,36,35,62,44,94,8,
194	3	10	2.436	3,80,99,34,66,65,27,81,70,61,24,60,36,35,62,67,84,42,47,51,89,10,
194	3	15	2.285	3,80,99,34,30,66,65,55,46,32,86,18,79,50,58,63,16,48,15,
194	3	12	2.659	3,80,99,34,66,65,55,46,32,81,70,76,43,87,71,25,73,98,57,12,
194	3	11	2.673	3,80,99,34,66,65,27,81,70,61,24,60,36,39,42,47,51,89,53,11,
194	5	6	2.361	5,91,90,92,65,66,34,30,55,46,32,27,69,49,26,6,
194	4	14	2.449	4,34,66,65,46,55,72,31,79,50,58,18,54,21,85,23,19,38,14,
194	4	6	2.567	4,34,66,65,27,81,70,61,24,60,35,62,45,37,20,26,6,
194	4	9	2.393	4,34,66,65,55,46,32,81,70,61,24,60,36,35,62,67,84,42,47,9,
194	4	13	2.677	4,34,30,66,65,46,55,72,31,79,50,58,18,64,97,22,95,96,33,13,
194	4	10	2.39	4,91,90,52,26,20,37,45,56,94,44,62,35,67,84,42,47,51,89,10,
194	4	7	2.276	4,34,66,65,27,81,70,61,24,60,35,62,44,94,56,88,7,
194	4	8	2.198	4,34,66,65,55,46,32,81,70,61,24,60,36,35,62,44,94,8,
194	4	11	2.683	4,34,66,65,27,81,70,61,24,60,36,39,42,47,51,89,53,11,
194	4	12	2.756	4,34,30,66,65,55,46,32,81,70,76,43,87,71,25,73,98,57,12,
194	4	15	2.459	4,34,30,66,65,46,55,72,31,79,50,58,18,54,21,85,23,19,15,
194	6	8	1.942	6,26,20,37,45,56,94,44,62,35,36,39,42,84,67,8,
194	6	7	2.048	6,26,20,37,24,60,36,39,35,62,44,94,56,45,88,7,
194	5	13	2.59	5,91,90,92,65,66,34,30,55,46,32,86,64,97,22,95,96,33,13,
194	5	7	2.354	5,91,90,52,68,49,61,24,60,36,39,84,67,44,94,56,7,
194	5	8	2.247	5,91,90,92,65,66,55,46,32,81,70,61,24,60,35,62,44,8,
194	5	9	2.043	5,91,90,52,26,20,37,45,56,94,44,62,35,36,39,84,42,47,9,
194	5	14	2.5	5,91,90,92,66,65,46,55,72,31,79,50,58,63,21,85,23,19,38,14,
194	5	10	2.211	5,91,90,52,26,20,37,45,56,94,44,62,35,36,39,42,47,51,89,10,
194	5	11	2.464	5,91,90,52,26,20,88,56,94,44,62,35,67,84,42,47,51,89,53,11,
194	5	12	2.626	5,52,26,20,37,45,94,44,62,35,36,76,43,87,71,25,73,57,12,
194	5	15	2.529	5,91,90,92,66,65,46,55,72,31,79,50,58,18,63,21,85,23,19,15,
194	7	8	1.801	7,20,37,45,88,56,94,44,62,35,36,39,42,84,67,8,
194	7	9	1.54	7,20,37,45,88,56,94,44,62,35,36,39,84,42,47,9,
194	6	9	1.681	6,26,20,37,45,56,94,44,62,35,36,39,84,42,47,9,
194	6	13	2.644	6,26,20,88,56,94,44,62,35,36,76,43,87,71,93,95,96,33,13,
194	7	10	1.959	7,88,56,94,44,62,35,36,60,24,61,70,76,43,87,77,82,53,10,
194	6	14	2.654	6,26,20,37,45,94,44,62,35,36,76,43,87,71,93,95,96,38,14,
194	6	10	2.166	6,26,20,37,45,88,56,94,44,62,35,36,39,84,42,47,51,89,53,10,
194	7	11	2.067	7,20,37,45,56,94,44,62,35,36,39,84,42,47,51,89,53,11,
194	6	11	2.37	6,26,20,37,45,88,56,94,44,62,35,36,39,84,42,47,51,89,53,11,
194	6	12	2.449	6,26,20,37,45,56,94,44,62,35,36,76,43,87,71,25,73,98,57,12,
194	6	15	2.753	6,52,90,91,92,65,66,30,55,46,32,86,72,31,79,50,58,63,16,48,15,
194	8	9	1.546	8,44,62,35,36,39,43,87,77,82,51,47,42,84,67,9,
194	8	10	1.494	8,94,44,62,35,36,60,24,61,76,43,87,77,53,10,
194	8	11	1.67	8,94,44,62,35,60,36,39,84,42,47,51,89,53,11,
194	7	13	2.401	7,88,56,94,44,62,35,36,60,24,76,43,87,71,93,95,96,33,13,
194	8	13	2.244	8,94,44,62,35,36,60,24,61,76,43,87,71,25,73,98,57,83,13,
194	7	14	2.474	7,88,56,94,44,62,35,36,60,24,61,76,43,87,71,93,95,96,38,14,
194	8	14	2.421	8,94,44,62,35,36,60,24,61,70,75,40,41,97,22,54,21,85,23,19,38,14,
194	7	12	2.147	7,88,56,94,44,62,35,36,60,24,76,43,87,71,25,73,98,57,12,
194	8	12	2.081	8,94,44,62,35,36,60,24,61,70,76,43,87,71,25,73,98,57,12,
194	7	15	2.544	7,88,56,94,44,62,35,36,60,24,61,70,75,40,41,97,22,21,23,19,15,
194	8	15	2.415	8,94,44,62,35,36,60,24,61,70,75,40,29,41,97,22,54,21,85,23,19,15,
194	9	10	1.613	9,47,42,84,39,36,60,24,61,76,43,87,77,82,53,10,
194	10	13	2.193	10,89,51,47,42,84,39,76,43,87,71,25,73,98,57,83,13,
194	9	11	1.802	9,67,84,42,47,51,89,82,77,87,43,71,25,73,98,11,
194	9	13	2.263	9,47,42,84,39,36,60,24,61,70,75,40,41,93,95,96,33,13,
194	10	14	2.322	10,89,51,39,36,60,24,61,70,75,40,29,93,95,96,38,14,
194	9	14	2.227	9,47,42,84,39,36,60,24,61,70,75,40,29,93,95,96,38,14,
194	10	12	1.882	10,89,51,47,42,84,39,76,43,87,71,25,73,98,57,12,
194	10	11	1.882	10,89,51,47,42,39,36,76,43,87,71,25,73,98,11,
194	9	12	1.968	9,47,42,84,67,44,62,35,36,76,43,87,71,25,73,98,57,12,
194	10	15	2.436	10,89,51,47,42,39,36,60,24,61,70,75,40,41,97,22,23,19,15,
194	9	15	2.43	9,47,42,84,39,36,60,24,61,70,75,40,41,97,22,54,21,85,23,19,15,
194	12	13	2.127	12,83,17,93,95,96,22,97,54,21,85,23,19,38,33,13,
194	12	14	2.112	12,57,98,73,17,93,95,96,22,97,54,21,85,23,19,14,
194	13	14	2.232	13,33,96,95,93,97,22,23,85,21,63,16,48,19,38,14,
194	11	13	2.358	11,98,73,17,93,95,96,22,97,54,21,85,23,19,38,33,13,
194	11	14	2.299	11,57,98,73,17,93,95,96,22,97,54,21,85,23,19,38,14,
194	11	12	2.185	11,53,89,51,47,42,39,43,87,71,25,73,98,57,12,
194	14	15	2.113	14,38,96,95,93,97,22,54,21,23,19,85,63,16,48,15,
194	13	15	2.21	13,33,96,95,93,29,41,97,22,54,21,23,85,63,16,48,15,
194	12	15	2.402	12,83,17,93,95,96,38,19,23,85,21,22,97,54,63,16,48,15,
194	11	15	2.427	11,98,73,25,71,93,95,96,38,19,23,85,21,63,16,48,15,
