406	0	1	2.373	0,95,81,19,58,77,27,72,25,36,30,55,40,21,65,1,
406	0	2	2.322	0,95,81,19,58,77,75,40,96,24,41,61,64,60,2,
406	0	3	2.473	0,95,81,19,58,77,75,55,40,21,65,24,41,61,64,50,3,
406	0	4	2.479	0,95,81,19,58,77,75,40,21,24,41,61,64,50,63,22,29,4,
406	0	5	2.622	0,95,81,19,58,77,55,56,91,93,18,31,97,37,16,46,82,86,66,5,
406	0	6	2.594	0,95,81,19,58,77,55,56,91,93,18,31,97,37,16,46,82,86,66,87,6,
406	0	7	2.625	0,95,81,19,58,77,75,55,56,91,93,18,31,97,37,94,35,67,89,7,
406	0	8	2.816	0,95,81,19,58,25,72,27,30,56,91,93,18,31,97,37,94,35,67,8,
406	0	9	2.816	0,95,81,19,58,77,55,56,91,93,18,31,97,37,94,45,98,59,32,20,9,
406	0	10	2.847	0,75,55,56,91,93,18,31,97,37,94,45,53,98,59,32,68,62,10,
406	0	11	2.688	0,95,81,19,77,58,25,72,27,36,76,99,48,80,70,17,62,33,11,
406	0	12	2.671	0,15,95,81,19,58,77,75,55,30,27,72,25,36,76,99,48,73,12,
406	0	13	2.593	0,71,65,21,40,55,75,95,81,19,77,58,25,72,27,36,13,
406	0	14	2.673	0,71,21,40,75,95,81,19,58,77,55,56,30,27,72,25,14,
406	0	15	2.237	0,71,21,40,55,30,36,27,72,25,58,77,19,81,95,15,
406	1	2	2.345	1,57,28,41,61,49,92,43,51,54,29,22,63,50,64,60,2,
406	1	3	2.221	1,57,28,60,64,41,61,49,92,43,83,54,29,22,63,3,
406	1	4	2.413	1,57,28,24,23,49,92,26,16,46,82,86,66,39,83,51,54,29,4,
406	1	5	2.442	1,57,28,41,61,92,49,84,18,31,97,37,16,46,82,86,39,69,5,
406	1	6	2.381	1,57,28,41,61,92,49,84,18,31,97,37,16,46,82,86,66,87,85,6,
406	1	7	2.525	1,57,28,41,61,49,84,18,31,97,37,16,46,82,86,52,42,89,7,
406	1	8	2.745	1,57,28,41,61,49,92,26,86,82,46,16,37,97,31,53,45,35,67,8,
406	1	9	2.668	1,57,28,41,61,49,92,26,82,46,37,97,31,53,45,98,59,32,20,9,
406	1	10	2.728	1,57,28,41,61,49,92,26,84,18,31,97,53,98,59,68,17,62,10,
406	1	11	2.825	1,65,21,40,75,77,19,58,25,72,27,36,76,99,48,80,70,33,11,
406	1	12	2.61	1,65,21,40,75,95,81,19,77,58,25,72,27,36,76,99,48,73,12,
406	1	13	2.729	1,65,21,40,75,95,81,19,77,58,25,72,27,30,36,76,99,13,
406	1	14	2.471	1,57,65,21,40,75,95,81,19,58,77,55,30,27,72,25,14,
406	1	15	2.343	1,57,28,64,61,41,24,21,40,75,77,58,19,81,95,15,
406	2	3	2.035	2,57,28,24,41,61,49,92,43,51,54,29,22,63,50,3,
406	2	4	1.972	2,57,28,24,41,61,49,92,43,51,54,29,90,22,63,4,
406	2	5	1.871	2,60,28,24,41,61,64,50,63,22,90,29,51,54,69,5,
406	2	6	1.841	2,60,28,41,61,49,92,26,16,46,82,86,66,87,85,6,
406	2	7	2.391	2,60,28,41,61,92,49,84,18,31,97,37,16,46,82,44,52,42,89,7,
406	2	8	2.581	2,60,64,50,63,22,90,29,54,51,83,39,66,86,82,46,16,37,94,35,67,8,
406	2	9	2.535	2,60,28,41,61,49,92,26,82,46,16,37,97,31,53,45,98,59,32,20,9,
406	2	10	2.605	2,60,28,41,61,49,92,26,82,46,16,37,97,31,53,98,59,68,62,10,
406	2	11	2.751	2,60,28,41,61,49,92,26,84,18,31,97,53,98,59,32,68,17,33,11,
406	2	12	2.715	2,60,28,57,65,21,40,75,95,81,19,77,58,72,27,36,76,99,73,12,
406	2	13	2.995	2,60,64,61,41,24,28,57,65,21,40,75,77,19,58,25,72,36,13,
406	2	14	2.742	2,57,28,60,64,61,41,24,65,21,40,75,77,19,58,27,72,25,14,
406	2	15	2.136	2,60,64,61,41,24,96,40,75,77,58,19,81,95,15,
406	3	4	1.933	3,50,61,41,24,23,49,92,43,83,51,54,29,22,63,4,
406	3	5	1.86	3,50,63,22,29,54,51,83,39,66,52,44,42,85,87,5,
406	3	6	1.668	3,50,63,22,29,54,51,83,39,66,86,52,42,87,85,6,
406	3	7	2.252	3,50,63,22,29,54,51,83,39,66,86,82,46,16,31,97,37,94,35,67,89,7,
406	3	8	2.34	3,50,63,22,90,29,54,51,83,39,66,86,82,46,16,31,97,37,94,35,67,8,
406	3	9	2.322	3,63,22,29,54,51,83,39,86,82,16,37,97,31,53,45,98,59,32,20,9,
406	3	10	2.411	3,63,22,29,54,51,83,39,86,82,46,16,37,97,31,53,98,59,68,62,10,
406	3	11	2.556	3,63,22,29,54,51,83,39,86,82,46,16,37,94,45,98,59,68,17,33,11,
406	3	12	2.685	3,63,22,29,54,51,83,39,86,82,16,97,31,53,78,70,80,48,73,12,
406	3	13	2.812	3,63,22,29,54,51,43,92,49,61,41,24,96,56,30,27,72,25,13,
406	3	14	2.634	3,50,64,61,41,24,28,57,65,21,40,75,77,19,58,27,72,25,14,
406	3	15	2.286	3,50,64,61,41,24,96,56,30,27,72,25,58,77,19,81,15,
406	4	5	1.83	4,29,54,51,83,39,66,86,82,16,46,44,52,42,85,87,5,
406	4	6	1.566	4,29,54,51,83,39,66,86,82,16,46,44,52,42,87,85,6,
406	4	7	1.705	4,29,54,51,83,39,66,86,82,46,16,37,94,35,67,89,7,
406	4	8	2.146	4,29,54,51,83,39,86,82,46,16,37,97,31,53,98,59,32,20,34,8,
406	4	9	2.103	4,29,54,51,83,39,66,86,82,46,16,37,97,31,53,45,98,59,32,20,9,
406	4	10	2.238	4,29,54,51,83,39,86,82,46,16,37,97,31,53,45,98,59,32,68,62,10,
406	4	11	2.349	4,29,54,51,83,39,86,82,46,16,37,97,31,53,45,98,59,68,17,33,11,
406	4	12	2.472	4,29,54,51,83,39,66,86,82,46,37,97,31,53,78,70,80,48,73,12,
406	4	13	2.655	4,29,54,51,83,39,86,82,16,37,97,31,18,93,91,56,30,27,72,25,13,
406	4	14	2.494	4,29,54,51,83,39,86,82,46,37,97,31,18,93,91,56,30,27,72,25,14,
406	4	15	2.423	4,29,54,51,90,22,63,50,64,61,41,24,65,21,40,75,77,58,19,81,15,
406	5	6	1.648	5,69,66,86,82,46,16,37,94,74,44,52,42,87,85,6,
406	5	7	1.765	5,69,39,86,82,46,16,37,97,31,53,45,35,67,89,7,
406	5	8	2.025	5,69,39,86,82,46,16,37,97,31,53,45,98,59,32,20,34,8,
406	5	9	2.045	5,69,39,66,86,82,46,16,37,94,97,31,53,45,98,59,32,20,9,
406	5	10	2.404	5,69,39,66,86,82,46,16,31,97,37,94,45,53,47,59,98,32,68,62,10,
406	5	11	2.413	5,69,39,66,86,82,46,16,37,97,31,53,45,98,59,32,68,17,62,33,11,
406	5	12	2.523	5,69,39,86,82,46,16,37,97,31,53,45,98,59,68,17,70,80,48,73,12,
406	5	13	2.557	5,69,39,66,86,82,46,16,37,97,31,18,93,91,56,30,27,72,25,13,
406	5	14	2.49	5,69,39,66,86,82,46,16,37,97,31,18,79,93,91,56,30,27,72,25,14,
406	5	15	2.442	5,69,66,86,82,46,16,37,97,31,18,93,91,56,55,75,77,58,19,81,15,
406	6	7	1.56	6,85,87,42,44,52,86,82,46,16,37,94,35,67,89,7,
406	6	8	1.673	6,85,87,42,44,52,66,86,82,46,16,37,94,35,67,8,
406	6	9	1.763	6,85,87,66,86,82,46,16,37,97,31,53,45,98,59,32,20,9,
406	6	10	1.939	6,85,87,52,86,82,46,16,37,97,31,53,45,98,59,68,62,10,
406	6	11	2.159	6,85,87,66,86,82,46,16,37,97,31,53,45,98,59,32,68,17,33,11,
406	6	12	2.354	6,85,87,42,44,52,86,82,46,16,37,97,31,53,78,70,80,48,73,12,
406	6	13	2.415	6,85,87,66,86,82,46,16,37,97,31,18,93,91,56,30,27,72,25,13,
406	6	14	2.291	6,85,87,52,86,82,46,16,37,97,31,18,93,91,56,30,27,72,25,14,
406	6	15	2.361	6,85,87,66,86,82,46,16,37,97,31,18,93,91,56,55,75,77,58,19,81,15,
406	7	8	1.801	7,89,42,44,52,86,82,46,16,31,97,37,94,35,67,8,
406	7	9	1.794	7,89,42,52,82,46,16,37,97,31,53,98,59,32,20,9,
406	7	10	1.923	7,67,35,94,37,97,31,53,45,98,59,47,68,17,62,10,
406	7	11	2.329	7,89,42,52,44,82,46,16,37,97,31,53,45,98,59,32,68,17,33,11,
406	7	12	2.549	7,89,42,44,52,66,86,82,46,16,37,94,45,53,78,70,80,48,73,12,
406	7	13	2.585	7,89,42,52,44,82,46,16,37,97,31,18,93,91,56,30,27,72,25,13,
406	7	14	2.475	7,89,74,44,52,86,82,46,16,37,97,31,18,93,91,56,30,27,72,25,14,
406	7	15	2.529	7,89,42,52,66,86,82,46,16,37,97,31,18,93,91,56,55,77,58,19,81,15,
406	8	9	2.004	8,35,94,37,97,31,53,45,98,47,59,32,34,20,9,
406	8	10	2.022	8,67,35,94,37,97,31,53,45,98,59,47,68,17,62,10,
406	8	11	2.12	8,67,35,94,37,97,31,53,45,98,59,32,68,17,33,11,
406	8	12	2.3	8,34,20,32,59,98,45,53,47,68,17,70,80,48,73,12,
406	8	13	2.683	8,67,35,94,37,97,31,53,45,98,59,47,78,70,80,48,99,76,13,
406	8	14	2.599	8,34,20,32,59,98,45,53,97,31,18,93,91,56,30,27,72,25,14,
406	8	15	2.636	8,67,35,94,37,97,31,18,79,93,91,56,30,27,72,25,58,77,19,81,15,
406	9	10	2.117	9,20,34,45,94,37,97,31,53,98,59,32,68,17,62,10,
406	9	11	2.217	9,20,32,59,98,45,94,37,97,31,53,47,68,17,33,11,
406	9	12	2.254	9,20,32,59,98,45,53,78,47,68,17,70,80,48,73,12,
406	9	13	2.488	9,20,32,59,98,47,68,17,70,80,48,99,76,36,27,72,25,13,
406	9	14	2.475	9,20,34,32,59,98,47,68,17,70,80,48,99,76,36,27,72,25,14,
406	9	15	2.497	9,20,32,59,98,45,53,97,31,18,93,91,56,55,75,77,58,19,81,15,
406	10	11	2.544	10,62,32,59,98,45,94,37,97,31,18,53,47,17,33,11,
406	10	12	2.447	10,62,68,32,59,98,45,53,47,78,70,80,48,99,73,12,
406	10	13	2.655	10,62,17,68,59,98,47,78,70,80,48,99,76,36,27,72,25,13,
406	10	14	2.597	10,62,68,32,59,98,45,53,31,18,93,91,56,30,27,72,25,14,
406	10	15	2.675	10,62,68,32,59,98,47,78,79,93,91,56,30,27,72,25,58,77,19,81,15,
406	11	12	2.443	11,33,17,68,32,59,47,98,45,53,78,70,80,48,73,12,
406	11	13	2.523	11,33,17,68,47,59,98,45,53,78,70,80,48,99,76,13,
406	11	14	2.211	11,33,70,80,48,99,76,36,27,72,25,58,77,19,81,14,
406	11	15	2.687	11,33,17,70,80,48,99,76,36,27,72,25,58,77,75,95,19,81,15,
406	12	13	2.524	12,73,99,76,36,25,72,27,30,55,75,77,58,19,81,14,13,
406	12	14	2.134	12,73,99,76,36,25,72,27,30,55,75,77,58,19,81,14,
406	12	15	2.021	12,73,48,80,99,76,36,27,72,25,58,77,19,81,95,15,
406	13	14	2.524	13,12,73,99,76,36,25,72,27,30,55,75,77,58,19,81,14,
406	13	15	2.355	13,12,73,99,76,36,25,72,27,30,55,75,77,58,19,81,15,
406	14	15	2.268	14,81,19,77,58,25,72,27,36,30,56,55,75,95,15,
