426	0	1	1.907	0,15,75,32,61,55,73,81,46,53,90,44,96,74,27,68,1,
426	0	2	1.858	0,79,17,68,70,27,74,96,90,44,97,66,60,48,51,85,3,2,
426	0	3	1.468	0,79,17,68,70,27,74,96,90,44,97,66,60,48,51,85,3,
426	0	4	2.297	0,79,17,68,27,74,96,90,44,97,66,60,48,51,85,64,76,80,50,4,
426	0	5	2.379	0,94,55,73,81,17,68,27,74,96,90,44,97,66,60,48,51,85,16,50,5,
426	0	6	2.41	0,79,17,68,27,74,96,90,44,97,66,60,48,51,85,16,50,80,22,95,6,
426	0	7	2.55	0,79,17,68,27,74,96,90,44,97,66,60,48,51,64,80,42,18,65,7,
426	0	8	2.655	0,94,61,78,20,25,69,56,21,19,28,43,35,91,93,47,57,40,8,
426	0	9	2.754	0,79,17,29,81,73,55,61,78,20,25,69,56,21,19,23,82,77,84,9,
426	0	10	2.756	0,79,17,68,27,74,96,90,53,46,36,38,67,56,21,19,26,89,62,10,
426	0	11	2.611	0,79,17,68,27,74,96,90,53,46,36,38,67,56,21,19,26,52,11,
426	0	12	2.396	0,79,17,68,27,74,96,90,53,46,73,55,78,20,98,87,31,12,
426	0	13	2.104	0,79,29,81,73,55,38,67,56,21,25,69,20,98,34,86,13,
426	0	14	1.943	0,79,17,68,27,74,53,46,81,73,55,61,32,72,99,14,
426	0	15	1.82	0,79,17,68,27,74,90,53,46,81,73,55,61,32,75,15,
426	1	2	1.545	1,68,27,17,29,55,73,81,46,53,74,96,90,44,97,2,
426	1	3	1.525	1,70,68,27,17,46,53,90,96,44,97,66,60,48,51,85,3,
426	1	4	1.932	1,70,68,27,17,46,53,74,96,90,44,97,66,60,48,51,85,16,50,4,
426	1	5	2.34	1,70,68,27,17,46,53,90,74,96,44,97,66,60,48,51,85,16,50,80,5,
426	1	6	2.168	1,70,68,27,74,96,90,44,97,66,60,48,51,85,16,50,80,22,42,95,6,
426	1	7	2.338	1,70,68,27,74,96,90,44,97,66,60,48,51,85,16,50,80,42,18,65,7,
426	1	8	2.403	1,70,68,27,74,96,90,44,97,66,60,48,51,64,76,45,91,93,47,57,8,
426	1	9	2.532	1,68,27,74,96,44,90,53,46,81,73,55,38,67,56,21,19,23,82,59,9,
426	1	10	2.522	1,70,68,27,74,96,44,90,53,46,81,73,55,78,20,98,88,30,26,89,62,10,
426	1	11	2.377	1,70,68,27,74,96,44,90,53,46,81,73,55,78,20,98,88,30,26,52,11,
426	1	12	2.177	1,70,68,27,74,96,44,90,53,46,81,73,55,78,20,98,88,30,31,12,
426	1	13	1.954	1,70,68,27,74,96,44,90,53,46,81,73,55,78,20,98,34,86,13,
426	1	14	1.643	1,70,68,27,74,90,53,46,81,73,55,61,32,72,99,14,
426	1	15	1.516	1,68,27,74,96,44,90,53,46,81,73,55,61,32,75,15,
426	2	3	1.57	2,97,44,90,96,74,27,68,17,53,54,66,60,48,51,85,3,
426	2	4	1.516	2,70,68,27,74,96,90,44,97,66,60,48,51,85,16,50,4,
426	2	5	1.904	2,97,44,90,96,74,27,68,17,53,54,37,58,64,80,5,
426	2	6	2.201	2,70,68,27,74,90,96,44,97,66,60,48,51,85,16,50,80,22,6,
426	2	7	2.392	2,97,44,96,90,66,60,48,51,64,80,22,42,18,65,93,47,57,7,
426	2	8	2.497	2,97,44,90,66,60,48,51,64,80,22,42,18,65,91,93,47,57,8,
426	2	9	2.468	2,97,44,90,96,74,27,68,17,81,73,55,38,67,56,21,19,23,82,9,
426	2	10	2.458	2,97,44,90,96,74,27,68,17,81,73,38,67,56,21,19,26,89,62,10,
426	2	11	2.405	2,97,44,90,96,74,27,68,17,29,81,73,55,78,20,98,88,30,26,52,11,
426	2	12	2.386	2,97,44,90,96,74,27,68,17,81,73,55,78,20,25,69,56,21,88,30,31,12,
426	2	13	2.199	2,97,44,90,96,74,27,68,17,29,81,73,55,61,32,75,63,72,99,34,86,13,
426	2	14	1.939	2,60,66,97,44,90,96,74,27,68,17,81,73,55,61,32,72,63,41,14,
426	2	15	1.507	2,97,44,90,96,74,27,68,17,81,73,55,61,32,75,15,
426	3	4	1.855	3,85,51,48,60,66,97,44,96,90,53,54,37,58,64,16,4,
426	3	5	2.008	3,85,51,48,60,66,97,44,96,90,53,54,37,58,64,80,5,
426	3	6	2.148	3,85,51,48,60,66,97,44,96,90,54,37,58,76,42,95,6,
426	3	7	2.485	3,85,51,48,60,66,97,44,96,74,90,54,37,58,76,42,18,65,7,
426	3	8	2.651	3,85,51,48,60,66,97,44,96,90,53,54,37,58,76,45,91,93,47,57,8,
426	3	9	2.622	3,85,16,50,80,22,42,18,65,91,93,47,57,40,82,77,84,9,
426	3	10	2.668	3,48,60,66,44,90,53,46,81,73,55,78,20,98,88,30,26,89,62,10,
426	3	11	2.557	3,48,60,66,44,96,90,53,46,81,73,55,78,20,98,88,30,26,52,11,
426	3	12	2.368	3,48,60,66,97,44,96,74,27,68,17,29,73,55,78,20,98,87,31,12,
426	3	13	2.227	3,48,60,66,97,44,90,74,27,68,17,81,73,55,78,20,98,34,86,13,
426	3	14	2.077	3,51,48,60,66,97,44,90,96,74,27,68,17,81,73,55,61,32,75,63,41,14,
426	3	15	1.864	3,51,48,60,66,97,44,90,96,74,27,68,17,81,73,55,61,32,75,15,
426	4	5	2.177	4,16,85,51,48,60,66,97,44,96,90,54,37,58,64,80,5,
426	4	6	2.203	4,16,50,80,22,42,18,45,91,35,47,93,65,95,6,
426	4	7	2.491	4,16,50,64,58,76,80,22,42,18,45,65,91,93,47,57,7,
426	4	8	2.751	4,16,50,64,58,76,80,22,42,18,65,91,35,93,47,57,40,8,
426	4	9	2.537	4,50,80,22,42,18,65,91,35,93,47,57,40,59,82,77,84,9,
426	4	10	2.532	4,16,50,80,22,42,18,65,91,93,47,57,40,59,82,77,84,10,
426	4	11	2.771	4,16,64,58,39,49,36,38,67,56,21,69,25,20,98,88,30,26,52,11,
426	4	12	2.631	4,16,85,51,48,60,66,97,44,96,90,53,46,81,73,55,78,20,98,87,31,12,
426	4	13	2.514	4,85,51,48,60,66,97,44,96,74,27,68,17,81,73,55,78,20,98,34,86,13,
426	4	14	2.264	4,85,51,48,60,66,97,44,96,74,27,68,17,81,73,55,61,32,72,99,14,
426	4	15	2.121	4,16,85,51,48,60,66,97,44,96,74,27,68,17,81,73,55,61,32,75,15,
426	5	6	2.592	5,4,16,50,80,22,42,18,45,91,35,47,93,65,95,6,
426	5	7	2.425	5,4,50,16,64,80,22,42,18,45,65,91,93,47,57,7,
426	5	8	2.24	5,22,42,18,65,91,93,47,57,35,83,82,59,40,8,
426	5	9	2.611	5,22,42,18,95,65,91,93,47,57,35,83,40,59,82,77,84,9,
426	5	10	2.912	5,22,6,95,42,18,65,91,35,93,47,57,40,59,82,84,77,62,10,
426	5	11	2.629	5,22,42,18,65,91,93,47,57,40,59,82,84,77,62,89,26,52,11,
426	5	12	2.799	5,22,42,18,65,91,93,47,57,40,59,82,84,77,62,89,52,92,12,
426	5	13	2.782	5,50,16,85,51,48,60,66,97,44,90,53,46,81,73,55,78,20,98,34,86,13,
426	5	14	2.532	5,50,16,85,51,48,60,66,97,44,90,53,46,81,73,55,61,32,72,99,14,
426	5	15	2.431	5,50,16,85,51,48,60,66,44,96,74,27,68,17,81,73,55,61,32,75,15,
426	6	7	2.429	6,95,22,42,18,65,91,93,47,35,83,82,40,57,7,
426	6	8	2.162	6,95,22,42,18,65,91,93,47,57,35,83,82,40,8,
426	6	9	1.867	6,95,42,18,65,91,93,47,57,40,59,82,77,84,9,
426	6	10	2.633	6,95,22,42,18,45,65,91,93,47,57,35,83,40,59,82,77,84,10,
426	6	11	2.499	6,22,42,18,65,91,93,47,57,40,59,82,84,77,62,89,52,11,
426	6	12	2.693	6,95,42,18,65,91,93,47,57,40,59,82,84,77,62,89,52,92,12,
426	6	13	2.72	6,22,42,18,65,91,35,43,28,19,21,56,69,25,20,98,34,86,13,
426	6	14	2.604	6,95,65,91,35,43,28,19,21,56,67,69,25,20,78,33,72,63,41,14,
426	6	15	2.648	6,95,22,42,18,45,71,49,36,38,67,56,21,25,69,20,78,61,32,75,15,
426	7	8	2.353	7,57,47,93,91,65,95,42,18,45,71,43,35,40,8,
426	7	9	2.173	7,57,47,93,65,18,45,91,35,40,59,82,77,84,9,
426	7	10	2.601	7,57,47,93,91,65,95,42,18,45,35,40,59,82,84,77,10,
426	7	11	2.446	7,57,47,93,91,35,40,59,82,84,77,62,89,26,52,92,11,
426	7	12	2.544	7,57,47,93,91,35,43,28,19,21,56,69,25,20,98,87,31,12,
426	7	13	2.63	7,57,47,93,91,35,43,28,19,21,56,67,69,25,20,98,87,34,86,13,
426	7	14	2.468	7,57,47,93,91,35,43,28,19,21,56,69,25,20,78,33,72,63,41,14,
426	7	15	2.57	7,57,47,93,91,35,43,28,19,21,56,69,25,98,20,78,61,32,75,15,
426	8	9	2.292	8,57,47,93,65,18,42,45,91,35,40,82,77,84,9,
426	8	10	2.339	8,57,47,93,65,91,35,83,40,59,82,84,77,62,10,
426	8	11	2.37	8,57,47,93,91,35,83,40,59,82,84,77,62,89,26,52,11,
426	8	12	2.583	8,57,47,93,91,35,43,28,19,21,56,67,69,25,88,30,31,12,
426	8	13	2.514	8,57,47,93,91,35,43,28,19,21,56,69,25,20,98,87,86,13,
426	8	14	2.527	8,57,47,93,91,35,43,28,19,21,56,69,25,20,78,33,72,63,41,14,
426	8	15	2.557	8,57,47,93,91,35,43,28,19,21,56,67,69,25,20,78,61,32,75,15,
426	9	10	2.391	9,59,40,57,47,93,65,91,35,83,82,84,77,62,10,
426	9	11	2.343	9,59,40,57,47,93,91,35,83,82,84,77,62,89,52,11,
426	9	12	2.671	9,59,40,57,47,93,91,35,83,82,84,77,62,89,26,52,92,12,
426	9	13	2.702	9,59,40,57,47,93,91,35,43,28,19,21,69,25,98,34,86,13,
426	9	14	2.693	9,84,77,82,23,19,21,56,67,69,25,20,78,61,32,75,63,72,99,41,14,
426	9	15	2.707	9,59,40,57,47,93,91,35,43,28,19,21,69,25,20,33,32,75,15,
426	10	11	2.599	10,62,89,26,19,21,56,69,25,20,98,88,30,31,92,11,
426	10	12	2.413	10,62,89,26,19,21,56,67,69,25,20,98,88,30,31,12,
426	10	13	2.479	10,62,89,26,30,88,25,69,21,56,67,38,78,20,98,34,86,13,
426	10	14	2.581	10,62,89,26,19,21,56,67,69,25,20,78,61,32,75,63,72,99,41,14,
426	10	15	2.654	10,62,89,26,30,88,98,20,25,69,21,56,67,38,73,55,61,32,75,15,
426	11	12	2.445	11,52,26,19,21,56,67,38,78,20,69,25,88,30,31,12,
426	11	13	2.456	11,52,26,19,21,56,69,25,20,78,61,32,75,72,99,24,13,
426	11	14	2.403	11,52,26,30,88,21,56,67,69,25,20,78,61,32,75,72,63,41,14,
426	11	15	2.576	11,52,26,19,21,56,67,69,25,98,20,78,61,32,75,72,63,41,15,
426	12	13	2.262	12,31,30,88,25,69,21,56,67,38,78,20,98,87,34,86,13,
426	12	14	2.078	12,31,30,88,21,69,25,20,78,61,32,75,72,63,41,14,
426	12	15	2.395	12,31,30,88,21,56,67,69,25,20,78,61,32,75,63,72,99,41,15,
426	13	14	2.012	13,86,34,98,20,25,69,21,56,67,38,78,33,72,63,41,14,
426	13	15	2.07	13,86,34,87,98,20,25,69,21,56,67,38,78,61,32,75,15,
426	14	15	1.931	14,41,63,72,33,20,25,69,21,56,67,38,78,61,32,75,15,
