146	0	2	1.75	0,90,94,37,71,89,99,41,47,39,26,27,33,20,31,2,
146	0	1	1.829	0,17,40,34,72,99,41,47,27,26,39,23,71,89,37,1,
146	0	5	2.385	0,90,94,37,71,89,99,72,41,35,29,98,18,44,30,76,87,19,38,5,
146	0	11	2.279	0,90,94,37,71,89,99,41,72,84,95,77,57,46,81,97,68,22,96,28,11,
146	0	6	2.489	0,90,94,37,71,89,99,41,35,29,98,32,74,91,53,45,48,36,66,67,6,
146	0	10	2.346	0,90,94,37,71,89,99,41,35,29,32,74,91,53,59,92,82,78,61,75,10,
146	0	8	2.48	0,90,94,37,71,89,99,72,41,35,29,98,32,74,91,53,45,88,52,80,65,8,
146	0	7	2.485	0,90,94,37,71,89,99,72,41,35,29,98,32,74,91,53,45,48,36,66,7,
146	0	4	2.183	0,90,94,37,71,89,34,72,99,41,47,39,23,26,27,33,20,31,60,4,
146	0	3	1.483	0,90,94,37,71,89,99,41,47,39,26,27,33,20,31,3,
146	0	9	2.422	0,90,94,37,71,89,99,41,35,29,32,74,91,53,59,92,43,54,51,49,9,
146	0	15	1.606	0,90,94,37,71,89,99,41,72,34,50,40,17,64,63,15,
146	1	2	1.79	1,37,71,89,99,72,41,47,39,23,26,27,33,20,31,2,
146	1	3	1.523	1,37,71,89,99,72,41,47,39,23,26,27,33,20,31,3,
146	0	14	2.067	0,90,94,37,71,89,39,26,27,47,41,72,34,50,73,14,
146	1	5	2.22	1,37,71,89,99,72,41,47,35,29,98,18,76,87,19,38,5,
146	1	4	1.843	1,37,71,89,99,72,41,47,39,23,26,27,33,20,31,60,4,
146	1	6	2.227	1,37,71,89,99,41,47,39,26,27,35,29,98,18,76,87,67,6,
146	0	13	2.158	0,90,94,37,71,89,72,34,50,84,95,77,46,57,16,62,13,
146	0	12	2.099	0,90,94,37,71,89,99,41,72,84,95,77,57,46,81,97,25,12,
146	1	7	2.44	1,37,71,89,99,41,35,29,98,32,74,91,53,59,45,48,88,52,36,66,7,
146	1	8	2.553	1,37,71,89,99,41,35,29,98,32,74,91,53,59,45,44,30,48,88,52,80,65,8,
146	2	3	1.708	2,23,37,71,89,99,72,41,47,39,26,27,33,20,31,3,
146	1	12	2.098	1,37,71,89,99,41,72,34,50,84,95,77,57,46,81,97,25,12,
146	2	5	2.262	2,23,39,47,35,29,98,32,74,91,53,44,76,87,19,38,5,
146	1	14	2.086	1,37,71,89,39,26,27,47,41,99,72,34,40,17,64,73,14,
146	1	11	2.278	1,37,71,89,99,41,72,34,50,84,95,77,57,46,81,97,68,22,96,28,11,
146	2	6	2.297	2,23,39,47,35,29,98,32,74,91,53,45,88,36,66,67,6,
146	2	4	2.028	2,23,37,71,89,99,72,41,47,39,26,27,33,20,31,60,4,
146	1	10	2.376	1,37,71,89,99,41,35,29,32,74,91,53,59,92,43,82,78,70,61,75,10,
146	1	15	1.693	1,90,94,37,71,89,99,41,72,34,50,40,17,64,63,15,
146	1	13	2.206	1,37,71,89,99,72,34,50,84,95,77,57,46,81,16,62,13,
146	1	9	2.597	1,37,71,89,99,72,41,35,29,32,74,91,53,93,79,92,43,82,78,51,49,9,
146	3	5	2.115	3,31,20,33,27,26,47,35,29,98,18,76,87,19,38,5,
146	3	4	2.27	3,31,20,33,27,26,47,35,29,98,18,76,87,19,56,4,
146	2	7	2.272	2,23,39,47,35,29,98,32,74,91,53,45,48,88,36,66,7,
146	2	8	2.385	2,23,39,47,41,35,29,98,32,74,91,53,44,30,48,88,52,80,65,8,
146	2	11	2.48	2,23,39,26,27,47,41,72,34,50,84,95,77,46,57,81,97,68,22,96,28,11,
146	2	10	2.478	2,23,39,47,41,35,29,98,32,74,91,53,93,79,92,43,82,78,61,75,10,
146	2	15	1.701	2,23,39,26,27,47,41,99,72,34,50,40,17,64,63,15,
146	2	14	2.314	2,26,27,47,39,23,37,71,89,99,41,72,34,50,40,17,64,73,14,
146	2	12	2.455	2,23,39,26,27,47,41,99,89,72,34,50,84,95,77,57,46,81,97,25,12,
146	2	9	2.437	2,23,39,26,27,47,35,29,98,32,74,91,53,59,92,43,54,51,49,9,
146	2	13	2.403	2,23,39,26,27,47,89,99,72,34,50,84,95,77,46,57,16,62,13,
146	4	5	2.353	4,56,19,87,76,18,44,30,48,88,52,36,66,67,38,5,
146	3	7	2.198	3,31,20,33,27,26,47,35,29,98,18,76,30,48,36,66,7,
146	3	6	2.148	3,31,20,33,27,26,39,47,41,35,29,98,18,76,87,67,6,
146	3	8	2.312	3,31,20,33,26,39,47,35,29,98,18,76,30,48,88,52,80,65,8,
146	3	11	2.444	3,31,20,33,27,26,47,41,72,84,95,77,57,46,81,97,68,22,96,28,85,11,
146	3	10	2.429	3,31,20,33,27,26,39,47,35,29,98,32,74,91,53,59,92,43,54,51,49,10,
146	3	15	1.647	3,31,20,33,27,26,39,47,41,72,34,40,17,64,63,15,
146	3	12	2.343	3,31,20,33,27,26,47,41,72,34,50,84,95,77,57,46,81,97,25,12,
146	3	14	2.327	3,31,20,33,27,26,47,39,23,71,89,99,41,72,34,40,17,64,63,69,14,
146	3	9	2.497	3,31,20,33,27,26,47,35,29,98,32,74,91,53,59,92,43,54,51,49,9,
146	3	13	2.401	3,31,20,33,27,26,39,47,41,72,34,50,84,95,77,46,57,16,62,13,
146	5	6	2.105	5,38,19,87,76,18,44,30,48,45,88,36,66,67,6,
146	4	7	2.467	4,60,33,27,26,39,47,35,29,98,18,76,30,48,36,66,7,
146	4	6	2.394	4,60,31,20,33,27,26,39,47,35,29,98,18,76,87,67,6,
146	4	10	2.591	4,60,33,27,26,39,47,35,29,32,74,91,53,59,92,43,54,49,51,10,
146	4	8	2.595	4,60,31,20,33,27,26,47,35,29,98,18,44,45,88,52,80,65,8,
146	4	11	2.698	4,60,31,20,33,27,26,47,41,72,84,95,77,57,46,81,97,68,22,96,28,11,
146	4	12	2.57	4,60,31,20,33,27,26,39,47,41,72,84,95,77,57,46,81,97,25,12,
146	4	14	2.537	4,60,31,20,33,27,26,47,39,23,37,71,89,99,41,72,34,40,73,14,
146	4	9	2.66	4,60,31,20,33,27,26,47,35,29,98,18,76,30,48,88,52,80,55,9,
146	4	15	2.377	4,60,31,20,33,27,26,47,39,23,37,71,89,99,41,72,34,40,17,64,63,15,
146	4	13	2.663	4,60,31,20,33,27,26,23,39,47,41,99,89,72,34,40,73,24,62,13,
146	5	7	2.17	5,38,19,87,76,18,44,30,48,45,88,52,36,66,21,7,
146	6	7	2.248	6,67,66,36,48,30,76,18,44,45,88,52,80,65,83,7,
146	6	8	2.171	6,67,66,36,48,30,87,76,18,44,45,88,52,80,65,8,
146	5	8	2.185	5,38,19,67,87,76,18,44,30,48,45,88,52,80,65,8,
146	5	10	2.387	5,38,19,87,76,18,74,91,53,59,92,43,82,78,70,61,75,10,
146	5	11	2.545	5,38,19,87,76,18,74,91,53,93,79,58,46,57,81,97,68,22,96,28,11,
146	5	14	2.552	5,38,67,87,76,18,74,91,53,93,79,95,77,46,57,16,62,14,
146	5	9	2.502	5,38,19,87,76,18,74,91,53,93,79,92,43,82,78,51,49,9,
146	5	15	2.63	5,38,19,87,76,18,98,29,35,27,26,39,47,41,72,34,40,17,64,63,15,
146	5	12	2.535	5,38,19,87,76,18,98,32,74,91,53,93,79,95,77,57,46,81,25,12,
146	5	13	2.647	5,38,67,87,76,18,98,32,74,91,53,93,79,95,77,46,57,16,62,13,
146	6	10	2.095	6,67,87,76,30,48,45,59,92,43,82,78,61,75,10,
146	7	10	2.075	7,66,36,52,88,48,45,59,92,43,82,78,61,75,10,
146	7	8	2.272	7,66,36,48,30,76,18,74,91,53,45,88,52,80,65,8,
146	7	9	2.263	7,66,36,52,88,48,30,45,59,92,43,82,78,51,49,9,
146	6	9	2.229	6,67,66,36,88,48,45,59,92,43,82,78,51,49,9,
146	7	11	2.424	7,66,36,48,30,44,53,93,79,58,46,57,81,97,68,22,96,28,11,
146	6	11	2.452	6,67,87,76,18,74,91,53,93,79,58,46,57,81,97,68,22,96,28,11,
146	6	14	2.559	6,67,87,76,18,98,32,74,91,53,93,79,95,77,46,57,16,62,14,
146	6	12	2.442	6,67,87,76,18,98,32,74,91,53,93,79,95,77,57,46,81,25,12,
146	6	15	2.63	6,67,87,76,30,44,53,91,74,32,98,29,35,41,99,72,34,40,17,64,63,15,
146	6	13	2.595	6,67,87,76,18,98,29,32,74,91,53,93,79,95,77,46,57,16,62,13,
146	8	10	2.168	8,65,80,52,88,48,30,44,45,59,92,43,82,78,51,49,10,
146	8	11	2.326	8,65,80,92,43,82,78,54,49,51,75,61,70,42,22,96,28,11,
146	8	9	2.211	8,65,80,52,88,48,30,45,59,92,43,82,78,51,49,9,
146	7	14	2.463	7,66,36,48,45,53,91,74,93,79,95,77,46,57,16,62,14,
146	8	12	2.375	8,65,80,52,88,48,30,44,74,91,53,93,79,58,46,57,81,25,12,
146	7	12	2.391	7,66,36,48,45,53,91,74,93,79,95,77,57,46,81,97,25,12,
146	8	15	2.466	8,65,80,52,88,45,30,76,18,98,29,35,41,72,34,40,17,64,63,15,
146	7	15	2.469	7,66,36,88,48,30,76,18,98,29,35,41,99,72,34,40,17,64,63,15,
146	8	13	2.362	8,55,54,49,51,61,70,42,28,96,22,68,97,81,46,57,16,62,13,
146	7	13	2.476	7,66,36,88,48,30,44,74,91,53,93,79,95,77,46,57,16,62,13,
146	8	14	2.611	8,65,80,43,82,78,61,70,42,28,96,22,68,97,81,46,57,16,62,14,
146	9	10	2.159	9,49,51,78,82,86,58,46,57,81,97,22,42,70,75,10,
146	10	11	1.9	10,75,51,49,54,43,92,82,78,61,70,42,28,96,22,85,11,
146	9	11	2.051	9,49,51,54,78,82,86,58,46,57,81,97,68,22,96,28,11,
146	10	12	1.78	10,75,61,70,42,28,96,22,68,97,81,46,57,16,25,12,
146	9	12	2.273	9,49,51,54,43,92,82,78,61,70,42,28,96,22,68,97,81,25,12,
146	10	13	2.063	10,75,51,78,61,70,42,28,96,22,68,97,81,46,57,16,62,13,
146	10	14	2.183	10,75,51,49,54,78,61,70,42,96,22,68,97,81,46,57,16,62,14,
146	9	13	2.325	9,49,51,54,43,82,78,70,42,96,22,68,97,81,46,57,16,62,13,
146	9	14	2.395	9,49,51,54,43,82,78,61,70,42,22,68,97,81,46,57,16,62,14,
146	10	15	2.342	10,75,61,70,42,96,22,68,97,81,46,57,77,95,84,50,40,17,64,63,15,
146	9	15	2.622	9,49,51,54,43,82,78,70,42,28,96,22,68,97,81,46,57,16,24,73,69,15,
146	13	15	2.129	13,62,16,57,46,77,95,84,50,34,40,17,64,63,69,15,
146	12	14	2.217	12,25,97,81,46,57,77,95,84,50,40,17,64,63,69,14,
146	13	14	2.361	13,62,16,57,46,77,95,84,50,34,40,17,64,63,69,14,
146	11	12	2.028	11,28,42,70,61,51,49,54,78,82,86,68,97,81,25,12,
146	14	15	2.116	14,73,40,34,72,41,99,89,71,37,94,90,17,64,63,15,
146	12	15	1.985	12,25,97,81,46,57,77,95,84,50,40,17,64,63,69,15,
146	12	13	2.155	12,85,28,96,42,70,61,78,82,86,58,46,57,16,62,13,
146	11	13	1.864	11,75,61,70,42,28,96,22,68,97,81,46,57,16,62,13,
146	11	14	2.152	11,75,51,61,70,42,28,96,22,68,97,81,46,57,16,62,14,
146	11	15	2.369	11,85,28,96,22,68,97,81,46,57,77,95,84,50,34,40,17,64,63,69,15,
