123	0	2	1.65	0,66,83,41,64,94,46,87,33,42,99,80,90,29,2,
123	0	1	1.891	0,58,83,41,64,94,46,87,33,74,48,24,99,42,80,1,
123	0	4	2.268	0,58,83,41,64,94,46,87,33,42,99,79,24,48,78,45,67,4,
123	0	5	2.269	0,58,83,41,64,94,46,87,33,74,48,79,45,78,95,37,88,96,5,
123	0	3	1.984	0,58,83,41,64,94,46,87,33,74,48,24,99,42,80,90,29,3,
123	0	6	2.26	0,58,83,41,64,94,46,87,33,74,24,48,45,78,95,88,54,57,18,6,
123	0	7	2.467	0,58,83,41,64,94,46,34,93,31,36,69,38,70,89,28,72,19,75,50,7,
123	0	10	2.218	0,58,83,41,64,94,46,34,93,31,36,69,44,21,65,71,98,40,16,56,10,
123	0	11	2.106	0,58,83,41,64,94,46,34,93,31,36,69,44,21,65,98,17,22,11,
123	0	9	2.377	0,58,83,41,64,94,46,87,34,93,31,36,44,21,69,38,70,61,47,76,43,9,
123	0	8	2.412	0,58,83,41,64,94,46,34,93,31,36,69,44,21,38,70,61,89,28,72,8,
123	0	13	1.896	0,58,83,41,64,94,87,46,60,91,53,86,68,55,73,13,
123	1	3	1.931	1,35,51,83,41,64,94,46,87,33,42,99,80,29,3,
123	1	4	2.196	1,35,51,41,64,94,46,87,33,74,24,48,45,78,95,67,4,
123	0	15	1.855	0,58,83,41,64,94,46,34,93,31,91,60,30,32,23,15,
123	1	5	2.289	1,35,51,41,64,94,46,87,33,74,24,48,45,78,95,88,96,5,
123	1	6	2.367	1,35,51,41,64,94,87,33,74,24,48,45,78,95,88,54,57,18,6,
123	0	14	1.949	0,58,83,41,64,94,87,46,60,53,86,81,49,27,14,
123	1	2	1.79	1,35,51,83,41,64,94,46,87,33,42,99,80,29,2,
123	0	12	2.18	0,58,83,41,64,94,46,34,93,31,36,69,44,21,85,86,68,55,12,
123	1	7	2.552	1,35,51,87,46,34,93,31,36,44,69,38,70,89,28,72,19,75,50,7,
123	1	8	2.492	1,35,51,41,64,94,46,34,93,31,36,44,69,38,70,76,47,26,8,
123	2	3	2.257	2,29,80,35,51,41,64,94,46,87,33,74,24,99,90,3,
123	2	5	2.003	2,29,90,80,42,99,79,45,78,95,88,96,54,57,18,5,
123	1	13	2.264	1,35,51,87,46,34,93,31,36,69,44,21,85,53,81,49,27,13,
123	2	4	2.303	2,29,80,35,51,41,64,94,46,87,33,74,24,79,67,4,
123	2	6	2.056	2,29,90,80,42,99,74,24,48,79,45,78,95,88,54,57,18,6,
123	1	12	2.413	1,35,51,41,64,94,46,34,93,31,36,69,44,21,85,53,86,68,55,12,
123	1	15	2.086	1,35,42,99,79,48,24,74,33,87,46,94,64,41,84,23,15,
123	1	9	2.442	1,35,51,41,64,94,87,46,34,93,31,36,69,44,21,38,70,76,47,43,9,
123	1	14	2.149	1,35,51,83,41,64,94,87,46,60,91,53,81,49,27,14,
123	1	10	2.427	1,35,51,41,64,94,87,46,34,93,31,36,69,44,21,65,98,17,16,56,10,
123	1	11	2.377	1,35,51,41,64,94,87,46,34,93,31,36,69,44,21,65,71,98,17,22,11,
123	3	5	2.144	3,29,90,80,42,99,79,45,78,95,88,96,54,57,18,5,
123	3	4	2.444	3,29,80,35,51,41,64,94,46,87,33,74,24,79,67,4,
123	2	12	2.392	2,29,90,80,42,33,34,93,31,36,69,44,21,85,53,86,68,55,12,
123	2	13	2.311	2,29,90,80,42,33,34,93,31,36,69,44,21,85,86,68,55,73,13,
123	2	7	2.295	2,29,90,80,42,99,74,24,48,79,45,78,95,88,54,57,97,50,7,
123	2	9	2.399	2,29,90,80,42,99,74,34,93,31,36,69,44,21,38,70,76,47,43,9,
123	2	15	1.757	2,29,90,80,99,42,33,87,46,94,64,41,83,66,23,15,
123	2	8	2.485	2,29,90,80,42,99,24,48,78,95,37,88,54,57,97,75,19,72,8,
123	2	14	2.253	2,29,90,80,42,99,79,48,24,74,33,87,46,94,64,41,84,32,14,
123	2	10	2.408	2,29,90,80,42,99,74,34,93,31,36,69,44,21,65,71,98,40,16,56,10,
123	2	11	2.477	2,29,90,80,42,99,24,48,34,93,31,36,69,44,21,65,92,71,98,17,22,11,
123	3	6	2.046	3,29,90,80,42,99,79,45,78,95,88,96,54,57,18,6,
123	4	5	2.534	4,3,29,90,80,42,99,79,45,78,95,88,96,54,57,18,5,
123	3	13	2.438	3,29,90,80,42,33,87,46,94,64,41,84,32,30,49,27,59,13,
123	3	7	2.347	3,29,90,80,42,99,24,48,78,95,37,88,54,57,97,50,7,
123	3	12	2.522	3,29,90,80,42,74,34,93,31,36,69,44,21,85,53,86,68,55,12,
123	3	9	2.457	3,29,80,42,33,34,93,31,36,69,44,21,38,70,76,47,43,9,
123	3	8	2.477	3,29,90,80,42,99,79,45,78,95,88,54,57,97,75,19,72,8,
123	3	15	2.111	3,29,90,80,42,99,79,48,24,74,33,87,46,94,64,41,84,23,15,
123	3	14	2.487	3,29,90,80,42,99,79,48,24,74,33,87,46,94,64,41,83,84,32,14,
123	3	10	2.511	3,29,90,80,42,33,34,93,31,36,69,44,21,65,71,98,17,16,56,10,
123	3	11	2.465	3,29,90,80,42,33,34,93,31,36,69,44,21,20,65,98,17,22,11,
123	5	6	2.281	5,18,57,54,37,63,52,62,89,28,72,19,75,50,77,6,
123	4	6	2.436	4,3,29,90,80,42,99,79,45,78,95,88,96,54,57,18,6,
123	4	7	2.444	4,67,45,78,95,63,37,88,96,18,57,54,82,97,75,50,7,
123	4	8	2.32	4,67,45,78,95,37,88,54,57,97,75,19,72,28,26,8,
123	4	13	2.549	4,67,45,79,48,24,74,34,93,31,36,69,44,21,85,86,68,55,73,13,
123	4	12	2.723	4,67,45,48,24,74,34,93,31,36,69,44,21,85,53,81,68,55,73,12,
123	4	9	2.411	4,67,45,78,95,88,96,54,57,97,75,19,72,28,89,61,47,76,43,9,
123	4	15	2.682	4,67,95,78,45,79,48,24,74,99,80,42,33,87,46,94,64,41,84,23,15,
123	4	10	2.591	4,67,45,78,95,88,54,57,97,75,19,72,28,89,61,47,76,40,16,56,10,
123	4	14	2.634	4,67,45,79,48,24,74,34,93,31,36,69,44,21,85,53,81,49,27,14,
123	4	11	2.599	4,67,45,79,48,24,74,34,93,31,36,69,44,21,65,92,71,98,17,22,11,
123	5	7	2.313	5,18,57,54,37,63,52,62,89,28,72,19,75,97,50,7,
123	6	7	2.215	6,18,57,54,37,63,52,62,89,28,72,19,75,97,50,7,
123	5	8	1.973	5,18,57,54,97,75,19,72,28,89,61,47,76,43,26,8,
123	6	8	1.875	6,18,57,54,97,75,19,72,28,89,61,47,76,43,26,8,
123	5	9	2.225	5,18,57,54,96,88,37,82,97,75,19,72,28,89,61,47,76,43,9,
123	5	13	2.573	5,96,88,37,63,52,39,36,69,44,21,85,53,86,81,49,27,59,73,13,
123	5	12	2.667	5,18,57,54,82,97,50,75,19,72,28,89,61,47,76,40,16,17,22,25,12,
123	5	15	2.485	5,18,57,54,88,37,95,78,48,24,74,33,87,46,94,64,41,84,23,15,
123	5	10	2.515	5,18,57,54,88,37,82,97,50,75,19,72,28,89,61,47,76,40,16,56,10,
123	5	14	2.582	5,96,88,37,63,52,39,36,69,44,21,85,53,86,68,55,59,49,27,14,
123	5	11	2.554	5,96,88,37,54,57,97,50,75,19,72,28,89,61,47,76,40,16,17,22,11,
123	6	9	1.743	6,18,57,54,97,50,75,19,72,28,89,61,47,76,43,9,
123	7	9	1.908	7,77,18,57,54,97,75,19,72,28,89,61,47,76,43,9,
123	7	8	2.048	7,77,57,54,97,75,19,72,28,89,61,47,76,43,26,8,
123	7	10	1.983	7,50,75,19,72,28,89,61,47,76,40,98,71,17,16,56,10,
123	6	12	2.565	6,77,18,57,54,97,50,75,19,72,28,89,61,47,76,40,16,17,22,25,12,
123	6	13	2.54	6,18,57,54,88,37,63,52,39,36,44,69,21,85,53,86,81,49,27,13,
123	6	10	2.307	6,18,57,54,88,37,82,97,75,19,72,28,89,61,47,76,40,16,56,10,
123	6	15	2.483	6,18,57,54,88,37,95,78,48,24,74,33,87,46,94,64,41,83,66,23,15,
123	7	11	2.395	7,50,75,19,72,28,89,61,47,76,70,38,69,44,21,65,98,17,22,11,
123	6	11	2.473	6,77,18,57,54,97,50,75,19,72,28,89,61,47,76,40,16,17,22,25,11,
123	6	14	2.558	6,18,57,54,88,37,63,52,39,69,44,21,85,86,68,55,59,49,27,14,
123	8	9	2.298	8,7,77,18,57,54,97,75,19,72,28,89,61,47,76,43,9,
123	8	10	2.097	8,75,19,72,28,89,61,47,76,40,98,71,17,22,16,56,10,
123	7	12	2.469	7,50,75,19,72,28,89,61,47,76,70,38,69,44,21,85,86,68,55,12,
123	8	12	2.46	8,72,19,28,89,61,47,76,70,38,69,44,21,85,53,86,68,55,12,
123	8	13	2.436	8,26,43,47,76,70,38,69,44,21,85,53,86,81,49,27,59,73,13,
123	8	11	2.032	8,75,19,72,28,89,61,47,76,70,98,65,71,17,22,11,
123	7	13	2.403	7,50,75,19,72,28,89,61,70,38,69,44,21,85,53,86,81,49,27,13,
123	8	15	2.419	8,72,28,89,61,70,38,21,44,69,36,31,93,34,46,94,64,84,23,15,
123	7	15	2.474	7,50,75,19,28,89,70,38,69,44,36,31,93,34,46,94,64,84,23,15,
123	8	14	2.547	8,72,19,28,89,61,47,76,70,38,69,44,21,85,53,86,81,49,27,14,
123	7	14	2.511	7,50,75,19,72,28,89,61,70,38,69,44,21,85,86,68,55,59,49,27,14,
123	9	13	1.938	9,43,47,76,70,38,69,44,21,85,53,81,49,27,13,
123	10	13	1.91	10,56,16,17,98,71,92,65,20,86,81,49,27,59,73,13,
123	9	12	2.022	9,43,47,76,70,38,69,44,21,85,53,81,68,55,12,
123	10	12	2.031	10,56,16,17,98,71,92,65,20,86,81,49,27,59,73,12,
123	9	10	1.957	9,43,47,76,70,38,69,44,21,65,71,98,17,16,56,10,
123	9	11	1.948	9,43,47,76,70,38,69,44,21,65,92,71,98,17,22,11,
123	10	11	2.015	10,56,16,40,70,38,69,44,21,20,92,65,98,17,22,11,
123	10	15	2.225	10,56,16,40,98,71,65,21,44,69,36,31,93,34,46,94,64,84,23,15,
123	10	14	2.237	10,56,16,17,98,71,65,21,69,44,85,53,86,68,55,59,49,27,14,
123	9	15	2.29	9,43,47,76,70,38,21,44,69,36,31,93,34,46,87,94,64,84,23,15,
123	9	14	2.286	9,43,76,47,61,70,38,69,44,21,85,53,86,68,55,59,49,27,14,
123	14	15	2.011	14,27,49,81,53,91,60,46,94,64,41,83,66,23,15,
123	13	15	1.977	13,73,55,68,86,85,53,91,60,46,87,94,64,84,23,15,
123	12	13	2.029	12,25,22,17,98,71,92,65,20,86,68,55,59,49,27,13,
123	12	15	2.078	12,55,68,86,53,91,60,46,87,94,64,41,83,84,23,15,
123	11	13	1.918	11,22,17,98,71,65,21,69,44,85,53,86,68,55,73,13,
123	11	12	2.022	11,22,17,71,98,65,20,21,69,44,85,53,86,68,55,12,
123	11	15	2.031	11,22,17,98,65,21,44,69,36,91,60,30,32,84,23,15,
123	13	14	2	13,73,55,68,86,20,21,69,44,85,53,81,49,27,14,
123	12	14	2.074	12,25,22,17,98,71,92,65,20,86,68,55,59,49,27,14,
123	11	14	1.957	11,22,17,98,71,92,65,20,86,81,68,55,59,49,27,14,
