491	0	1	2.736	0,15,93,41,66,94,85,81,68,19,50,32,31,90,51,65,1,
491	0	2	2.452	0,35,65,51,90,31,50,19,68,81,85,16,18,32,97,36,2,
491	0	3	2.265	0,35,65,51,81,68,19,50,32,18,49,40,27,92,78,4,3,
491	0	4	2.366	0,35,24,51,81,68,19,50,31,36,97,44,32,18,49,40,92,27,78,4,
491	0	5	2.565	0,35,24,65,51,81,68,90,36,44,97,31,19,50,32,18,49,40,92,78,27,5,
491	0	6	2.635	0,35,24,65,51,90,31,19,50,32,18,49,40,92,27,45,83,76,61,30,6,
491	0	7	2.628	0,35,65,51,90,31,19,50,32,18,69,70,45,83,76,61,30,59,54,72,89,7,
491	0	8	2.721	0,35,24,81,68,19,50,32,18,69,70,45,83,61,76,48,22,91,64,46,8,
491	0	9	2.733	0,66,41,82,42,99,37,58,53,38,96,47,63,34,71,28,52,87,74,84,9,
491	0	10	2.555	0,66,41,82,42,99,58,53,38,96,47,63,34,71,28,52,87,74,98,10,
491	0	11	2.655	0,66,41,82,42,99,37,58,53,38,96,63,34,71,47,77,17,11,
491	0	12	2.701	0,66,41,82,42,99,37,58,53,38,96,63,34,47,77,57,88,12,
491	0	13	2.16	0,35,24,94,66,41,82,42,99,37,58,38,53,57,88,13,
491	0	14	2.407	0,35,24,66,41,82,42,99,38,53,57,88,58,37,43,14,
491	0	15	2.514	0,35,65,51,90,31,19,68,81,85,94,60,82,41,93,15,
491	1	2	2.326	1,35,24,51,81,68,16,69,70,18,32,50,19,31,97,36,2,
491	1	3	2.16	1,35,65,51,81,68,19,50,32,18,49,40,27,92,78,4,3,
491	1	4	1.77	1,35,65,51,81,68,19,50,32,18,49,40,27,92,78,4,
491	1	5	2.391	1,35,65,51,81,85,68,90,36,44,97,31,19,50,32,18,49,40,92,27,5,
491	1	6	2.473	1,65,51,81,85,68,19,50,32,18,49,40,92,27,45,83,76,61,30,6,
491	1	7	2.484	1,65,51,81,68,19,50,32,18,49,40,92,27,45,83,76,61,54,72,89,7,
491	1	8	2.638	1,65,51,81,68,19,50,32,18,69,70,45,83,61,76,21,75,22,91,64,46,8,
491	1	9	2.812	1,65,51,90,19,50,32,18,69,70,45,83,61,76,48,21,75,22,91,64,79,9,
491	1	10	2.67	1,65,51,81,68,85,16,33,62,20,25,26,80,56,28,52,87,74,98,10,
491	1	11	2.685	1,35,24,94,60,41,82,42,99,37,58,53,38,96,47,63,34,71,17,11,
491	1	12	2.842	1,35,24,65,51,81,85,16,39,20,25,26,80,56,71,34,63,96,77,12,
491	1	13	2.421	1,35,24,94,66,41,82,42,99,37,58,53,38,77,57,88,13,
491	1	14	2.302	1,35,24,66,41,82,42,99,38,53,57,88,58,37,43,14,
491	1	15	2.386	1,65,51,81,85,16,33,62,20,67,60,82,41,93,15,
491	2	3	2.007	2,36,31,19,68,81,85,39,62,33,16,18,32,97,44,3,
491	2	4	1.714	2,36,44,97,31,90,81,68,19,50,32,18,49,40,27,78,4,
491	2	5	1.703	2,36,44,97,31,90,81,68,19,50,32,18,49,40,92,27,5,
491	2	6	2.253	2,36,97,44,32,50,19,68,81,85,16,33,62,23,45,83,76,61,30,6,
491	2	7	2.243	2,36,44,97,31,19,50,32,18,49,40,92,27,45,83,76,61,54,72,89,7,
491	2	8	2.407	2,36,97,44,32,50,19,68,81,85,16,33,62,23,21,75,48,22,91,64,46,8,
491	2	9	2.611	2,36,97,44,32,50,19,68,81,85,16,33,62,23,21,75,48,22,91,64,79,9,
491	2	10	2.484	2,36,97,44,32,50,19,68,81,85,39,20,25,26,80,56,28,87,74,98,10,
491	2	11	2.549	2,36,97,44,32,50,19,68,81,85,73,20,25,26,63,96,47,34,71,17,11,
491	2	12	2.618	2,36,31,19,50,68,81,85,73,20,25,26,80,56,71,34,63,96,47,77,12,
491	2	13	2.436	2,36,97,44,32,50,19,68,81,85,94,60,82,42,99,37,58,13,
491	2	14	2.329	2,36,97,44,32,50,19,68,81,85,94,60,82,42,99,37,43,14,
491	2	15	2.084	2,36,97,44,32,50,19,68,81,85,73,60,82,41,93,15,
491	3	4	1.544	3,44,97,36,31,19,50,32,18,69,70,49,40,27,92,78,4,
491	3	5	1.634	3,44,97,31,90,81,68,19,50,32,18,49,40,92,78,27,5,
491	3	6	1.774	3,44,97,36,31,19,50,32,18,69,70,45,83,76,61,30,6,
491	3	7	2.068	3,44,97,36,31,19,50,32,18,69,70,45,83,76,61,30,59,54,72,89,7,
491	3	8	2.313	3,44,97,36,31,32,50,19,68,81,85,16,33,62,23,21,75,22,91,64,46,8,
491	3	9	2.517	3,44,97,36,31,32,50,19,68,81,85,16,33,62,23,21,75,22,91,64,79,9,
491	3	10	2.362	3,44,97,32,50,19,68,81,85,73,20,25,26,80,56,28,52,87,74,98,10,
491	3	11	2.443	3,44,97,32,50,19,68,81,85,73,20,25,26,80,56,34,63,96,47,17,11,
491	3	12	2.432	3,44,97,31,19,68,81,85,73,20,25,26,80,56,71,34,63,96,47,77,12,
491	3	13	2.449	3,44,97,32,50,19,68,81,85,73,60,82,42,99,58,38,53,57,88,13,
491	3	14	2.323	3,44,97,36,31,32,50,19,68,81,85,73,67,60,82,42,99,37,43,14,
491	3	15	2.01	3,44,97,32,50,19,68,81,85,39,73,60,82,41,93,15,
491	4	5	1.891	4,18,32,50,19,68,81,85,16,69,70,49,40,92,27,5,
491	4	6	1.763	4,78,92,27,40,49,70,69,45,83,76,61,54,59,30,6,
491	4	7	1.881	4,78,92,27,40,49,70,45,83,61,76,21,75,48,54,72,89,7,
491	4	8	2.06	4,78,92,27,40,49,70,69,45,83,61,76,48,21,75,22,91,64,46,8,
491	4	9	2.404	4,78,92,27,40,49,70,69,45,83,61,76,48,21,75,22,91,64,79,84,9,
491	4	10	2.395	4,78,92,27,40,49,70,69,33,62,20,25,26,80,56,28,52,87,74,98,10,
491	4	11	2.443	4,78,92,40,49,70,69,33,62,20,25,26,80,56,71,34,63,96,47,17,11,
491	4	12	2.522	4,78,92,27,40,49,70,69,33,62,20,25,26,80,56,71,34,63,96,77,12,
491	4	13	2.422	4,78,92,40,49,70,69,33,62,25,26,63,47,96,38,53,57,88,13,
491	4	14	2.41	4,78,92,40,49,18,32,50,19,68,81,85,73,60,82,42,99,37,43,14,
491	4	15	2.379	4,78,92,27,40,49,18,32,50,19,68,81,85,73,67,60,82,41,93,15,
491	5	6	1.864	5,27,78,92,40,49,70,69,45,83,76,61,54,59,30,6,
491	5	7	1.715	5,27,92,40,49,70,69,45,83,61,30,59,54,72,89,7,
491	5	8	2.045	5,27,92,40,49,70,69,45,83,61,76,48,21,75,22,91,64,46,8,
491	5	9	2.35	5,27,92,78,40,49,70,69,45,83,61,76,48,21,75,22,91,64,79,9,
491	5	10	2.38	5,27,92,40,49,70,69,33,62,20,25,26,80,56,28,52,87,74,98,10,
491	5	11	2.488	5,27,40,49,70,69,33,62,20,25,26,80,56,71,34,63,96,47,17,11,
491	5	12	2.479	5,27,92,40,49,70,69,33,62,20,25,26,80,56,34,63,96,47,77,12,
491	5	13	2.505	5,95,30,61,76,21,75,86,80,56,71,34,63,47,96,38,53,57,88,13,
491	5	14	2.461	5,27,92,40,49,18,32,50,68,81,85,73,60,82,42,99,37,43,14,
491	5	15	2.58	5,27,92,40,49,18,32,50,19,68,81,85,16,39,73,67,60,82,41,93,15,
491	6	7	2.105	6,5,27,92,40,49,70,69,45,83,61,30,59,54,72,89,7,
491	6	8	2.087	6,30,59,89,72,54,61,76,48,21,75,55,22,91,64,46,8,
491	6	9	2.294	6,30,61,76,54,48,75,21,86,80,56,28,52,87,74,98,84,9,
491	6	10	2.316	6,59,54,48,75,21,86,80,56,34,63,96,47,71,28,52,87,74,98,10,
491	6	11	2.562	6,30,61,76,48,21,75,55,86,26,80,56,71,34,47,63,96,77,11,
491	6	12	2.534	6,30,61,76,21,75,55,86,80,56,71,34,63,47,96,38,53,57,88,12,
491	6	13	2.447	6,30,59,54,22,48,75,21,86,80,56,71,34,63,47,96,38,53,57,88,13,
491	6	14	2.415	6,30,61,76,21,75,86,80,56,71,34,63,47,96,38,53,58,37,43,14,
491	6	15	2.739	6,30,61,76,83,45,70,18,32,50,19,68,81,85,73,60,82,41,93,15,
491	7	8	1.917	7,89,72,54,59,30,61,76,48,21,75,55,22,91,64,46,8,
491	7	9	2.001	7,89,72,54,48,21,75,55,86,80,56,28,52,87,84,9,
491	7	10	2.053	7,89,72,54,61,76,48,75,21,86,80,56,28,52,87,74,98,10,
491	7	11	2.255	7,89,72,54,59,30,61,76,48,75,21,86,80,56,34,63,47,17,11,
491	7	12	2.315	7,89,72,54,48,75,21,86,80,56,71,34,63,47,96,38,53,57,88,12,
491	7	13	2.495	7,89,72,54,59,30,61,76,48,75,21,86,80,56,34,63,47,96,38,53,88,13,
491	7	14	2.367	7,89,72,54,48,75,21,86,80,56,71,34,63,47,96,38,53,58,37,43,14,
491	7	15	2.689	7,89,72,54,59,30,61,76,83,45,23,62,33,16,39,73,60,82,41,93,15,
491	8	9	2.068	8,46,64,91,22,48,75,21,86,80,56,28,52,87,74,84,9,
491	8	10	1.972	8,46,64,91,22,48,75,21,86,80,56,28,52,87,74,98,10,
491	8	11	2.04	8,46,64,91,22,75,21,86,80,56,71,34,63,96,47,17,11,
491	8	12	2.33	8,46,64,91,22,75,21,86,80,56,34,63,47,96,38,53,88,57,12,
491	8	13	2.365	8,46,64,91,22,48,75,21,86,80,56,71,34,63,47,96,38,53,57,88,13,
491	8	14	2.527	8,46,64,91,22,48,75,21,86,80,56,71,34,63,47,96,38,53,58,37,43,14,
491	8	15	2.788	8,46,64,91,55,86,80,56,71,34,63,47,96,38,58,37,99,42,93,15,
491	9	10	2.176	9,79,64,91,22,48,75,21,86,80,56,28,52,87,74,98,10,
491	9	11	2.207	9,84,87,28,71,34,63,47,96,38,53,88,57,77,17,11,
491	9	12	1.962	9,84,87,52,28,80,56,71,34,63,47,96,38,53,57,12,
491	9	13	2.161	9,84,98,74,87,52,28,80,56,71,34,63,47,96,38,53,57,88,13,
491	9	14	2.542	9,84,98,74,87,52,28,71,34,63,47,96,38,53,57,88,58,99,37,43,14,
491	9	15	2.609	9,84,74,87,52,28,71,34,63,47,96,38,53,58,37,99,42,82,41,93,15,
491	10	11	2.089	10,98,74,87,52,28,71,34,63,47,96,38,53,57,77,11,
491	10	12	1.813	10,98,74,87,52,28,71,34,63,47,96,38,53,57,88,12,
491	10	13	1.932	10,98,74,87,52,28,80,56,71,34,63,47,96,38,53,57,88,13,
491	10	14	2.163	10,98,74,87,52,28,71,34,63,47,96,38,53,57,88,58,37,43,14,
491	10	15	2.343	10,98,74,87,52,28,71,34,63,47,96,38,53,58,37,99,42,93,15,
491	11	12	2.045	11,17,74,87,52,28,71,34,63,47,96,38,53,88,57,12,
491	11	13	1.961	11,17,74,87,52,28,71,34,63,47,96,38,53,57,88,13,
491	11	14	2.459	11,17,47,96,63,34,71,56,80,26,29,67,60,82,42,99,37,43,14,
491	11	15	2.434	11,17,71,34,63,47,96,38,53,57,88,58,99,42,82,41,93,15,
491	12	13	2.191	12,77,47,96,63,34,71,56,80,26,29,38,53,57,88,13,
491	12	14	2.128	12,77,47,71,34,63,96,38,53,57,88,58,99,37,43,14,
491	12	15	2.154	12,57,88,53,38,58,37,99,42,82,67,60,41,93,15,
491	13	14	2.137	13,88,57,53,38,58,37,99,42,82,41,66,93,43,14,
491	13	15	2.07	13,88,57,53,38,58,37,99,42,82,67,60,41,93,15,
491	14	15	2.23	14,43,37,58,88,57,53,38,99,42,82,41,66,93,15,
