483	0	1	2.276	0,47,80,56,51,29,22,76,90,87,84,49,65,85,40,2,1,
483	0	2	2.019	0,47,80,56,51,29,22,76,90,87,84,49,65,85,40,72,2,
483	0	3	1.994	0,47,80,56,51,29,22,76,90,87,84,49,65,85,40,72,3,
483	0	4	2.285	0,56,51,29,22,76,90,87,84,49,65,40,85,57,95,36,94,4,
483	0	5	2.38	0,56,51,29,22,76,90,87,64,45,20,28,78,75,16,91,17,5,
483	0	6	2.712	0,47,80,56,51,29,22,76,90,87,64,45,20,28,91,78,75,16,60,6,
483	0	7	2.505	0,56,51,29,22,76,90,87,64,45,20,28,91,16,78,75,42,96,7,
483	0	8	2.522	0,51,56,22,76,90,87,64,31,98,86,58,99,53,77,83,37,26,24,8,
483	0	9	2.512	0,56,51,29,22,76,90,87,64,31,98,86,99,53,77,83,59,9,
483	0	10	2.678	0,51,29,22,76,90,87,64,31,98,86,58,99,53,77,83,59,50,10,
483	0	11	2.492	0,47,56,51,29,22,80,27,82,52,71,97,88,46,74,34,33,30,11,
483	0	12	2.543	0,47,56,51,29,22,80,27,82,52,71,25,70,81,44,79,92,12,
483	0	13	2.016	0,51,29,56,80,27,82,52,71,25,70,81,44,92,13,
483	0	14	2.057	0,56,51,29,22,80,27,82,52,71,25,70,44,81,14,
483	0	15	2.262	0,47,56,51,29,22,80,27,82,52,71,25,70,41,18,15,
483	1	2	1.758	1,29,51,56,80,22,76,90,87,84,49,65,85,40,72,2,
483	1	3	1.733	1,29,51,56,80,22,76,90,87,84,49,65,85,40,72,3,
483	1	4	1.806	1,29,51,56,80,22,76,90,87,84,49,57,36,95,4,
483	1	5	2.113	1,29,51,56,22,76,90,87,64,45,20,28,78,16,91,17,5,
483	1	6	2.601	1,29,51,56,80,22,76,90,87,64,45,20,28,91,16,78,75,42,96,6,
483	1	7	2.494	1,29,51,56,22,76,90,87,64,31,98,86,58,99,67,61,43,19,21,38,7,
483	1	8	2.44	1,29,51,56,22,76,90,87,64,31,98,86,58,99,53,77,83,37,26,24,8,
483	1	9	2.462	1,29,51,56,22,76,90,87,64,31,98,86,58,99,35,53,77,83,59,9,
483	1	10	2.72	1,29,51,56,22,76,90,87,84,45,64,31,98,86,58,99,53,77,83,59,50,10,
483	1	11	2.667	1,29,51,56,22,80,27,82,93,63,52,71,97,88,66,39,46,74,34,33,30,11,
483	1	12	2.714	1,29,51,56,80,27,82,93,63,71,97,88,66,39,46,74,34,33,32,12,
483	1	13	2.232	1,29,51,56,22,80,27,82,93,63,71,52,25,70,81,44,79,92,13,
483	1	14	2.213	1,29,51,56,80,27,82,52,71,97,88,66,39,92,44,81,14,
483	1	15	2.102	1,29,51,56,80,27,82,93,63,71,52,25,70,41,18,15,
483	2	3	2.017	2,29,51,56,80,22,76,90,87,84,49,65,85,40,72,3,
483	2	4	2.09	2,29,51,56,80,22,76,90,87,84,49,57,36,95,4,
483	2	5	2.397	2,29,51,56,22,76,90,87,64,45,20,28,78,16,91,17,5,
483	2	6	2.488	2,40,85,65,84,45,64,31,86,58,99,67,61,43,19,62,96,42,6,
483	2	7	2.424	2,40,85,65,84,45,64,31,98,86,58,99,67,23,61,43,55,19,21,38,7,
483	2	8	2.355	2,40,85,65,84,45,64,31,98,86,58,99,35,53,77,83,68,37,26,24,8,
483	2	9	2.429	2,40,85,65,84,45,64,31,98,86,58,99,67,23,68,26,37,83,77,59,9,
483	2	10	2.508	2,40,85,65,84,45,64,31,98,86,58,99,67,61,23,77,83,59,50,10,
483	2	11	2.662	2,40,85,65,87,90,76,22,80,27,82,52,71,97,88,46,74,34,33,30,11,
483	2	12	2.704	2,40,85,65,84,87,90,76,22,80,27,82,52,71,25,70,44,79,92,12,
483	2	13	2.387	2,40,85,65,87,90,76,80,27,82,52,71,25,70,81,44,79,92,13,
483	2	14	2.377	2,40,85,65,87,90,76,22,80,27,82,52,71,25,70,44,81,14,
483	2	15	2.272	2,40,85,65,49,84,87,90,76,22,29,51,56,80,27,82,73,15,
483	3	4	2.128	3,57,72,40,85,65,84,87,90,64,45,20,28,36,95,4,
483	3	5	2.22	3,72,40,85,65,49,84,64,45,20,28,78,75,16,91,17,5,
483	3	6	2.46	3,57,49,84,64,31,98,86,58,99,67,61,43,19,62,96,42,6,
483	3	7	2.329	3,57,49,28,20,45,64,31,98,86,58,99,67,61,43,19,21,38,7,
483	3	8	2.339	3,57,49,28,20,45,64,31,98,86,58,99,53,77,83,68,37,26,24,8,
483	3	9	2.439	3,57,49,84,45,64,31,98,86,58,99,67,61,23,68,26,37,83,77,59,9,
483	3	10	2.499	3,57,49,28,20,45,64,31,98,86,58,99,35,53,77,83,59,50,10,
483	3	11	2.595	3,72,40,85,65,87,90,76,27,82,52,71,97,88,46,74,34,33,30,11,
483	3	12	2.801	3,72,40,65,87,90,76,22,80,27,82,52,71,25,70,81,44,79,92,12,
483	3	13	2.532	3,72,40,85,65,84,87,90,76,22,80,27,82,52,71,25,70,44,79,92,13,
483	3	14	2.474	3,57,85,40,65,84,87,90,76,22,29,51,56,80,47,73,18,41,14,
483	3	15	2.376	3,57,72,40,85,65,49,84,87,90,76,22,29,51,56,80,47,73,15,
483	4	5	2.115	4,95,36,28,20,45,64,98,31,78,75,16,91,17,5,
483	4	6	2.13	4,94,17,91,16,75,48,61,23,43,19,62,96,42,6,
483	4	7	2.165	4,94,17,91,16,75,48,89,86,58,99,67,61,43,19,21,38,7,
483	4	8	2.25	4,95,36,94,17,91,16,78,75,62,19,55,43,61,23,68,37,26,24,8,
483	4	9	2.307	4,95,36,94,17,91,16,75,62,19,43,55,24,26,37,68,77,83,59,9,
483	4	10	2.387	4,94,17,91,16,78,75,62,19,43,61,23,68,26,37,83,77,59,50,10,
483	4	11	2.555	4,94,17,91,16,78,75,62,19,43,61,23,68,77,83,59,54,30,11,
483	4	12	2.838	4,94,17,91,16,75,62,19,43,61,23,68,77,83,59,54,33,32,12,
483	4	13	2.689	4,95,36,49,84,87,90,76,22,80,27,82,52,71,25,70,81,44,79,92,13,
483	4	14	2.683	4,95,36,57,49,84,87,90,76,22,80,27,82,52,71,25,70,41,18,14,
483	4	15	2.604	4,95,36,57,85,40,65,49,84,87,90,76,22,29,51,56,80,47,73,15,
483	5	6	2.094	5,17,91,16,78,75,48,61,23,43,55,19,62,96,42,6,
483	5	7	1.932	5,17,91,16,75,89,86,58,99,67,61,43,19,21,38,7,
483	5	8	1.833	5,17,91,16,78,75,62,19,43,61,23,68,37,26,24,8,
483	5	9	2.17	5,17,60,16,91,78,75,62,19,43,61,23,68,37,83,77,59,9,
483	5	10	2.154	5,17,91,16,78,75,62,19,43,55,24,26,68,77,83,59,50,10,
483	5	11	2.396	5,17,91,16,78,75,62,19,43,61,23,68,77,83,59,54,30,11,
483	5	12	2.679	5,17,91,16,75,62,19,43,61,23,68,77,83,59,54,33,32,12,
483	5	13	2.696	5,17,91,16,78,28,20,45,64,31,98,63,71,52,25,70,44,79,92,13,
483	5	14	2.728	5,17,91,16,78,28,20,45,64,31,98,63,71,52,25,70,44,81,14,
483	5	15	2.605	5,17,91,16,78,28,20,45,64,87,90,76,22,29,51,56,47,73,15,
483	6	7	1.738	6,42,96,62,19,43,61,23,77,83,37,26,24,55,21,38,7,
483	6	8	1.624	6,42,96,62,19,43,61,23,68,77,83,59,37,26,24,8,
483	6	9	2.066	6,42,96,62,19,43,61,23,67,89,86,58,99,35,53,77,83,59,9,
483	6	10	2.353	6,42,96,62,19,43,55,23,61,67,89,86,58,99,35,53,77,83,59,50,10,
483	6	11	2.427	6,42,96,62,38,21,19,55,43,61,23,68,26,37,83,77,59,54,30,33,11,
483	6	12	2.51	6,42,96,62,19,43,55,24,26,37,68,83,77,59,54,30,33,34,32,12,
483	6	13	2.6	6,42,96,62,19,43,23,68,26,37,83,77,53,35,69,46,66,39,79,92,13,
483	6	14	2.588	6,42,96,62,19,43,61,67,99,86,58,69,46,66,39,92,79,44,81,14,
483	6	15	2.622	6,60,16,91,28,20,45,64,87,90,76,22,29,51,56,80,47,73,15,
483	7	8	1.729	7,38,21,19,43,61,67,89,86,58,99,35,53,77,68,24,8,
483	7	9	1.647	7,38,21,19,43,61,23,68,26,37,83,77,59,54,50,9,
483	7	10	1.582	7,38,21,19,43,61,23,68,26,37,83,77,59,50,54,10,
483	7	11	2.288	7,38,21,62,19,55,43,61,23,68,26,37,83,77,59,50,54,30,33,11,
483	7	12	2.31	7,38,21,19,55,43,61,23,68,26,37,83,77,59,54,30,33,34,32,12,
483	7	13	2.408	7,38,21,19,43,61,23,68,26,37,83,77,53,35,69,88,66,39,79,92,13,
483	7	14	2.504	7,38,21,19,55,43,61,23,67,99,86,58,69,46,66,39,79,92,44,81,14,
483	7	15	2.676	7,38,21,19,55,43,61,67,99,86,58,69,88,97,71,52,25,70,41,18,15,
483	8	9	1.687	8,38,21,19,43,61,23,68,26,37,83,77,59,54,50,9,
483	8	10	1.622	8,38,21,19,43,61,23,68,26,37,83,77,59,50,54,10,
483	8	11	2.03	8,38,21,19,43,61,23,68,26,37,83,77,59,50,54,30,33,11,
483	8	12	2.262	8,24,55,19,43,61,23,68,26,37,83,77,59,50,54,30,33,32,12,
483	8	13	2.443	8,55,19,43,61,23,68,26,37,83,77,53,99,86,58,69,46,66,39,79,92,13,
483	8	14	2.454	8,24,26,37,68,83,77,53,35,99,86,58,69,88,66,39,92,79,44,81,14,
483	8	15	2.613	8,24,26,37,83,77,53,35,69,46,66,39,92,79,44,81,70,25,41,18,15,
483	9	10	1.871	9,59,77,83,37,68,26,24,55,19,43,61,23,53,35,54,10,
483	9	11	1.906	9,37,26,24,55,19,43,61,23,77,83,59,54,33,30,11,
483	9	12	2.329	9,37,26,24,55,19,43,61,23,68,77,83,59,54,30,33,34,32,12,
483	9	13	2.254	9,59,77,83,37,26,68,23,61,67,99,86,58,69,46,66,39,92,13,
483	9	14	2.395	9,37,26,68,83,77,53,35,99,86,58,69,46,66,39,92,79,44,81,14,
483	9	15	2.607	9,59,83,77,53,99,86,58,69,46,66,39,92,79,44,70,25,41,18,15,
483	10	11	2.077	10,50,59,83,77,68,23,67,99,86,58,69,34,33,30,11,
483	10	12	2.286	10,50,59,77,83,37,26,68,23,67,99,86,58,69,46,74,12,
483	10	13	2.191	10,50,59,83,77,53,99,86,58,69,88,66,39,79,92,13,
483	10	14	2.563	10,50,59,83,77,68,23,67,99,86,58,69,46,66,39,92,44,81,14,
483	10	15	2.772	10,50,59,83,77,68,23,61,67,99,86,58,69,46,39,66,25,70,41,18,15,
483	11	12	2.31	11,30,33,34,46,39,66,71,52,25,70,81,44,79,92,12,
483	11	13	2.187	11,30,33,34,74,46,39,66,88,97,63,71,25,70,44,13,
483	11	14	2.12	11,30,33,34,74,46,88,66,39,92,79,44,81,70,25,41,18,14,
483	11	15	2.392	11,30,33,34,74,46,88,97,66,39,92,44,81,70,25,41,18,15,
483	12	13	2.443	12,32,33,34,74,46,39,66,88,97,63,71,52,25,70,44,13,
483	12	14	2.46	12,32,33,34,46,88,97,66,39,92,79,44,81,70,25,41,18,14,
483	12	15	2.618	12,32,33,34,74,46,88,97,66,39,92,79,44,81,70,25,41,18,15,
483	13	14	2.088	13,81,44,79,92,39,66,88,97,71,52,25,70,41,18,14,
483	13	15	2.188	13,92,79,44,70,25,52,71,63,93,82,27,80,47,73,15,
483	14	15	2.156	14,81,44,79,92,39,66,88,97,71,52,25,70,41,18,15,
