355	0	1	1.676	0,85,32,22,59,50,77,51,21,87,74,81,55,97,86,1,
355	0	2	1.601	0,85,32,22,95,57,77,50,51,21,87,74,29,91,66,2,
355	0	3	1.809	0,85,32,22,59,50,77,51,21,87,46,16,17,18,90,43,61,36,3,
355	0	4	1.893	0,79,32,85,95,57,50,77,51,21,87,46,16,17,18,90,43,27,24,4,
355	0	5	2.268	0,49,19,79,22,32,85,95,57,59,50,77,51,21,87,46,16,17,18,41,56,5,
355	0	6	2.391	0,79,22,32,85,95,57,59,50,77,51,21,87,74,46,16,17,94,96,44,6,
355	0	7	2.35	0,79,22,32,85,95,57,50,77,51,21,87,46,16,17,94,96,44,99,62,7,
355	0	8	2.461	0,85,32,22,59,50,77,51,21,87,46,16,17,94,96,44,42,39,84,8,
355	0	9	2.517	0,79,22,32,85,95,57,50,77,51,21,87,78,98,64,53,26,82,9,
355	0	10	2.696	0,79,22,32,85,95,57,59,50,77,51,21,78,98,64,53,26,25,82,10,
355	0	11	2.452	0,19,49,38,68,33,20,30,83,54,23,63,69,45,88,31,80,35,11,
355	0	12	2.482	0,19,79,22,32,85,95,57,59,28,75,40,33,30,83,54,23,63,92,12,
355	0	13	1.658	0,85,32,22,79,19,49,38,68,33,30,83,54,23,63,92,13,
355	0	14	1.757	0,85,32,22,79,19,49,38,40,33,20,30,83,54,63,23,14,
355	0	15	1.873	0,79,22,32,85,95,57,77,51,50,59,28,75,38,68,15,
355	1	2	1.525	1,37,47,34,95,57,50,77,51,21,87,74,29,91,66,2,
355	1	3	1.588	1,37,47,34,95,57,59,50,77,51,21,87,74,29,36,3,
355	1	4	1.762	1,37,34,95,57,50,77,51,21,87,46,16,17,18,90,43,27,24,4,
355	1	5	1.946	1,37,47,85,32,22,95,57,50,77,51,21,87,46,16,17,41,56,5,
355	1	6	2.369	1,37,47,34,95,57,59,50,77,51,21,87,46,16,17,94,96,44,99,62,6,
355	1	7	2.371	1,37,47,85,32,22,95,57,50,77,51,21,87,46,16,17,94,96,44,99,62,7,
355	1	8	2.45	1,37,47,34,95,57,50,77,51,21,87,46,16,17,94,96,44,42,39,84,8,
355	1	9	2.532	1,37,47,34,95,57,50,77,51,21,87,46,78,98,64,53,26,25,67,9,
355	1	10	2.614	1,37,47,85,32,22,79,19,49,38,68,33,20,69,45,88,31,35,72,10,
355	1	11	2.428	1,37,47,85,32,22,79,19,49,38,68,33,20,69,45,88,31,80,35,11,
355	1	12	2.213	1,37,47,34,85,32,22,79,19,49,38,68,33,20,30,83,54,63,92,12,
355	1	13	1.894	1,37,47,34,85,32,22,79,19,49,38,68,33,20,30,83,54,63,92,13,
355	1	14	1.962	1,37,47,85,32,22,79,19,49,38,68,40,33,20,30,83,54,63,23,14,
355	1	15	1.703	1,37,47,34,86,97,55,81,57,95,85,32,22,79,19,49,15,
355	2	3	1.519	2,66,48,91,29,74,87,46,16,17,18,90,43,61,36,3,
355	2	4	1.61	2,60,97,55,81,77,51,21,87,46,16,90,43,27,24,4,
355	2	5	1.714	2,66,60,97,55,81,51,21,87,46,16,17,41,56,5,
355	2	6	2.008	2,60,97,55,81,77,51,21,87,46,16,17,94,96,44,6,
355	2	7	2.272	2,66,60,97,55,81,77,50,51,21,87,46,16,17,94,96,44,99,62,7,
355	2	8	2.46	2,66,48,91,60,97,55,81,51,21,87,46,16,17,94,96,44,42,39,84,8,
355	2	9	2.502	2,66,48,29,91,60,97,55,81,51,21,87,78,98,64,53,26,25,67,9,
355	2	10	2.609	2,48,66,60,97,55,81,77,50,51,21,87,78,98,64,53,26,82,10,
355	2	11	2.568	2,66,48,91,29,74,87,21,51,77,50,59,28,89,70,88,31,80,35,11,
355	2	12	2.338	2,60,97,55,81,21,51,77,50,59,28,75,20,30,83,54,63,92,12,
355	2	13	2.071	2,66,60,97,55,81,51,77,50,59,28,75,40,33,30,83,54,63,92,13,
355	2	14	2.061	2,66,48,91,29,74,87,21,51,77,50,59,28,75,40,33,30,83,14,
355	2	15	1.59	2,48,66,60,97,86,34,85,32,22,79,19,49,38,68,15,
355	3	4	1.693	3,36,29,91,60,97,55,81,51,21,87,46,90,27,24,4,
355	3	5	1.822	3,36,29,91,60,97,55,81,21,87,46,16,17,41,56,5,
355	3	6	2.111	3,36,29,60,97,55,81,21,87,46,16,17,94,96,44,6,
355	3	7	2.292	3,36,29,60,97,55,81,51,21,87,46,16,17,94,96,44,99,62,7,
355	3	8	2.486	3,36,29,91,60,97,55,81,51,21,87,46,16,17,94,96,44,99,84,8,
355	3	9	2.554	3,36,61,43,90,18,17,16,46,87,21,51,78,98,64,53,26,25,67,9,
355	3	10	2.703	3,36,61,43,90,18,16,46,87,21,51,77,50,59,28,89,65,71,72,10,
355	3	11	2.6	3,36,61,43,90,18,17,16,46,87,21,51,77,50,73,65,71,31,35,11,
355	3	12	2.421	3,36,29,74,87,21,51,77,50,59,28,75,20,30,83,54,63,92,12,
355	3	13	2.193	3,36,61,43,90,46,87,21,51,77,50,28,75,20,30,83,54,63,92,13,
355	3	14	2.12	3,36,61,43,90,18,17,16,46,87,21,51,77,50,59,28,75,40,33,14,
355	3	15	1.972	3,36,61,43,90,18,17,16,46,87,21,51,77,50,59,22,79,19,49,15,
355	4	5	2.012	4,24,27,43,61,36,29,74,87,46,16,17,18,41,56,5,
355	4	6	2.188	4,24,27,43,90,46,16,17,18,41,56,96,44,99,62,6,
355	4	7	2.115	4,24,27,43,90,46,16,17,18,41,56,96,44,99,62,7,
355	4	8	2.435	4,24,27,43,90,18,17,16,46,87,78,98,64,53,58,42,39,84,8,
355	4	9	2.474	4,24,27,43,90,18,17,16,46,87,21,78,98,64,53,26,25,67,9,
355	4	10	2.634	4,24,27,43,90,18,17,16,46,87,21,51,77,50,73,65,71,72,10,
355	4	11	2.613	4,24,27,43,90,18,17,16,46,87,21,51,77,50,73,65,71,31,35,11,
355	4	12	2.51	4,24,27,90,46,87,21,51,77,50,28,75,40,33,30,83,54,63,92,12,
355	4	13	2.2	4,24,27,90,46,87,21,51,77,50,59,28,75,20,30,83,54,63,92,13,
355	4	14	2.309	4,24,27,43,90,18,16,46,87,21,51,77,50,59,28,75,40,33,30,54,83,14,
355	4	15	2.031	4,24,27,43,90,18,16,46,87,21,51,77,50,59,22,79,19,49,38,68,15,
355	5	6	2.374	5,56,41,17,16,46,78,98,64,53,58,42,99,62,6,
355	5	7	2.301	5,56,41,17,16,46,78,98,64,53,58,42,99,62,7,
355	5	8	2.393	5,56,41,17,16,46,87,78,64,53,58,42,39,84,8,
355	5	9	2.559	5,56,41,17,16,46,87,21,51,78,98,64,53,26,25,67,9,
355	5	10	2.721	5,56,41,17,16,46,87,21,51,77,50,73,65,71,31,72,10,
355	5	11	2.683	5,56,41,17,16,46,87,21,51,77,50,73,65,71,31,80,35,11,
355	5	12	2.609	5,56,41,17,16,46,74,87,21,51,77,50,28,89,45,69,93,12,
355	5	13	2.315	5,56,41,17,16,46,87,21,51,77,50,59,28,75,20,63,92,13,
355	5	14	2.335	5,56,41,17,16,46,87,21,51,77,50,59,28,75,20,30,54,83,14,
355	5	15	2.136	5,56,41,17,16,46,87,21,51,77,50,57,95,22,79,19,49,38,68,15,
355	6	7	2.601	6,44,96,94,17,16,46,78,98,64,53,58,42,99,62,7,
355	6	8	2.626	6,44,96,94,17,16,46,78,98,64,53,58,42,39,84,8,
355	6	9	2.859	6,44,96,94,17,16,46,87,21,51,78,98,64,53,26,25,67,9,
355	6	10	3.072	6,44,96,94,17,16,46,87,21,51,77,50,59,28,89,65,71,72,10,
355	6	11	2.983	6,44,96,94,17,16,46,87,21,51,77,50,73,65,71,31,80,35,11,
355	6	12	2.916	6,44,96,94,17,16,46,87,21,51,77,50,28,75,89,45,69,93,12,
355	6	13	2.615	6,44,96,94,17,16,46,87,21,51,77,50,59,28,75,20,63,92,13,
355	6	14	2.583	6,44,96,94,17,16,46,87,21,51,77,50,59,28,75,20,30,83,14,
355	6	15	2.387	6,44,96,94,17,16,46,87,21,51,77,50,59,22,79,19,49,38,68,15,
355	7	8	2.637	7,62,99,44,96,94,17,78,98,64,53,58,42,39,84,8,
355	7	9	2.692	7,62,99,44,96,94,17,16,46,78,98,64,53,26,82,9,
355	7	10	2.728	7,62,99,39,42,58,52,25,26,71,31,80,35,72,10,
355	7	11	2.901	7,62,99,44,96,94,17,16,46,78,98,64,65,71,31,80,35,11,
355	7	12	2.929	7,62,44,96,94,17,16,46,87,21,51,77,50,59,28,89,45,69,93,12,
355	7	13	2.655	7,62,44,96,94,17,16,46,87,21,51,77,50,28,75,20,63,92,13,
355	7	14	2.55	7,62,99,44,96,94,17,16,46,87,21,51,77,50,59,28,75,40,33,14,
355	7	15	2.451	7,62,99,44,96,94,17,16,46,87,21,51,77,50,57,95,22,79,19,49,15,
355	8	9	2.816	8,76,84,39,42,58,26,71,31,80,35,72,82,67,9,
355	8	10	2.742	8,76,67,82,25,52,39,42,58,26,71,31,80,35,72,10,
355	8	11	3.044	8,76,67,82,25,52,39,42,58,26,71,70,45,88,31,80,35,11,
355	8	12	2.993	8,76,39,42,58,26,71,70,88,45,69,20,30,83,54,23,63,92,12,
355	8	13	2.774	8,84,39,42,58,53,64,98,73,89,28,75,40,33,30,83,54,23,13,
355	8	14	2.733	8,84,99,44,96,94,17,16,46,87,21,51,77,50,59,28,75,40,33,14,
355	8	15	2.55	8,84,39,42,58,53,64,98,78,21,51,77,50,59,22,79,19,49,15,
355	9	10	2.758	9,67,25,52,39,99,42,58,26,71,31,80,35,72,10,
355	9	11	2.614	9,67,25,52,39,84,99,42,58,26,71,31,80,35,11,
355	9	12	2.608	9,67,82,25,26,71,70,45,69,20,30,83,54,63,92,12,
355	9	13	2.698	9,67,25,26,53,64,98,73,28,75,40,20,30,83,54,63,92,13,
355	9	14	2.717	9,82,26,53,64,98,78,87,21,51,77,50,59,28,75,40,33,14,
355	9	15	2.617	9,67,25,26,53,64,98,78,21,51,77,50,59,22,79,19,49,38,68,15,
355	10	11	2.743	10,72,31,88,45,69,20,30,83,54,23,63,92,93,80,35,11,
355	10	12	2.782	10,35,31,71,70,45,69,20,30,83,54,23,63,92,93,12,
355	10	13	2.306	10,35,31,71,65,70,45,69,20,30,83,54,23,63,92,13,
355	10	14	2.833	10,82,26,53,64,98,78,87,21,51,77,50,59,28,75,40,33,14,
355	10	15	2.75	10,72,35,80,31,71,70,88,45,69,63,54,83,30,20,33,40,68,15,
355	11	12	2.431	11,35,31,71,65,70,45,69,20,30,83,54,23,63,92,12,
355	11	13	2.112	11,35,31,71,65,70,45,69,20,30,83,54,23,63,92,13,
355	11	14	2.347	11,35,80,31,88,45,69,93,63,23,54,83,30,20,40,33,14,
355	11	15	2.517	11,35,80,31,88,45,69,63,23,54,83,30,20,33,68,38,19,49,15,
355	12	13	2.246	12,80,31,71,65,70,45,69,20,30,54,83,23,63,92,13,
355	12	14	2.608	12,80,31,71,70,45,69,93,63,23,54,83,30,20,40,33,14,
355	12	15	2.337	12,92,63,23,54,83,30,33,40,75,28,59,22,79,19,49,15,
355	13	14	2.27	13,92,63,54,83,30,33,40,75,28,59,22,79,38,68,14,
355	13	15	1.947	13,92,63,54,83,30,20,33,40,75,28,22,79,19,49,15,
355	14	15	2.029	14,23,63,54,83,30,33,40,75,28,59,22,79,19,49,15,
