254	0	2	1.955	0,21,66,71,43,85,87,97,86,56,20,48,51,32,84,2,
254	0	1	1.828	0,43,71,66,19,74,28,82,92,76,25,85,87,97,95,1,
254	0	3	2.227	0,21,66,71,43,85,87,97,86,32,20,56,26,48,63,51,30,3,
254	0	4	2.538	0,43,71,66,19,74,28,82,92,76,25,85,87,97,86,32,51,30,4,
254	0	11	2.407	0,21,71,66,19,74,28,82,92,83,29,58,88,36,17,62,99,11,
254	0	5	2.486	0,21,66,71,43,85,87,97,86,56,20,48,63,69,79,72,75,70,90,5,
254	0	8	2.367	0,43,71,66,19,74,28,82,92,83,29,58,88,64,52,22,68,61,8,
254	0	6	2.63	0,71,66,19,74,28,82,92,83,29,58,88,37,31,24,40,72,70,90,6,
254	0	10	2.367	0,43,71,66,19,74,28,82,92,83,29,58,36,17,42,59,80,10,
254	0	7	2.475	0,21,71,66,19,74,28,82,92,83,29,58,88,37,31,16,54,33,78,7,
254	0	9	2.403	0,21,71,66,19,74,28,82,92,83,29,58,36,17,42,59,80,89,57,9,
254	0	13	1.825	0,43,71,66,19,74,28,82,49,96,77,47,91,67,13,
254	0	14	2.038	0,43,71,66,25,19,74,28,82,49,96,77,47,93,53,14,
254	0	15	2.219	0,21,66,71,43,85,87,97,86,32,20,56,76,19,45,15,
254	1	2	1.862	1,95,97,87,85,43,71,66,19,76,26,56,20,32,84,2,
254	1	3	1.892	1,95,97,87,85,43,71,66,19,76,56,20,32,51,30,3,
254	1	8	2.358	1,43,71,66,19,74,92,83,29,58,36,17,42,59,52,22,68,61,8,
254	0	12	2.293	0,43,71,66,25,19,74,28,82,49,96,77,47,93,53,91,67,12,
254	1	5	2.426	1,95,87,97,86,56,20,48,50,98,41,27,94,24,40,75,72,70,90,5,
254	1	4	2.303	1,95,97,87,85,43,71,66,19,74,76,26,56,20,48,63,38,4,
254	1	7	2.606	1,43,71,66,19,74,28,82,92,83,29,58,36,88,37,31,16,54,33,78,7,
254	1	6	2.607	1,43,71,66,25,85,87,97,86,32,56,20,48,63,69,79,72,70,90,6,
254	1	14	1.967	1,95,97,87,85,25,19,74,28,82,49,96,77,47,93,14,
254	1	15	2.208	1,95,97,87,85,43,71,66,25,19,74,28,82,96,49,15,
254	1	13	2.166	1,95,87,85,43,71,66,19,74,28,82,49,96,77,47,93,91,67,13,
254	2	5	2.191	2,97,87,86,32,56,20,48,63,69,79,72,70,90,5,
254	1	11	2.409	1,43,71,66,19,74,28,82,92,83,29,58,88,36,17,62,99,11,
254	1	10	2.447	1,43,71,66,19,74,28,82,92,83,29,58,88,36,17,42,59,80,10,
254	1	12	2.35	1,95,97,87,85,43,71,66,25,19,74,28,82,49,96,47,91,67,12,
254	2	3	2.006	2,97,87,85,43,71,66,19,74,76,56,20,32,51,30,3,
254	2	4	2.222	2,97,87,85,43,71,66,19,74,76,56,20,32,51,30,4,
254	2	6	2.573	2,97,87,85,43,71,66,19,76,56,20,48,63,69,79,70,90,6,
254	1	9	2.486	1,43,71,66,19,74,28,82,92,83,29,36,17,42,59,52,22,68,34,39,9,
254	2	14	2.294	2,97,87,85,43,71,66,25,19,74,28,82,49,96,77,47,93,14,
254	3	5	2.185	3,30,51,32,48,50,98,41,27,94,24,40,72,70,90,5,
254	2	15	2.515	2,84,32,20,56,26,76,92,82,28,74,19,25,85,43,71,66,45,15,
254	2	13	2.422	2,97,87,85,43,71,66,19,74,28,82,49,96,77,47,93,53,91,67,13,
254	2	11	2.57	2,84,32,20,48,50,41,98,73,88,58,29,36,17,42,59,62,99,11,
254	2	12	2.543	2,84,86,97,87,85,43,71,66,19,74,28,82,49,96,77,47,91,67,12,
254	3	4	2.311	3,30,51,32,86,97,87,25,19,76,56,20,48,63,4,
254	2	10	2.704	2,84,32,48,50,98,73,88,58,29,36,17,42,59,52,22,68,81,57,89,10,
254	2	8	2.469	2,84,32,48,50,41,98,73,88,58,29,36,17,42,59,52,22,68,61,8,
254	2	7	2.584	2,84,32,20,48,50,41,98,73,83,29,58,88,37,31,16,54,33,78,7,
254	2	9	2.543	2,84,32,48,50,41,98,73,88,58,29,36,17,42,59,81,22,68,34,39,9,
254	4	5	2.35	4,38,79,70,72,40,24,31,16,35,46,78,33,75,90,5,
254	3	6	2.237	3,30,51,32,20,56,26,48,63,69,79,72,70,75,90,6,
254	3	14	2.54	3,30,51,32,86,97,87,85,71,66,19,74,28,82,96,77,47,93,14,
254	3	15	2.565	3,30,51,32,20,56,86,97,87,85,43,71,66,25,19,74,28,45,15,
254	3	13	2.467	3,30,51,32,86,97,87,85,25,19,74,28,82,49,96,77,47,91,67,13,
254	3	10	2.581	3,30,51,48,50,41,98,73,58,29,36,42,59,52,22,68,81,57,89,10,
254	3	12	2.585	3,30,51,32,86,97,87,85,25,19,74,28,82,49,96,77,47,91,67,12,
254	3	7	2.477	3,30,51,48,50,41,98,73,83,29,58,88,37,31,16,54,33,78,7,
254	3	8	2.39	3,30,51,48,50,98,73,88,58,29,36,17,42,59,52,22,68,61,8,
254	3	11	2.788	3,30,51,32,56,20,48,50,41,98,73,88,58,29,36,17,42,59,62,99,11,
254	3	9	2.429	3,30,51,48,50,98,73,88,58,29,36,17,42,59,52,22,68,34,39,9,
254	4	7	2.063	4,38,79,72,94,40,24,31,16,55,52,22,68,61,46,7,
254	4	6	2.195	4,38,79,90,70,72,75,40,94,24,31,16,54,33,78,65,6,
254	5	6	2.048	5,90,70,72,40,24,31,37,64,55,16,54,33,78,65,6,
254	4	14	2.677	4,30,51,32,86,97,87,85,25,19,74,28,82,49,96,77,47,93,14,
254	4	13	2.647	4,30,51,32,86,97,87,85,25,19,74,28,82,49,96,77,47,93,53,13,
254	4	12	2.71	4,38,79,72,70,75,40,24,31,37,88,58,29,36,17,62,99,60,18,12,
254	4	15	2.81	4,38,63,48,20,56,86,97,87,85,43,71,66,25,19,76,74,45,15,
254	4	8	2.362	4,38,79,72,70,75,40,94,24,31,16,55,52,81,22,68,61,35,46,8,
254	4	10	2.663	4,38,79,72,70,75,40,94,24,31,37,64,88,58,29,36,17,42,59,80,10,
254	4	11	2.674	4,38,79,72,70,75,40,24,31,16,55,52,22,68,81,59,42,17,62,99,11,
254	4	9	2.41	4,38,79,72,70,75,40,94,24,31,16,55,52,22,68,81,34,39,57,89,9,
254	5	8	1.811	5,90,70,72,94,40,24,31,16,55,52,22,68254-6,-347,,139,?8,
