450	0	1	1.972	0,88,19,35,51,86,60,75,43,95,78,74,71,17,1,
450	0	2	1.978	0,88,19,35,51,70,68,17,71,74,78,81,58,48,2,
450	0	3	2.239	0,19,88,51,35,60,86,70,68,17,71,74,78,81,61,58,85,3,
450	0	4	2.422	0,88,51,35,60,86,70,68,17,71,74,78,81,87,33,61,41,4,
450	0	5	2.404	0,88,19,35,51,70,68,17,71,74,78,81,87,33,73,83,67,5,
450	0	6	2.607	0,88,35,51,70,68,17,71,74,78,81,87,33,73,83,67,62,65,94,6,
450	0	7	2.748	0,77,68,70,71,74,78,81,87,33,73,52,83,67,62,65,44,94,54,7,
450	0	8	2.803	0,32,77,68,70,71,74,78,81,87,76,46,63,26,96,25,79,80,66,24,8,
450	0	9	2.835	0,88,51,35,60,75,43,76,46,63,26,96,25,79,80,57,66,24,37,9,
450	0	10	2.506	0,88,51,35,60,75,39,98,93,28,36,31,56,42,18,59,40,21,10,
450	0	11	2.343	0,88,19,35,86,60,75,39,98,93,28,36,31,56,42,18,59,40,11,
450	0	12	2.51	0,88,51,35,86,60,75,39,98,93,28,36,16,55,27,99,45,22,12,
450	0	13	1.974	0,88,51,35,60,75,39,98,93,55,27,99,45,22,13,
450	0	14	2.135	0,88,51,35,86,60,75,39,98,93,55,27,99,69,14,
450	0	15	2.159	0,32,77,17,68,70,71,74,78,86,60,35,51,88,19,15,
450	1	2	1.774	1,17,68,70,51,35,60,75,43,95,78,74,71,48,2,
450	1	3	1.911	1,17,68,70,86,60,75,43,95,78,74,71,48,58,85,3,
450	1	4	2.041	1,17,68,70,71,74,78,81,87,33,73,83,67,52,4,
450	1	5	2.361	1,17,68,70,71,74,78,81,33,87,76,46,63,26,96,84,44,65,62,5,
450	1	6	2.38	1,17,68,70,71,74,78,81,87,33,73,52,83,67,62,65,44,54,94,6,
450	1	7	2.528	1,17,68,70,71,74,78,81,87,33,73,52,83,67,62,65,94,54,7,
450	1	8	2.616	1,17,68,70,71,74,78,81,87,76,46,63,26,96,25,79,80,57,66,8,
450	1	9	2.759	1,17,68,70,71,74,78,81,87,90,63,26,96,25,79,80,66,50,24,37,9,
450	1	10	2.641	1,17,68,70,51,35,60,75,43,39,98,93,28,36,31,42,18,59,40,21,10,
450	1	11	2.31	1,17,68,70,51,35,60,75,39,98,93,28,36,31,56,42,18,59,40,11,
450	1	12	2.505	1,17,68,70,51,35,86,60,75,39,98,93,28,16,55,27,99,45,22,12,
450	1	13	2.25	1,17,68,70,51,35,86,60,75,43,39,98,93,55,27,99,45,22,13,
450	1	14	2.048	1,17,68,70,71,74,78,86,35,51,88,19,38,97,14,
450	1	15	1.985	1,17,68,70,71,74,78,95,75,60,35,51,88,19,15,
450	2	3	2.065	2,17,68,70,86,60,75,43,95,78,74,71,48,58,85,3,
450	2	4	2.195	2,17,68,70,71,74,78,81,87,33,73,83,67,52,4,
450	2	5	2.056	2,48,71,74,78,81,87,76,46,63,26,96,84,44,62,5,
450	2	6	2.191	2,48,71,74,78,81,87,33,73,52,83,67,62,65,44,54,94,6,
450	2	7	2.469	2,48,71,74,78,81,87,33,73,52,83,67,62,65,44,94,54,82,7,
450	2	8	2.547	2,48,71,74,78,81,33,87,90,76,46,63,26,96,25,79,80,66,24,8,
450	2	9	2.658	2,48,71,74,78,81,87,90,76,46,63,26,96,25,79,80,66,24,37,9,
450	2	10	2.645	2,48,71,74,78,95,43,75,39,98,93,28,36,31,56,42,18,59,40,21,10,
450	2	11	2.543	2,48,71,74,78,95,75,39,98,93,55,27,99,45,72,56,42,18,59,40,11,
450	2	12	2.577	2,48,71,74,78,95,43,75,39,98,93,28,36,16,55,27,99,45,22,12,
450	2	13	2.382	2,48,74,71,68,70,51,35,60,75,39,98,93,55,27,99,45,22,13,
450	2	14	2.401	2,48,71,74,78,95,43,75,60,86,35,51,88,19,29,38,97,14,
450	2	15	1.95	2,48,71,74,78,95,43,75,60,86,35,51,88,19,15,
450	3	4	2.1	3,61,33,87,76,46,63,26,96,84,44,62,67,83,52,4,
450	3	5	1.976	3,61,33,87,76,46,63,26,96,84,44,62,67,83,52,5,
450	3	6	2.229	3,85,58,48,71,74,78,87,33,73,52,83,67,62,65,44,94,6,
450	3	7	2.361	3,85,58,61,81,87,33,73,52,83,67,62,65,44,94,54,82,7,
450	3	8	2.474	3,85,58,61,33,87,90,76,46,63,26,96,25,79,80,66,50,37,24,8,
450	3	9	2.694	3,85,58,61,33,87,90,76,46,63,26,96,25,79,80,57,66,50,24,37,9,
450	3	10	2.731	3,85,58,48,71,74,78,95,75,39,98,93,28,36,31,56,42,18,59,21,10,
450	3	11	2.689	3,85,58,74,71,68,70,51,35,60,75,39,98,93,28,36,31,42,18,59,40,11,
450	3	12	2.648	3,85,58,74,71,68,70,51,35,60,75,39,98,93,55,27,99,45,22,12,
450	3	13	2.579	3,85,58,74,71,68,70,51,35,86,60,75,39,98,93,55,27,99,45,22,13,
450	3	14	2.586	3,61,81,78,74,71,17,68,70,86,60,35,51,88,19,29,38,97,14,
450	3	15	2.451	3,61,33,87,81,78,74,71,17,68,70,86,60,35,51,88,19,15,
450	4	5	2.057	4,41,33,87,76,46,26,96,84,44,65,62,67,83,52,5,
450	4	6	2.068	4,52,67,83,73,90,76,46,63,26,96,84,44,65,94,54,6,
450	4	7	2.399	4,52,83,67,62,65,44,84,96,26,63,46,91,64,89,49,80,57,7,
450	4	8	2.158	4,52,83,67,62,65,44,94,54,82,25,79,80,66,50,37,24,8,
450	4	9	2.477	4,52,73,83,67,62,65,44,94,54,82,25,79,80,57,66,24,37,9,
450	4	10	2.583	4,52,83,67,62,65,44,84,96,26,63,46,91,64,89,49,30,34,23,53,10,
450	4	11	2.619	4,52,83,67,62,65,44,84,96,25,79,89,30,34,92,53,23,47,18,59,40,11,
450	4	12	2.812	4,52,83,67,62,65,44,84,25,79,89,30,34,23,53,47,18,59,42,56,12,
450	4	13	2.726	4,41,61,81,74,71,68,70,86,60,75,39,98,93,55,27,99,45,22,13,
450	4	14	2.725	4,41,61,33,87,81,78,74,71,17,68,70,51,35,88,19,38,97,14,
450	4	15	2.51	4,41,61,33,87,81,78,74,71,68,70,86,60,35,51,88,19,15,
450	5	6	1.893	5,52,83,67,62,65,44,84,96,63,26,79,25,82,54,94,6,
450	5	7	1.943	5,52,83,67,62,65,44,94,54,82,25,79,80,66,57,7,
450	5	8	1.827	5,52,83,67,62,65,44,94,54,82,25,79,80,66,24,8,
450	5	9	2.353	5,52,73,83,67,62,65,44,94,54,82,25,79,80,57,66,24,37,9,
450	5	10	2.5	5,52,83,67,62,65,44,84,96,26,63,76,46,91,64,89,30,34,23,53,92,10,
450	5	11	2.495	5,52,83,67,62,65,44,84,96,25,79,89,30,34,92,53,23,47,18,59,40,11,
450	5	12	2.62	5,52,83,67,62,65,44,84,96,25,79,89,30,34,47,18,59,42,56,12,
450	5	13	2.602	5,67,62,65,44,84,96,26,63,46,43,75,39,93,55,27,99,45,22,13,
450	5	14	2.673	5,67,83,73,33,81,78,74,71,17,68,70,51,35,88,19,38,97,14,
450	5	15	2.503	5,67,83,52,73,33,87,81,78,74,71,68,70,51,35,88,19,15,
450	6	7	2.083	6,94,54,44,65,62,67,83,84,96,25,79,80,66,57,7,
450	6	8	1.979	6,94,44,65,62,67,83,84,96,25,79,80,57,66,24,8,
450	6	9	2.435	6,94,44,65,62,67,83,52,73,84,96,25,79,80,66,50,24,37,9,
450	6	10	2.432	6,94,54,82,25,79,89,49,20,30,34,92,53,23,47,18,59,40,21,10,
450	6	11	2.613	6,94,65,44,84,96,26,63,76,46,91,64,89,49,30,34,23,92,53,47,18,59,40,11,
450	6	12	2.604	6,94,54,82,25,79,80,89,49,20,30,34,92,53,23,47,18,59,42,56,12,
450	6	13	2.576	6,94,65,44,84,96,26,63,46,76,43,75,39,98,93,55,27,99,45,22,13,
450	6	14	2.73	6,94,65,44,84,96,26,63,46,76,43,75,60,86,35,51,88,19,38,97,14,
450	6	15	2.695	6,94,65,62,67,83,73,33,87,81,78,74,71,68,70,51,35,88,19,15,
450	7	8	2.188	7,82,54,94,65,44,84,96,26,25,79,80,57,66,50,24,8,
450	7	9	2.261	7,82,54,94,65,44,84,96,25,79,80,57,66,50,24,37,9,
450	7	10	2.189	7,57,66,80,49,89,30,34,92,53,23,47,18,59,21,10,
450	7	11	2.695	7,54,94,65,44,84,96,25,79,89,49,20,30,34,92,53,23,47,18,59,40,11,
450	7	12	2.643	7,57,66,50,20,49,89,30,34,92,53,23,47,18,59,40,42,31,56,12,
450	7	13	2.613	7,57,80,49,30,34,47,18,59,42,56,72,16,55,27,99,45,22,13,
450	7	14	2.791	7,57,80,49,89,30,34,92,53,23,47,18,59,42,56,72,45,99,69,14,
450	7	15	2.738	7,82,54,94,65,44,84,96,26,63,46,76,43,75,60,35,51,88,19,15,
450	8	9	2.302	8,24,66,80,79,25,96,26,63,76,46,91,64,89,49,20,9,
450	8	10	2.1	8,24,37,50,20,49,89,30,34,92,53,23,47,18,59,21,10,
450	8	11	1.89	8,24,37,50,20,49,89,30,34,92,53,23,47,18,59,40,11,
450	8	12	2.214	8,24,37,50,20,49,89,30,34,92,53,23,47,18,59,42,56,12,
450	8	13	2.448	8,24,50,20,49,89,30,34,92,53,23,47,18,59,42,56,72,45,22,13,
450	8	14	2.647	8,24,50,20,30,34,92,53,23,47,18,59,42,56,72,45,99,27,69,14,
450	8	15	2.748	8,24,66,80,79,25,96,26,63,46,76,43,75,60,86,35,51,88,19,15,
450	9	10	2.179	9,37,24,66,57,80,49,89,30,34,47,23,92,53,21,10,
450	9	11	1.979	9,37,24,50,20,49,89,30,34,92,53,23,47,18,59,40,11,
450	9	12	2.213	9,92,53,23,47,18,59,42,56,72,16,55,27,99,45,22,12,
450	9	13	2.556	9,37,50,20,49,89,30,34,92,53,47,18,59,42,56,72,45,22,13,
450	9	14	2.761	9,37,50,20,49,89,30,34,47,18,59,42,56,72,45,99,27,69,14,
450	9	15	2.73	9,92,53,23,47,18,59,40,42,56,31,72,22,45,99,27,97,38,15,
450	10	11	2.068	10,21,18,31,36,16,55,27,99,45,72,56,42,59,40,11,
450	10	12	2.379	10,92,53,23,47,18,59,40,42,56,72,45,99,27,69,22,12,
450	10	13	2.183	10,21,53,92,23,47,18,59,40,42,56,31,72,45,99,69,13,
450	10	14	2.583	10,21,53,92,23,47,18,59,40,42,56,31,36,16,72,45,99,27,69,14,
450	10	15	2.605	10,21,40,59,18,42,56,31,36,16,55,27,99,45,22,69,97,38,15,
450	11	12	2.196	11,40,59,18,42,56,31,36,16,55,45,99,27,69,22,12,
450	11	13	1.91	11,40,59,18,31,42,56,72,16,55,27,99,45,22,69,13,
450	11	14	1.93	11,40,59,18,42,56,31,72,22,45,99,27,38,97,14,
450	11	15	2.414	11,40,59,18,42,56,31,36,28,93,98,39,75,60,35,51,88,19,15,
450	12	13	2.179	12,11,40,59,18,42,56,31,36,16,55,27,99,45,22,69,13,
450	12	14	2.274	12,40,59,18,42,56,31,72,45,99,27,29,38,97,14,
450	12	15	2.235	12,22,45,99,27,55,93,98,39,75,60,35,88,19,15,
450	13	14	2.16	13,22,45,99,27,55,16,36,28,93,98,39,29,38,97,14,
450	13	15	2.094	13,22,45,99,27,55,93,98,39,75,60,35,88,19,15,
450	14	15	2.229	14,97,38,29,98,93,39,43,75,60,35,51,88,19,15,
