172	0	1	2.298	0,88,34,95,45,46,41,30,85,97,24,39,65,75,94,1,
172	0	2	2.012	0,88,34,95,45,46,41,30,85,97,70,39,65,75,62,2,
172	0	3	2.29	0,55,88,34,95,45,46,41,30,35,85,97,24,39,65,75,3,
172	0	4	2.149	0,88,34,95,45,46,41,30,35,85,97,24,70,38,63,32,61,4,
172	0	5	2.591	0,55,88,34,95,45,46,41,30,35,85,97,24,70,38,61,32,63,27,5,
172	0	6	2.756	0,88,34,95,45,46,24,41,30,97,85,35,42,87,21,49,57,84,81,22,6,
172	0	7	2.754	0,88,34,95,45,46,24,70,97,85,30,41,35,42,21,49,57,84,48,25,7,
172	0	8	2.611	0,88,34,95,45,46,41,30,97,85,35,42,21,49,57,84,48,36,33,8,
172	0	9	2.731	0,55,98,96,19,80,67,92,52,58,29,86,40,17,20,28,50,51,68,9,
172	0	10	2.589	0,88,34,95,66,54,96,69,80,67,92,52,58,29,86,40,17,20,28,51,10,
172	0	11	2.507	0,88,34,95,66,54,96,19,80,67,92,52,58,56,64,29,86,40,17,11,
172	0	12	2.44	0,88,34,95,66,54,96,69,19,80,67,92,52,58,29,86,64,56,12,
172	0	13	2.534	0,55,88,34,95,66,99,37,89,60,44,90,72,29,58,52,92,67,13,
172	0	14	2.414	0,55,88,34,95,66,99,37,89,60,44,58,52,92,80,19,14,
172	0	15	2.627	0,55,88,34,95,45,66,99,37,89,60,44,78,69,96,98,15,
172	1	2	2.137	1,83,34,95,45,46,41,30,85,97,70,39,65,75,62,2,
172	1	3	2.2	1,94,62,75,65,39,24,97,85,35,91,38,63,32,61,31,3,
172	1	4	2.153	1,94,62,75,65,39,24,41,30,97,85,35,42,91,38,32,61,4,
172	1	5	2.362	1,94,62,75,65,39,24,41,30,97,85,35,42,91,38,32,63,18,27,5,
172	1	6	2.437	1,94,62,75,65,39,24,41,30,97,85,35,42,21,49,57,81,22,6,
172	1	7	2.477	1,94,62,75,65,39,24,41,30,97,85,35,42,21,49,57,84,48,25,7,
172	1	8	2.475	1,94,62,75,65,39,24,97,85,35,42,21,49,57,84,48,36,33,8,
172	1	9	2.55	1,94,62,75,65,39,24,97,85,35,42,21,49,71,76,74,23,47,9,
172	1	10	2.706	1,83,45,95,66,54,96,19,80,92,52,58,29,86,40,17,20,28,51,10,
172	1	11	2.716	1,83,88,34,95,66,99,54,69,19,80,67,92,52,58,29,86,40,17,11,
172	1	12	2.599	1,83,88,34,95,66,54,69,19,80,67,92,52,58,29,86,64,56,12,
172	1	13	2.727	1,83,95,66,99,37,89,60,44,90,72,86,29,64,56,58,52,92,67,13,
172	1	14	2.572	1,94,62,75,65,39,70,97,85,30,41,46,45,95,66,54,96,14,
172	1	15	2.363	1,94,75,65,39,24,97,30,41,46,45,95,34,88,55,15,
172	2	3	1.89	2,62,75,65,39,24,97,85,35,91,38,63,32,61,31,3,
172	2	4	1.655	2,62,75,65,39,24,41,30,85,97,70,38,63,32,61,4,
172	2	5	1.804	2,62,75,65,39,24,97,85,35,91,38,32,63,18,27,5,
172	2	6	2.191	2,62,75,39,65,24,70,97,85,30,41,35,42,87,21,49,57,22,6,
172	2	7	2.221	2,62,75,65,39,70,24,41,30,97,85,35,42,21,49,57,84,48,7,
172	2	8	2.308	2,62,75,65,39,24,41,30,97,85,35,42,21,49,57,84,48,36,33,8,
172	2	9	2.461	2,62,75,65,39,24,41,30,97,85,35,42,87,21,49,71,76,74,23,47,9,
172	2	10	2.611	2,62,75,65,39,24,41,30,97,85,35,42,21,87,53,93,79,16,68,51,10,
172	2	11	2.42	2,62,75,65,39,24,97,85,35,42,21,53,93,73,50,28,20,17,40,11,
172	2	12	2.541	2,62,75,39,65,46,45,95,66,54,69,19,80,67,92,52,58,56,12,
172	2	13	2.507	2,62,75,65,39,70,97,85,35,30,41,46,45,95,66,54,96,19,13,
172	2	14	2.32	2,62,75,65,39,70,97,85,35,30,41,46,45,95,66,54,96,14,
172	2	15	2.077	2,62,75,65,39,70,97,30,41,46,45,95,34,88,55,15,
172	3	4	1.896	3,75,65,39,24,41,30,97,85,35,42,91,38,32,61,4,
172	3	5	1.928	3,39,75,65,24,41,30,35,85,91,38,32,63,18,27,5,
172	3	6	2.019	3,75,65,39,70,97,85,30,35,42,87,21,49,57,22,6,
172	3	7	2.502	3,31,61,32,63,38,91,85,97,41,30,35,42,87,21,49,57,84,48,25,7,
172	3	8	2.393	3,75,65,39,24,41,30,97,85,35,42,21,49,71,76,26,33,36,8,
172	3	9	2.582	3,75,65,39,24,41,30,97,85,35,42,21,49,71,76,74,26,23,47,9,
172	3	10	2.808	3,75,65,39,24,97,85,30,35,42,21,87,53,93,79,16,50,28,20,51,10,
172	3	11	2.553	3,75,65,39,24,97,85,30,35,42,21,53,93,73,50,28,20,17,40,11,
172	3	12	2.708	3,75,65,39,24,97,85,35,42,21,87,82,77,43,90,72,86,29,64,12,
172	3	13	2.675	3,75,65,39,24,70,97,85,35,30,41,46,45,95,66,54,69,19,13,
172	3	14	2.55	3,75,65,39,24,97,85,35,30,41,46,45,95,66,99,54,96,14,
172	3	15	2.256	3,75,65,39,24,97,85,35,30,41,46,45,95,34,88,55,15,
172	4	5	1.773	4,61,32,63,38,70,24,41,30,35,85,97,91,18,27,5,
172	4	6	1.832	4,61,32,63,38,70,97,85,35,42,87,21,49,57,22,6,
172	4	7	2.135	4,61,32,63,38,70,97,85,30,41,35,42,21,49,57,84,48,25,7,
172	4	8	2.283	4,61,32,63,38,91,85,97,41,30,35,42,21,49,71,76,74,26,33,8,
172	4	9	2.429	4,61,32,63,38,70,24,41,30,85,35,42,21,87,53,93,79,16,68,9,
172	4	10	2.599	4,61,32,63,38,70,97,85,35,42,21,87,53,93,79,16,50,28,20,51,10,
172	4	11	2.486	4,61,32,63,38,70,97,85,35,42,21,53,93,79,16,50,28,20,17,40,11,
172	4	12	2.569	4,61,32,63,38,91,85,35,42,21,87,82,77,43,90,72,86,29,64,56,12,
172	4	13	2.559	4,61,32,63,38,70,97,85,35,30,41,46,45,95,66,54,96,69,19,13,
172	4	14	2.554	4,61,32,63,38,70,24,97,85,35,30,41,46,45,95,66,99,54,96,14,
172	4	15	2.395	4,61,32,63,38,70,24,97,85,35,30,41,46,45,95,66,34,88,55,15,
172	5	6	1.953	5,27,18,63,32,38,70,97,85,35,42,21,49,57,22,6,
172	5	7	2.088	5,27,18,63,32,38,70,97,85,35,42,49,57,84,48,25,7,
172	5	8	2.144	5,27,18,63,32,38,91,42,21,49,71,76,74,26,33,36,8,
172	5	9	2.443	5,27,18,63,32,38,70,97,85,30,35,42,21,49,71,76,74,23,47,9,
172	5	10	2.604	5,18,27,63,32,38,70,24,97,85,35,42,21,87,53,93,79,16,68,10,
172	5	11	2.543	5,27,18,63,32,38,70,97,85,35,42,21,53,93,73,50,28,20,17,40,11,
172	5	12	2.612	5,59,57,49,71,76,74,79,16,50,28,20,17,40,86,29,64,56,12,
172	5	13	2.605	5,27,18,63,32,38,91,85,35,30,41,46,45,95,66,54,69,19,13,
172	5	14	2.574	5,27,18,63,32,61,38,70,97,85,35,30,41,46,45,95,66,54,96,14,
172	5	15	2.435	5,27,18,63,32,61,38,70,97,85,35,30,41,46,45,95,34,88,55,15,
172	6	7	2.072	6,22,59,91,85,97,30,35,42,21,49,57,84,48,7,
172	6	8	2.163	6,22,59,18,27,63,32,38,91,57,84,48,36,33,8,
172	6	9	2.259	6,22,81,25,48,36,33,26,74,76,71,93,79,16,47,9,
172	6	10	2.586	6,22,81,25,48,36,33,26,74,23,47,16,79,73,50,28,20,51,10,
172	6	11	2.491	6,22,81,84,48,36,33,26,23,47,16,79,73,50,28,20,17,40,11,
172	6	12	2.468	6,22,81,84,71,76,74,79,16,50,28,20,17,40,86,29,64,56,12,
172	6	13	2.636	6,81,84,71,76,74,79,16,50,28,20,17,40,86,29,58,52,92,67,13,
172	6	14	2.753	6,22,57,49,21,87,42,35,85,97,30,41,24,46,45,95,66,54,96,14,
172	6	15	2.71	6,22,59,57,49,21,42,35,85,97,30,41,24,46,45,95,34,88,55,15,
172	7	8	2.212	7,25,48,36,33,26,74,76,71,53,93,79,16,47,23,8,
172	7	9	2.205	7,25,48,36,33,26,74,76,71,53,93,79,16,47,23,9,
172	7	10	2.445	7,36,33,26,48,71,76,74,23,47,16,79,73,50,28,20,51,10,
172	7	11	2.505	7,36,33,26,74,76,71,93,79,16,50,28,20,17,40,86,29,64,11,
172	7	12	2.369	7,36,33,26,74,23,47,16,79,73,50,28,20,17,40,86,29,64,56,12,
172	7	13	2.354	7,36,33,26,23,47,16,50,28,20,17,40,86,29,58,52,92,67,13,
172	7	14	2.557	7,36,33,26,23,47,68,51,20,17,40,86,29,58,52,92,80,19,14,
172	7	15	2.521	7,25,48,84,57,49,21,42,35,85,30,41,46,45,95,34,88,55,15,
172	8	9	2.242	8,33,36,26,48,84,57,49,71,76,74,79,16,68,9,
172	8	10	2.043	8,33,36,26,74,76,71,93,79,16,50,28,20,51,10,
172	8	11	2.329	8,33,36,26,23,47,16,79,73,50,28,20,17,40,86,29,64,11,
172	8	12	2.222	8,33,36,26,23,47,16,79,73,50,28,20,17,40,86,29,64,12,
172	8	13	2.31	8,23,47,16,79,73,50,28,20,17,40,86,29,58,52,92,80,67,13,
172	8	14	2.426	8,23,47,16,79,73,50,28,20,17,40,86,29,58,52,92,80,19,14,
172	8	15	2.587	8,33,36,48,84,49,21,42,35,85,30,41,46,45,95,34,88,55,15,
172	9	10	2.363	9,23,26,74,76,71,53,93,79,16,73,50,28,20,51,10,
172	9	11	2.091	9,47,16,79,73,50,28,20,17,40,86,29,58,56,64,11,
172	9	12	2.288	9,23,47,16,79,73,50,51,28,20,17,40,86,29,58,52,56,12,
172	9	13	2.239	9,47,16,79,73,50,28,20,17,40,86,29,64,56,58,52,92,67,13,
172	9	14	2.467	9,23,47,79,16,50,28,20,17,40,86,29,58,52,92,67,80,19,14,
172	9	15	2.59	9,68,51,50,28,20,17,40,86,29,58,52,92,67,80,19,69,96,98,15,
172	10	11	1.898	10,51,50,28,20,17,40,86,29,58,52,92,67,56,64,11,
172	10	12	1.782	10,51,50,28,20,17,40,86,29,58,52,92,80,67,56,12,
172	10	13	1.719	10,51,50,28,20,17,40,86,29,64,58,52,92,67,80,13,
172	10	14	2.513	10,51,50,28,20,17,40,86,29,64,56,58,52,92,67,80,19,69,54,96,14,
172	10	15	2.324	10,51,50,28,20,17,40,86,29,58,52,92,67,80,19,69,54,98,15,
172	11	12	1.841	11,40,17,20,28,50,72,86,29,64,56,58,52,92,67,12,
172	11	13	1.703	11,17,20,28,40,86,29,64,56,58,52,92,67,80,19,13,
172	11	14	2.378	11,40,17,20,28,50,72,86,29,64,56,58,52,92,67,80,19,69,96,14,
172	11	15	2.325	11,17,20,28,40,86,29,64,58,52,92,67,80,19,69,96,54,98,15,
172	12	13	1.802	12,56,64,86,40,17,20,28,50,72,29,58,52,92,67,13,
172	12	14	1.952	12,56,64,86,40,17,20,28,72,29,58,52,92,80,19,14,
172	12	15	2.03	12,56,64,86,29,58,52,92,67,80,19,69,96,54,98,15,
172	13	14	2.273	13,67,92,52,58,64,29,86,72,90,44,60,89,78,80,19,14,
172	13	15	2.308	13,67,92,80,19,69,96,54,99,45,95,66,34,88,55,15,
172	14	15	2.38	14,19,80,92,52,58,44,60,89,37,99,66,95,34,88,55,15,
