80	0	1	2.148	0,77,92,48,35,75,86,83,41,82,49,63,45,34,38,1,
80	0	2	1.896	0,77,92,48,38,36,35,75,86,83,41,82,49,63,45,2,
80	0	3	2.222	0,92,48,35,36,38,34,75,86,83,41,63,49,82,37,24,43,39,3,
80	0	4	2.028	0,92,48,38,36,35,75,86,83,41,63,49,37,24,43,69,65,19,4,
80	0	5	2.196	0,92,48,35,36,38,34,75,86,83,41,63,49,37,39,24,43,69,65,19,5,
80	0	6	2.356	0,92,48,35,36,38,34,75,86,83,41,63,49,82,37,24,43,69,28,6,
80	0	7	2.508	0,92,48,38,36,35,75,86,83,41,63,49,37,24,42,72,47,99,50,7,
80	0	8	2.609	0,92,48,38,36,35,75,86,83,41,63,49,37,24,42,72,47,80,73,8,
80	0	9	2.727	0,77,53,97,20,16,90,51,27,56,29,21,44,31,93,57,18,52,91,62,9,
80	0	10	2.633	0,77,53,97,20,16,90,51,27,56,29,21,44,31,93,57,18,52,91,62,10,
80	0	11	2.8	0,77,53,26,84,22,29,21,44,31,93,57,18,52,62,91,54,76,11,
80	0	12	2.63	0,77,53,85,88,67,66,84,26,97,20,16,90,51,46,27,64,79,12,
80	0	13	2.284	0,77,53,85,88,67,66,84,26,20,16,90,51,78,71,13,
80	0	14	2.228	0,77,53,85,88,67,66,84,26,46,90,16,20,97,74,14,
80	0	15	2.257	0,77,53,85,88,67,66,84,26,46,51,90,16,20,97,15,
80	1	2	1.997	1,38,36,35,75,86,83,41,82,49,37,24,43,39,63,45,2,
80	1	3	1.923	1,38,34,36,35,75,86,83,41,63,49,82,37,24,43,39,3,
80	1	4	1.644	1,38,36,35,75,86,83,41,63,49,37,39,24,43,65,19,4,
80	1	5	2.076	1,48,35,36,38,34,75,86,83,41,63,49,82,37,39,24,43,69,65,19,5,
80	1	6	2.312	1,38,36,35,75,86,83,41,63,49,82,37,24,60,61,42,72,47,80,99,6,
80	1	7	2.265	1,38,36,35,75,86,83,41,63,49,37,24,60,61,42,72,47,80,99,50,7,
80	1	8	2.321	1,38,36,35,75,86,83,41,63,49,37,24,60,61,42,72,47,80,73,8,
80	1	9	2.417	1,38,36,35,75,86,83,41,82,55,94,25,98,87,30,31,93,57,18,9,
80	1	10	2.397	1,38,36,35,75,86,41,82,55,94,25,98,31,93,57,18,52,62,10,
80	1	11	2.583	1,38,36,35,75,86,83,63,49,82,55,94,25,98,87,30,44,76,11,
80	1	12	2.467	1,38,36,35,48,33,88,85,67,66,84,46,90,51,78,71,64,79,12,
80	1	13	2.417	1,38,36,35,75,86,83,41,82,23,89,67,66,84,46,90,51,78,13,
80	1	14	2.086	1,38,36,35,33,88,85,67,66,84,26,46,90,16,74,14,
80	1	15	2.211	1,38,36,35,48,33,88,85,26,46,51,90,16,20,97,15,
80	2	3	1.884	2,34,38,36,35,75,86,83,41,63,49,82,37,24,43,39,3,
80	2	4	1.663	2,34,38,36,35,75,86,83,41,63,49,37,24,43,65,19,4,
80	2	5	1.729	2,34,38,36,35,75,86,83,41,63,49,37,24,43,65,19,5,
80	2	6	2.151	2,34,38,36,35,75,86,83,41,63,49,82,37,39,24,43,65,69,28,6,
80	2	7	2.288	2,38,36,35,75,86,83,41,63,49,37,24,60,61,42,72,47,99,50,7,
80	2	8	2.455	2,34,38,36,35,75,86,83,41,63,49,37,24,43,60,61,42,72,47,80,73,8,
80	2	9	2.359	2,45,86,83,41,63,49,82,55,94,25,98,87,30,31,93,57,18,52,9,
80	2	10	2.371	2,45,75,86,83,41,82,55,94,25,98,87,30,31,93,57,18,52,62,10,
80	2	11	2.585	2,45,75,86,83,41,63,49,82,55,94,25,98,87,30,31,93,54,11,
80	2	12	2.474	2,45,75,34,38,36,35,48,92,53,97,20,16,90,51,78,71,64,79,12,
80	2	13	2.473	2,45,75,34,38,36,35,48,33,88,85,67,66,84,26,46,90,51,78,13,
80	2	14	2.321	2,45,75,34,38,36,35,48,33,88,67,66,84,46,90,16,74,14,
80	2	15	2.352	2,45,63,49,39,37,82,41,83,86,75,34,38,36,35,48,92,77,15,
80	3	4	1.941	3,45,34,38,36,35,75,86,83,41,63,49,37,39,65,19,4,
80	3	5	1.97	3,45,34,38,36,35,75,86,83,41,63,49,37,24,43,69,5,
80	3	6	2.168	3,63,49,82,37,39,24,43,60,61,42,72,47,80,99,50,6,
80	3	7	2.363	3,45,75,86,83,41,63,49,37,24,60,61,42,72,47,80,99,50,7,
80	3	8	2.461	3,63,49,37,24,42,72,47,68,25,98,87,30,31,93,57,40,8,
80	3	9	2.354	3,63,49,37,24,60,61,72,47,68,25,98,87,30,31,93,57,18,9,
80	3	10	2.35	3,63,49,82,23,89,94,68,25,98,87,30,31,93,57,18,52,62,10,
80	3	11	2.586	3,63,49,37,24,60,61,72,47,68,25,98,87,30,44,21,76,54,11,
80	3	12	2.691	3,63,49,37,24,60,61,42,72,47,68,25,98,87,30,29,58,79,64,12,
80	3	13	2.59	3,63,49,82,41,83,86,75,35,36,48,92,53,97,20,16,90,51,78,13,
80	3	14	2.379	3,63,49,82,41,83,86,75,35,36,38,48,92,53,97,20,74,14,
80	3	15	2.532	3,39,43,24,37,82,49,63,41,83,86,75,34,38,36,35,48,92,77,15,
80	4	5	2.207	4,19,65,69,43,24,39,37,49,63,82,55,42,61,60,28,5,
80	4	6	2.111	4,19,65,69,60,61,42,72,47,68,25,87,98,70,80,99,6,
80	4	7	2.117	4,19,65,69,60,61,72,47,68,25,87,98,70,80,99,50,7,
80	4	8	2.199	4,19,65,69,60,61,72,47,68,25,98,87,30,31,93,57,40,8,
80	4	9	2.156	4,19,65,69,60,61,42,72,47,68,25,98,87,30,31,93,57,18,52,9,
80	4	10	2.187	4,19,69,60,61,42,72,47,68,25,98,87,30,31,93,57,18,52,62,10,
80	4	11	2.513	4,19,65,69,60,61,72,47,68,25,98,87,30,31,93,57,18,52,91,54,11,
80	4	12	2.547	4,19,65,69,60,61,42,72,47,68,25,98,87,30,59,22,29,58,32,12,
80	4	13	2.609	4,19,65,69,60,61,72,47,68,25,98,87,30,59,22,84,46,90,51,78,13,
80	4	14	2.469	4,39,37,49,63,41,83,86,75,35,36,38,48,92,53,97,20,74,14,
80	4	15	2.256	4,19,65,39,37,49,63,41,83,86,75,34,38,36,35,48,92,77,15,
80	5	6	2.177	5,19,65,69,60,61,42,72,47,68,25,87,98,70,80,99,6,
80	5	7	2.183	5,19,65,69,60,61,72,47,68,25,87,98,70,80,99,50,7,
80	5	8	2.072	5,69,60,61,72,47,68,25,87,30,31,93,57,40,8,
80	5	9	2.06	5,69,60,61,42,72,47,68,25,98,87,30,31,93,57,18,52,9,
80	5	10	2.197	5,69,60,61,42,72,47,68,25,98,87,30,31,93,57,18,52,91,62,10,
80	5	11	2.413	5,19,65,69,60,61,42,72,47,68,25,98,87,30,44,21,76,54,11,
80	5	12	2.587	5,28,60,61,42,72,47,68,25,98,87,30,31,93,54,76,17,12,
80	5	13	2.657	5,69,60,61,42,72,47,68,25,98,87,30,59,22,84,26,46,90,51,78,13,
80	5	14	2.559	5,69,60,61,42,72,47,68,25,98,87,30,59,22,84,46,90,16,74,14,
80	5	15	2.344	5,69,43,24,37,49,82,41,83,86,75,34,38,36,35,48,92,77,15,
80	6	7	2.214	6,99,80,47,68,25,98,87,30,31,93,57,95,96,73,7,
80	6	8	2.048	6,99,80,47,72,68,25,98,87,30,31,93,57,40,8,
80	6	9	2.085	6,99,80,47,72,68,25,98,87,30,31,93,57,18,52,62,9,
80	6	10	2.183	6,28,60,61,72,47,68,25,98,87,30,31,93,57,18,52,62,10,
80	6	11	2.336	6,99,72,47,68,25,98,87,30,31,93,57,18,52,62,91,54,11,
80	6	12	2.559	6,99,47,68,25,98,87,30,31,93,57,18,52,91,54,76,17,12,
80	6	13	2.674	6,99,80,47,72,68,25,98,87,30,59,22,66,84,26,46,90,51,78,13,
80	6	14	2.636	6,99,80,47,72,68,25,98,87,30,59,22,84,26,46,51,90,16,74,14,
80	6	15	2.559	6,28,69,43,24,37,49,63,41,83,86,75,34,38,36,35,48,92,77,15,
80	7	8	2.029	7,50,99,72,47,68,25,98,87,30,31,93,57,40,8,
80	7	9	1.865	7,50,99,47,68,25,98,87,30,31,93,57,18,52,9,
80	7	10	2.051	7,50,99,80,47,72,68,25,98,87,30,31,93,57,18,52,62,10,
80	7	11	2.321	7,50,99,80,47,68,25,98,87,30,31,93,57,18,52,91,54,11,
80	7	12	2.611	7,50,99,80,47,72,68,25,98,87,30,31,93,54,76,21,58,32,12,
80	7	13	2.723	7,50,99,80,47,68,25,98,87,30,31,93,54,76,21,58,79,64,71,13,
80	7	14	2.636	7,50,99,80,47,72,68,25,98,87,30,59,22,66,84,46,90,16,74,14,
80	7	15	2.582	7,50,99,72,47,68,25,98,87,30,59,22,66,84,26,20,97,15,
80	8	9	1.866	8,40,96,95,57,93,31,44,21,76,54,91,62,52,18,9,
80	8	10	1.873	8,40,96,95,57,93,31,44,21,76,54,91,18,52,62,10,
80	8	11	2.344	8,40,95,96,93,57,18,52,62,91,54,76,21,29,58,17,11,
80	8	12	2.512	8,40,95,96,93,57,18,52,62,91,54,76,21,58,17,32,79,64,12,
80	8	13	2.684	8,40,18,52,62,91,54,76,21,29,22,59,66,84,26,46,90,51,78,13,
80	8	14	2.658	8,40,95,96,93,57,18,52,62,91,54,76,21,29,56,27,51,90,16,74,14,
80	8	15	2.525	8,40,18,52,62,91,54,76,21,29,56,27,46,90,16,20,97,15,
80	9	10	1.907	9,52,18,57,93,31,98,25,87,30,44,76,54,91,10,
80	9	11	2.135	9,40,96,95,57,18,52,62,91,54,76,44,21,58,17,11,
80	9	12	2.106	9,52,18,57,93,31,54,76,44,21,29,58,32,79,64,12,
80	9	13	2.439	9,18,52,62,91,54,76,21,29,22,59,66,84,26,46,90,51,78,13,
80	9	14	2.396	9,52,18,57,93,31,44,21,29,22,84,26,46,27,51,90,16,74,14,
80	9	15	2.655	9,52,18,57,93,31,44,21,29,22,66,84,26,46,51,90,16,20,97,15,
80	10	11	1.994	10,62,91,52,18,57,93,31,54,76,21,29,58,17,11,
80	10	12	1.969	10,62,91,52,18,57,93,31,44,21,76,17,32,79,64,12,
80	10	13	1.917	10,62,52,18,57,93,31,44,21,29,58,32,79,64,71,13,
80	10	14	1.936	10,62,52,18,57,93,31,44,29,56,27,51,90,16,74,14,
80	10	15	2.483	10,62,52,18,57,93,31,44,21,29,56,22,59,66,84,26,20,97,15,
80	11	12	2.158	11,54,91,62,52,18,57,93,31,44,21,29,58,79,64,12,
80	11	13	2.119	11,54,91,62,52,18,57,93,31,44,21,58,79,64,71,13,
80	11	14	2.081	11,17,32,79,64,71,78,51,27,46,90,16,20,97,74,14,
80	11	15	2.256	11,17,32,79,64,71,78,51,27,46,90,16,74,20,97,15,
80	12	13	2.348	12,17,32,79,64,71,27,46,51,90,16,20,97,74,78,13,
80	12	14	2.128	12,17,32,79,64,71,78,51,27,46,90,16,20,97,74,14,
80	12	15	2.303	12,17,32,79,64,71,78,51,27,46,90,16,74,20,97,15,
80	13	14	2.195	13,78,51,90,46,84,66,67,88,85,26,97,20,16,74,14,
80	13	15	2.402	13,71,27,51,90,16,20,97,26,84,66,67,88,85,53,15,
80	14	15	2.249	14,74,16,90,46,27,56,22,59,66,84,26,20,97,15,
