383	0	1	2.066	0,91,27,75,34,30,37,63,79,62,44,55,81,94,41,1,
383	0	2	1.863	0,91,27,75,34,30,37,63,79,62,44,55,81,94,77,2,
383	0	3	2.067	0,91,27,75,34,30,37,63,79,62,44,55,81,59,64,47,23,3,
383	0	4	1.979	0,91,27,75,34,30,37,44,55,81,59,47,23,32,49,67,53,4,
383	0	5	2.225	0,91,75,34,30,37,63,79,62,44,55,81,59,64,47,23,32,49,5,
383	0	6	2.157	0,91,27,75,34,30,37,44,55,81,59,64,42,36,80,18,99,56,24,6,
383	0	7	2.343	0,91,27,75,34,30,37,44,55,81,59,64,42,36,80,18,99,56,24,7,
383	0	8	2.414	0,91,75,34,37,44,55,81,59,64,42,36,80,38,50,26,60,35,66,78,8,
383	0	9	2.401	0,91,75,34,30,37,55,44,62,63,79,31,29,28,74,22,54,76,57,9,
383	0	10	2.371	0,91,27,75,34,30,37,55,44,62,63,79,31,29,28,98,89,39,70,19,10,
383	0	11	2.556	0,97,91,27,75,34,30,37,55,44,62,63,79,29,31,20,88,16,73,11,
383	0	12	2.365	0,91,27,75,34,30,37,55,44,62,63,79,31,29,20,93,68,82,65,12,
383	0	13	1.882	0,91,75,34,37,30,21,46,96,52,43,33,72,85,69,13,
383	0	14	1.879	0,91,27,75,34,37,30,21,46,96,68,52,43,33,72,14,
383	0	15	1.93	0,91,27,75,34,30,37,55,44,62,79,63,21,48,95,15,
383	1	2	2.093	1,83,75,34,30,37,63,79,62,44,55,81,47,94,77,2,
383	1	3	1.981	1,83,75,34,30,37,63,79,62,44,55,81,59,64,47,23,3,
383	1	4	1.893	1,83,75,34,30,37,44,55,81,59,47,23,32,49,67,53,4,
383	1	5	2.17	1,83,75,34,30,37,63,62,44,55,81,59,64,42,36,32,49,5,
383	1	6	2.031	1,83,75,34,37,44,55,81,59,64,42,36,80,18,99,56,24,6,
383	1	7	2.314	1,83,75,34,30,37,44,55,81,59,64,42,36,80,38,18,99,56,24,7,
383	1	8	2.413	1,83,75,34,30,37,55,81,59,64,42,36,80,38,50,26,87,60,35,66,8,
383	1	9	2.464	1,83,75,34,30,37,55,44,62,63,79,31,29,28,74,22,54,76,17,86,9,
383	1	10	2.395	1,83,75,34,30,37,55,44,62,63,79,31,29,28,74,22,98,89,39,70,19,10,
383	1	11	2.51	1,83,91,27,75,34,30,37,55,44,62,63,79,31,29,20,88,16,73,11,
383	1	12	2.384	1,83,75,34,30,37,63,62,79,29,31,20,93,68,52,43,33,51,65,12,
383	1	13	1.848	1,83,75,34,37,30,21,46,96,52,43,33,72,85,69,13,
383	1	14	1.884	1,83,75,34,30,21,46,96,93,82,68,52,43,33,72,14,
383	1	15	1.959	1,83,75,34,30,37,55,44,62,63,21,46,84,48,95,15,
383	2	3	2.026	2,77,41,34,30,37,63,79,62,44,55,81,59,64,47,23,3,
383	2	4	1.938	2,77,41,34,30,37,44,55,81,59,47,23,32,49,67,53,4,
383	2	5	2.156	2,77,94,81,59,64,42,36,80,38,18,99,56,24,92,90,5,
383	2	6	2.084	2,77,41,34,30,37,55,81,59,64,42,36,80,18,99,56,24,6,
383	2	7	2.359	2,77,41,34,30,37,44,55,81,59,64,42,36,80,38,18,99,56,24,7,
383	2	8	2.49	2,77,41,34,30,37,44,55,81,59,64,42,36,80,38,50,26,87,60,35,66,8,
383	2	9	2.509	2,77,41,34,30,37,55,44,62,63,79,31,29,28,74,22,54,76,17,86,9,
383	2	10	2.525	2,77,41,34,30,37,55,44,62,63,79,31,29,28,74,22,98,89,39,61,70,19,10,
383	2	11	2.642	2,77,41,34,30,37,55,44,62,63,79,31,29,20,93,68,82,88,16,73,11,
383	2	12	2.475	2,77,41,34,30,37,63,62,79,29,31,20,93,68,52,43,72,33,51,65,12,
383	2	13	2.213	2,77,41,34,30,37,63,62,79,31,29,20,93,68,52,43,72,33,51,69,13,
383	2	14	2.066	2,77,41,34,30,37,63,62,79,29,31,20,93,68,52,43,33,72,14,
383	2	15	1.995	2,77,94,81,55,44,62,63,37,30,34,75,27,48,95,15,
383	3	4	2.148	3,94,34,30,37,63,79,62,44,55,81,47,23,32,53,4,
383	3	5	2.138	3,23,47,64,42,36,80,38,71,50,26,87,56,24,92,90,5,
383	3	6	1.976	3,23,47,64,42,36,80,38,71,50,26,87,99,56,24,92,6,
383	3	7	2.324	3,40,53,67,49,32,23,47,64,42,36,80,38,71,50,26,87,60,7,
383	3	8	2.297	3,40,53,67,49,32,42,36,80,38,71,50,26,87,60,35,66,78,8,
383	3	9	2.667	3,40,53,67,49,32,23,47,64,42,36,80,38,50,71,54,76,17,86,9,
383	3	10	2.589	3,23,47,64,59,81,55,44,62,63,79,31,29,28,74,22,98,89,39,70,19,10,
383	3	11	2.734	3,23,47,64,59,81,55,44,37,34,30,63,62,79,31,20,88,16,73,11,
383	3	12	2.665	3,94,34,30,37,63,62,79,31,29,20,82,68,52,43,72,33,51,65,12,
383	3	13	2.405	3,23,47,81,55,44,62,63,37,34,30,21,46,96,52,43,72,33,51,69,13,
383	3	14	2.256	3,94,34,30,37,63,62,79,29,31,20,82,68,52,43,33,72,14,
383	3	15	2.2	3,23,47,64,59,81,55,44,62,63,30,37,34,75,27,48,95,15,
383	4	5	1.846	4,53,67,49,32,42,36,80,18,99,56,24,92,90,5,
383	4	6	1.717	4,53,67,49,32,23,47,64,42,36,80,18,99,56,24,6,
383	4	7	1.995	4,53,67,49,32,23,47,64,42,36,80,38,71,50,26,87,60,7,
383	4	8	2.091	4,53,67,49,32,23,47,64,42,36,80,38,50,26,87,60,35,66,8,
383	4	9	2.241	4,53,67,49,32,23,47,64,42,36,80,38,50,71,54,76,57,9,
383	4	10	2.282	4,53,67,49,32,23,47,42,36,80,38,50,71,54,89,39,70,19,10,
383	4	11	2.578	4,53,67,49,32,23,47,64,42,36,80,38,50,71,54,89,39,70,11,
383	4	12	2.521	4,53,67,49,32,23,47,64,59,81,55,44,62,79,31,29,20,93,82,65,12,
383	4	13	2.375	4,53,67,49,32,23,47,81,55,44,62,63,21,46,96,52,43,72,33,51,69,13,
383	4	14	2.264	4,53,67,49,32,23,47,59,81,55,44,62,63,21,46,96,52,43,33,72,14,
383	4	15	2.266	4,53,32,23,47,64,59,81,55,44,62,63,30,37,34,75,27,48,95,15,
383	5	6	1.806	5,49,32,23,47,64,42,36,80,38,18,99,56,24,6,
383	5	7	2.123	5,49,67,53,32,23,47,64,42,36,80,18,99,56,24,7,
383	5	8	2.205	5,49,32,23,47,64,42,36,80,38,71,50,26,87,60,35,66,78,8,
383	5	9	2.36	5,90,92,24,56,99,87,26,50,71,54,89,39,70,19,25,86,9,
383	5	10	2.384	5,90,92,24,56,99,18,87,26,50,71,54,98,89,39,61,25,19,10,
383	5	11	2.648	5,90,92,24,56,99,18,87,26,50,71,54,89,39,61,25,19,70,11,
383	5	12	2.67	5,49,32,36,42,64,59,81,55,44,62,63,79,31,29,20,93,82,65,12,
383	5	13	2.506	5,49,32,23,47,64,59,81,55,44,62,63,21,46,96,52,43,33,72,85,69,13,
383	5	14	2.466	5,49,32,42,64,59,81,55,44,62,79,31,29,20,93,68,52,43,33,72,14,
383	5	15	2.51	5,90,18,80,36,42,64,59,81,55,44,62,63,30,34,75,27,48,95,15,
383	6	7	1.887	6,24,56,92,99,18,36,80,38,50,26,87,60,7,
383	6	8	1.717	6,92,24,56,99,18,50,71,26,87,60,35,66,78,8,
383	6	9	1.874	6,92,24,56,99,18,87,26,50,71,54,76,57,9,
383	6	10	2.191	6,92,24,56,99,87,26,50,71,54,22,74,28,98,89,39,70,19,10,
383	6	11	2.549	6,92,24,56,99,18,87,26,50,71,54,22,98,89,39,61,19,70,11,
383	6	12	2.561	6,24,56,99,18,80,36,42,64,59,81,55,44,62,79,31,20,82,65,12,
383	6	13	2.362	6,24,56,99,87,26,50,71,45,29,31,20,93,68,52,43,33,51,69,13,
383	6	14	2.408	6,24,56,99,18,80,36,42,64,59,44,62,63,21,46,96,52,43,33,72,14,
383	6	15	2.315	6,24,56,99,18,38,80,36,42,64,59,81,55,44,62,63,21,48,95,15,
383	7	8	1.945	7,24,56,92,99,18,50,71,26,87,60,35,66,78,8,
383	7	9	2.071	7,24,56,99,87,26,50,71,54,89,39,61,25,86,9,
383	7	10	2.283	7,56,24,92,99,87,26,50,71,54,22,98,89,39,61,25,19,10,
383	7	11	2.601	7,56,24,92,99,87,26,50,71,54,98,89,39,61,25,19,70,11,
383	7	12	2.598	7,60,87,26,50,71,45,29,31,46,96,52,43,33,72,51,65,12,
383	7	13	2.386	7,60,87,26,50,71,45,29,31,20,82,68,52,43,72,33,51,69,13,
383	7	14	2.517	7,24,56,99,87,26,50,71,45,29,31,20,93,68,96,52,43,33,72,14,
383	7	15	2.444	7,24,56,99,18,80,36,42,64,59,81,55,44,62,63,21,48,95,15,
383	8	9	2.002	8,78,66,35,60,87,26,50,71,54,89,39,61,25,86,9,
383	8	10	1.891	8,78,66,35,60,87,26,50,71,54,89,39,61,25,19,10,
383	8	11	2.437	8,78,66,35,60,87,26,50,71,22,54,89,39,61,25,19,70,11,
383	8	12	2.543	8,78,66,35,76,89,58,16,88,82,93,68,52,43,33,72,51,65,12,
383	8	13	2.341	8,78,66,35,76,89,58,16,88,82,93,68,96,52,43,72,33,51,69,13,
383	8	14	2.448	8,78,66,35,60,87,26,50,71,45,29,31,20,93,68,96,52,43,33,72,14,
383	8	15	2.529	8,78,66,35,76,54,22,74,28,29,31,20,93,68,96,52,43,33,72,95,15,
383	9	10	2.06	9,86,17,57,76,54,22,74,28,98,89,39,70,61,25,19,10,
383	9	11	2.68	9,86,25,61,19,70,39,17,57,76,54,22,74,28,98,58,16,73,11,
383	9	12	2.337	9,86,25,19,70,73,16,88,82,93,68,52,43,33,72,51,65,12,
383	9	13	2.16	9,86,25,61,39,89,58,16,88,82,68,96,52,43,33,72,85,69,13,
383	9	14	2.582	9,86,25,61,19,70,39,89,98,22,74,28,58,16,88,82,68,52,43,33,72,14,
383	9	15	2.42	9,86,25,61,19,70,39,73,16,88,82,93,68,96,52,43,33,72,95,48,15,
383	10	11	2.356	10,19,70,61,25,86,17,57,76,54,22,74,28,58,16,73,11,
383	10	12	2.086	10,19,70,73,16,88,82,93,68,96,52,43,72,33,51,65,12,
383	10	13	1.783	10,19,70,73,16,88,82,68,52,43,72,33,51,85,69,13,
383	10	14	2.498	10,19,25,61,17,57,76,54,22,74,28,16,88,82,93,68,52,43,33,72,14,
383	10	15	2.365	10,19,25,61,39,70,73,16,88,82,93,68,96,52,43,33,72,84,48,95,15,
383	11	12	2.29	11,73,16,88,82,93,68,96,52,43,72,33,51,85,69,65,12,
383	11	13	2.045	11,73,16,88,20,93,82,68,96,52,43,72,33,51,85,69,13,
383	11	14	2.281	11,70,19,25,61,39,89,58,16,88,82,68,96,52,43,33,72,14,
383	11	15	2.292	11,70,73,16,88,82,68,93,96,52,43,33,72,84,48,95,15,
383	12	13	2.265	12,73,16,88,82,93,96,52,43,72,33,68,51,65,69,85,13,
383	12	14	2.459	12,69,85,51,33,72,43,52,96,93,68,82,20,46,84,48,95,14,
383	12	15	2.251	12,69,85,51,33,72,43,52,96,93,68,82,20,46,84,48,95,15,
383	13	14	1.922	13,69,85,51,33,72,43,52,68,82,93,96,46,84,48,95,14,
383	13	15	1.714	13,69,85,51,33,72,43,52,68,82,93,96,46,84,48,95,15,
383	14	15	1.957	14,85,69,51,33,72,43,52,68,82,93,96,46,84,48,95,15,
