54	0	2	2.236	0,35,91,22,83,41,29,71,77,44,66,95,57,20,68,2,
54	0	1	2.223	0,15,85,67,53,65,37,16,87,18,86,28,80,35,91,22,83,1,
54	0	5	2.494	0,35,91,22,83,41,71,77,95,66,44,76,59,32,58,56,99,52,5,
54	0	4	2.486	0,35,91,22,83,41,71,77,95,68,57,66,44,76,59,48,69,4,
54	0	7	2.639	0,35,91,22,83,41,71,77,44,76,32,58,46,74,70,23,72,24,25,54,7,
54	0	9	2.675	0,35,91,22,83,41,29,98,76,59,58,46,74,23,72,89,45,49,9,
54	0	11	2.444	0,80,28,85,67,53,65,50,37,16,87,97,62,26,60,30,73,94,96,38,11,
54	0	8	2.743	0,35,91,22,83,41,29,98,76,59,32,58,46,74,23,72,89,45,27,49,79,8,
54	0	3	1.934	0,35,91,22,83,41,29,71,77,44,66,95,57,68,20,3,
54	0	6	2.569	0,35,91,22,83,41,29,98,76,59,32,58,46,74,72,23,81,90,34,6,
54	0	10	2.485	0,80,28,85,67,53,65,37,16,87,62,97,26,60,30,73,94,38,96,39,10,
54	1	3	1.992	1,93,83,22,91,35,41,29,71,77,95,44,66,57,68,3,
54	0	15	1.757	0,80,28,86,18,97,62,87,16,37,53,65,50,67,85,15,
54	0	14	1.803	0,80,28,86,18,97,62,87,16,37,53,65,67,85,50,14,
54	1	2	2.36	1,93,83,22,91,41,29,98,76,59,48,66,44,77,2,
54	0	13	2.187	0,80,28,85,67,53,65,50,37,16,87,62,97,55,26,13,
54	1	4	2.188	1,93,83,22,91,41,71,77,95,66,44,76,59,48,69,4,
54	1	7	2.442	1,83,22,91,41,29,98,76,59,32,58,46,74,70,23,72,24,25,54,7,
54	1	6	2.424	1,93,71,77,95,66,44,76,59,32,58,46,74,23,81,90,34,6,
54	1	8	2.605	1,93,71,77,95,66,44,76,59,32,58,46,74,23,72,40,89,45,79,8,
54	0	12	2.298	0,80,28,85,67,53,65,37,16,87,62,97,26,60,30,73,94,38,12,
54	1	5	2.366	1,83,22,91,41,71,77,95,66,44,76,59,32,58,56,99,52,5,
54	2	3	2.114	2,93,83,22,91,41,29,71,77,44,66,95,57,68,20,3,
54	2	4	2.302	2,95,66,44,76,32,92,17,74,46,58,59,48,69,4,
54	1	12	2.364	1,83,22,91,35,28,85,67,53,65,37,16,87,62,97,26,60,30,73,12,
54	1	13	2.417	1,93,83,22,91,35,80,28,86,18,97,62,87,16,37,53,65,67,50,14,13,
54	2	6	2.216	2,68,57,95,66,44,76,59,58,46,74,23,81,90,34,6,
54	1	10	2.627	1,83,22,91,35,28,67,65,53,37,16,87,62,97,26,60,30,73,94,96,39,10,
54	1	11	2.433	1,22,91,35,28,85,67,53,65,37,16,87,62,97,26,60,30,73,94,38,11,
54	1	9	2.687	1,83,22,91,41,29,98,76,59,32,58,46,74,23,72,89,45,27,49,9,
54	1	15	1.866	1,22,91,35,28,86,18,97,62,87,16,37,53,67,85,15,
54	2	5	2.222	2,68,57,66,44,76,59,32,58,46,74,70,56,99,52,5,
54	1	14	1.946	1,93,83,22,91,35,80,28,86,18,97,62,87,16,37,53,65,50,14,
54	3	4	2.063	3,20,68,57,95,66,44,76,59,32,58,56,48,69,4,
54	2	12	2.643	2,93,83,22,91,35,28,85,67,53,65,37,16,87,62,97,26,30,73,12,
54	2	13	2.637	2,93,83,22,91,35,80,28,86,18,97,62,87,16,37,65,53,67,50,14,13,
54	3	5	1.885	3,20,68,57,95,66,44,76,59,32,58,56,99,52,5,
54	2	7	2.362	2,68,57,95,66,44,76,59,32,58,46,74,70,23,72,24,25,54,7,
54	2	9	2.585	2,95,66,44,76,59,58,46,74,17,92,36,64,40,89,45,49,9,
54	2	11	2.694	2,93,83,22,91,35,28,67,53,65,37,16,87,62,97,26,60,30,73,94,38,11,
54	2	10	2.729	2,68,57,66,44,76,59,32,58,46,74,17,92,36,64,75,63,21,33,10,
54	2	8	2.479	2,95,66,44,76,59,32,58,46,74,17,92,36,64,40,89,45,79,8,
54	2	15	2.232	2,93,83,22,91,35,28,86,18,97,62,87,16,37,53,65,67,85,15,
54	2	14	2.394	2,77,71,41,83,22,91,35,80,28,86,18,97,62,87,37,53,65,50,14,
54	3	6	1.968	3,68,57,95,66,44,76,59,32,58,46,74,70,90,34,6,
54	4	5	1.972	4,69,48,59,32,58,46,74,72,23,81,90,34,52,5,
54	3	13	2.68	3,68,57,95,66,44,76,32,58,46,74,17,92,42,19,78,97,62,13,
54	3	7	2.066	3,68,57,95,66,44,76,59,32,58,46,74,23,72,24,25,54,7,
54	3	8	2.168	3,68,57,95,66,44,76,59,58,46,74,70,23,72,89,45,79,8,
54	3	12	2.665	3,68,57,66,44,76,59,58,46,74,92,42,19,78,88,55,60,30,73,12,
54	3	9	2.359	3,68,57,95,66,44,76,59,58,46,74,23,72,40,89,45,49,9,
54	3	15	2.248	3,68,57,66,44,98,86,18,97,62,87,16,37,65,53,67,85,15,
54	3	11	2.658	3,68,57,66,44,76,59,58,46,74,17,92,36,47,60,30,73,94,38,11,
54	3	14	2.27	3,68,57,95,77,71,41,29,86,18,97,62,87,16,37,53,65,67,50,14,
54	3	10	2.655	3,68,57,95,66,44,76,59,32,58,70,46,74,17,92,36,64,63,21,33,10,
54	4	6	1.973	4,69,48,59,32,58,46,70,74,72,23,81,90,34,6,
54	4	7	1.94	4,69,48,59,76,32,58,46,74,70,23,24,25,54,7,
54	5	6	1.993	5,52,99,48,59,32,58,46,74,72,23,81,90,34,6,
54	4	8	2.185	4,69,48,59,32,58,46,74,70,23,72,40,89,45,27,49,79,8,
54	4	13	2.62	4,69,48,59,58,46,74,17,92,36,42,19,78,97,62,87,16,13,
54	4	9	2.384	4,69,48,59,32,58,46,74,17,92,36,64,40,89,45,27,49,9,
54	4	12	2.604	4,69,48,59,58,46,74,17,92,42,43,84,19,78,88,55,60,30,73,12,
54	4	11	2.568	4,69,48,59,58,46,74,17,92,42,19,78,88,55,60,30,73,94,38,11,
54	4	10	2.606	4,69,48,59,32,58,46,74,70,23,72,89,45,49,27,40,63,21,33,10,
54	4	15	2.358	4,69,48,59,32,43,84,19,78,97,62,87,16,37,65,53,67,85,15,
54	4	14	2.392	4,69,48,59,58,32,43,84,19,78,97,62,87,16,37,65,53,67,50,14,
54	6	8	1.818	6,34,90,81,23,72,24,25,31,45,89,40,27,49,79,8,
54	5	8	1.9	5,52,99,56,58,46,74,70,23,72,40,89,45,79,8,
54	6	7	1.93	6,34,90,81,23,72,40,89,45,27,49,79,31,25,54,7,
54	5	7	1.913	5,52,99,56,59,32,58,46,74,70,23,72,24,25,54,7,
54	5	9	2.421	5,52,34,90,70,46,74,17,92,42,36,64,40,89,45,27,49,9,
54	5	13	2.689	5,52,99,56,70,46,74,17,92,36,42,43,84,19,78,97,62,87,16,13,
54	5	12	2.621	5,52,34,90,70,46,74,17,92,36,42,43,84,78,19,88,55,60,30,73,12,
54	5	11	2.577	5,52,99,56,70,46,74,17,92,36,42,19,78,88,55,60,30,73,94,38,11,
54	5	10	2.646	5,52,34,90,70,46,74,17,92,36,64,40,89,45,49,27,63,21,33,10,
54	5	15	2.403	5,52,99,56,58,32,43,84,19,78,97,62,87,16,37,65,53,67,85,15,
54	5	14	2.42	5,52,99,56,70,46,74,17,92,42,19,78,97,62,87,16,37,53,65,50,14,
54	7	8	1.875	7,54,25,24,23,74,17,92,36,64,40,89,45,79,8,
54	7	10	2.156	7,54,24,25,31,79,49,27,45,89,40,63,21,61,51,39,33,10,
54	7	9	2.11	7,54,25,24,23,74,46,92,17,36,64,40,89,45,49,9,
54	6	9	2.272	6,34,90,70,46,74,17,92,42,36,64,40,89,45,27,49,9,
54	6	10	2.443	6,34,90,70,74,17,92,36,64,40,89,45,49,27,63,21,33,10,
54	7	11	2.487	7,54,25,24,23,74,46,92,17,36,42,19,78,88,55,60,94,38,11,
54	6	11	2.442	6,34,90,70,74,17,92,42,43,84,78,19,88,55,60,30,73,94,38,11,
54	6	12	2.566	6,34,90,81,23,70,46,74,17,92,42,43,84,78,19,88,55,60,30,73,12,
54	6	15	2.392	6,34,90,70,74,17,92,42,19,78,97,62,87,16,37,53,65,67,85,15,
54	6	13	2.724	6,34,90,81,23,70,46,74,17,92,36,42,43,84,78,97,62,87,16,13,
54	6	14	2.388	6,34,90,70,46,74,17,92,42,19,78,97,62,87,16,37,65,53,67,50,14,
54	8	10	2.067	8,79,49,27,45,89,40,63,21,61,51,94,38,96,39,33,10,
54	8	11	2.132	8,79,31,45,49,27,89,40,64,75,63,21,61,51,96,94,38,11,
54	8	9	2.117	8,79,49,45,89,72,23,74,46,92,17,64,75,63,21,9,
54	7	13	2.53	7,54,25,24,72,23,74,46,92,17,36,42,19,78,97,62,87,16,13,
54	7	12	2.497	7,54,25,24,72,23,74,17,92,36,42,43,84,78,19,88,55,60,30,12,
54	8	13	2.547	8,79,45,89,40,64,36,17,92,42,43,84,78,97,62,87,16,13,
54	8	12	2.42	8,79,49,27,45,89,40,64,36,42,43,84,78,19,88,55,60,30,12,
54	7	15	2.39	7,54,24,72,74,17,92,42,19,78,97,62,87,16,37,65,53,67,85,15,
54	8	14	2.279	8,79,45,89,40,64,36,42,19,78,97,62,87,16,37,53,65,67,50,14,
54	7	14	2.395	7,54,25,24,23,70,74,17,92,42,19,78,97,62,87,16,37,53,65,50,14,
54	8	15	2.331	8,79,45,89,40,64,36,42,19,78,97,62,87,16,37,65,53,67,85,15,
54	10	12	2.35	10,33,21,63,27,49,45,89,40,64,75,61,51,96,94,38,12,
54	9	10	2.277	9,49,27,45,89,72,23,74,46,92,17,64,63,21,33,10,
54	10	11	2.215	10,33,21,63,27,49,45,89,40,64,75,61,51,96,94,38,11,
54	9	11	2.244	9,27,49,45,89,40,63,21,61,47,60,30,73,94,96,38,11,
54	10	13	2.131	10,39,96,94,73,30,60,26,97,62,87,16,37,53,65,50,14,13,
54	9	12	2.479	9,49,27,45,89,40,64,36,42,43,84,78,88,55,60,30,12,
54	9	13	2.545	9,49,45,89,40,64,36,42,43,84,19,78,97,62,87,16,13,
54	9	14	2.261	9,33,39,96,38,94,73,30,60,26,97,62,87,16,37,53,65,67,50,14,
54	10	14	1.98	10,33,39,96,38,94,73,30,60,26,97,62,87,16,37,53,65,67,50,14,
54	9	15	2.404	9,21,63,61,51,96,94,73,30,60,26,97,62,87,16,37,65,53,67,85,15,
54	10	15	2.144	10,33,39,96,38,94,73,30,60,26,97,62,87,16,37,50,65,53,67,85,15,
54	11	12	2.283	11,38,94,73,30,60,26,97,62,87,16,37,53,65,50,14,13,12,
54	12	13	2.106	12,38,94,73,30,60,26,97,62,87,16,37,65,53,67,50,14,13,
54	13	15	2.105	13,12,73,30,60,26,97,62,87,16,37,65,53,67,50,85,15,
54	11	13	1.893	11,38,94,73,30,60,26,97,62,87,16,37,53,65,50,14,13,
54	14	15	1.971	14,50,85,67,53,65,37,16,87,62,97,18,86,28,80,15,
54	12	15	1.766	12,38,94,73,30,60,26,97,62,87,16,37,53,67,85,15,
54	12	14	1.638	12,38,94,73,30,60,26,97,62,87,16,37,53,65,50,14,
54	13	14	2.028	13,12,38,94,73,30,60,26,97,62,87,16,37,53,65,50,14,
54	11	14	1.503	11,38,94,73,30,60,26,97,62,87,16,37,53,65,50,14,
54	11	15	2.424	11,38,96,94,73,30,60,26,55,88,19,78,97,62,87,16,37,53,67,85,15,
