196	0	1	2.131	0,38,80,89,36,73,45,61,57,92,63,77,41,88,1,
196	0	2	2.183	0,38,80,89,45,61,57,63,77,41,88,43,58,2,
196	0	3	2.24	0,38,97,80,61,57,92,63,77,41,88,43,58,32,3,
196	0	4	2.255	0,38,63,92,57,61,98,62,56,31,40,86,91,29,4,
196	0	5	2.575	0,38,63,92,57,61,45,53,70,51,20,62,56,31,86,83,27,52,5,
196	0	6	2.758	0,38,63,92,57,61,45,53,70,51,20,62,56,31,86,83,67,76,21,78,6,
196	0	7	2.639	0,38,63,92,57,61,98,62,26,25,81,24,30,99,59,87,49,72,7,
196	0	8	2.642	0,38,63,92,57,61,45,53,70,51,20,26,25,81,24,30,99,59,87,49,8,
196	0	9	2.62	0,38,63,92,57,61,45,73,44,95,82,54,16,60,75,96,19,35,28,50,9,
196	0	10	2.657	0,38,63,92,57,61,45,73,44,95,82,54,16,60,75,96,19,35,28,64,10,
196	0	11	2.337	0,38,63,92,57,61,45,89,73,44,95,82,54,16,34,94,66,93,37,11,
196	0	12	2.229	0,38,63,92,57,61,89,36,73,44,95,82,54,16,34,66,94,18,12,
196	0	13	2.023	0,38,63,92,57,61,45,73,44,95,82,54,42,22,47,13,
196	0	14	2.113	0,38,63,92,57,61,45,73,44,95,82,54,42,22,47,14,
196	0	15	2.255	0,38,63,92,57,61,45,44,95,82,54,42,36,89,71,15,
196	1	2	2.207	1,88,41,77,63,57,61,92,46,79,39,32,58,43,2,
196	1	3	2.166	1,88,41,77,92,57,61,98,62,56,31,40,90,39,3,
196	1	4	2.207	1,88,41,77,43,58,32,39,79,90,40,86,91,29,4,
196	1	5	2.392	1,88,41,77,63,92,57,61,98,62,56,31,86,91,83,27,52,5,
196	1	6	2.552	1,88,41,77,43,58,32,39,79,90,40,86,91,83,27,76,21,78,6,
196	1	7	2.553	1,88,41,77,92,57,61,45,53,70,51,84,24,30,99,59,55,7,
196	1	8	2.553	1,88,41,77,92,57,61,45,53,70,51,84,25,81,24,30,99,59,87,49,8,
196	1	9	2.508	1,88,41,77,63,92,57,61,45,53,70,51,84,74,96,19,35,28,50,9,
196	1	10	2.443	1,88,41,77,63,92,57,61,45,44,95,82,54,16,60,75,17,64,10,
196	1	11	2.308	1,88,41,77,63,92,57,61,45,73,44,95,82,54,16,34,94,66,93,37,11,
196	1	12	2.162	1,88,41,77,92,57,61,45,73,44,95,82,54,16,34,66,94,18,12,
196	1	13	2.174	1,88,41,77,63,92,57,61,45,73,44,95,82,54,42,22,47,13,
196	1	14	2.216	1,88,41,77,63,92,57,61,45,44,95,82,54,42,22,47,14,
196	1	15	2.085	1,88,41,77,63,92,57,61,45,73,36,89,71,97,15,
196	2	3	2.284	2,58,43,77,63,92,57,61,98,56,31,40,90,39,3,
196	2	4	2.069	2,58,43,79,39,90,40,86,67,27,83,91,29,33,4,
196	2	5	2.022	2,58,43,79,39,90,40,86,91,83,67,76,27,52,5,
196	2	6	2.508	2,58,43,77,41,63,92,57,61,98,62,56,31,86,76,21,78,6,
196	2	7	2.59	2,58,43,79,90,40,31,56,26,25,24,30,99,59,87,49,72,7,
196	2	8	2.392	2,58,43,79,90,40,31,56,26,25,81,24,30,99,59,87,49,72,8,
196	2	9	2.621	2,58,43,77,41,63,92,57,61,45,53,70,51,84,74,96,19,35,28,50,9,
196	2	10	2.604	2,58,43,77,41,63,92,57,61,45,73,44,95,82,54,16,60,75,17,64,10,
196	2	11	2.421	2,58,43,77,41,63,92,57,61,45,73,44,95,82,54,16,34,94,66,93,37,11,
196	2	12	2.31	2,58,43,77,63,92,57,61,45,73,44,95,82,54,16,34,66,94,18,12,
196	2	13	2.287	2,58,43,77,41,63,92,57,61,45,73,44,95,82,54,42,22,47,13,
196	2	14	2.377	2,58,43,77,41,63,92,57,61,45,73,44,95,82,54,42,22,47,14,
196	2	15	2.059	2,58,43,77,41,63,92,57,61,45,73,36,89,71,15,
196	3	4	2.228	3,32,58,43,79,39,90,40,86,83,27,91,29,33,4,
196	3	5	2.151	3,32,39,79,90,40,86,91,83,27,67,76,21,78,52,5,
196	3	6	2.188	3,32,58,43,79,39,90,40,86,91,83,27,67,76,21,78,6,
196	3	7	2.447	3,39,90,40,31,56,62,26,25,81,24,30,99,59,87,55,7,
196	3	8	2.445	3,39,79,90,40,86,31,56,62,26,25,81,24,30,99,59,87,49,8,
196	3	9	2.551	3,39,79,90,40,31,56,62,26,25,81,24,30,99,59,87,49,68,69,9,
196	3	10	2.725	3,32,58,43,41,77,92,57,61,45,73,44,95,82,54,16,60,75,17,64,10,
196	3	11	2.41	3,39,90,40,31,56,62,20,51,70,95,82,54,16,34,94,66,93,37,11,
196	3	12	2.421	3,32,58,43,77,41,63,92,57,61,45,44,95,82,54,16,34,94,18,12,
196	3	13	2.476	3,32,58,43,88,41,77,63,92,57,61,45,44,95,82,54,42,47,13,
196	3	14	2.566	3,32,58,43,88,41,77,63,92,57,61,45,44,95,82,54,42,47,14,
196	3	15	2.565	3,32,58,43,88,41,77,63,92,57,61,45,73,36,89,80,97,15,
196	4	5	2.173	4,29,39,79,90,40,86,91,83,27,76,21,78,52,5,
196	4	6	2.54	4,29,39,79,90,40,31,86,91,83,67,76,27,52,78,6,
196	4	7	2.495	4,29,91,86,31,56,62,26,25,81,24,30,99,59,87,55,7,
196	4	8	2.372	4,29,91,86,40,31,56,62,26,25,81,24,30,99,59,87,49,8,
196	4	9	2.517	4,29,91,86,40,31,56,62,26,25,81,24,30,99,59,87,69,68,9,
196	4	10	2.717	4,29,91,86,31,56,62,20,51,70,53,44,95,82,54,16,60,75,17,64,10,
196	4	11	2.458	4,29,91,86,31,56,62,20,51,70,95,82,54,16,34,94,66,93,37,11,
196	4	12	2.476	4,29,91,86,31,56,62,20,51,70,53,44,95,82,54,16,34,66,94,18,12,
196	4	13	2.504	4,29,91,86,40,31,56,62,20,51,70,53,44,95,82,54,42,22,47,13,
196	4	14	2.594	4,29,91,86,40,31,56,62,20,51,70,53,44,95,82,54,42,22,47,14,
196	4	15	2.673	4,29,91,83,86,31,56,62,20,51,70,53,45,61,92,57,80,97,15,
196	5	6	2.205	5,33,29,39,79,90,40,86,91,83,27,67,76,21,78,6,
196	5	7	2.298	5,52,27,67,76,65,25,81,24,30,99,59,87,49,72,7,
196	5	8	2.095	5,52,27,67,76,65,25,81,24,30,99,59,87,49,72,8,
196	5	9	2.399	5,52,27,67,83,91,86,31,56,62,26,25,81,24,30,35,28,50,9,
196	5	10	2.535	5,52,27,67,83,91,86,40,31,56,62,26,25,24,30,35,28,64,10,
196	5	11	2.422	5,52,27,83,86,31,56,62,20,51,70,95,82,54,16,34,66,93,37,11,
196	5	12	2.433	5,52,27,67,83,91,86,31,56,62,20,51,70,53,44,95,82,54,16,34,18,12,
196	5	13	2.594	5,52,27,83,91,86,40,31,56,62,20,51,70,53,44,95,82,54,42,22,47,13,
196	5	14	2.684	5,52,27,83,91,86,40,31,56,62,20,51,70,53,44,95,82,54,42,22,47,14,
196	5	15	2.625	5,52,27,67,83,91,86,40,31,56,62,20,51,70,53,44,73,36,89,71,15,
196	6	7	2.277	6,78,21,76,65,25,81,24,30,99,59,55,87,49,72,7,
196	6	8	2.074	6,78,21,76,65,25,81,24,30,99,59,55,87,49,72,8,
196	6	9	2.199	6,78,21,76,65,25,81,24,30,23,99,59,87,49,68,9,
196	6	10	2.56	6,78,21,76,67,83,91,86,40,31,56,26,25,81,24,35,28,64,10,
196	6	11	2.507	6,78,21,76,86,31,56,62,20,51,70,95,82,54,16,34,66,93,37,11,
196	6	12	2.479	6,78,21,76,67,83,86,31,56,62,20,51,70,53,44,95,82,54,16,34,18,12,
196	6	13	2.518	6,78,21,76,67,83,91,86,31,56,62,20,51,70,53,95,82,54,42,47,13,
196	6	14	2.569	6,78,21,76,67,83,86,31,56,62,20,51,70,53,44,95,82,54,42,47,14,
196	6	15	2.768	6,78,21,76,67,83,91,86,40,31,56,62,98,61,57,92,63,38,80,97,15,
196	7	8	2.205	7,55,87,59,99,23,30,24,35,28,50,69,68,49,72,8,
196	7	9	2.174	7,72,49,55,87,59,99,81,25,24,30,23,35,28,50,9,
196	7	10	2.403	7,72,49,87,59,99,25,81,30,24,35,28,19,96,75,17,64,10,
196	7	11	2.381	7,55,59,99,30,24,84,51,70,95,82,54,16,34,94,66,93,37,11,
196	7	12	2.365	7,72,49,87,59,99,30,24,84,51,70,53,44,95,82,54,16,34,18,12,
196	7	13	2.516	7,72,49,87,59,99,30,24,81,25,84,51,70,53,44,95,82,54,42,22,13,
196	7	14	2.69	7,72,49,87,59,99,30,24,81,25,84,74,51,70,53,44,95,82,54,42,47,14,
196	7	15	2.658	7,72,49,87,59,99,30,24,84,51,70,53,45,61,92,57,80,97,15,
196	8	9	1.974	8,72,49,87,59,99,30,81,25,24,96,19,35,28,50,9,
196	8	10	1.996	8,72,49,87,59,99,23,30,24,35,19,96,75,17,64,10,
196	8	11	2.136	8,72,49,87,59,99,25,81,30,24,19,96,75,60,66,93,37,11,
196	8	12	2.119	8,72,49,87,59,99,30,24,84,51,70,53,95,82,54,16,34,18,12,
196	8	13	2.397	8,72,49,87,59,99,30,24,81,25,84,74,51,70,53,44,95,82,54,42,47,13,
196	8	14	2.487	8,72,49,87,59,99,30,24,81,25,84,74,51,70,53,44,95,82,54,42,47,14,
196	8	15	2.69	8,72,49,87,59,99,30,24,81,25,84,74,51,70,53,45,61,92,57,80,97,15,
196	9	10	2.055	9,69,68,49,87,59,99,23,28,35,19,96,75,17,64,10,
196	9	11	2.058	9,68,69,87,59,99,25,81,30,24,19,96,75,17,93,37,11,
196	9	12	1.947	9,68,69,87,59,23,35,19,96,75,17,93,66,94,18,12,
196	9	13	2.356	9,68,69,87,59,99,30,24,81,25,84,51,70,53,44,95,82,54,42,47,13,
196	9	14	2.504	9,68,69,87,59,99,30,24,81,25,84,74,51,70,53,95,82,54,42,47,14,
196	9	15	2.634	9,50,28,35,19,96,75,60,16,54,82,95,44,73,45,61,92,57,80,97,15,
196	10	11	1.995	10,64,17,75,60,16,54,82,42,22,34,94,66,93,37,11,
196	10	12	1.967	10,64,17,75,96,74,51,70,53,44,95,82,54,16,34,18,12,
196	10	13	2.128	10,64,17,75,96,74,84,51,70,53,44,95,82,54,42,22,47,13,
196	10	14	2.511	10,64,28,35,24,30,81,25,84,74,51,70,53,44,95,82,54,42,22,47,14,
196	10	15	2.58	10,64,17,75,60,16,54,82,95,44,73,45,61,57,92,63,38,80,97,15,
196	11	12	1.882	11,37,93,66,60,74,51,70,53,44,95,82,54,16,34,18,12,
196	11	13	2.042	11,37,93,66,94,18,34,16,54,82,95,44,73,36,42,22,47,13,
196	11	14	2.045	11,37,93,66,94,34,16,54,82,42,95,44,73,36,89,71,85,14,
196	11	15	2.271	11,37,93,66,94,18,34,16,54,82,95,44,45,61,92,57,80,97,15,
196	12	13	1.936	12,18,94,66,34,16,54,82,95,44,45,73,42,22,47,13,
196	12	14	1.991	12,18,94,66,34,16,54,82,95,44,73,45,89,36,71,85,14,
196	12	15	2.113	12,18,94,66,34,16,54,82,95,44,73,45,61,92,57,80,97,15,
196	13	14	2.171	13,47,22,42,54,82,95,74,84,51,70,53,45,89,71,85,14,
196	13	15	2.037	13,47,22,42,54,82,95,44,73,45,61,92,57,80,97,15,
196	14	15	2.127	14,47,22,42,54,82,95,44,73,45,61,92,57,80,97,15,
