435	0	1	2.07	0,67,16,55,93,77,46,33,94,75,60,21,45,35,69,1,
435	0	2	1.899	0,67,16,49,55,93,77,46,33,94,75,60,21,45,35,2,
435	0	3	1.981	0,67,16,55,93,77,46,33,94,75,60,35,21,45,90,3,
435	0	4	2.459	0,67,16,49,79,26,39,55,93,77,46,96,42,80,34,22,64,95,4,
435	0	5	2.292	0,67,16,55,93,77,46,42,96,73,57,70,82,28,40,48,18,5,
435	0	6	2.266	0,85,44,71,93,77,46,42,96,73,57,70,47,31,82,28,92,61,43,6,
435	0	7	2.568	0,85,44,71,93,77,46,42,96,73,57,23,70,47,31,82,28,92,61,38,7,
435	0	8	2.594	0,67,16,85,44,71,93,77,46,42,96,73,57,76,68,51,37,62,88,8,
435	0	9	2.544	0,85,44,71,93,77,46,42,96,73,57,76,68,51,37,62,88,59,63,9,
435	0	10	2.468	0,67,16,55,93,77,46,42,96,73,57,76,68,19,53,66,36,89,10,
435	0	11	2.595	0,85,44,71,93,77,46,42,96,73,57,76,68,19,17,91,84,81,83,11,
435	0	12	2.156	0,67,16,49,79,26,39,52,32,98,87,54,29,65,41,24,12,
435	0	13	2.418	0,85,44,71,93,77,46,96,73,57,76,58,54,87,32,30,13,
435	0	14	2.342	0,67,16,85,44,75,94,33,46,77,93,55,39,26,79,14,
435	0	15	2.261	0,67,16,85,44,75,94,33,46,77,93,55,39,26,79,15,
435	1	2	2.012	1,44,71,93,77,46,33,94,75,60,35,21,25,56,90,45,2,
435	1	3	2.068	1,44,71,93,77,46,33,94,75,60,35,45,21,25,56,90,3,
435	1	4	2.228	1,69,35,45,21,60,75,94,33,77,46,42,80,34,22,64,95,4,
435	1	5	2.205	1,85,44,71,93,77,46,42,96,73,57,23,70,82,28,48,18,5,
435	1	6	2.171	1,85,44,71,93,77,46,42,96,73,57,23,70,82,28,92,61,43,6,
435	1	7	2.468	1,85,44,71,93,77,46,42,96,73,57,70,82,28,31,92,61,38,7,
435	1	8	2.583	1,69,35,45,21,60,94,33,77,46,42,96,73,57,76,68,51,37,62,8,
435	1	9	2.643	1,69,60,75,94,33,93,77,46,42,96,73,57,76,68,51,62,37,59,63,9,
435	1	10	2.408	1,85,44,71,93,77,46,42,96,73,57,76,68,19,53,66,36,89,10,
435	1	11	2.486	1,85,44,71,93,77,46,42,96,73,57,76,19,17,91,84,81,83,11,
435	1	12	2.525	1,85,44,71,93,77,46,42,96,73,57,76,19,17,72,29,41,65,24,12,
435	1	13	2.51	1,69,35,45,21,60,75,94,33,46,77,93,55,79,26,39,52,30,13,
435	1	14	2.226	1,69,35,45,21,60,75,94,33,77,93,55,39,26,79,14,
435	1	15	2.145	1,69,35,45,21,60,75,94,33,77,93,55,39,26,79,15,
435	2	3	1.885	2,35,45,21,60,75,94,33,77,46,42,80,34,22,99,3,
435	2	4	1.896	2,35,45,21,60,75,94,33,77,46,42,80,34,64,95,4,
435	2	5	1.926	2,35,45,21,56,25,99,64,22,34,50,82,28,48,18,5,
435	2	6	2.072	2,35,45,21,60,75,94,33,42,96,73,57,70,82,28,92,61,43,6,
435	2	7	2.351	2,35,45,21,60,75,94,33,77,46,42,96,73,57,70,82,47,31,38,7,
435	2	8	2.308	2,35,45,21,60,75,94,33,77,46,42,96,73,57,76,68,51,37,62,8,
435	2	9	2.425	2,35,45,21,60,75,94,33,77,46,42,96,73,57,23,68,51,37,59,63,9,
435	2	10	2.378	2,35,45,21,60,75,94,33,42,96,57,73,76,68,19,53,66,36,89,10,
435	2	11	2.393	2,35,45,21,60,75,94,33,77,46,42,96,73,57,76,19,17,91,84,11,
435	2	12	2.408	2,35,45,21,60,75,94,33,42,96,73,57,76,58,54,87,29,41,65,24,12,
435	2	13	2.285	2,35,45,21,60,75,94,33,46,77,93,55,79,26,39,52,32,30,13,
435	2	14	2.305	2,35,21,45,90,56,25,60,75,94,33,46,77,93,55,39,26,79,14,
435	2	15	1.877	2,35,45,21,60,75,94,33,46,77,93,55,39,26,79,15,
435	3	4	1.963	3,90,45,21,35,60,75,94,33,80,34,22,64,78,95,4,
435	3	5	1.931	3,99,22,34,80,42,96,73,57,70,82,28,48,18,5,
435	3	6	2.022	3,99,22,34,80,42,96,73,57,70,82,28,31,92,61,43,6,
435	3	7	2.324	3,99,22,34,80,42,96,73,57,23,70,82,28,31,92,61,38,7,
435	3	8	2.411	3,90,45,21,35,60,75,94,33,42,96,73,57,76,68,51,37,62,8,
435	3	9	2.531	3,90,45,21,60,75,94,33,77,46,42,96,73,57,76,19,53,59,63,9,
435	3	10	2.602	3,90,45,21,35,60,75,94,33,77,46,42,96,73,57,76,19,53,66,36,89,10,
435	3	11	2.701	3,90,45,21,35,60,75,94,33,77,46,42,96,73,57,76,19,17,91,84,83,11,
435	3	12	2.537	3,90,45,21,35,60,75,94,33,42,96,73,57,76,58,54,29,41,65,24,12,
435	3	13	2.599	3,56,25,21,45,35,60,75,94,33,46,77,93,55,79,26,39,52,32,30,13,
435	3	14	2.544	3,90,45,21,35,60,75,94,33,46,77,93,55,79,26,39,52,30,97,14,
435	3	15	2.502	3,56,25,21,45,35,60,75,94,33,46,77,93,71,44,85,67,16,49,15,
435	4	5	1.942	4,95,64,34,80,42,96,73,57,70,82,28,48,18,5,
435	4	6	1.589	4,95,78,18,48,40,92,28,82,31,38,61,43,6,
435	4	7	1.885	4,95,78,18,48,40,92,28,82,31,47,86,74,38,7,
435	4	8	2.363	4,95,78,18,48,40,61,92,28,82,31,47,86,74,62,51,37,88,8,
435	4	9	2.39	4,95,78,18,48,40,61,92,28,82,31,47,86,74,62,37,51,59,63,9,
435	4	10	2.481	4,95,78,48,40,92,28,82,31,47,86,74,62,37,51,53,66,36,89,10,
435	4	11	2.538	4,95,99,64,22,34,80,42,96,57,73,76,68,19,17,91,84,81,83,11,
435	4	12	2.524	4,95,64,22,34,80,42,96,73,57,76,68,19,58,54,87,29,65,41,24,12,
435	4	13	2.698	4,95,64,22,34,80,42,96,57,73,46,77,93,55,79,26,39,52,32,30,13,
435	4	14	2.604	4,95,64,22,34,80,42,96,57,73,46,77,93,55,79,26,39,52,97,14,
435	4	15	2.509	4,95,99,25,56,21,45,35,60,75,94,33,46,77,93,55,39,26,79,15,
435	5	6	1.487	5,18,48,40,92,28,82,31,47,86,74,38,61,43,6,
435	5	7	1.711	5,18,48,40,43,61,92,28,82,31,47,86,74,27,7,
435	5	8	1.728	5,18,48,40,92,28,82,31,47,86,51,37,62,88,8,
435	5	9	2.113	5,18,48,40,61,92,28,82,31,47,86,74,51,37,62,88,59,63,9,
435	5	10	2.247	5,18,48,40,92,28,82,47,31,38,74,62,37,51,53,66,36,89,10,
435	5	11	2.455	5,18,48,40,61,92,28,82,31,86,74,62,37,51,53,66,81,83,11,
435	5	12	2.513	5,18,48,40,92,28,82,31,47,70,23,57,73,76,58,54,29,41,65,24,12,
435	5	13	2.68	5,18,48,40,28,82,70,57,73,96,42,46,77,93,55,26,39,52,30,13,
435	5	14	2.511	5,18,48,40,92,28,82,70,57,73,96,42,46,77,93,55,26,79,14,
435	5	15	2.369	5,18,48,40,28,82,70,57,73,96,42,46,77,93,55,26,79,15,
435	6	7	1.806	6,43,61,92,40,28,82,31,47,86,74,51,37,62,27,7,
435	6	8	1.751	6,43,61,40,92,28,82,31,47,86,51,37,62,88,8,
435	6	9	1.676	6,43,61,92,28,82,31,47,86,74,62,37,51,59,63,9,
435	6	10	2.196	6,43,40,61,92,28,82,31,47,86,74,62,37,51,53,66,36,89,10,
435	6	11	2.351	6,43,61,92,28,82,31,47,86,74,62,37,59,63,89,36,66,81,83,11,
435	6	12	2.345	6,43,61,92,28,82,31,47,70,57,73,76,58,54,87,29,41,65,24,12,
435	6	13	2.554	6,43,61,92,28,82,70,57,73,96,42,46,77,93,55,26,39,52,30,13,
435	6	14	2.415	6,43,61,92,31,82,70,57,73,96,42,46,77,93,55,39,26,79,14,
435	6	15	2.421	6,43,61,92,28,82,31,47,70,57,73,96,42,46,77,93,55,39,26,79,15,
435	7	8	1.998	7,27,38,61,92,28,82,31,47,86,74,51,62,37,88,8,
435	7	9	1.913	7,38,61,92,28,82,31,47,86,74,62,37,51,59,63,9,
435	7	10	2.086	7,38,61,92,31,47,86,74,62,37,51,53,66,36,89,10,
435	7	11	2.484	7,38,61,92,31,28,82,47,86,74,62,37,51,53,66,81,83,11,
435	7	12	2.563	7,38,61,92,28,82,31,47,70,23,57,73,76,58,54,29,41,65,24,12,
435	7	13	2.68	7,38,31,47,70,57,73,96,42,46,77,93,55,79,26,39,52,30,13,
435	7	14	2.59	7,38,31,47,82,70,23,57,73,96,42,46,77,93,55,39,26,79,14,
435	7	15	2.512	7,38,61,92,28,82,70,57,73,96,42,46,77,93,55,39,26,79,15,
435	8	9	2.16	8,27,38,61,92,28,82,31,47,86,51,62,37,59,63,9,
435	8	10	2.349	8,27,38,31,82,47,86,74,62,37,51,53,66,36,89,10,
435	8	11	2.755	8,88,37,62,51,59,63,89,36,66,81,83,84,91,72,29,65,24,11,
435	8	12	2.582	8,88,59,63,89,36,66,81,83,84,91,17,58,54,87,29,41,65,24,12,
435	8	13	2.719	8,88,59,63,89,36,66,81,83,84,91,72,65,41,29,87,32,52,30,13,
435	8	14	2.583	8,88,62,37,51,68,23,57,73,96,42,46,77,93,55,39,26,79,14,
435	8	15	2.638	8,88,62,37,51,68,19,76,57,73,96,42,46,77,93,55,39,26,79,15,
435	9	10	2.43	9,63,36,66,17,58,54,87,29,41,65,72,91,84,83,81,10,
435	9	11	2.297	9,63,36,66,53,17,91,72,29,41,65,24,84,81,83,11,
435	9	12	2.097	9,89,36,66,81,83,84,91,72,58,54,87,29,65,24,12,
435	9	13	2.483	9,63,89,36,66,81,83,84,91,72,65,41,29,87,98,32,52,30,13,
435	9	14	2.652	9,89,36,66,81,83,84,91,72,65,41,29,87,98,32,52,39,26,79,14,
435	9	15	2.583	9,63,59,37,62,51,68,76,57,73,96,42,46,77,93,55,39,26,79,15,
435	10	11	2.157	10,89,36,66,81,83,84,72,58,54,87,29,41,65,24,11,
435	10	12	1.944	10,89,36,66,81,83,84,72,58,54,87,29,41,65,24,12,
435	10	13	2.246	10,89,36,66,81,83,84,91,72,65,41,29,87,98,32,52,30,13,
435	10	14	2.392	10,89,36,66,81,83,84,91,17,72,65,41,29,87,98,32,52,97,14,
435	10	15	2.504	10,89,36,66,81,83,84,91,17,72,65,41,29,87,32,52,39,26,79,15,
435	11	12	2.302	11,84,83,81,66,36,89,63,59,53,17,72,65,41,24,12,
435	11	13	2.36	11,83,81,84,91,17,72,65,41,29,54,87,98,32,52,30,13,
435	11	14	2.263	11,83,81,84,91,72,65,41,29,87,98,32,52,39,26,79,14,
435	11	15	2.182	11,83,81,84,91,72,65,41,29,87,98,32,52,39,26,79,15,
435	12	13	2.333	12,24,41,65,29,72,91,17,58,54,87,98,32,52,97,30,13,
435	12	14	2.212	12,24,65,41,29,72,91,17,58,54,87,98,32,52,30,97,14,
435	12	15	2.2	12,24,41,65,29,72,91,17,58,54,87,32,52,39,26,79,15,
435	13	14	2.506	13,24,65,41,29,72,91,17,58,54,87,98,32,52,30,97,14,
435	13	15	2.519	13,24,41,65,29,72,17,58,54,87,98,32,52,39,26,79,15,
435	14	15	2.447	14,79,26,39,55,93,77,46,33,94,75,44,85,16,49,15,
