236	0	2	2.245	0,53,78,46,92,50,23,54,63,65,81,21,18,72,93,2,
236	0	3	2.191	0,53,19,78,24,46,92,50,23,63,54,87,72,18,21,3,
236	0	5	2.502	0,53,78,46,54,63,65,70,95,26,35,77,27,84,67,34,57,43,5,
236	0	6	2.41	0,53,19,78,46,92,50,23,63,65,70,95,26,35,77,27,67,84,47,6,
236	0	1	2.272	0,62,48,85,28,82,17,92,50,23,63,54,74,59,1,
236	0	11	2.464	0,53,19,78,24,17,32,66,97,88,94,86,39,31,51,58,52,90,11,
236	0	8	2.486	0,53,19,78,46,92,54,63,65,70,95,26,35,41,89,83,30,71,44,55,98,99,8,
236	0	10	2.421	0,53,19,78,24,17,32,66,97,88,94,86,39,38,69,31,51,52,58,10,
236	0	7	2.421	0,53,78,46,92,50,23,54,63,65,70,95,26,35,41,89,83,30,71,44,55,7,
236	0	4	2.511	0,62,48,85,33,24,78,46,92,50,23,63,54,87,72,18,21,4,
236	0	9	2.514	0,53,78,46,92,54,63,65,70,95,26,35,41,89,83,98,99,76,25,9,
236	0	14	2.034	0,53,19,62,48,85,33,24,46,17,82,28,42,61,49,14,
236	1	2	2.357	1,59,74,78,46,92,50,23,54,63,65,81,87,72,93,2,
236	0	13	2.351	0,53,19,62,48,85,33,24,17,82,28,42,49,61,79,22,91,13,
236	0	15	2.092	0,53,78,46,54,23,50,92,17,82,33,85,48,62,15,
236	1	3	2.356	1,59,74,46,17,92,50,23,63,54,87,72,18,21,3,
236	1	4	2.39	1,59,74,46,17,92,50,23,63,54,87,72,18,21,4,
236	1	8	2.494	1,59,74,54,63,65,70,95,26,35,41,89,83,30,84,47,71,44,55,98,99,8,
236	1	7	2.537	1,59,74,46,92,50,23,54,63,65,70,95,26,35,41,89,83,30,71,44,55,7,
236	1	5	2.501	1,59,74,54,63,65,70,95,26,35,41,89,27,84,67,34,57,43,5,
236	1	6	2.431	1,59,74,54,63,65,70,95,26,35,41,89,83,30,27,67,84,47,6,
236	0	12	2.387	0,53,19,78,24,46,92,23,50,60,86,94,88,97,40,73,36,37,45,12,
236	1	15	2.077	1,59,74,54,63,23,50,92,17,82,28,85,48,62,15,
236	1	13	2.398	1,59,74,54,63,23,50,92,17,82,28,42,61,79,22,91,13,
236	1	14	2.074	1,59,74,54,63,23,50,92,17,82,28,42,61,49,14,
236	2	4	2.385	2,93,59,74,46,92,50,23,65,63,54,87,72,18,21,4,
236	2	3	2.351	2,93,59,74,46,92,50,23,65,63,54,87,72,18,21,3,
236	2	5	2.21	2,93,72,87,54,63,65,70,95,26,35,77,34,57,43,5,
236	1	9	2.541	1,59,74,54,63,65,70,95,26,35,41,89,83,30,71,44,55,99,76,25,9,
236	1	11	2.489	1,59,74,54,63,23,50,60,94,86,80,38,69,39,31,51,52,90,11,
236	2	6	2.416	2,93,72,87,54,63,65,70,95,26,35,41,89,83,30,84,67,47,6,
236	1	10	2.563	1,59,74,54,63,23,50,60,68,80,38,69,39,86,94,31,51,52,58,10,
236	1	12	2.466	1,59,74,54,63,23,50,60,94,86,80,38,69,39,31,73,36,37,45,12,
236	2	15	2.01	2,93,72,87,54,63,23,50,92,46,24,33,85,48,62,15,
236	2	14	2.09	2,93,72,87,54,63,23,50,92,17,82,28,42,49,14,
236	2	13	2.471	2,93,72,87,54,63,23,50,92,17,82,28,42,61,79,22,91,13,
236	3	4	2.422	3,21,18,87,54,63,65,70,95,26,35,77,34,57,43,4,
236	3	5	2.247	3,21,18,87,54,63,65,70,95,26,35,77,34,57,43,5,
236	2	7	2.387	2,93,72,87,54,63,65,70,95,26,35,77,34,67,84,47,30,71,44,7,
236	2	8	2.453	2,93,72,87,54,63,65,70,95,77,26,35,41,89,83,30,71,44,55,98,99,8,
236	2	9	2.563	2,93,72,87,63,65,70,95,26,35,41,89,83,30,71,44,55,99,76,25,9,
236	2	11	2.513	2,93,72,87,54,63,23,50,60,80,38,69,39,31,51,58,52,90,11,
236	2	10	2.487	2,93,72,87,54,63,23,50,60,94,86,80,38,69,39,31,51,52,58,10,
236	2	12	2.469	2,93,72,18,87,54,63,23,50,60,86,94,88,97,40,73,36,37,45,12,
236	3	15	2.368	3,21,18,72,87,54,63,23,50,92,17,82,28,33,85,48,62,15,
236	3	13	2.507	3,72,87,54,23,50,60,80,38,69,39,86,94,88,97,75,22,91,13,
236	3	7	2.221	3,21,18,87,54,63,65,70,95,26,35,41,89,83,30,71,44,55,7,
236	3	8	2.273	3,72,87,54,63,65,70,95,26,35,41,89,83,30,71,44,55,98,99,8,
236	4	5	2.281	4,21,18,87,54,63,65,70,95,26,35,77,34,57,43,5,
236	3	6	2.127	3,72,87,54,63,65,70,95,26,35,77,27,67,84,47,6,
236	3	9	2.51	3,72,87,54,63,65,70,95,26,35,41,89,83,71,44,55,99,76,25,9,
236	3	14	2.472	3,21,18,72,87,81,65,63,54,23,50,92,17,82,28,42,61,49,14,
236	3	11	2.533	3,72,87,54,23,50,60,94,86,80,38,69,39,31,51,58,52,90,11,
236	3	10	2.491	3,21,18,72,87,54,63,65,70,95,68,80,38,69,39,31,51,52,58,10,
236	3	12	2.527	3,72,87,54,63,65,70,68,80,38,69,39,86,94,88,97,40,73,36,37,45,12,
236	4	7	2.097	4,56,57,34,67,27,77,26,35,41,89,83,30,71,44,55,7,
236	4	8	2.315	4,43,57,34,77,26,35,41,89,27,67,84,30,71,44,55,98,99,8,
236	4	15	2.503	4,21,18,72,87,54,63,23,50,92,17,82,42,28,33,85,48,62,15,
236	4	6	2.188	4,21,18,87,54,63,65,70,95,26,35,77,27,84,47,6,
236	5	6	2.018	5,43,57,34,67,27,77,26,35,41,89,83,30,84,47,6,
236	4	9	2.496	4,21,18,87,54,63,65,70,95,26,35,41,89,83,98,99,76,25,9,
236	4	13	2.646	4,21,18,87,54,23,50,60,80,38,69,39,86,94,88,97,75,22,91,13,
236	4	10	2.416	4,21,18,87,54,63,23,50,60,80,38,69,39,31,51,52,58,10,
236	4	11	2.579	4,21,18,87,54,23,50,60,94,86,80,38,69,39,31,51,52,90,11,
236	4	14	2.713	4,21,18,87,54,63,23,50,60,86,94,88,66,32,17,82,28,42,49,14,
236	4	12	2.516	4,21,18,72,87,54,63,23,50,60,86,94,88,97,40,73,36,37,45,12,
236	5	8	1.892	5,43,57,34,67,27,84,47,30,71,44,55,98,99,76,8,
236	6	8	1.802	6,47,84,27,77,26,35,41,89,83,30,71,55,98,99,8,
236	6	7	1.874	6,47,84,67,27,77,26,35,41,64,83,30,71,44,55,7,
236	5	7	1.934	5,43,57,34,67,84,27,77,26,35,41,89,83,30,71,44,7,
236	5	9	2.334	5,29,67,34,77,26,35,41,89,83,30,71,44,55,98,99,76,25,9,
236	5	15	2.517	5,43,57,34,67,27,77,35,26,95,70,65,63,54,46,24,33,85,48,62,15,
236	5	13	2.579	5,43,57,34,67,84,27,77,35,26,80,38,69,39,94,88,97,75,22,91,13,
236	5	10	2.311	5,43,57,34,67,27,77,35,26,68,80,38,69,39,31,51,52,58,10,
236	5	11	2.459	5,43,57,34,67,84,30,83,89,41,35,26,80,38,69,39,31,96,90,11,
236	5	14	2.581	5,43,57,34,77,35,26,80,38,69,39,86,94,66,32,82,28,42,61,49,14,
236	5	12	2.47	5,43,57,34,77,35,26,68,80,38,69,39,86,94,88,97,40,75,36,37,45,12,
236	7	8	1.716	7,44,71,30,84,67,27,77,35,26,41,89,83,98,99,8,
236	6	9	1.922	6,29,57,34,67,84,47,30,71,44,55,98,99,76,25,9,
236	7	9	1.944	7,44,71,30,47,84,67,27,77,26,35,41,64,76,25,9,
236	7	10	1.965	7,44,71,30,83,89,41,35,26,80,38,69,39,31,51,52,58,10,
236	6	15	2.379	6,47,84,67,27,77,35,26,95,70,65,63,54,92,46,24,33,85,48,62,15,
236	7	11	2.04	7,44,71,30,83,89,41,35,26,80,38,69,39,31,51,52,90,11,
236	6	10	2.122	6,47,84,67,27,77,35,26,68,80,38,69,39,31,51,52,58,10,
236	6	13	2.413	6,47,84,30,83,89,41,35,26,80,38,69,39,86,94,88,97,75,22,91,13,
236	6	11	2.281	6,47,84,30,83,89,41,35,26,68,80,38,69,39,31,51,52,90,11,
236	6	14	2.467	6,47,84,27,77,35,26,80,38,69,39,86,94,88,66,32,82,28,42,49,14,
236	6	12	2.247	6,47,84,27,77,35,26,80,38,69,39,86,94,88,97,40,73,36,37,45,12,
236	8	9	1.92	8,99,98,55,44,71,30,47,84,67,27,89,64,76,25,9,
236	8	10	1.928	8,99,98,83,89,41,35,26,80,38,69,39,31,51,58,10,
236	8	11	1.995	8,99,98,83,89,41,35,26,80,38,69,39,31,51,90,11,
236	8	13	2.23	8,99,98,83,89,41,35,26,80,38,69,39,94,88,97,75,22,91,13,
236	7	13	2.286	7,44,71,30,83,89,41,35,26,80,38,69,39,94,88,97,40,75,22,91,13,
236	7	15	2.368	7,55,44,71,30,83,89,41,35,26,95,70,65,63,54,92,46,24,33,85,48,62,15,
236	8	14	2.332	8,99,98,83,89,41,35,26,95,70,23,50,92,17,82,28,42,49,14,
236	8	12	2.157	8,99,98,83,89,41,80,38,69,39,86,94,88,97,75,36,37,45,12,
236	8	15	2.431	8,99,98,83,89,41,35,26,95,70,65,63,23,50,92,46,78,33,85,48,62,15,
236	7	12	2.16	7,44,71,30,83,89,41,80,38,69,39,86,94,88,97,40,73,36,37,45,12,
236	7	14	2.389	7,44,71,30,83,89,41,35,26,95,70,23,50,92,17,82,28,42,61,49,14,
236	9	10	2.057	9,20,16,38,69,39,86,94,88,97,40,31,51,52,58,10,
236	9	11	2.157	9,20,16,31,39,69,38,80,86,94,88,97,40,73,96,90,11,
236	10	11	1.975	10,58,52,51,31,39,69,38,86,94,88,97,40,73,36,11,
236	10	13	2.089	10,58,52,51,31,39,38,80,86,94,88,97,40,75,22,91,13,
236	9	13	2.337	9,20,58,52,51,31,39,38,80,86,94,88,97,40,75,22,91,13,
236	10	12	1.848	10,58,52,51,31,39,86,94,88,97,40,73,36,37,45,12,
236	10	15	2.233	10,58,52,51,31,39,69,38,86,94,88,66,32,17,24,33,85,48,62,15,
236	9	12	2.034	9,20,16,69,39,38,80,86,94,88,97,40,73,36,37,45,12,
236	10	14	2.161	10,58,52,51,31,39,86,94,66,32,17,82,28,42,61,49,14,
236	9	15	2.468	9,20,58,52,51,31,39,69,38,86,94,66,32,17,82,33,85,48,62,15,
236	9	14	2.382	9,20,16,38,69,39,86,94,40,97,66,32,17,82,28,42,61,49,14,
236	13	15	1.979	13,91,22,79,61,49,42,28,82,17,24,33,85,48,62,15,
236	14	15	1.899	14,49,61,42,28,82,17,92,46,78,24,33,85,48,62,15,
236	12	13	2.038	12,45,37,36,73,31,39,69,38,80,86,94,88,97,75,22,13,
236	11	13	2.081	11,90,52,51,31,39,69,38,86,94,88,97,40,75,22,91,13,
236	12	14	1.97	12,45,37,36,73,40,97,88,66,32,17,82,28,42,49,14,
236	13	14	2.057	13,91,22,75,40,97,66,32,17,82,28,42,61,49,14,
236	11	14	2.2	11,90,52,51,31,39,86,94,88,66,32,82,28,42,61,49,14,
236	12	15	2.211	12,45,37,36,73,40,97,88,94,86,60,32,17,24,33,85,48,62,15,
236	11	12	1.976	11,90,51,31,39,69,38,86,94,88,97,40,73,36,37,45,12,
236	11	15	2.259	11,90,52,51,31,39,69,38,86,94,88,66,32,82,33,85,48,62,15,
