304	0	2	1.889	0,97,20,69,45,55,95,81,53,17,86,70,51,90,54,2,
304	0	1	1.853	0,97,20,69,45,55,95,81,53,17,86,70,51,90,40,1,
304	0	8	2.408	0,97,29,53,17,86,60,47,76,63,62,85,91,89,44,27,56,22,75,8,
304	0	10	2.506	0,97,20,29,95,81,53,17,86,60,47,76,63,62,85,91,89,73,10,
304	0	7	2.25	0,38,88,40,90,51,99,26,33,72,71,80,84,48,35,25,28,92,30,7,
304	0	3	1.918	0,97,20,69,45,55,95,81,53,17,86,70,51,24,98,3,
304	0	4	2.009	0,97,29,53,17,86,60,47,78,26,33,72,71,80,65,77,19,41,4,
304	0	5	2.051	0,97,20,29,53,34,47,78,26,33,72,71,80,65,84,48,16,87,5,
304	0	9	2.438	0,38,88,40,90,51,70,86,60,47,76,63,62,85,91,89,44,27,42,9,
304	0	11	2.577	0,38,88,40,90,51,70,86,17,34,53,81,95,55,45,39,37,59,57,11,
304	0	6	2.22	0,97,20,29,53,34,47,76,63,78,26,33,72,71,80,84,48,35,25,94,6,
304	1	4	1.812	1,88,40,90,70,51,99,26,33,72,71,80,65,77,19,41,4,
304	1	3	1.853	1,40,90,51,99,26,33,72,71,80,65,77,19,50,3,
304	0	15	1.87	0,97,20,29,53,17,86,60,47,34,81,95,55,45,69,15,
304	0	14	1.991	0,38,88,40,90,51,70,86,17,53,81,95,55,45,39,61,14,
304	1	2	2.056	1,88,40,90,70,86,60,47,76,62,63,78,99,51,24,2,
304	1	7	2.169	1,40,90,70,51,99,26,33,72,71,80,84,48,35,25,64,28,92,30,7,
304	0	13	2.173	0,38,88,40,90,51,70,86,17,53,81,95,55,45,39,82,79,31,13,
304	1	5	1.895	1,40,90,70,51,99,26,33,72,71,80,65,48,84,35,16,87,5,
304	0	12	2.318	0,97,38,88,40,90,51,70,86,17,53,81,95,55,45,39,82,49,83,12,
304	1	6	2.054	1,38,88,40,90,70,51,99,26,33,72,71,80,65,84,48,35,25,94,6,
304	1	8	2.367	1,40,90,51,99,26,33,72,71,80,84,48,35,25,64,68,32,52,75,8,
304	2	3	1.889	2,54,90,51,99,26,33,72,71,80,65,77,19,50,3,
304	2	4	1.864	2,54,90,70,51,99,26,33,72,71,80,65,67,77,19,41,4,
304	1	14	1.935	1,38,88,40,90,51,70,86,17,53,81,95,55,45,39,61,14,
304	1	15	1.842	1,40,90,51,70,86,60,47,34,53,81,95,55,45,69,15,
304	1	10	2.45	1,40,90,51,70,86,17,53,34,47,78,63,62,85,91,89,73,10,
304	2	5	1.92	2,54,90,70,51,99,26,33,72,71,80,65,48,35,16,87,5,
304	1	9	2.418	1,38,88,40,90,51,70,86,34,47,76,63,62,85,91,89,44,27,42,9,
304	2	6	2.032	2,54,90,70,51,99,26,33,72,71,80,65,84,48,35,25,94,46,6,
304	1	13	2.117	1,38,88,40,90,51,70,86,17,53,81,95,55,45,39,82,79,31,13,
304	1	12	2.267	1,38,88,40,90,51,70,86,17,53,81,95,55,45,39,82,79,49,83,12,
304	1	11	2.521	1,38,88,40,90,51,70,86,17,34,53,81,95,55,45,39,37,59,57,11,
304	3	4	1.835	3,98,50,18,26,33,72,71,80,65,48,67,77,19,41,4,
304	3	5	1.738	3,50,19,77,71,33,26,72,80,65,48,84,35,87,5,
304	2	7	2.157	2,54,90,70,51,99,26,33,72,71,80,84,48,35,25,28,92,30,7,
304	2	15	1.878	2,54,90,51,70,86,60,47,34,53,81,95,55,45,69,15,
304	2	14	2.175	2,54,90,51,70,86,60,47,34,53,81,95,55,45,39,82,79,61,14,
304	2	8	2.32	2,24,18,19,77,65,84,48,35,25,64,28,92,32,52,66,22,75,8,
304	2	10	2.647	2,54,90,70,51,99,60,86,17,53,34,47,76,63,62,85,91,89,73,10,
304	2	9	2.478	2,24,18,19,77,65,84,48,35,25,64,28,92,32,52,66,22,56,42,9,
304	2	13	2.291	2,54,90,51,70,86,60,47,34,17,53,81,95,55,45,39,82,79,31,13,
304	2	12	2.425	2,54,90,51,70,86,60,47,34,53,81,95,55,45,39,37,82,79,31,83,12,
304	2	11	2.671	2,54,90,51,70,86,60,47,34,53,81,95,55,45,39,37,82,79,49,57,11,
304	4	5	1.607	4,41,19,77,71,33,26,72,80,65,84,48,35,16,87,5,
304	3	6	1.726	3,50,18,26,33,72,71,80,65,84,48,35,25,94,46,6,
304	3	7	2.038	3,50,18,26,33,72,71,80,65,48,35,94,25,64,28,92,30,7,
304	3	14	2.204	3,98,24,51,70,86,60,47,34,53,81,95,55,45,39,82,79,61,14,
304	3	10	2.419	3,50,19,77,65,48,35,25,64,68,32,52,66,22,56,42,43,10,
304	3	15	2.133	3,50,19,77,71,72,33,26,78,47,34,53,81,95,55,45,69,15,
304	3	8	2.134	3,50,19,77,65,48,84,35,94,25,64,68,74,32,52,66,56,22,75,8,
304	3	9	2.225	3,50,19,77,65,84,48,35,94,25,64,68,74,32,52,66,22,56,42,9,
304	3	13	2.43	3,50,19,77,65,80,71,72,33,26,78,47,34,81,95,55,45,39,61,13,
304	3	11	2.603	3,50,19,77,65,48,84,80,71,72,33,26,78,63,62,58,59,57,11,
304	3	12	2.548	3,50,19,77,71,72,33,26,78,47,34,53,81,95,55,45,39,82,49,83,12,
304	4	7	1.555	4,41,19,77,67,65,84,48,35,25,64,28,92,30,7,
304	5	6	1.709	5,87,16,67,65,71,33,26,72,80,84,48,35,25,94,6,
304	4	6	1.628	4,41,19,77,71,33,26,72,80,84,48,35,25,94,46,6,
304	4	8	1.856	4,41,19,77,65,84,48,35,94,25,64,68,32,52,66,22,75,8,
304	4	10	2.299	4,41,19,77,65,84,48,35,25,28,92,32,52,66,22,56,42,43,10,
304	4	15	2.044	4,41,19,77,65,80,71,72,33,26,78,47,34,81,95,55,45,69,15,
304	4	9	2.086	4,41,19,77,65,84,48,35,94,25,64,28,92,32,52,66,22,56,42,9,
304	4	14	2.304	4,41,19,77,65,80,71,72,33,26,78,47,60,86,17,53,81,95,55,45,61,14,
304	4	13	2.281	4,41,19,77,65,80,71,72,33,26,78,47,34,81,95,55,45,39,61,13,
304	4	12	2.399	4,41,19,77,71,72,33,26,78,47,34,53,81,95,55,45,39,82,49,83,12,
304	4	11	2.54	4,41,19,77,67,65,48,84,80,71,72,33,26,78,63,62,58,59,57,11,
304	5	7	1.717	5,23,19,77,67,65,84,48,35,25,64,28,92,30,7,
304	6	7	1.711	6,46,87,16,67,65,84,48,35,94,25,64,28,92,30,7,
304	5	9	1.801	5,87,16,35,94,25,64,68,74,32,52,66,22,56,42,9,
304	6	8	1.769	6,46,94,25,64,28,92,68,74,32,52,66,56,22,75,8,
304	5	8	1.707	5,87,16,48,84,35,94,25,64,68,32,52,66,22,75,8,
304	5	10	2.198	5,87,16,48,84,35,25,64,28,92,32,52,66,22,56,42,43,10,
304	5	12	2.349	5,87,16,35,48,84,80,71,72,33,26,78,63,62,58,59,49,83,12,
304	5	11	2.45	5,87,16,35,48,84,65,80,71,72,33,26,78,63,62,58,59,57,11,
304	5	15	2.198	5,87,16,48,84,80,71,72,33,26,78,47,60,86,17,53,81,95,55,45,69,15,
304	5	14	2.347	5,87,16,48,84,80,71,72,33,26,78,47,60,86,17,53,81,95,55,45,39,61,14,
304	5	13	2.334	5,87,16,48,84,80,71,72,33,26,78,47,34,53,81,95,55,45,39,61,13,
304	6	9	1.866	6,46,94,25,64,28,92,68,74,32,52,66,22,56,42,9,
304	7	9	1.504	7,30,28,92,64,68,96,74,32,52,66,22,56,42,9,
304	7	8	1.407	7,30,28,92,64,68,96,74,32,52,66,56,22,75,8,
304	7	10	2.154	7,30,92,28,64,68,74,32,52,44,27,66,75,22,56,42,43,10,
304	6	10	2.39	6,46,87,16,48,84,35,94,25,64,68,74,32,52,66,22,56,42,43,10,
304	6	14	2.261	6,94,25,35,48,84,80,71,72,33,26,78,47,34,81,95,55,45,61,14,
304	6	12	2.403	6,94,25,35,48,84,80,71,72,33,26,78,63,62,58,59,49,83,12,
304	6	13	2.347	6,94,25,35,48,84,80,71,72,33,26,78,47,34,81,95,39,61,13,
304	6	11	2.471	6,46,94,25,35,48,84,80,71,72,33,26,78,63,62,58,59,57,11,
304	6	15	2.216	6,94,25,35,48,84,80,71,72,33,26,78,47,34,53,81,95,55,45,69,15,
304	7	11	2.401	7,30,92,28,64,68,96,74,32,52,66,75,22,56,27,73,36,21,11,
304	8	9	1.635	8,75,22,66,52,32,92,28,64,68,74,44,27,42,9,
304	8	10	1.835	8,75,22,56,66,52,32,68,96,74,44,27,73,43,10,
304	8	11	1.988	8,75,22,56,66,52,32,68,96,74,44,27,73,36,21,11,
304	8	14	2.543	8,75,22,56,27,44,89,91,85,62,63,76,47,34,81,95,39,61,14,
304	8	12	2.428	8,75,22,66,52,32,92,28,64,68,74,44,27,73,36,21,57,12,
304	8	13	2.522	8,75,22,56,66,52,32,74,96,85,91,58,59,37,82,79,49,83,13,
304	8	15	2.443	8,75,22,56,27,44,89,91,85,62,63,76,47,34,81,95,55,45,69,15,
304	7	14	2.492	7,30,28,25,35,48,84,80,72,33,26,78,47,34,81,95,55,45,61,14,
304	7	15	2.379	7,30,92,28,25,35,48,84,80,71,72,33,26,78,47,34,53,29,69,15,
304	7	13	2.573	7,28,25,35,48,84,80,71,72,33,26,78,47,34,81,95,55,45,61,13,
304	7	12	2.526	7,30,92,28,64,68,74,32,52,66,22,56,42,43,73,36,21,57,12,
304	9	10	1.932	9,42,56,22,66,52,32,68,96,74,44,27,73,43,10,
304	10	14	2.542	10,73,89,91,85,62,63,76,47,34,53,81,95,55,45,39,61,14,
304	10	12	2.421	10,43,42,56,22,66,52,32,74,44,27,73,36,57,12,
304	10	11	2.309	10,43,42,56,22,66,52,32,74,44,27,73,36,57,11,
304	9	12	2.256	9,42,56,22,66,52,32,68,74,44,27,73,36,21,57,12,
304	9	11	2.085	9,42,56,22,66,52,32,68,96,74,44,27,73,36,21,11,
304	10	13	2.573	10,73,89,91,85,62,63,76,47,34,81,95,55,45,39,61,13,
304	10	15	2.475	10,73,89,91,85,62,63,76,47,34,17,53,81,95,55,45,69,15,
304	9	14	2.495	9,42,27,44,89,91,85,62,63,78,47,34,53,81,95,55,45,61,14,
304	9	15	2.452	9,42,27,44,89,91,85,62,63,78,60,86,17,53,81,95,55,45,69,15,
304	9	13	2.526	9,42,27,44,89,91,85,62,63,78,47,34,81,95,55,45,61,13,
304	11	14	2.508	11,57,59,58,62,63,78,47,34,81,95,55,45,39,61,14,
304	12	14	2.527	12,83,31,79,82,37,39,45,55,95,81,34,17,53,29,69,14,
304	13	14	2.427	13,31,79,39,45,55,95,81,34,47,60,86,17,53,29,69,14,
304	11	15	2.41	11,57,59,58,62,63,76,47,34,53,81,95,55,45,69,15,
304	12	15	2.267	12,83,49,82,39,95,81,34,47,60,86,17,53,29,69,15,
304	13	15	2.194	13,31,79,82,39,45,55,95,81,34,60,86,17,53,29,69,15,
304	14	15	2.161	14,61,39,45,55,95,81,53,34,47,60,86,17,93,29,69,15,
304	11	13	2.596	11,57,59,58,62,63,78,47,34,81,95,55,45,39,61,13,
304	12	13	2.626	12,83,49,59,58,62,63,78,60,47,34,81,95,39,61,13,
304	11	12	2.719	11,57,59,58,62,63,76,47,34,81,95,39,82,49,83,12,
