47	0	2	1.577	0,99,17,39,35,21,74,91,69,72,62,97,28,75,53,2,
47	0	1	1.865	0,99,17,39,35,21,74,91,69,72,62,97,28,75,81,1,
47	0	5	2.215	0,99,17,39,35,21,74,91,69,72,62,97,28,82,57,79,24,89,5,
47	0	4	1.915	0,99,17,39,35,21,74,91,64,42,36,78,79,58,24,30,4,
47	0	3	1.714	0,99,17,39,35,21,74,91,69,72,62,97,28,75,53,3,
47	0	6	2.516	0,99,17,39,35,21,74,91,64,42,36,22,63,83,44,27,88,32,92,34,6,
47	0	9	2.527	0,99,17,39,35,21,74,91,69,64,42,36,22,84,70,31,65,67,59,50,66,71,9,
47	0	11	2.436	0,99,17,39,35,21,74,91,64,42,36,40,38,19,77,76,26,41,16,49,11,
47	0	8	2.572	0,99,17,39,35,21,74,91,64,42,36,22,84,70,31,65,67,59,50,66,71,8,
47	0	7	2.554	0,99,17,39,35,21,74,91,18,40,38,47,61,86,55,51,67,59,45,88,32,7,
47	0	10	2.494	0,99,17,39,35,21,74,91,64,42,36,22,20,31,67,59,51,55,43,25,10,
47	1	2	1.908	1,99,17,39,35,21,74,91,69,72,62,97,28,75,53,2,
47	0	15	2.122	0,99,17,39,35,21,74,91,69,64,42,36,40,18,54,60,15,
47	0	14	1.962	0,99,17,39,35,21,74,91,69,64,18,54,60,96,52,56,14,
47	1	3	2.045	1,99,17,39,35,21,74,91,69,72,62,97,28,75,53,3,
47	1	4	1.96	1,81,75,28,97,82,57,79,58,24,48,87,89,30,4,
47	1	8	2.75	1,35,21,74,91,64,42,36,40,38,47,61,86,55,51,67,59,50,66,71,8,
47	1	5	2.531	1,35,21,74,91,69,64,42,36,62,97,28,82,57,79,58,24,89,5,
47	0	13	2.249	0,99,17,39,35,21,74,91,69,64,42,36,40,38,19,77,76,41,26,93,13,
47	0	12	2.3	0,99,17,39,35,21,74,18,40,38,47,61,86,98,77,76,41,26,93,12,
47	1	6	2.455	1,81,2,53,75,28,97,82,57,79,58,24,48,87,37,46,34,92,6,
47	1	7	2.519	1,81,75,28,82,57,79,58,24,48,87,37,46,34,92,27,88,32,7,
47	1	15	2.212	1,81,2,53,75,28,97,62,72,69,91,74,21,35,39,17,99,15,
47	1	14	2.188	1,81,75,28,97,62,72,69,91,74,21,54,60,96,56,14,
47	1	12	2.565	1,0,99,17,39,35,21,74,91,18,40,38,19,77,76,41,26,93,95,12,
47	1	13	2.561	1,81,75,28,97,62,72,69,91,74,21,54,19,77,76,41,26,93,13,
47	2	3	1.953	2,53,75,28,82,57,78,79,58,24,48,87,89,30,94,3,
47	2	5	2.04	2,53,75,28,97,82,57,78,79,58,24,48,87,89,30,5,
47	2	4	1.766	2,53,75,28,97,62,82,57,78,79,58,24,89,30,4,
47	1	9	2.83	1,17,99,39,35,21,74,91,64,42,36,22,84,70,31,65,67,59,50,66,71,9,
47	1	11	2.632	1,35,21,74,91,64,42,36,22,20,31,67,59,51,55,43,23,33,11,
47	2	6	2.347	2,53,75,28,97,82,57,79,58,24,30,89,48,87,37,46,34,92,6,
47	1	10	2.695	1,35,21,74,91,64,42,36,22,20,31,65,67,59,51,55,43,25,29,10,
47	2	15	1.924	2,53,75,28,97,62,36,42,64,91,74,21,35,39,17,99,15,
47	2	14	2.149	2,53,75,28,97,62,36,42,64,69,91,74,21,54,60,96,52,56,14,
47	2	13	2.197	2,53,75,28,97,62,72,69,91,74,21,18,19,77,76,41,26,93,13,
47	2	12	2.265	2,53,75,28,97,62,72,69,91,74,21,18,19,77,76,41,26,93,12,
47	3	4	1.903	3,53,75,28,97,62,82,57,78,79,58,24,89,30,4,
47	3	5	2.247	3,53,75,28,97,82,57,78,79,87,48,24,58,94,30,89,5,
47	2	9	2.458	2,53,75,28,82,57,79,48,87,83,44,84,70,31,67,59,50,66,71,9,
47	2	8	2.518	2,53,75,28,82,57,78,83,44,84,70,31,65,67,59,50,66,71,8,
47	2	7	2.377	2,53,75,28,82,57,78,79,58,24,48,87,37,46,34,92,27,88,32,7,
47	2	11	2.502	2,53,75,28,97,62,72,69,91,74,21,18,40,38,47,61,86,43,23,33,11,
47	2	10	2.564	2,53,75,28,82,57,78,83,44,84,70,31,67,59,51,55,43,25,29,10,
47	3	15	2.061	3,53,75,28,97,62,36,42,64,91,74,21,35,39,17,99,15,
47	3	14	2.339	3,53,75,28,97,62,72,69,91,74,21,35,17,99,39,60,96,56,14,
47	4	5	2.129	4,30,94,58,79,57,82,28,97,62,78,87,48,24,89,5,
47	3	9	2.551	3,53,75,28,82,57,78,83,44,84,70,31,65,67,59,50,66,71,9,
47	3	12	2.559	3,53,75,28,97,62,36,42,64,91,74,21,18,19,77,76,26,41,16,95,12,
47	3	13	2.513	3,53,75,28,97,62,72,69,91,74,21,18,40,38,19,77,76,26,41,93,13,
47	3	8	2.643	3,53,75,28,82,57,79,48,87,83,84,70,31,67,59,50,66,71,8,
47	3	6	2.176	3,53,75,28,82,57,78,79,58,24,48,87,37,46,34,92,6,
47	3	7	2.368	3,53,75,28,82,57,79,58,24,48,87,37,46,34,92,27,88,32,7,
47	3	11	2.551	3,58,24,48,87,83,44,84,70,31,65,67,59,51,55,43,23,33,11,
47	3	10	2.564	3,58,79,48,87,83,44,84,70,31,65,67,59,51,55,43,25,29,10,
47	4	15	2.378	4,30,24,58,79,57,82,28,97,62,72,69,91,74,21,35,39,17,99,15,
47	4	14	2.515	4,30,24,58,79,57,82,28,97,62,72,69,91,74,21,35,60,96,52,56,14,
47	4	9	2.453	4,30,89,24,48,87,83,44,84,70,20,31,65,67,59,45,66,71,9,
47	4	8	2.293	4,30,89,24,48,87,83,44,84,70,31,65,67,59,50,66,71,8,
47	4	6	2.207	4,30,24,48,87,83,44,84,70,31,65,45,27,92,34,6,
47	5	6	2.326	5,89,30,24,58,79,48,87,37,46,34,27,88,32,92,6,
47	4	13	2.434	4,30,24,48,87,83,44,84,70,31,51,55,61,86,98,77,76,41,26,93,13,
47	4	7	1.987	4,30,89,24,58,79,48,87,37,46,34,92,27,88,32,7,
47	4	12	2.577	4,30,24,48,87,83,44,84,70,31,67,59,51,55,61,86,98,76,41,26,93,12,
47	4	10	2.408	4,30,24,48,87,83,44,84,70,31,67,59,51,55,43,23,33,25,29,10,
47	4	11	2.579	4,30,89,24,48,87,83,44,84,70,20,31,65,67,59,51,55,43,23,33,11,
47	5	9	2.336	5,89,24,48,87,83,44,84,70,20,31,65,67,59,50,66,71,9,
47	6	8	2.347	6,92,34,46,37,44,84,70,20,31,65,67,59,50,66,71,8,
47	5	8	2.44	5,89,24,48,87,83,44,84,70,20,31,65,67,59,50,66,71,8,
47	5	15	2.594	5,89,24,48,87,79,57,82,28,97,62,72,69,91,74,21,35,39,17,99,15,
47	5	14	2.59	5,89,24,58,79,57,82,28,97,62,72,69,91,74,21,35,60,96,56,14,
47	5	13	2.451	5,37,44,84,70,31,65,67,59,51,55,61,86,98,76,41,26,93,13,
47	6	7	2.224	6,34,46,37,44,84,70,20,31,65,45,27,88,32,7,
47	5	7	2.209	5,30,89,24,58,79,48,87,37,46,34,92,27,88,32,7,
47	5	12	2.618	5,89,24,48,87,83,44,84,70,31,67,59,51,55,61,86,98,49,16,95,12,
47	5	10	2.369	5,89,24,48,87,83,44,84,70,31,67,59,51,55,43,25,29,10,
47	5	11	2.585	5,89,24,48,87,83,44,84,70,31,67,59,51,55,61,86,43,23,33,11,
47	7	9	2.024	7,32,88,27,44,84,70,31,65,67,59,50,66,71,9,
47	6	9	2.242	6,34,92,32,88,27,44,84,70,31,65,67,59,50,66,9,
47	7	8	2.128	7,32,88,27,44,84,70,31,65,67,59,50,66,71,8,
47	6	15	2.704	6,34,92,32,88,27,44,83,63,36,42,64,69,91,74,21,35,39,17,99,15,
47	6	12	2.443	6,34,27,45,65,67,59,51,55,61,86,98,77,76,26,41,16,95,12,
47	6	14	2.546	6,34,92,27,45,59,67,51,55,61,86,98,77,76,41,26,93,68,73,14,
47	7	11	2.283	7,32,88,27,44,84,70,31,65,67,59,51,55,43,23,11,
47	7	10	2.068	7,32,88,27,45,59,67,51,55,43,23,33,25,29,10,
47	6	13	2.526	6,34,27,44,84,70,31,67,59,51,55,61,86,98,77,76,41,26,93,13,
47	6	10	2.359	6,92,34,46,37,83,44,84,70,31,67,59,51,55,43,25,29,10,
47	6	11	2.482	6,92,34,46,37,83,44,84,70,31,65,67,59,51,55,43,23,33,11,
47	8	9	2.301	8,71,66,50,59,67,51,55,61,86,43,23,25,29,9,
47	7	12	2.33	7,32,88,27,45,59,67,51,55,61,86,98,76,41,26,93,95,12,
47	8	12	2.346	8,71,66,50,59,67,51,55,61,86,98,77,76,41,26,93,16,95,12,
47	7	14	2.478	7,32,88,45,59,67,51,55,61,86,98,77,76,41,26,93,68,73,56,14,
47	8	14	2.444	8,71,66,50,59,67,51,55,61,86,98,77,76,41,26,93,68,73,56,14,
47	8	15	2.589	8,71,66,50,59,67,51,61,86,98,77,76,41,26,93,68,56,96,52,15,
47	7	15	2.637	7,32,88,45,59,67,51,55,61,86,98,76,41,26,93,68,56,96,52,15,
47	8	10	2.061	8,71,66,50,59,67,51,55,61,86,43,23,25,29,10,
47	8	13	2.474	8,71,66,50,59,67,65,31,20,51,55,61,86,98,77,76,41,93,13,
47	8	11	2.289	8,71,66,50,59,67,51,55,61,86,98,76,26,41,16,49,11,
47	7	13	2.475	7,32,88,27,45,50,59,67,51,55,61,86,98,77,76,41,26,93,68,13,
47	10	12	2.034	10,29,25,23,43,55,51,61,86,98,76,41,26,93,12,
47	10	13	1.995	10,29,25,43,55,51,61,86,98,76,41,26,93,68,13,
47	10	11	2.093	10,25,29,90,66,50,59,67,51,55,61,86,43,23,33,11,
47	9	12	2.203	9,71,66,50,59,67,31,20,51,55,61,86,98,49,16,95,12,
47	9	15	2.429	9,71,66,50,59,67,51,61,86,98,76,41,26,93,68,56,96,52,15,
47	9	10	1.996	9,71,66,50,59,67,51,55,86,43,23,33,25,29,10,
47	9	14	2.358	9,71,66,50,59,67,51,55,61,86,98,77,76,26,41,93,68,73,56,14,
47	9	13	2.22	9,71,66,50,59,67,65,31,51,55,61,86,98,76,41,26,93,13,
47	10	14	2.367	10,29,25,23,43,55,51,61,86,98,77,76,41,26,93,68,73,56,14,
47	10	15	2.463	10,29,25,43,55,51,61,86,98,76,41,26,93,68,56,96,60,15,
47	9	11	2.185	9,71,66,50,59,67,51,55,61,86,98,76,26,41,16,49,11,
47	11	14	2.104	11,33,23,43,55,61,86,98,77,76,41,26,93,68,73,14,
47	11	12	2.106	11,33,23,43,55,61,86,98,77,76,41,26,93,16,95,12,
47	13	14	2.131	13,93,26,41,76,77,98,86,61,47,19,54,60,96,56,14,
47	12	14	2.134	12,95,16,49,43,86,61,47,77,76,41,26,93,68,73,14,
47	12	13	2.135	12,95,16,49,43,55,61,86,98,76,41,26,93,68,73,13,
47	11	13	2.109	11,33,23,43,55,61,86,98,77,76,41,26,93,68,73,13,
47	14	15	2.256	14,56,52,96,60,54,18,21,74,91,69,72,35,39,17,99,15,
47	13	15	2.359	13,68,93,26,41,76,77,98,86,61,47,19,54,60,96,52,15,
47	12	15	2.318	12,95,16,41,26,76,77,98,86,61,47,19,54,60,96,52,15,
47	11	15	2.441	11,33,23,43,55,51,61,86,98,76,41,26,93,68,56,96,52,15,
