446	0	1	2.316	0,90,81,29,27,83,49,67,84,86,58,71,17,35,82,19,1,
446	0	2	2.196	0,90,29,27,83,49,67,84,86,58,71,17,35,82,19,33,2,
446	0	3	2.459	0,90,29,27,83,49,67,84,86,58,71,17,35,38,62,3,
446	0	4	2.699	0,90,29,27,83,49,67,84,86,99,75,36,59,77,41,45,88,91,63,4,
446	0	5	2.66	0,90,29,27,83,49,67,84,86,99,70,75,36,59,77,41,45,88,5,
446	0	6	2.625	0,90,81,29,27,83,49,67,84,86,58,59,77,41,79,68,48,56,6,
446	0	7	2.857	0,90,29,27,83,49,67,84,86,99,70,75,60,92,74,24,89,98,21,73,7,
446	0	8	2.63	0,81,29,27,83,49,67,84,86,99,26,70,75,60,92,74,24,98,89,95,28,8,
446	0	9	2.604	0,81,29,27,83,49,67,84,86,99,26,70,75,60,92,74,24,98,89,95,9,
446	0	10	2.518	0,90,29,27,83,25,61,51,39,78,96,47,55,42,30,72,57,94,87,43,44,10,
446	0	11	2.348	0,90,29,27,83,25,61,51,39,78,96,47,42,30,72,57,94,87,52,11,
446	0	12	1.932	0,90,29,27,83,49,67,25,61,51,39,78,96,47,42,55,12,
446	0	13	2.007	0,90,81,29,27,83,49,67,25,61,51,39,47,78,96,40,13,
446	0	14	2.1	0,90,29,27,83,49,67,25,61,51,39,47,78,96,40,53,14,
446	0	15	2.279	0,90,29,27,83,49,67,25,61,51,39,78,96,40,53,23,15,
446	1	2	2.394	1,81,29,27,83,49,67,84,86,58,71,17,35,82,19,33,2,
446	1	3	2.488	1,19,82,35,32,69,77,41,45,88,91,63,22,62,38,3,
446	1	4	2.668	1,19,82,35,38,62,18,69,77,41,79,68,48,93,34,45,88,91,63,4,
446	1	5	2.691	1,19,82,35,38,62,18,69,77,41,79,68,48,56,93,34,45,88,5,
446	1	6	2.524	1,19,82,35,38,62,22,63,91,88,45,34,93,79,68,48,56,6,
446	1	7	2.787	1,19,82,35,38,62,22,63,91,88,45,34,93,79,68,48,76,21,73,7,
446	1	8	2.505	1,19,82,35,17,71,58,84,86,99,75,60,92,74,24,98,89,95,28,8,
446	1	9	2.562	1,19,82,35,17,71,58,84,86,99,70,75,60,92,74,24,98,89,95,9,
446	1	10	2.612	1,19,82,35,17,71,58,84,86,99,70,16,97,80,50,94,87,43,44,10,
446	1	11	2.526	1,19,82,35,17,71,58,84,86,99,70,26,97,80,50,57,72,52,11,
446	1	12	2.378	1,17,71,58,84,86,99,70,26,97,80,61,51,39,78,96,47,42,55,12,
446	1	13	2.268	1,17,71,58,84,86,99,70,26,97,80,61,51,39,78,96,40,13,
446	1	14	2.21	1,19,82,35,17,71,58,86,84,67,49,83,27,66,23,53,14,
446	1	15	2.376	1,19,82,35,17,71,58,86,84,67,49,83,27,29,81,90,15,
446	2	3	2.334	2,33,19,82,35,38,62,18,69,77,41,45,88,91,63,22,3,
446	2	4	2.199	2,33,19,82,35,38,62,18,69,77,41,45,88,91,22,63,4,
446	2	5	2.338	2,33,19,82,35,38,62,18,69,41,77,79,68,48,93,34,5,
446	2	6	2.112	2,33,19,82,35,38,62,18,69,77,41,79,68,48,56,6,
446	2	7	2.661	2,33,19,82,35,38,62,22,63,91,88,45,34,79,68,48,76,21,73,7,
446	2	8	2.439	2,33,82,17,71,58,84,86,99,70,75,60,92,74,24,98,89,95,28,8,
446	2	9	2.543	2,33,19,82,35,17,71,58,84,86,99,70,75,60,92,74,24,98,89,95,9,
446	2	10	2.593	2,33,19,82,35,17,71,58,84,86,99,70,16,97,80,50,94,87,43,44,10,
446	2	11	2.576	2,33,19,82,17,71,58,84,86,99,70,26,97,80,61,51,39,30,72,57,52,11,
446	2	12	2.335	2,33,19,82,35,17,71,58,84,86,99,26,97,50,57,72,30,42,55,12,
446	2	13	2.297	2,33,19,82,17,71,58,84,86,99,26,97,80,61,51,39,78,96,40,13,
446	2	14	2.034	2,33,19,82,35,17,71,58,86,84,67,49,83,27,66,23,14,
446	2	15	2.194	2,33,19,82,35,17,71,58,86,84,67,49,83,27,66,23,15,
446	3	4	2.215	3,62,18,69,77,41,79,68,48,93,34,88,91,22,63,4,
446	3	5	2.344	3,62,22,63,91,88,45,41,77,79,68,48,56,93,34,5,
446	3	6	2.3	3,22,62,18,69,77,41,45,88,34,93,79,68,48,56,6,
446	3	7	2.65	3,22,63,91,88,45,79,68,48,76,37,92,74,24,89,98,21,73,7,
446	3	8	2.533	3,22,63,91,88,45,34,93,79,68,48,76,37,92,74,24,89,95,28,8,
446	3	9	2.59	3,62,22,63,91,88,45,34,79,68,48,76,37,54,24,98,89,95,28,9,
446	3	10	2.646	3,62,18,69,41,77,59,36,75,70,26,97,80,50,94,87,43,44,85,10,
446	3	11	2.639	3,62,18,69,59,36,75,70,26,97,80,61,51,39,78,96,47,30,72,52,11,
446	3	12	2.437	3,62,18,32,58,84,86,99,70,26,97,80,50,57,72,30,42,55,12,
446	3	13	2.397	3,62,18,32,58,84,86,99,70,26,97,80,61,51,39,78,96,40,13,
446	3	14	2.591	3,62,18,32,58,84,86,99,70,26,97,80,61,51,39,78,96,40,53,14,
446	3	15	2.753	3,22,63,91,88,45,41,77,59,86,84,58,67,49,83,27,66,23,15,
446	4	5	2.229	4,63,22,62,38,18,69,77,41,79,68,48,56,93,34,5,
446	4	6	2.255	4,22,62,38,18,69,77,41,45,88,34,79,68,48,56,6,
446	4	7	2.086	4,63,22,91,88,45,34,79,68,48,76,37,54,21,73,7,
446	4	8	2.255	4,22,63,91,88,45,34,79,68,48,76,37,54,24,98,89,95,28,8,
446	4	9	2.375	4,63,91,88,45,41,77,79,68,48,76,37,92,74,24,98,89,95,28,9,
446	4	10	2.506	4,63,91,88,45,41,77,59,36,75,70,26,97,80,50,94,87,43,44,10,
446	4	11	2.524	4,63,91,88,45,41,77,59,36,75,99,70,26,97,80,50,94,87,52,11,
446	4	12	2.426	4,63,91,88,45,41,77,59,36,75,70,26,97,80,39,78,96,47,42,55,12,
446	4	13	2.337	4,63,91,88,41,77,59,36,75,70,26,97,80,61,51,78,96,40,13,
446	4	14	2.563	4,63,91,88,45,41,77,59,36,75,70,26,97,80,61,51,78,96,40,53,14,
446	4	15	2.697	4,63,91,88,45,41,77,59,36,75,99,86,84,67,49,83,27,66,23,15,
446	5	6	2.503	5,34,88,45,41,77,79,68,48,76,37,54,21,73,56,6,
446	5	7	2.314	5,34,88,45,41,77,79,68,48,76,37,92,54,21,73,7,
446	5	8	2.018	5,34,45,41,77,79,68,48,76,54,24,98,89,95,28,8,
446	5	9	2.396	5,34,45,88,41,77,79,68,48,76,37,60,92,74,24,98,89,95,9,
446	5	10	2.479	5,88,45,41,77,59,36,75,70,26,97,80,50,94,87,43,44,85,10,
446	5	11	2.495	5,88,45,41,77,59,36,75,70,26,97,80,61,51,39,30,72,57,52,11,
446	5	12	2.392	5,88,45,41,77,59,36,75,70,26,97,80,61,51,39,78,96,47,42,55,12,
446	5	13	2.458	5,34,45,41,77,59,36,75,70,16,97,80,61,51,39,47,78,96,40,13,
446	5	14	2.631	5,88,41,77,59,36,75,70,26,97,80,61,51,39,47,78,96,40,53,23,14,
446	5	15	2.651	5,88,45,41,77,59,36,75,70,26,97,80,39,78,96,40,53,23,15,
446	6	7	2.208	6,56,93,34,88,45,41,77,79,68,48,76,54,21,73,7,
446	6	8	2.052	6,34,45,41,77,79,68,48,76,54,24,98,89,95,28,8,
446	6	9	2.079	6,56,48,68,79,41,77,65,60,92,74,24,98,89,95,9,
446	6	10	2.422	6,56,48,68,79,41,77,59,36,99,70,16,64,94,87,43,44,10,
446	6	11	2.515	6,56,48,76,65,75,70,26,97,80,61,51,39,78,96,47,30,72,52,11,
446	6	12	2.518	6,56,48,68,79,65,75,70,26,97,80,61,51,39,78,96,47,30,72,42,55,12,
446	6	13	2.567	6,56,48,68,79,41,77,59,36,75,70,26,97,80,61,51,39,78,47,96,40,13,
446	6	14	2.53	6,56,48,68,79,65,75,70,26,97,80,61,51,39,47,78,96,40,53,14,
446	6	15	2.634	6,56,48,76,65,75,70,26,97,80,61,51,39,78,96,40,53,23,15,
446	7	8	1.978	7,56,93,79,68,48,76,37,92,74,24,98,89,95,28,8,
446	7	9	2.055	7,56,93,79,68,48,76,37,60,92,74,24,98,89,95,9,
446	7	10	2.099	7,73,21,54,98,89,24,74,92,46,64,94,87,43,44,10,
446	7	11	2.412	7,73,21,54,37,60,75,70,26,97,80,61,51,39,78,96,47,30,72,11,
446	7	12	2.422	7,73,21,54,92,60,75,70,26,97,80,61,51,39,78,96,47,30,72,42,55,12,
446	7	13	2.526	7,56,48,68,79,41,77,59,36,75,70,26,97,80,61,51,39,78,96,40,13,
446	7	14	2.52	7,73,21,54,37,60,75,70,26,97,80,61,51,39,47,78,96,40,53,23,14,
446	7	15	2.757	7,73,21,54,37,65,75,70,26,97,80,61,51,39,78,47,96,40,53,23,15,
446	8	9	1.985	8,28,95,89,98,24,74,46,64,94,87,43,44,85,31,9,
446	8	10	1.786	8,28,95,89,98,24,74,92,46,64,94,87,43,44,85,10,
446	8	11	1.796	8,28,95,89,98,24,20,85,44,43,87,94,57,52,11,
446	8	12	2.178	8,28,95,89,98,24,20,85,44,43,52,87,64,94,57,72,30,42,55,12,
446	8	13	2.326	8,28,95,89,98,24,74,92,60,75,36,99,70,26,97,80,61,51,39,78,96,13,
446	8	14	2.264	8,28,95,89,98,24,20,43,87,94,57,72,30,47,78,96,40,53,14,
446	8	15	2.509	8,28,95,89,98,24,74,92,46,16,97,80,61,51,39,78,96,40,53,23,15,
446	9	10	1.851	9,95,89,98,24,74,92,60,46,64,94,87,43,44,85,10,
446	9	11	1.88	9,28,95,89,98,24,20,85,44,43,87,94,57,52,11,
446	9	12	1.674	9,31,85,44,43,52,87,64,94,57,72,30,42,55,12,
446	9	13	2.226	9,95,89,98,24,20,85,44,43,87,94,57,72,30,47,78,96,40,13,
446	9	14	2.307	9,31,85,20,44,43,87,94,57,72,30,42,47,78,96,40,53,23,14,
446	9	15	2.388	9,31,85,44,43,87,94,57,72,30,42,55,47,78,96,40,53,23,15,
446	10	11	1.788	10,31,20,85,44,43,52,87,94,57,72,30,42,55,11,
446	10	12	1.505	10,31,85,44,43,52,87,64,94,57,72,30,42,55,12,
446	10	13	1.943	10,44,43,87,94,57,72,30,50,97,80,61,51,39,47,78,96,13,
446	10	14	2.152	10,31,20,85,44,43,87,94,57,72,30,42,47,78,96,40,53,23,14,
446	10	15	2.343	10,31,85,44,43,87,64,94,57,72,30,42,55,47,78,96,40,53,23,15,
446	11	12	1.581	11,52,44,85,20,43,87,64,94,57,72,30,42,55,12,
446	11	13	1.649	11,52,43,87,64,94,57,72,30,42,47,78,96,40,13,
446	11	14	2.015	11,52,43,87,64,94,57,72,30,42,55,47,78,96,40,53,23,14,
446	11	15	2.272	11,52,43,87,64,94,57,72,30,42,55,47,78,96,40,53,23,66,15,
446	12	13	1.527	12,55,42,30,72,57,50,80,61,51,78,47,96,40,13,
446	12	14	1.638	12,55,42,30,72,57,50,80,61,51,39,78,96,40,53,14,
446	12	15	1.866	12,55,42,30,72,57,50,80,61,51,78,96,40,53,23,15,
446	13	14	1.901	13,40,96,78,47,39,51,61,25,67,49,83,27,66,23,53,14,
446	13	15	2.067	13,40,96,78,47,39,51,61,25,67,49,83,27,29,81,90,15,
446	14	15	2.098	14,53,40,96,78,47,39,51,61,25,67,49,83,27,66,23,15,
