394	0	1	1.582	0,90,50,24,52,38,76,80,30,60,26,19,82,89,85,1,
394	0	2	1.454	0,90,50,24,52,38,76,80,30,60,26,89,48,28,62,2,
394	0	3	1.722	0,90,50,52,24,30,60,26,19,82,71,55,37,27,64,53,3,
394	0	4	1.833	0,90,50,52,24,30,60,26,19,82,71,55,37,46,47,44,67,4,
394	0	5	2.213	0,90,50,52,24,30,60,26,82,71,55,37,46,47,41,78,33,96,5,
394	0	6	2.309	0,90,50,52,24,30,60,26,19,82,71,37,46,47,41,78,33,96,6,
394	0	7	2.348	0,90,50,52,24,30,38,76,80,17,57,20,59,63,98,45,69,93,7,
394	0	8	2.365	0,90,50,24,52,38,76,17,34,23,75,56,31,68,51,83,36,79,61,8,
394	0	9	2.261	0,90,50,24,52,38,80,17,34,23,75,56,31,68,65,29,40,92,77,97,74,73,9,
394	0	10	2.158	0,90,50,24,52,38,76,80,17,34,23,75,56,43,31,68,65,29,40,92,77,10,
394	0	11	1.92	0,90,50,24,52,38,76,80,17,34,23,75,56,31,68,65,29,40,92,11,
394	0	12	1.956	0,90,50,52,24,30,38,76,80,17,34,23,75,56,43,31,68,87,39,12,
394	0	13	1.601	0,90,50,52,24,30,80,38,76,66,72,88,54,70,21,13,
394	0	14	1.646	0,90,50,24,52,38,76,80,17,34,23,72,88,84,14,
394	0	15	1.685	0,90,50,52,24,30,60,26,82,19,18,17,80,38,76,15,
394	1	2	1.724	1,90,50,24,52,38,76,80,30,60,26,89,48,28,62,2,
394	1	3	1.992	1,90,50,52,24,30,60,26,19,82,71,55,37,27,64,53,3,
394	1	4	2.103	1,90,50,52,24,30,60,26,19,82,71,55,37,46,47,44,67,4,
394	1	5	2.473	1,90,50,24,52,38,30,60,26,19,82,71,37,46,47,25,44,67,5,
394	1	6	2.548	1,90,50,52,24,30,60,26,82,71,55,37,46,47,41,78,33,96,6,
394	1	7	2.618	1,90,50,52,24,30,38,76,80,17,57,20,59,63,98,45,69,93,7,
394	1	8	2.635	1,90,50,24,52,38,76,17,34,23,75,56,31,68,51,83,36,79,61,8,
394	1	9	2.438	1,90,50,24,52,38,76,17,34,23,75,56,31,68,65,29,77,97,74,73,9,
394	1	10	2.39	1,90,50,24,52,38,80,17,34,23,75,56,43,31,68,65,29,40,92,77,10,
394	1	11	2.19	1,90,50,24,52,38,76,80,17,34,23,75,56,31,68,65,29,40,92,11,
394	1	12	2.209	1,90,50,24,52,38,76,80,17,34,23,75,56,42,31,68,87,39,12,
394	1	13	1.978	1,90,50,24,52,38,80,17,34,23,75,56,43,70,21,13,
394	1	14	2.044	1,90,50,24,52,38,76,17,34,23,75,56,43,70,54,84,14,
394	1	15	1.977	1,86,85,89,55,37,71,82,19,26,60,80,38,30,24,52,15,
394	2	3	1.972	2,62,28,48,89,26,60,80,18,19,82,71,37,27,53,3,
394	2	4	1.88	2,62,28,48,89,26,19,82,71,55,37,46,47,25,44,67,4,
394	2	5	2.058	2,62,28,48,89,55,71,37,46,47,25,44,41,78,33,96,5,
394	2	6	2.638	2,62,28,48,55,71,37,46,27,64,53,47,25,44,41,78,33,96,81,6,
394	2	7	2.574	2,62,28,48,55,37,71,82,19,18,57,35,95,59,63,98,45,69,93,7,
394	2	8	2.587	2,62,28,48,55,37,71,32,20,59,63,95,51,83,36,79,49,22,91,8,
394	2	9	2.319	2,62,28,48,55,37,71,32,20,59,63,95,51,83,36,79,22,97,74,73,9,
394	2	10	2.437	2,62,28,48,55,71,82,19,18,57,34,23,75,56,43,31,68,65,29,40,92,77,10,
394	2	11	2.328	2,62,28,48,55,71,82,19,18,57,34,23,75,56,43,31,68,87,65,29,40,92,11,
394	2	12	2.363	2,62,28,48,55,71,82,19,18,57,34,23,75,56,43,31,68,65,29,40,39,12,
394	2	13	2.29	2,62,28,48,37,71,82,19,26,60,30,24,52,38,76,66,72,88,84,16,13,
394	2	14	1.978	2,62,28,48,55,71,82,19,26,60,30,80,38,76,72,88,84,14,
394	2	15	1.837	2,62,28,48,37,55,71,82,19,26,60,80,38,30,24,52,15,
394	3	4	2.041	3,53,64,27,62,28,48,89,55,71,37,46,47,25,44,67,4,
394	3	5	2.19	3,53,64,62,28,48,27,46,47,25,44,41,78,33,96,5,
394	3	6	2.255	3,53,64,62,28,48,27,46,47,25,44,41,78,33,96,6,
394	3	7	2.629	3,53,64,62,28,48,37,55,71,32,58,20,59,63,98,45,69,93,7,
394	3	8	2.622	3,53,64,27,46,37,55,71,32,20,59,63,95,51,83,36,79,61,8,
394	3	9	2.329	3,53,64,27,46,99,58,59,63,95,51,83,36,79,22,97,74,73,9,
394	3	10	2.531	3,53,27,37,55,71,82,19,18,57,34,23,75,56,31,68,65,29,40,92,77,10,
394	3	11	2.35	3,53,27,37,55,71,82,19,18,57,34,23,75,56,31,68,65,29,40,92,11,
394	3	12	2.371	3,53,27,46,37,55,71,82,19,18,57,34,23,75,56,43,31,68,87,39,12,
394	3	13	2.466	3,53,27,37,55,71,82,19,26,60,30,24,52,38,76,66,72,88,54,70,21,13,
394	3	14	2.335	3,53,27,46,37,55,71,82,19,26,60,30,24,52,38,76,66,72,88,84,14,
394	3	15	2.136	3,53,27,37,55,71,82,19,26,60,30,80,76,38,52,24,90,50,15,
394	4	5	2.394	4,67,44,25,53,64,62,28,27,46,47,41,78,33,96,5,
394	4	6	2.459	4,67,44,25,53,64,62,28,27,46,47,41,78,33,96,6,
394	4	7	2.302	4,67,44,41,78,33,96,94,59,63,95,98,45,69,93,7,
394	4	8	2.573	4,67,44,41,78,33,96,94,59,63,95,51,83,36,79,22,97,91,8,
394	4	9	2.28	4,67,41,33,96,94,59,63,95,51,83,36,79,22,97,74,73,9,
394	4	10	2.54	4,67,44,41,78,33,96,94,98,63,59,95,51,83,36,79,49,22,97,10,
394	4	11	2.448	4,67,44,41,78,33,96,94,98,51,83,36,79,22,49,29,40,92,11,
394	4	12	2.476	4,67,44,47,46,37,71,82,19,18,57,34,23,75,56,43,31,68,87,39,12,
394	4	13	2.467	4,67,44,25,47,46,37,55,71,82,19,18,57,34,23,75,56,43,70,54,21,13,
394	4	14	2.33	4,67,44,25,47,46,37,55,71,82,26,60,30,80,38,76,66,72,88,84,14,
394	4	15	2.371	4,67,44,25,47,46,37,55,71,82,19,26,60,30,80,76,38,52,24,90,50,15,
394	5	6	2.709	5,96,94,59,63,95,51,83,36,79,22,61,69,93,6,
394	5	7	2.451	5,96,94,59,63,95,51,83,36,79,22,61,69,93,7,
394	5	8	2.415	5,96,94,59,63,95,51,83,36,79,22,97,74,73,91,8,
394	5	9	2.256	5,33,96,94,59,63,95,51,83,36,79,49,22,97,74,73,9,
394	5	10	2.633	5,33,96,94,59,63,95,51,83,36,79,22,49,29,65,40,92,77,10,
394	5	11	2.452	5,33,96,94,59,63,95,51,83,36,79,22,49,29,65,40,92,11,
394	5	12	2.556	5,96,94,59,63,95,51,83,36,79,22,49,29,40,65,87,39,12,
394	5	13	2.598	5,96,94,59,63,95,35,42,68,31,43,56,75,23,34,72,88,84,16,13,
394	5	14	2.589	5,33,78,94,59,63,95,35,42,31,43,56,75,23,34,72,66,88,84,14,
394	5	15	2.44	5,96,33,78,41,44,25,47,46,37,71,82,19,26,60,30,24,52,15,
394	6	7	2.379	6,81,45,98,63,59,95,51,83,36,79,61,69,93,7,
394	6	8	2.373	6,81,94,59,63,95,51,83,36,79,22,97,74,73,91,8,
394	6	9	2.045	6,81,45,98,63,59,95,51,83,36,79,22,97,74,73,9,
394	6	10	2.484	6,81,45,98,63,59,95,51,83,36,79,22,49,29,40,92,77,10,
394	6	11	2.448	6,81,45,94,59,63,95,51,83,36,79,22,49,29,65,40,92,11,
394	6	12	2.485	6,81,45,98,63,59,95,51,83,36,79,22,49,65,29,40,39,12,
394	6	13	2.555	6,81,45,98,51,83,36,79,49,29,40,65,68,31,56,75,43,70,21,13,
394	6	14	2.521	6,81,45,98,51,83,36,49,29,65,68,31,56,75,23,34,72,88,84,14,
394	6	15	2.551	6,96,33,78,41,47,46,37,71,82,26,60,80,76,38,30,24,52,15,
394	7	8	2.17	7,93,69,45,98,63,59,95,51,83,36,79,22,61,8,
394	7	9	1.833	7,93,69,45,98,51,83,36,79,49,22,97,74,73,9,
394	7	10	2.016	7,93,69,45,98,63,59,95,51,83,36,79,49,77,10,
394	7	11	2.211	7,93,69,45,98,63,59,95,51,83,36,79,49,29,40,92,11,
394	7	12	2.409	7,93,69,45,98,63,59,95,35,42,34,23,75,56,43,31,68,87,39,12,
394	7	13	2.438	7,93,69,45,98,63,59,95,35,42,31,43,75,56,34,23,54,70,21,13,
394	7	14	2.471	7,93,69,45,98,51,83,36,49,29,65,68,31,56,75,23,34,72,66,14,
394	7	15	2.561	7,93,69,45,98,63,59,95,35,42,31,43,56,75,23,34,72,88,66,15,
394	8	9	2.025	8,61,83,51,36,79,49,29,40,92,77,97,74,73,9,
394	8	10	2.223	8,9,73,74,97,22,79,83,36,49,29,65,40,92,77,10,
394	8	11	2.013	8,91,73,74,97,22,79,83,51,36,49,29,40,92,11,
394	8	12	2.312	8,61,83,51,36,79,49,29,40,65,68,31,56,75,43,87,39,12,
394	8	13	2.275	8,61,83,51,36,79,49,29,40,65,68,31,56,75,43,70,21,13,
394	8	14	2.297	8,61,83,36,79,49,29,65,68,31,43,56,75,23,34,72,88,84,14,
394	8	15	2.502	8,61,83,51,36,79,49,29,65,68,31,43,56,75,23,34,72,88,66,15,
394	9	10	1.834	9,73,74,97,22,79,83,36,49,29,65,40,92,77,10,
394	9	11	1.7	9,73,74,97,22,79,83,51,36,49,29,65,40,92,11,
394	9	12	1.807	9,73,74,97,22,79,83,51,36,49,29,65,40,39,12,
394	9	13	2.065	9,73,74,97,22,79,36,49,29,65,68,31,56,75,43,70,54,21,13,
394	9	14	2.043	9,73,74,97,77,92,40,29,65,68,31,43,56,75,23,34,72,88,84,14,
394	9	15	2.375	9,73,74,97,22,79,36,83,51,68,31,56,75,23,34,17,80,30,24,52,15,
394	10	11	1.914	10,73,74,97,22,79,83,51,36,49,29,65,40,92,11,
394	10	12	1.934	10,97,22,79,36,83,51,49,77,92,40,29,65,87,39,12,
394	10	13	1.868	10,77,92,40,29,65,68,31,43,56,34,23,54,70,21,13,
394	10	14	2.024	10,77,92,40,29,65,68,31,43,75,56,42,34,23,72,66,88,84,14,
394	10	15	2.261	10,77,92,40,29,65,68,31,43,56,75,23,34,17,80,38,30,24,52,15,
394	11	12	1.863	11,92,40,29,65,68,31,42,34,23,75,56,43,70,21,12,
394	11	13	1.717	11,92,40,29,65,68,31,43,75,56,34,23,70,54,21,13,
394	11	14	1.724	11,92,40,29,65,68,31,42,56,75,23,34,72,88,84,14,
394	11	15	2.023	11,92,40,29,65,68,31,56,75,23,34,17,80,38,30,24,52,15,
394	12	13	1.824	12,39,40,29,65,68,31,43,75,56,34,23,70,54,21,13,
394	12	14	1.846	12,39,87,68,31,43,75,56,42,34,23,72,66,88,84,16,14,
394	12	15	1.925	12,39,87,68,31,56,75,23,34,17,80,38,30,24,52,15,
394	13	14	1.732	13,21,54,70,43,31,68,42,56,75,23,34,72,88,84,14,
394	13	15	1.888	13,21,70,43,56,75,23,34,17,76,38,80,30,24,52,15,
394	14	15	1.928	14,84,54,70,21,43,75,56,31,42,34,23,72,88,66,15,
