157	0	1	1.8	0,66,40,36,27,70,30,79,86,63,51,59,39,44,1,
157	0	2	2.111	0,66,62,40,36,27,70,30,79,86,63,51,80,38,2,
157	0	3	2.034	0,66,62,40,36,27,70,30,79,86,63,51,80,38,3,
157	0	4	2.366	0,66,62,40,36,27,30,79,86,63,51,80,93,73,85,32,94,68,4,
157	0	5	2.502	0,66,62,40,36,27,30,79,86,63,51,80,93,73,85,32,94,56,5,
157	0	6	2.681	0,66,62,40,36,27,30,70,37,21,19,50,57,28,61,17,72,6,
157	0	7	2.638	0,66,40,62,49,30,27,70,21,19,50,57,54,25,46,55,41,7,
157	0	8	2.627	0,66,62,49,30,27,36,20,95,77,26,16,88,52,33,35,46,90,34,91,8,
157	0	9	2.313	0,66,62,49,30,27,36,20,95,77,26,16,88,52,74,71,42,18,9,
157	0	10	2.389	0,66,62,49,30,70,27,36,20,95,77,26,16,88,52,74,71,42,18,64,10,
157	0	11	2.294	0,66,62,49,30,70,27,36,20,95,77,26,16,29,31,87,22,81,11,
157	0	12	2.117	0,66,62,49,27,36,20,95,77,26,16,29,87,31,12,
157	0	13	2.309	0,44,39,59,51,63,86,79,30,70,27,36,20,23,48,13,
157	0	14	2.176	0,44,39,59,51,63,86,79,30,70,27,49,62,40,84,14,
157	0	15	2.031	0,44,39,59,51,63,86,79,30,70,27,36,40,66,15,
157	1	2	2.07	1,44,39,83,62,49,30,27,36,70,79,86,63,51,80,2,
157	1	3	2.064	1,44,39,83,49,30,27,70,79,86,63,51,80,93,38,3,
157	1	4	2.067	1,44,39,59,51,63,86,79,65,78,43,47,76,32,94,68,4,
157	1	5	2.473	1,44,39,59,51,63,86,79,30,70,37,65,43,78,73,85,76,94,56,5,
157	1	6	2.559	1,44,39,59,51,63,86,79,30,27,70,21,19,50,57,28,17,72,6,
157	1	7	2.577	1,44,39,59,51,63,86,79,30,70,21,19,50,57,54,25,55,41,7,
157	1	8	2.545	1,44,39,59,51,63,78,43,47,92,58,57,50,54,25,46,55,90,34,91,8,
157	1	9	2.372	1,44,39,83,49,30,27,36,20,95,77,26,16,88,52,74,71,42,18,9,
157	1	10	2.344	1,44,39,83,49,30,70,27,36,20,95,77,26,16,88,52,74,71,42,10,
157	1	11	2.289	1,44,39,59,51,63,86,79,30,27,36,20,95,77,26,16,29,31,87,81,11,
157	1	12	2.363	1,44,39,59,51,63,79,30,27,36,20,95,77,26,16,29,87,31,12,
157	1	13	2.42	1,44,39,59,51,63,86,79,30,49,62,40,36,27,70,20,23,48,13,
157	1	14	2.201	1,44,39,59,51,63,86,79,70,36,27,30,49,40,62,66,84,14,
157	1	15	1.735	1,44,39,59,51,63,86,79,30,70,27,36,40,66,15,
157	2	3	2.339	2,80,51,63,86,79,30,27,36,70,37,65,43,78,73,85,3,
157	2	4	2.278	2,80,51,63,86,79,30,27,70,37,65,43,78,73,85,68,4,
157	2	5	2.453	2,80,51,63,86,79,30,70,37,65,43,78,73,85,32,94,56,5,
157	2	6	2.673	2,80,93,73,85,32,76,47,92,58,57,50,54,25,46,55,75,72,6,
157	2	7	2.733	2,80,51,63,86,79,30,27,70,37,21,19,50,57,28,61,72,75,7,
157	2	8	2.673	2,80,51,63,86,79,30,27,70,21,19,50,57,54,25,46,90,34,91,8,
157	2	9	2.52	2,80,51,63,86,79,37,21,19,95,77,26,16,88,52,74,71,42,18,64,9,
157	2	10	2.504	2,80,51,63,86,79,30,27,36,20,95,77,26,16,88,52,74,71,42,64,10,
157	2	11	2.546	2,80,51,63,86,79,30,27,36,20,95,77,26,16,88,52,74,71,82,67,81,11,
157	2	12	2.475	2,80,51,63,86,79,30,27,36,20,95,77,26,16,29,31,87,22,12,
157	2	13	2.577	2,80,51,63,86,79,70,27,30,49,62,40,36,20,23,48,89,13,
157	2	14	2.387	2,38,93,80,51,63,79,86,30,70,27,36,40,62,66,84,14,
157	2	15	2.046	2,38,80,51,63,86,79,30,70,27,36,40,62,66,15,
157	3	4	2.27	3,38,93,73,85,32,76,47,92,58,69,99,96,56,94,68,4,
157	3	5	2.379	3,38,93,78,43,73,85,32,76,47,92,58,69,99,96,56,5,
157	3	6	2.354	3,68,94,76,32,85,73,78,43,47,92,58,69,61,17,75,72,6,
157	3	7	2.599	3,68,94,76,32,85,73,78,43,47,92,58,57,50,54,25,46,90,41,7,
157	3	8	2.522	3,68,94,76,32,85,73,78,43,47,92,58,57,50,54,25,46,90,34,91,8,
157	3	9	2.533	3,85,76,47,92,58,57,50,24,60,77,26,16,88,52,74,71,42,18,9,
157	3	10	2.494	3,85,73,47,92,58,57,50,24,60,77,26,16,88,52,74,71,42,18,64,10,
157	3	11	2.562	3,85,32,76,47,92,58,57,50,24,60,77,26,16,88,52,74,71,82,67,81,11,
157	3	12	2.55	3,38,80,51,63,86,79,30,27,36,20,95,77,26,16,29,87,31,12,
157	3	13	2.768	3,68,32,76,47,92,58,57,50,24,60,77,26,16,29,87,31,45,13,
157	3	14	2.66	3,38,93,80,51,63,86,79,30,49,62,40,27,36,20,23,89,84,14,
157	3	15	2.54	3,68,94,76,32,85,73,43,78,93,80,51,63,79,86,30,49,62,66,15,
157	4	5	2.294	4,68,32,76,85,73,78,43,47,92,58,69,61,99,96,56,5,
157	4	6	2.258	4,68,94,76,32,85,73,78,43,47,92,58,69,61,17,75,72,6,
157	4	7	2.2	4,68,94,76,32,85,73,78,43,47,92,58,69,61,17,72,75,7,
157	4	8	2.249	4,68,32,85,73,76,47,92,58,57,50,54,25,46,90,34,91,8,
157	4	9	2.454	4,68,32,76,47,92,58,57,50,60,77,26,16,88,52,74,71,42,18,9,
157	4	10	2.378	4,68,94,32,76,47,92,58,57,50,24,60,88,52,74,71,42,18,64,10,
157	4	11	2.448	4,68,32,76,47,92,58,57,50,24,60,77,26,16,88,52,74,71,67,81,11,
157	4	12	2.602	4,68,32,76,47,92,58,57,50,24,60,88,26,16,97,29,31,87,22,12,
157	4	13	2.672	4,68,32,76,47,92,58,57,50,24,60,77,26,16,29,87,31,45,13,
157	4	14	2.489	4,68,94,76,32,85,73,93,80,51,63,86,79,30,70,27,36,40,84,14,
157	4	15	2.378	4,68,94,76,32,85,73,93,80,51,63,79,86,30,27,36,40,62,66,15,
157	5	6	2.394	5,56,94,76,32,85,73,78,43,47,92,58,69,61,17,75,72,6,
157	5	7	2.336	5,56,94,76,32,85,73,78,43,47,92,58,69,61,17,72,75,7,
157	5	8	2.393	5,56,94,32,85,76,47,92,58,57,50,54,25,46,90,34,91,8,
157	5	9	2.4	5,56,96,99,61,28,57,50,24,60,88,52,74,71,42,18,9,
157	5	10	2.414	5,53,61,28,57,50,24,60,77,26,16,88,52,74,71,42,18,64,10,
157	5	11	2.495	5,56,94,76,47,92,58,57,50,24,60,88,26,16,29,31,87,81,11,
157	5	12	2.665	5,56,94,32,76,47,92,58,57,50,24,60,77,26,16,29,31,87,22,12,
157	5	13	2.777	5,56,94,76,32,85,73,93,80,51,63,86,79,30,27,36,20,23,89,13,
157	5	14	2.701	5,56,94,76,32,85,73,93,80,51,63,86,79,30,70,27,49,62,40,84,14,
157	5	15	2.581	5,56,94,76,85,73,93,80,51,63,86,79,30,70,27,36,40,62,66,15,
157	6	7	2.393	6,72,75,17,61,69,92,58,57,50,54,25,46,55,41,7,
157	6	8	2.183	6,72,75,17,61,28,57,50,54,25,46,55,90,34,91,8,
157	6	9	2.249	6,72,17,25,54,24,60,77,26,16,88,52,74,71,42,18,9,
157	6	10	2.416	6,53,61,28,57,50,24,60,77,26,16,88,52,74,71,42,18,64,10,
157	6	11	2.402	6,72,17,25,54,24,60,77,26,16,88,52,74,71,67,87,31,22,11,
157	6	12	2.571	6,72,75,55,25,54,24,60,77,26,16,88,52,74,71,82,67,87,31,12,
157	6	13	2.754	6,72,17,25,54,24,60,77,26,16,88,52,74,71,67,87,31,45,13,
157	6	14	2.846	6,72,17,61,28,57,50,19,21,20,36,27,70,30,49,62,40,84,14,
157	6	15	2.777	6,72,17,61,28,57,50,19,21,20,36,27,70,30,49,62,40,66,15,
157	7	8	2.229	7,41,55,25,54,24,60,88,52,33,35,46,90,34,91,8,
157	7	9	2.068	7,41,90,46,25,54,24,60,88,52,74,71,42,18,64,9,
157	7	10	1.969	7,41,90,46,25,54,24,60,88,52,74,71,42,18,64,10,
157	7	11	2.191	7,41,90,46,25,54,24,60,77,26,16,88,52,74,71,82,67,81,11,
157	7	12	2.415	7,41,55,25,54,24,60,77,26,16,88,52,74,71,67,87,31,22,12,
157	7	13	2.686	7,41,55,25,54,24,60,77,26,16,88,52,74,71,82,67,87,31,45,13,
157	7	14	2.772	7,41,90,46,25,54,57,50,19,21,70,36,27,30,49,62,40,84,14,
157	7	15	2.699	7,41,55,25,54,24,60,88,16,26,77,95,20,36,27,30,49,62,66,15,
157	8	9	1.9	8,91,90,46,25,54,24,60,88,52,74,71,42,18,64,9,
157	8	10	1.801	8,91,90,46,25,54,24,60,88,52,74,71,42,18,64,10,
157	8	11	1.965	8,91,34,98,18,42,71,74,52,88,26,16,29,31,87,22,81,11,
157	8	12	2.207	8,91,34,98,18,42,71,74,52,88,77,26,16,29,31,87,81,22,12,
157	8	13	2.551	8,91,34,90,46,25,54,24,60,88,52,74,71,82,67,81,87,31,45,13,
157	8	14	2.529	8,91,34,46,25,54,57,50,19,21,70,27,30,49,62,40,84,14,
157	8	15	2.611	8,91,34,98,18,42,71,74,52,88,16,26,77,95,20,36,27,30,49,62,66,15,
157	9	10	1.739	9,18,42,71,74,52,88,26,16,29,31,87,67,82,10,
157	9	11	1.609	9,18,42,71,74,52,88,16,26,97,29,31,87,22,11,
157	9	12	2.08	9,18,42,98,71,74,52,88,77,26,16,97,29,31,87,81,22,12,
157	9	13	2.554	9,18,42,71,74,52,88,16,26,77,95,19,21,70,27,36,23,48,13,
157	9	14	2.387	9,18,42,71,74,52,88,16,26,77,95,20,36,27,49,62,40,84,14,
157	9	15	2.248	9,18,42,71,74,52,88,16,26,77,95,20,36,27,30,49,62,66,15,
157	10	11	1.581	10,64,18,42,71,74,52,88,26,16,29,31,87,22,81,11,
157	10	12	1.723	10,42,71,74,52,88,77,26,16,97,29,31,87,22,12,
157	10	13	2.304	10,64,18,42,82,67,71,74,52,88,26,16,97,29,87,31,45,13,
157	10	14	2.262	10,42,71,74,52,88,16,26,77,95,20,36,27,49,62,40,84,14,
157	10	15	2.207	10,64,42,71,74,52,88,16,26,77,95,20,36,27,30,49,62,66,15,
157	11	12	1.866	11,22,31,87,81,67,82,71,74,52,88,26,16,97,45,12,
157	11	13	1.985	11,22,31,87,81,67,82,71,74,52,88,26,16,97,45,13,
157	11	14	2.028	11,81,87,31,29,16,26,77,95,20,36,27,40,84,14,
157	11	15	1.918	11,81,87,31,29,16,26,77,95,20,36,40,62,66,15,
157	12	13	2.132	12,22,31,87,81,67,82,71,74,52,88,26,16,97,45,13,
157	12	14	2.187	12,22,87,31,29,16,26,77,95,20,36,27,40,84,14,
157	12	15	2.052	12,31,29,16,26,77,95,20,36,27,30,49,62,66,15,
157	13	14	2.357	13,89,48,23,20,36,27,70,30,79,86,49,62,40,84,14,
157	13	15	2.306	13,45,31,87,29,16,26,77,95,20,36,40,62,66,15,
157	14	15	2.351	14,84,40,27,36,23,20,21,37,70,30,49,62,66,15,
