36	0	1	2.044	0,31,95,89,41,26,27,34,98,79,56,68,80,62,63,1,
36	0	2	2.146	0,64,71,38,91,40,95,31,36,63,52,62,80,68,56,2,
36	0	3	2.186	0,64,71,40,95,31,36,63,52,62,80,68,56,66,3,
36	0	4	2.505	0,31,95,40,38,91,83,23,94,25,74,24,59,26,27,87,57,48,4,
36	0	5	2.692	0,31,95,71,40,38,91,83,23,94,25,74,24,41,59,26,27,87,5,
36	0	6	2.557	0,31,95,89,92,74,24,50,46,78,82,42,22,30,18,93,86,6,
36	0	7	2.654	0,31,95,40,38,91,83,23,94,25,74,24,46,78,97,44,28,45,88,7,
36	0	8	2.544	0,31,95,71,38,91,83,23,94,50,46,78,97,44,28,45,37,88,69,8,
36	0	9	2.525	0,31,95,40,38,91,83,23,94,53,50,46,78,47,99,90,35,67,72,51,9,
36	0	10	2.471	0,31,95,40,38,91,83,23,94,25,74,24,50,46,78,47,99,54,61,75,10,
36	0	11	2.426	0,31,95,40,38,91,83,23,94,25,74,24,46,78,47,99,16,32,70,11,
36	0	12	2.342	0,31,95,40,38,91,83,23,94,25,74,50,53,29,84,17,43,39,65,85,12,
36	0	13	1.923	0,31,95,71,40,38,91,49,83,23,84,17,43,65,39,13,
36	0	14	1.973	0,31,95,89,92,25,74,24,50,94,23,83,49,20,14,
36	0	15	2.07	0,31,55,89,92,74,25,94,23,83,91,40,71,64,15,
36	1	2	2.293	1,63,62,52,36,55,89,92,25,74,24,41,98,79,56,2,
36	1	3	2.112	1,36,63,52,62,80,68,56,79,98,34,26,27,77,66,3,
36	1	4	2.015	1,63,52,62,80,68,56,79,98,26,27,34,77,57,48,4,
36	1	5	2.637	1,63,52,62,80,68,56,79,98,34,27,26,59,82,42,22,30,18,93,86,5,
36	1	6	2.465	1,63,52,62,80,68,56,79,98,34,27,26,59,82,42,30,18,93,86,6,
36	1	7	2.576	1,63,52,62,80,68,56,79,98,34,27,26,59,82,97,37,44,28,45,88,7,
36	1	8	2.462	1,63,52,62,80,68,56,79,98,34,27,26,59,82,97,44,28,45,37,88,8,
36	1	9	2.526	1,63,52,55,89,92,74,24,50,46,78,47,99,90,35,67,72,51,9,
36	1	10	2.465	1,63,62,80,68,56,79,98,34,27,26,59,82,78,46,47,99,54,61,75,10,
36	1	11	2.424	1,63,62,52,55,89,92,74,24,50,46,78,47,99,16,32,70,11,
36	1	12	2.316	1,63,62,52,36,55,41,24,74,25,94,23,83,84,17,43,39,65,85,12,
36	1	13	2.188	1,63,62,52,55,41,24,74,25,94,23,83,49,84,17,43,39,13,
36	1	14	1.917	1,63,62,52,36,55,89,92,25,94,23,83,49,20,14,
36	1	15	1.931	1,62,52,55,89,92,25,94,23,83,91,38,71,64,15,
36	2	3	2.413	2,62,63,52,80,68,56,79,98,41,59,26,27,77,66,3,
36	2	4	2.213	2,62,63,52,80,68,56,79,98,34,26,27,87,57,48,4,
36	2	5	2.375	2,68,56,79,98,34,27,26,59,82,42,22,30,18,93,86,5,
36	2	6	2.455	2,68,79,98,34,27,26,59,82,97,44,28,37,45,22,30,18,93,6,
36	2	7	2.674	2,68,56,79,98,34,27,26,59,24,50,46,78,97,37,28,45,88,7,
36	2	8	2.583	2,68,56,79,98,34,27,26,59,24,50,46,78,97,44,28,45,37,88,8,
36	2	9	2.507	2,68,56,79,98,34,27,26,59,82,78,46,73,47,99,90,35,67,72,51,9,
36	2	10	2.566	2,68,56,79,98,34,27,26,59,24,74,50,46,78,47,99,90,35,61,75,10,
36	2	11	2.545	2,68,56,79,98,34,27,26,41,74,24,50,46,78,47,99,16,32,70,11,
36	2	12	2.406	2,68,56,79,98,34,27,26,59,24,74,25,94,23,83,84,17,43,39,65,85,12,
36	2	13	2.3	2,68,56,79,98,34,27,26,41,24,74,25,94,23,83,84,17,43,39,13,
36	2	14	2.186	2,68,56,79,98,34,27,26,59,41,24,74,25,94,23,83,49,20,14,
36	2	15	2.152	2,68,79,34,27,26,59,24,74,25,94,23,83,91,38,71,64,15,
36	3	4	2.494	3,66,56,68,80,62,63,52,79,98,34,27,87,57,48,4,
36	3	5	2.651	3,66,56,68,79,98,34,27,26,59,82,42,30,18,93,86,5,
36	3	6	2.598	3,66,77,27,26,59,24,50,46,78,82,81,93,86,6,
36	3	7	2.636	3,66,77,34,27,26,59,24,50,46,78,97,44,28,45,37,88,7,
36	3	8	2.597	3,66,77,34,27,26,59,24,50,46,78,97,44,28,45,37,88,69,8,
36	3	9	2.562	3,66,77,34,27,26,59,24,50,46,78,47,99,90,35,67,72,51,9,
36	3	10	2.476	3,66,77,34,27,26,59,82,78,46,50,73,47,99,90,35,61,75,10,
36	3	11	2.66	3,66,77,34,27,26,59,24,74,25,94,53,50,46,78,47,99,16,32,70,11,
36	3	12	2.472	3,66,77,34,27,26,59,41,24,74,25,94,23,83,84,17,43,39,65,85,12,
36	3	13	2.367	3,66,77,34,27,26,59,82,78,46,50,94,23,83,84,17,43,39,13,
36	3	14	2.26	3,66,77,34,27,26,59,82,78,46,50,53,94,23,83,49,20,14,
36	3	15	2.177	3,66,77,34,27,26,59,24,74,25,94,23,83,91,38,71,64,15,
36	4	5	2.524	4,48,57,87,81,42,44,28,45,37,88,22,30,18,93,86,5,
36	4	6	2.61	4,48,57,66,77,34,27,26,59,81,18,30,22,93,86,6,
36	4	7	2.285	4,48,57,87,81,18,30,22,45,37,28,44,97,33,69,88,7,
36	4	8	2.541	4,48,57,87,81,93,18,30,22,42,44,28,45,37,33,67,72,60,69,8,
36	4	9	2.359	4,48,57,87,81,93,18,30,22,45,28,44,37,33,67,90,35,72,51,9,
36	4	10	2.315	4,48,57,87,81,18,30,22,45,37,28,44,97,33,67,90,35,61,75,10,
36	4	11	2.528	4,48,57,87,81,93,18,30,22,45,37,28,44,97,33,67,90,35,54,11,
36	4	12	2.512	4,48,57,77,34,27,26,59,24,74,25,94,23,83,84,17,43,39,65,85,12,
36	4	13	2.508	4,48,57,77,34,27,26,59,82,78,46,50,94,23,83,84,17,43,39,13,
36	4	14	2.371	4,48,57,87,27,26,59,82,78,46,50,53,94,23,83,49,20,14,
36	4	15	2.288	4,48,57,87,27,26,59,24,74,25,94,23,83,91,38,71,64,15,
36	5	6	2.706	5,86,93,18,22,30,42,44,28,45,37,97,33,60,69,88,7,6,
36	5	7	2.316	5,86,93,18,22,30,42,44,28,45,37,97,33,60,69,88,7,
36	5	8	2.153	5,86,93,18,30,22,42,44,28,45,37,97,33,60,69,88,8,
36	5	9	1.986	5,86,93,18,30,22,28,45,37,33,67,90,35,72,51,9,
36	5	10	2.325	5,86,93,18,30,22,45,37,28,44,97,33,60,72,67,90,35,76,61,75,10,
36	5	11	2.493	5,86,93,18,30,22,42,44,28,45,37,33,67,90,35,54,16,32,70,11,
36	5	12	2.426	5,86,93,18,30,22,45,28,44,37,33,67,90,35,54,32,70,21,96,12,
36	5	13	2.562	5,86,93,18,30,22,28,45,37,97,78,46,50,94,23,83,49,20,13,
36	5	14	2.487	5,87,27,26,59,82,78,46,50,24,74,25,94,23,83,49,20,14,
36	5	15	2.479	5,87,27,26,59,82,78,46,50,53,94,23,83,91,38,71,64,15,
36	6	7	2.214	6,86,93,18,22,30,42,44,28,45,37,97,33,60,69,88,7,
36	6	8	2.102	6,86,93,18,30,22,45,37,28,44,97,33,67,72,60,69,8,
36	6	9	1.874	6,93,18,30,22,45,28,44,37,33,67,90,35,72,51,9,
36	6	10	1.842	6,86,93,18,30,22,28,45,37,33,67,90,35,61,75,10,
36	6	11	2.312	6,86,93,18,30,22,45,28,44,37,33,67,90,35,54,16,32,70,11,
36	6	12	2.275	6,86,93,18,30,22,45,28,44,37,33,67,90,35,54,32,21,96,12,
36	6	13	2.419	6,93,18,30,22,45,37,28,44,97,78,46,50,53,29,84,17,43,39,13,
36	6	14	2.444	6,86,93,18,30,22,45,37,28,44,97,78,46,50,94,23,83,49,20,14,
36	6	15	2.403	6,86,93,18,30,42,82,78,46,50,53,94,23,83,91,38,71,64,15,
36	7	8	2.264	7,22,18,30,42,44,28,45,37,33,67,90,35,72,60,69,8,
36	7	9	2.063	7,22,18,30,42,44,28,45,37,97,33,67,90,35,72,51,9,
36	7	10	1.981	7,88,37,45,28,44,97,33,60,72,67,90,35,76,61,75,10,
36	7	11	2.434	7,22,18,30,42,44,28,45,37,33,60,72,67,90,35,54,32,70,11,
36	7	12	2.463	7,22,18,30,42,44,28,45,37,97,33,67,90,35,54,32,70,21,96,12,
36	7	13	2.431	7,88,37,45,28,44,97,78,46,50,24,74,25,94,23,83,49,20,13,
36	7	14	2.496	7,88,37,45,28,44,97,82,78,46,50,24,74,25,94,23,83,49,20,14,
36	7	15	2.397	7,88,37,45,28,44,97,78,46,50,94,23,83,91,38,40,71,64,15,
36	8	9	2.034	8,69,88,37,45,28,44,97,33,60,67,90,35,76,72,51,9,
36	8	10	1.926	8,69,88,37,45,28,44,97,33,67,90,35,72,76,61,75,10,
36	8	11	2.204	8,88,37,45,28,44,97,33,60,72,67,90,35,54,16,32,11,
36	8	12	2.11	8,69,88,37,45,28,44,97,67,90,35,54,16,32,21,96,12,
36	8	13	2.323	8,69,88,37,45,28,44,97,78,46,50,94,23,83,84,17,43,39,13,
36	8	14	2.3	8,69,88,37,45,28,44,97,78,46,24,74,25,94,23,83,49,20,14,
36	8	15	2.4	8,88,45,28,44,97,78,46,50,24,74,25,94,23,83,91,38,71,64,15,
36	9	10	1.962	9,51,60,33,37,45,28,44,97,67,90,35,72,76,61,75,10,
36	9	11	1.947	9,51,72,67,90,35,76,75,61,54,32,16,58,21,70,11,
36	9	12	2.042	9,51,72,67,90,35,54,32,16,58,21,70,96,65,85,12,
36	9	13	2.234	9,51,72,35,90,99,47,78,46,50,74,25,94,23,83,49,20,13,
36	9	14	2.236	9,51,72,35,90,99,47,73,46,50,24,74,25,94,23,83,49,20,14,
36	9	15	2.301	9,51,72,35,90,99,47,78,46,50,53,94,23,83,91,38,40,71,64,15,
36	10	11	1.914	10,75,61,76,72,67,90,35,54,32,16,58,96,21,70,11,
36	10	12	1.9	10,75,61,76,72,67,90,35,54,32,16,58,21,70,96,12,
36	10	13	1.952	10,75,61,35,90,54,16,32,70,21,96,85,65,39,43,13,
36	10	14	2.194	10,75,61,35,90,99,47,73,46,50,24,74,25,94,23,83,49,20,14,
36	10	15	2.191	10,75,61,35,90,99,47,78,46,50,53,94,23,83,91,38,71,64,15,
36	11	12	2.061	11,70,32,16,99,47,78,46,50,53,29,84,43,65,85,12,
36	11	13	1.945	11,32,16,99,47,78,46,50,94,23,83,49,20,13,
36	11	14	1.904	11,32,16,99,47,78,46,50,94,23,83,49,20,14,
36	11	15	2.125	11,70,32,16,99,47,78,46,50,53,94,23,83,91,38,71,64,15,
36	12	13	1.899	12,85,65,39,43,17,84,29,53,50,94,23,83,49,20,13,
36	12	14	1.858	12,85,65,39,43,17,84,29,53,50,94,23,83,49,20,14,
36	12	15	1.961	12,85,65,39,43,17,84,23,83,49,20,19,38,91,40,71,64,15,
36	13	14	1.858	13,39,43,17,84,29,53,50,24,74,25,23,83,49,20,14,
36	13	15	1.746	13,39,65,43,20,49,83,23,94,25,92,40,71,64,15,
36	14	15	1.766	14,20,49,83,23,94,25,74,92,40,91,38,71,64,15,
