88	0	3	1.773	0,54,67,36,48,68,19,39,83,26,40,79,56,16,97,3,
88	0	2	1.747	0,54,67,53,36,48,68,19,39,83,26,90,40,56,79,2,
88	0	1	1.801	0,54,67,36,48,68,19,39,83,26,90,40,56,79,25,1,
88	0	11	2.377	0,54,19,68,48,36,67,22,59,30,45,99,87,94,91,66,64,11,
88	0	5	2.199	0,54,19,68,39,83,26,40,79,56,16,55,96,81,85,33,76,70,29,75,5,
88	0	9	2.354	0,54,19,68,48,36,53,82,88,52,28,95,86,20,58,61,49,63,80,98,9,
88	0	7	2.506	0,54,19,68,39,83,26,40,79,56,16,55,96,81,85,33,70,27,44,7,
88	0	6	2.227	0,54,19,68,39,83,26,40,79,56,16,55,96,81,85,33,76,70,27,6,
88	0	4	2.333	0,67,36,48,68,19,39,83,26,40,79,56,16,55,96,81,33,78,4,
88	0	10	2.42	0,54,19,68,39,83,46,82,88,52,28,95,69,20,58,61,49,38,10,
88	0	8	2.48	0,54,19,68,48,36,53,82,88,52,28,95,86,20,58,61,49,63,80,50,8,
88	1	3	1.952	1,39,19,68,36,53,48,83,26,90,40,79,56,16,97,3,
88	1	2	1.967	1,19,54,67,36,48,68,39,83,26,90,40,56,79,25,2,
88	0	15	2.01	0,54,19,68,39,83,26,40,90,46,48,36,67,22,59,15,
88	1	4	2.045	1,19,68,39,83,26,90,40,79,56,16,55,96,81,78,4,
88	0	13	1.999	0,54,19,68,39,83,48,36,53,22,59,30,45,87,99,94,13,
88	0	14	1.719	0,54,19,68,39,48,36,67,53,22,59,30,45,99,87,14,
88	1	6	2.357	1,19,68,39,83,26,90,40,79,56,16,55,96,81,85,33,76,70,27,6,
88	0	12	2.328	0,54,19,68,48,36,67,53,22,59,30,45,99,87,94,71,73,91,12,
88	1	8	2.628	1,19,68,48,36,53,82,88,52,28,95,69,20,58,61,49,23,98,80,50,8,
88	1	5	2.169	1,19,68,39,83,26,40,79,56,16,55,96,81,33,76,70,29,75,5,
88	1	7	2.636	1,19,68,39,83,26,90,40,79,56,16,55,96,81,85,33,70,27,44,7,
88	1	15	1.97	1,25,79,56,40,26,83,39,19,68,48,36,53,22,59,15,
88	2	3	2.022	2,25,40,79,56,92,43,89,35,18,85,81,96,55,97,3,
88	2	4	2.059	2,25,79,56,16,55,96,81,85,33,76,70,75,29,78,4,
88	2	5	1.859	2,25,40,79,56,16,55,96,81,85,33,76,70,29,75,5,
88	1	14	1.754	1,39,19,68,48,36,67,53,22,59,45,30,99,87,14,
88	1	13	2.375	1,25,40,90,26,83,39,19,68,48,36,53,22,59,30,45,99,87,13,
88	1	12	2.501	1,39,19,68,48,36,67,53,22,59,30,45,87,99,94,73,91,66,12,
88	2	6	2.459	2,25,26,90,40,79,56,16,55,96,81,85,33,76,70,29,75,27,44,6,
88	1	10	2.573	1,39,83,46,82,52,28,95,86,20,58,61,49,63,80,98,23,38,10,
88	1	9	2.474	1,19,68,48,36,53,82,88,52,28,95,86,69,20,58,61,49,63,80,98,9,
88	1	11	2.631	1,19,68,48,36,53,82,88,52,28,95,86,69,20,58,61,77,41,62,64,11,
88	2	15	2.191	2,25,79,56,40,26,83,39,19,68,48,36,53,22,59,30,45,15,
88	3	4	2.145	3,97,16,56,79,40,26,90,92,43,35,18,85,81,96,4,
88	3	5	1.981	3,97,79,56,16,55,96,81,85,18,33,76,70,29,75,5,
88	2	13	2.282	2,79,56,40,26,83,39,19,68,48,36,53,22,59,30,45,99,87,13,
88	2	12	2.545	2,25,40,26,83,39,19,68,48,36,53,22,59,30,45,87,94,73,91,12,
88	2	10	2.581	2,25,40,26,83,46,82,88,52,28,95,69,20,58,61,49,23,38,10,
88	2	14	2.076	2,79,56,40,26,83,39,19,68,48,36,53,22,59,30,45,99,87,14,
88	2	8	2.62	2,25,40,79,56,16,55,96,81,85,33,70,76,42,93,21,24,34,47,8,
88	2	9	2.572	2,79,56,40,26,83,46,82,88,52,28,95,69,20,58,61,49,63,80,98,9,
88	2	11	2.62	2,25,79,56,40,90,26,83,46,82,88,52,28,95,86,69,17,62,64,11,
88	2	7	2.665	2,25,79,56,40,90,92,43,89,35,18,85,81,33,76,70,29,75,27,44,7,
88	3	6	1.966	3,97,79,56,16,55,96,81,85,33,76,70,27,44,6,
88	3	15	2.359	3,97,16,56,79,40,26,83,39,19,68,48,36,53,22,59,30,45,15,
88	4	5	2.301	4,78,81,96,55,43,89,35,18,85,33,70,27,75,29,5,
88	3	12	2.607	3,97,16,56,79,40,90,26,46,82,88,52,28,95,86,69,17,71,73,91,12,
88	3	13	2.458	3,97,16,56,79,40,26,83,39,19,68,48,36,53,22,59,30,45,87,13,
88	3	8	2.742	3,97,79,56,16,55,96,81,85,18,33,70,76,42,93,21,24,34,47,8,
88	3	10	2.608	3,97,55,96,81,85,18,35,57,51,58,61,49,63,80,98,23,38,10,
88	3	14	2.252	3,97,16,56,79,40,26,83,39,19,68,48,36,53,22,59,30,45,87,14,
88	3	11	2.713	3,97,16,56,79,40,90,26,46,82,88,52,28,95,86,69,17,62,64,11,
88	3	7	2.637	3,97,16,56,79,40,90,92,43,89,35,18,85,81,33,76,70,27,44,7,
88	3	9	2.675	3,79,56,40,26,46,82,88,52,28,95,86,69,20,58,61,49,63,80,98,9,
88	4	6	2.356	4,3,97,79,56,16,55,96,81,85,33,76,70,27,44,6,
88	5	6	2.203	5,29,33,85,81,96,55,43,89,35,18,76,70,27,44,6,
88	4	15	2.514	4,78,33,81,96,55,16,56,79,40,90,26,83,39,19,68,48,36,67,15,
88	4	13	2.594	4,96,55,16,56,79,40,26,83,48,36,53,22,59,30,45,99,87,13,
88	4	8	2.692	4,96,81,85,18,35,57,51,72,49,23,98,80,63,84,21,34,47,8,
88	4	9	2.757	4,78,29,70,76,33,85,18,35,57,51,74,58,61,49,72,84,63,80,98,9,
88	4	12	2.787	4,96,55,16,56,79,40,26,46,82,88,52,28,95,86,69,17,71,73,91,12,
88	4	14	2.342	4,96,55,16,56,79,40,26,83,39,68,48,36,53,22,59,30,45,14,
88	4	10	2.729	4,96,81,85,18,35,89,31,86,69,20,58,61,49,63,80,98,23,38,10,
88	4	7	2.623	4,78,29,70,76,33,81,85,18,35,89,31,57,65,93,21,34,24,7,
88	4	11	2.892	4,96,55,16,56,79,40,90,26,46,82,88,52,28,95,86,69,17,62,11,
88	5	8	2.057	5,75,29,70,76,33,85,18,35,57,65,93,21,24,34,47,8,
88	6	8	2.085	6,27,70,76,33,85,18,35,57,65,93,21,24,34,47,8,
88	5	7	2.119	5,75,29,70,76,33,81,85,18,35,57,65,93,21,34,24,7,
88	6	7	2.147	6,27,70,76,33,81,85,18,35,57,65,93,21,34,24,7,
88	5	15	2.386	5,75,29,33,85,81,96,55,16,56,79,40,26,83,39,48,36,67,15,
88	5	9	2.439	5,75,29,70,76,33,81,85,18,35,57,51,58,61,49,23,63,80,98,9,
88	5	10	2.681	5,75,29,70,76,33,81,85,18,35,89,57,65,93,21,60,80,98,23,38,10,
88	5	13	2.758	5,29,33,85,18,35,43,92,90,26,83,48,36,53,22,59,30,45,87,13,
88	5	12	2.763	5,75,29,70,33,85,18,35,89,31,88,52,28,95,86,69,17,71,73,91,66,12,
88	5	14	2.513	5,75,29,33,81,96,55,16,56,79,40,26,83,48,36,53,22,59,30,45,14,
88	5	11	2.68	5,75,29,70,76,33,85,18,35,89,31,86,69,20,58,61,77,41,62,64,11,
88	7	8	2.217	7,24,34,47,21,84,72,49,63,80,23,38,9,98,50,8,
88	6	9	2.047	6,27,44,24,34,21,84,72,49,63,80,98,23,38,9,
88	7	9	2.105	7,24,21,34,47,60,50,80,98,23,63,84,72,49,38,9,
88	6	15	2.417	6,27,70,76,33,81,96,55,16,56,79,40,90,26,83,48,36,67,15,
88	7	10	2.663	7,24,34,47,60,63,80,98,23,38,49,72,51,74,58,61,77,41,10,
88	6	10	2.757	6,27,70,76,33,81,85,18,35,89,31,86,69,20,58,61,49,23,38,10,
88	6	13	2.837	6,27,70,76,33,81,85,18,35,89,31,88,52,37,30,45,99,87,94,13,
88	6	12	2.697	6,27,44,24,34,21,84,63,80,98,23,49,61,77,41,62,64,66,12,
88	6	14	2.568	6,27,70,76,33,81,96,55,92,90,26,83,48,36,53,22,59,30,45,14,
88	7	11	2.352	7,24,34,47,21,84,63,80,98,23,38,49,61,77,41,62,64,11,
88	6	11	2.5	6,44,24,34,21,84,63,80,98,23,38,49,61,77,41,62,64,11,
88	8	9	1.965	8,47,34,24,21,60,50,80,98,23,63,84,72,49,38,9,
88	8	10	1.92	8,47,34,24,21,60,50,80,98,23,63,72,49,38,10,
88	7	15	2.673	7,44,27,70,76,33,81,96,55,16,56,79,40,26,83,48,36,67,15,
88	8	11	1.982	8,47,34,24,21,60,63,80,98,23,38,41,62,64,11,
88	8	15	2.566	8,50,80,63,49,61,58,20,69,95,28,52,88,82,53,48,36,67,15,
88	8	12	2.377	8,47,34,24,21,84,63,80,98,23,38,49,61,77,41,62,64,66,12,
88	8	13	2.635	8,47,34,24,21,84,63,80,98,23,38,41,62,64,66,91,73,94,13,
88	7	12	2.584	7,24,34,47,60,63,80,98,23,38,49,61,77,41,62,64,66,73,91,12,
88	7	13	2.756	7,24,34,21,84,63,80,98,23,38,49,61,58,20,86,69,17,32,94,13,
88	8	14	2.547	8,50,60,63,80,98,23,49,61,58,20,69,95,28,37,30,45,99,87,14,
88	7	14	2.693	7,24,34,21,84,63,80,98,23,49,61,58,20,69,95,28,37,30,45,14,
88	10	12	2.087	10,38,23,98,80,63,84,72,49,61,77,41,62,64,66,12,
88	9	12	2.013	9,98,80,63,23,38,49,61,77,41,62,64,66,73,91,12,
88	10	13	2.383	10,38,23,98,80,63,49,61,58,20,69,86,95,28,32,94,13,
88	9	10	2.081	9,98,23,63,80,50,60,47,34,24,21,84,72,49,38,10,
88	10	14	2.367	10,38,23,98,80,63,49,61,58,20,86,69,17,32,99,30,45,14,
88	9	13	2.487	9,98,80,63,23,38,49,61,58,20,86,69,17,32,99,87,94,13,
88	10	11	2.137	10,38,23,98,80,63,60,84,72,49,61,77,41,62,64,11,
88	10	15	2.512	10,38,23,98,80,63,49,61,58,20,69,86,95,28,52,22,59,15,
88	9	11	2.042	9,50,60,63,80,98,23,38,49,72,61,77,41,62,64,11,
88	9	15	2.435	9,98,80,63,49,61,58,20,86,95,28,52,88,82,53,48,36,67,15,
88	9	14	2.332	9,98,80,63,23,49,61,58,20,69,95,28,37,30,45,99,87,14,
88	11	12	2.477	11,10,38,23,98,80,63,84,72,49,61,77,41,62,64,66,12,
88	12	13	2.493	12,91,73,66,64,62,41,77,61,58,20,86,69,17,32,94,13,
88	14	15	1.823	14,87,99,45,30,59,22,53,36,48,39,19,68,67,15,
88	12	14	2.234	12,91,73,71,17,69,95,28,52,88,82,53,22,59,45,14,
88	13	14	2.365	13,94,32,17,69,86,95,28,52,88,82,53,22,59,45,14,
88	11	13	2.681	11,62,41,38,23,98,80,63,49,61,58,20,69,17,32,94,13,
88	13	15	2.384	13,87,99,45,30,59,22,53,36,48,83,26,39,68,67,15,
88	12	15	2.475	12,66,91,94,87,45,30,59,22,53,36,48,39,19,68,67,15,
88	11	15	2.576	11,64,66,91,73,71,94,87,99,45,30,59,22,53,48,36,67,15,
88	11	14	2.509	11,62,41,77,20,69,86,95,28,52,88,82,53,22,59,30,45,14,
