385	0	1	2.212	0,15,55,89,98,81,82,26,31,23,45,72,83,16,57,59,46,1,
385	0	2	2.293	0,28,46,59,57,16,83,72,31,23,45,35,41,80,49,74,2,
385	0	3	2.341	0,61,28,46,59,57,16,83,17,35,41,80,49,74,33,42,3,
385	0	4	2.608	0,61,28,46,59,57,16,83,17,35,69,85,62,44,65,42,30,94,86,4,
385	0	5	2.582	0,28,46,59,57,16,83,17,35,60,69,85,62,44,56,71,43,19,5,
385	0	6	2.56	0,61,28,46,59,57,16,83,17,35,69,85,40,95,99,32,64,73,21,6,
385	0	7	2.432	0,28,46,59,57,16,83,17,35,69,85,40,95,92,90,88,63,91,96,7,
385	0	8	2.529	0,61,28,46,59,57,16,17,35,60,69,85,40,95,92,90,88,54,58,53,8,
385	0	9	2.46	0,61,28,46,59,57,16,83,72,45,31,23,93,75,50,48,51,66,37,9,
385	0	10	2.265	0,28,46,59,57,16,17,72,45,31,23,93,75,50,47,20,77,18,39,10,
385	0	11	2.051	0,61,28,46,59,57,16,83,72,45,31,23,93,75,50,47,20,77,87,11,
385	0	12	2.077	0,61,28,46,59,57,16,83,17,35,72,45,23,31,26,82,24,97,84,12,
385	0	13	1.777	0,61,28,46,59,57,16,17,35,72,45,23,31,26,82,24,70,13,
385	0	14	1.721	0,28,46,59,57,16,17,72,45,23,31,78,26,82,81,98,27,14,
385	0	15	1.724	0,28,46,59,57,16,83,72,45,23,31,26,78,67,79,55,15,
385	1	2	2.374	1,46,59,57,16,83,72,31,23,45,35,17,41,80,49,74,2,
385	1	3	2.454	1,46,59,57,16,83,72,31,23,45,35,17,41,80,49,74,3,
385	1	4	2.698	1,46,59,57,16,83,72,31,23,45,35,17,41,80,65,42,30,94,86,4,
385	1	5	2.66	1,46,59,57,16,83,72,31,23,45,60,85,62,44,56,71,43,5,
385	1	6	2.605	1,46,59,57,41,69,85,40,95,92,90,88,63,32,64,73,21,6,
385	1	7	2.475	1,46,59,57,16,83,17,35,69,85,40,95,92,90,88,63,91,96,7,
385	1	8	2.636	1,46,59,57,16,83,72,31,23,45,35,69,85,40,95,92,90,88,54,58,8,
385	1	9	2.55	1,46,59,57,16,17,35,72,45,31,23,93,75,50,48,51,66,37,9,
385	1	10	2.347	1,46,59,57,16,83,72,45,31,23,93,75,50,47,20,87,77,18,39,10,
385	1	11	2.38	1,61,28,46,59,57,16,83,17,35,72,45,31,23,93,75,50,47,20,77,87,11,
385	1	12	2.321	1,61,28,46,59,57,16,83,17,35,72,45,23,31,78,26,82,24,97,84,12,
385	1	13	2.056	1,61,28,46,59,57,16,17,35,72,45,23,31,78,26,82,81,70,13,
385	1	14	2.027	1,46,59,57,16,17,35,72,45,23,31,78,26,82,81,98,89,27,14,
385	1	15	1.821	1,46,59,57,16,83,72,45,23,31,26,82,81,98,89,55,15,
385	2	3	2.612	2,74,33,65,44,62,99,32,64,73,21,76,71,86,94,3,
385	2	4	2.392	2,74,49,33,42,30,94,86,56,38,73,21,76,43,71,4,
385	2	5	2.167	2,74,49,33,42,30,94,86,56,38,73,21,76,71,43,5,
385	2	6	2.494	2,74,33,42,30,94,86,71,43,19,76,38,21,73,32,64,34,6,
385	2	7	2.436	2,74,49,33,42,30,94,86,71,43,76,38,73,21,64,34,91,96,7,
385	2	8	2.472	2,74,49,33,65,44,56,38,21,73,64,32,63,88,54,58,53,8,
385	2	9	2.58	2,74,49,33,65,44,56,38,21,73,64,32,63,88,54,58,53,22,9,
385	2	10	2.604	2,74,49,59,57,16,83,72,45,31,23,93,75,50,47,20,77,18,39,10,
385	2	11	2.455	2,74,49,59,57,16,17,35,72,45,31,23,93,75,50,47,20,77,87,11,
385	2	12	2.522	2,74,49,46,59,57,16,83,17,35,72,45,23,31,78,26,82,24,97,84,12,
385	2	13	2.421	2,74,49,59,57,16,83,17,72,45,23,31,78,26,82,24,97,84,70,13,
385	2	14	2.113	2,74,49,59,57,16,17,35,45,23,31,78,26,82,81,98,27,14,
385	2	15	2.081	2,74,49,80,41,17,35,45,23,31,26,82,81,98,89,15,
385	3	4	2.518	3,30,94,86,42,33,74,49,65,44,56,38,76,43,71,4,
385	3	5	2.246	3,30,86,56,44,62,99,32,64,73,21,38,76,43,19,5,
385	3	6	2.481	3,30,94,86,71,76,21,73,64,32,63,88,54,58,96,91,34,6,
385	3	7	2.41	3,30,94,86,71,43,19,76,21,73,64,32,63,88,54,58,91,96,7,
385	3	8	2.396	3,30,94,86,71,43,19,76,38,21,73,64,32,63,88,54,58,53,8,
385	3	9	2.504	3,30,94,86,71,43,19,76,38,21,73,64,32,63,88,54,58,53,22,9,
385	3	10	2.628	3,30,94,86,71,76,38,21,73,64,32,63,88,54,58,53,22,37,36,10,
385	3	11	2.471	3,74,49,59,57,16,17,72,45,31,23,93,75,50,47,20,77,87,11,
385	3	12	2.602	3,74,49,46,59,57,16,83,17,35,72,45,23,31,78,26,82,24,97,84,12,
385	3	13	2.566	3,74,49,46,59,57,16,83,72,45,23,31,78,26,81,82,24,97,84,70,13,
385	3	14	2.222	3,74,49,59,57,16,17,35,72,45,23,31,78,26,82,81,98,27,14,
385	3	15	2.266	3,74,49,59,57,16,83,72,45,23,31,78,26,82,81,98,89,55,15,
385	4	5	2.154	4,86,94,30,42,33,74,49,65,44,62,56,71,43,19,5,
385	4	6	2.163	4,71,76,21,73,64,32,63,88,54,58,96,91,34,6,
385	4	7	2.205	4,94,30,86,71,76,38,21,73,64,32,63,88,54,58,96,91,7,
385	4	8	2.341	4,94,30,86,71,43,19,76,38,21,73,64,32,63,88,54,58,53,8,
385	4	9	2.449	4,94,30,86,71,43,19,76,38,21,73,64,32,63,88,54,58,53,22,9,
385	4	10	2.503	4,94,30,86,71,76,21,73,64,32,63,88,54,58,53,22,37,36,10,
385	4	11	2.553	4,71,76,38,21,73,64,32,63,88,90,92,51,66,68,39,18,77,87,11,
385	4	12	2.626	4,86,94,30,42,33,49,59,57,16,83,72,45,23,31,26,82,24,97,84,12,
385	4	13	2.431	4,86,94,30,42,33,49,59,57,16,83,72,45,23,31,78,26,82,24,70,13,
385	4	14	2.321	4,86,94,30,42,33,49,59,57,16,83,72,45,23,31,26,81,98,27,14,
385	4	15	2.444	4,86,94,30,42,33,49,59,57,16,83,72,45,23,31,26,78,67,79,55,15,
385	5	6	1.936	5,43,76,21,73,64,32,63,88,54,58,96,91,34,6,
385	5	7	1.757	5,43,71,76,21,73,64,32,63,88,54,58,96,91,7,
385	5	8	1.774	5,19,43,71,38,21,73,64,32,63,88,54,58,53,8,
385	5	9	2.314	5,19,43,71,76,38,21,73,64,32,99,95,92,90,88,54,58,53,22,9,
385	5	10	2.266	5,19,43,71,76,38,21,73,64,32,63,88,54,58,53,22,37,36,10,
385	5	11	2.368	5,43,71,76,21,73,64,32,63,88,90,92,51,66,68,39,18,77,87,11,
385	5	12	2.55	5,43,76,38,21,73,64,32,63,88,90,92,51,66,68,77,87,20,29,12,
385	5	13	2.432	5,43,71,56,44,62,80,41,17,35,72,45,23,31,78,26,82,24,70,13,
385	5	14	2.36	5,43,71,56,44,62,80,41,17,72,45,23,31,78,26,82,81,98,27,14,
385	5	15	2.422	5,43,71,56,44,62,80,41,17,35,45,23,31,26,82,81,98,89,15,
385	6	7	1.998	6,19,43,76,38,21,73,64,32,63,88,54,58,91,96,7,
385	6	8	1.987	6,19,43,71,38,21,73,64,32,63,88,54,58,53,8,
385	6	9	1.993	6,21,73,64,32,63,58,54,88,90,92,51,66,37,9,
385	6	10	2.464	6,34,21,73,64,32,63,58,54,88,90,95,92,51,66,68,18,39,10,
385	6	11	2.35	6,21,73,64,32,63,88,54,58,53,22,37,36,39,18,77,20,87,11,
385	6	12	2.565	6,21,73,64,32,63,88,90,92,95,40,50,75,93,52,25,97,84,12,
385	6	13	2.531	6,21,73,64,32,63,88,90,92,95,40,85,69,35,72,45,23,31,24,70,13,
385	6	14	2.413	6,21,73,64,63,88,90,92,95,40,60,45,23,31,82,81,98,27,14,
385	6	15	2.459	6,21,73,64,63,88,90,92,95,40,60,45,23,31,78,67,79,55,15,
385	7	8	1.858	7,96,91,34,21,73,64,32,63,88,90,54,58,53,8,
385	7	9	1.795	7,96,91,34,21,73,64,32,63,88,54,58,53,22,9,
385	7	10	2.14	7,96,91,34,21,73,64,32,63,88,54,58,53,22,37,36,10,
385	7	11	2.184	7,91,96,58,54,88,90,92,95,40,75,93,50,47,20,77,87,11,
385	7	12	2.436	7,91,96,58,54,88,90,95,92,51,66,48,50,75,93,52,97,84,12,
385	7	13	2.377	7,96,91,63,88,90,92,95,40,60,45,23,31,78,26,81,82,24,70,13,
385	7	14	2.371	7,91,63,88,90,92,95,40,85,69,35,45,23,31,78,26,82,81,98,27,14,
385	7	15	2.481	7,96,91,63,88,90,92,95,40,85,69,35,45,23,31,26,82,81,98,89,55,15,
385	8	9	1.978	8,96,91,34,21,73,64,32,63,88,54,58,53,22,9,
385	8	10	2.252	8,58,54,88,90,92,95,40,75,93,50,47,20,77,18,39,10,
385	8	11	2.253	8,53,54,88,90,92,95,40,85,69,60,75,93,50,47,20,87,11,
385	8	12	2.386	8,53,58,54,88,90,92,95,40,85,69,60,93,75,50,47,29,12,
385	8	13	2.269	8,58,54,88,90,92,95,40,85,69,35,72,45,23,31,82,24,70,13,
385	8	14	2.294	8,58,54,88,90,92,95,40,85,69,35,72,45,23,31,26,82,81,98,27,14,
385	8	15	2.42	8,58,54,88,90,92,95,40,85,69,35,72,45,23,31,26,82,81,98,89,55,15,
385	9	10	2.075	9,22,53,58,54,63,88,90,95,92,51,66,68,18,39,10,
385	9	11	2.133	9,22,53,58,54,88,90,95,92,51,66,68,39,18,77,20,87,11,
385	9	12	2.341	9,22,53,58,54,88,90,92,51,66,48,50,75,93,52,97,84,12,
385	9	13	2.193	9,22,66,51,48,50,75,93,23,45,31,78,26,81,82,24,70,13,
385	9	14	2.152	9,37,66,51,48,50,75,93,23,45,31,78,26,82,81,98,27,14,
385	9	15	2.278	9,37,66,51,48,50,75,93,23,45,31,78,26,82,81,98,89,55,15,
385	10	11	2.115	10,39,18,77,20,47,50,75,93,52,25,97,84,29,87,11,
385	10	12	1.996	10,39,18,77,87,20,47,50,75,93,52,25,97,84,29,12,
385	10	13	1.835	10,39,18,77,87,20,47,50,75,93,52,25,97,84,70,13,
385	10	14	1.974	10,39,18,77,20,47,50,75,93,23,45,31,78,26,82,81,98,27,14,
385	10	15	2.106	10,39,18,77,87,20,47,50,75,93,23,45,31,26,82,81,98,89,55,15,
385	11	12	1.883	11,87,20,47,50,75,93,23,45,31,26,82,24,97,84,12,
385	11	13	1.688	11,87,20,47,50,75,93,23,45,31,78,26,82,24,70,13,
385	11	14	1.692	11,87,77,20,47,50,75,93,23,45,31,26,82,81,98,27,14,
385	11	15	1.91	11,87,20,47,50,75,93,60,45,23,31,78,26,82,81,98,89,55,15,
385	12	13	1.829	12,29,47,50,75,93,60,45,23,31,26,82,24,70,13,
385	12	14	1.745	12,84,25,50,75,93,23,45,31,26,82,81,98,27,14,
385	12	15	1.998	12,29,47,50,75,93,60,45,23,31,78,26,82,81,98,89,55,15,
385	13	14	1.671	13,70,24,31,23,45,35,17,72,78,26,82,81,98,27,14,
385	13	15	1.65	13,70,24,82,26,78,31,23,45,72,17,16,83,67,79,55,15,
385	14	15	1.574	14,27,98,81,82,26,31,23,45,35,17,83,67,79,55,15,
