128	0	1	2.168	0,45,38,74,78,67,96,32,39,43,33,91,92,48,51,1,
128	0	2	2.037	0,45,38,33,43,39,79,44,89,87,95,27,28,98,93,2,
128	0	3	2.274	0,45,38,33,43,39,79,44,89,87,95,27,41,28,98,36,3,
128	0	4	2.395	0,45,48,92,33,43,39,79,44,89,87,18,24,82,69,59,55,4,
128	0	5	2.608	0,45,38,33,43,39,79,44,89,87,95,64,37,18,24,82,55,59,69,5,
128	0	6	2.606	0,45,38,33,43,39,79,44,89,87,18,24,72,94,49,58,52,60,6,
128	0	7	2.757	0,45,38,33,43,39,79,44,89,21,19,53,47,88,75,66,86,17,54,7,
128	0	8	2.702	0,45,38,33,43,39,79,44,89,21,19,53,47,88,75,66,86,17,8,
128	0	9	2.549	0,45,33,43,39,79,44,89,21,19,53,47,88,68,80,23,62,76,42,9,
128	0	10	2.47	0,38,33,43,39,79,44,89,21,19,53,47,88,68,80,23,62,76,10,
128	0	11	2.64	0,45,33,43,39,79,44,89,21,19,53,47,88,68,80,23,90,11,
128	0	12	2.61	0,45,33,43,39,79,44,89,21,19,53,85,71,61,20,81,12,
128	0	13	2.513	0,45,48,92,91,33,38,74,78,46,67,25,77,16,83,26,13,
128	0	14	2.561	0,45,48,92,33,43,39,79,44,89,21,35,32,96,25,14,
128	0	15	2.228	0,45,48,92,91,33,43,39,32,96,67,78,74,73,46,15,
128	1	2	1.989	1,51,48,92,33,43,39,44,79,95,27,41,28,98,30,93,2,
128	1	3	2.184	1,51,48,92,33,43,39,79,44,89,87,95,27,28,98,36,3,
128	1	4	2.199	1,51,48,92,91,41,98,28,27,95,64,37,18,24,82,69,59,55,4,
128	1	5	2.424	1,51,48,92,33,43,39,79,44,89,87,95,64,37,18,24,82,59,69,5,
128	1	6	2.479	1,51,48,92,91,41,28,27,95,64,37,18,24,72,94,49,31,58,52,60,6,
128	1	7	2.592	1,51,48,92,91,33,43,39,79,44,89,21,19,50,57,34,86,17,54,7,
128	1	8	2.624	1,51,48,92,91,79,44,89,21,19,53,47,88,68,80,23,62,42,70,8,
128	1	9	2.514	1,51,48,92,33,43,39,79,44,89,21,19,53,47,88,68,80,23,62,42,9,
128	1	10	2.461	1,51,48,92,91,79,44,89,21,19,50,57,47,88,68,80,23,62,76,10,
128	1	11	2.633	1,51,48,92,91,79,44,89,21,19,53,47,88,68,80,23,62,90,56,11,
128	1	12	2.835	1,51,48,92,91,79,44,89,21,19,53,88,68,80,23,62,90,56,65,12,
128	1	13	2.81	1,51,48,92,91,41,27,95,64,87,89,44,79,39,43,32,96,25,26,13,
128	1	14	2.627	1,51,48,92,91,41,98,28,27,95,87,89,44,79,39,43,96,25,14,
128	1	15	2.213	1,51,30,93,36,98,28,41,91,92,48,45,38,74,78,46,15,
128	2	3	1.957	2,93,30,98,28,41,95,64,37,24,82,69,59,55,97,22,3,
128	2	4	1.807	2,93,30,98,28,41,27,95,64,37,18,24,82,69,59,55,4,
128	2	5	2.286	2,93,36,98,28,41,27,37,64,95,79,44,89,87,18,24,82,59,69,5,
128	2	6	2.497	2,93,30,98,28,41,27,95,79,44,89,21,19,50,57,40,49,58,52,60,6,
128	2	7	2.448	2,93,30,98,28,41,95,64,37,18,24,72,94,49,31,58,34,86,17,54,7,
128	2	8	2.49	2,93,30,98,28,41,27,95,64,37,18,24,72,94,49,31,58,52,63,86,17,8,
128	2	9	2.494	2,93,30,98,28,27,41,79,44,89,21,19,53,47,88,68,80,23,62,76,42,9,
128	2	10	2.349	2,93,30,98,28,27,95,79,44,89,21,19,53,47,88,68,80,23,62,76,10,
128	2	11	2.525	2,93,30,98,28,41,79,44,89,21,19,53,47,88,68,80,23,62,90,11,
128	2	12	2.744	2,93,30,98,28,41,79,44,89,21,19,53,88,68,80,23,90,56,65,12,
128	2	13	2.635	2,93,30,98,28,41,27,95,64,37,18,87,89,44,79,39,43,96,25,26,13,
128	2	14	2.468	2,30,98,28,41,27,95,87,89,44,79,39,43,33,38,74,78,67,14,
128	2	15	2.011	2,93,30,98,28,27,95,79,44,39,43,33,38,74,78,46,15,
128	3	4	2.095	3,36,93,30,98,28,41,95,64,37,18,24,82,69,59,55,4,
128	3	5	2.009	3,36,93,30,98,28,41,27,95,64,37,18,24,82,59,69,5,
128	3	6	2.486	3,36,98,28,41,27,37,64,95,87,18,24,72,94,49,31,58,52,60,6,
128	3	7	2.408	3,22,97,55,59,69,29,99,72,94,49,31,58,52,63,86,17,54,7,
128	3	8	2.665	3,22,37,64,95,79,44,89,21,19,53,47,88,68,80,23,62,42,70,8,
128	3	9	2.456	3,36,98,28,41,95,79,44,89,21,19,53,47,88,68,80,23,62,42,9,
128	3	10	2.612	3,36,98,28,27,37,64,95,79,44,89,21,19,53,47,88,68,80,23,62,76,10,
128	3	11	2.702	3,36,98,28,41,79,44,89,21,19,53,47,88,68,80,23,62,90,56,11,
128	3	12	2.89	3,22,37,64,95,79,44,89,21,19,53,47,88,68,80,23,90,56,65,12,
128	3	13	2.741	3,22,97,55,59,69,82,24,18,87,89,44,79,39,43,96,25,26,13,
128	3	14	2.603	3,36,98,28,41,27,95,87,89,44,79,39,43,33,38,74,78,67,14,
128	3	15	2.447	3,36,98,28,41,27,95,64,87,89,44,79,39,43,33,38,74,78,46,15,
128	4	5	2.22	4,59,69,82,24,18,87,79,44,89,40,94,99,29,5,
128	4	6	2.32	4,55,59,69,82,24,18,87,79,44,89,40,49,58,52,60,6,
128	4	7	2.139	4,55,59,69,29,99,72,94,49,31,58,52,63,86,17,54,7,
128	4	8	2.49	4,59,69,82,72,94,49,31,57,47,88,68,80,23,62,42,70,8,
128	4	9	2.345	4,55,24,18,87,79,44,89,21,19,53,47,88,68,80,23,62,42,9,
128	4	10	2.524	4,55,59,69,29,99,94,58,31,49,40,57,47,88,68,80,23,62,76,10,
128	4	11	2.631	4,59,82,72,94,49,31,57,47,88,68,80,23,62,90,20,81,65,56,11,
128	4	12	2.811	4,59,69,82,72,94,58,31,57,47,88,68,80,23,62,90,56,65,12,
128	4	13	2.84	4,55,59,82,24,18,87,89,44,79,39,43,33,38,74,78,67,25,26,13,
128	4	14	2.699	4,59,69,82,72,24,18,87,89,44,79,39,43,33,38,74,78,67,14,
128	4	15	2.388	4,55,59,69,82,24,18,87,89,44,79,39,43,33,38,74,78,46,15,
128	5	6	2.117	5,29,69,59,55,24,18,72,94,49,31,58,52,60,6,
128	5	7	1.969	5,29,69,59,82,72,94,49,31,58,34,86,17,54,7,
128	5	8	2.382	5,29,99,94,49,31,57,47,88,68,23,62,80,75,66,86,17,8,
128	5	9	2.172	5,29,99,94,49,31,57,50,19,53,47,88,68,80,23,62,42,9,
128	5	10	2.423	5,29,99,94,58,31,49,40,57,50,19,53,47,88,68,80,23,62,76,10,
128	5	11	2.573	5,29,99,94,58,31,57,47,88,68,80,23,62,76,90,20,81,65,56,11,
128	5	12	2.779	5,29,99,94,49,31,57,47,88,68,80,23,62,76,90,20,81,65,56,12,
128	5	13	2.786	5,69,59,82,24,18,87,89,44,79,39,43,33,38,74,78,67,25,26,13,
128	5	14	2.754	5,69,59,82,24,18,37,64,95,87,89,44,79,39,43,33,38,74,78,67,14,
128	5	15	2.686	5,29,69,59,82,24,18,37,64,87,89,44,79,39,43,33,38,74,78,46,15,
128	6	7	2.107	6,29,69,59,82,72,94,49,31,58,34,86,17,54,7,
128	6	8	2.06	6,60,52,58,31,57,47,88,68,80,23,62,42,70,8,
128	6	9	1.962	6,60,52,58,31,57,47,88,68,80,23,62,42,70,9,
128	6	10	2.352	6,60,52,58,31,49,40,50,19,53,47,88,68,80,23,62,76,90,10,
128	6	11	2.468	6,60,52,58,31,49,40,57,47,88,68,80,23,62,76,90,20,56,11,
128	6	12	2.623	6,60,52,58,31,49,40,57,47,88,68,80,23,62,90,20,81,65,12,
128	6	13	2.911	6,60,52,58,31,49,40,57,47,88,68,80,23,62,76,90,20,81,83,13,
128	6	14	2.767	6,60,52,58,31,57,50,19,21,89,44,79,39,43,33,38,74,78,67,14,
128	6	15	2.628	6,60,52,58,49,31,57,50,19,21,89,44,79,39,43,33,38,74,78,46,15,
128	7	8	2.031	7,54,17,86,34,47,88,68,80,23,62,76,42,70,8,
128	7	9	1.724	7,54,17,86,66,75,47,88,68,80,23,62,76,42,9,
128	7	10	2.092	7,54,17,86,63,34,66,75,47,88,68,80,23,62,76,90,10,
128	7	11	2.282	7,54,17,86,66,75,47,88,68,80,23,62,76,90,20,81,65,56,11,
128	7	12	2.471	7,54,17,86,63,34,47,88,68,80,23,62,90,20,81,65,56,12,
128	7	13	2.65	7,54,17,86,66,75,80,68,23,62,76,90,20,61,71,85,84,16,83,13,
128	7	14	2.832	7,54,17,86,34,57,50,19,21,89,44,79,39,43,33,38,74,78,67,14,
128	7	15	2.707	7,54,17,86,63,34,57,50,19,21,89,44,79,39,43,33,38,74,78,46,15,
128	8	9	1.87	8,17,86,66,75,47,88,68,80,23,62,90,76,42,9,
128	8	10	2.128	8,17,86,54,63,34,66,75,47,88,68,80,23,62,76,90,10,
128	8	11	2.079	8,17,86,34,47,88,68,80,23,62,90,20,81,65,56,11,
128	8	12	2.43	8,17,86,63,34,47,88,68,80,23,62,76,90,20,56,65,12,
128	8	13	2.595	8,17,86,66,75,80,68,23,62,76,90,20,61,71,85,84,16,83,13,
128	8	14	2.737	8,17,86,66,75,80,62,23,68,88,47,53,19,35,32,96,25,14,
128	8	15	2.652	8,17,86,63,34,57,50,19,21,89,44,79,39,43,33,38,74,78,46,15,
128	9	10	1.949	9,42,62,23,68,80,75,47,88,85,84,61,20,90,10,
128	9	11	1.815	9,42,62,23,80,68,88,71,85,84,61,20,81,65,56,11,
128	9	12	2.363	9,42,62,23,68,80,75,47,88,71,85,84,61,20,81,65,56,12,
128	9	13	2.572	9,42,76,62,23,80,68,88,47,53,19,21,35,32,96,25,26,13,
128	9	14	2.548	9,42,80,23,68,88,47,53,19,21,89,44,79,39,43,96,25,14,
128	9	15	2.454	9,42,62,23,80,68,88,53,19,21,89,44,79,39,43,33,38,73,15,
128	10	11	1.911	10,76,62,23,68,80,75,47,88,71,85,84,81,65,56,11,
128	10	12	2.154	10,76,62,23,68,80,75,47,88,71,85,84,81,65,56,12,
128	10	13	2.268	10,76,62,23,80,68,88,47,53,19,35,32,77,26,13,
128	10	14	2.224	10,76,62,23,80,68,88,47,53,19,35,32,96,25,14,
128	10	15	2.392	10,76,62,23,80,68,88,47,53,19,35,39,43,33,74,78,46,15,
128	11	12	2.289	11,56,20,90,76,62,80,23,68,88,71,85,84,81,65,12,
128	11	13	2.428	11,56,20,90,62,23,80,68,88,71,85,84,16,83,26,13,
128	11	14	2.48	11,56,20,90,62,23,80,68,88,71,85,84,16,77,25,14,
128	11	15	2.593	11,56,65,81,84,71,85,53,19,21,89,44,79,39,43,33,38,73,15,
128	12	13	2.553	12,65,56,20,90,62,23,80,68,88,71,85,84,16,26,13,
128	12	14	2.655	12,65,56,90,62,23,80,68,88,71,85,84,16,77,25,14,
128	12	15	2.449	12,83,16,77,32,39,43,33,92,48,45,38,74,78,46,15,
128	13	14	2.574	13,26,25,96,43,39,91,92,48,45,38,74,78,46,67,14,
128	13	15	2.416	13,26,83,16,77,32,39,43,33,38,74,78,67,46,73,15,
128	14	15	2.456	14,25,96,32,35,21,89,44,79,39,43,33,38,73,15,
