28	0	1	2.054	0,66,53,34,89,79,91,64,40,84,54,51,73,59,72,1,
28	0	2	2.235	0,66,72,59,73,74,46,80,35,18,26,95,30,42,2,
28	0	3	1.956	0,66,72,59,73,74,46,80,35,18,26,30,95,76,3,
28	0	4	2.296	0,66,53,34,79,91,64,40,84,54,51,74,46,80,35,26,30,76,95,4,
28	0	5	2.456	0,66,53,34,79,91,64,40,84,54,51,74,46,35,80,60,25,24,88,97,71,81,5,
28	0	6	2.376	0,66,72,59,73,74,46,35,80,60,25,24,88,97,69,71,81,62,6,
28	0	7	2.528	0,66,53,34,58,16,79,91,64,40,84,54,98,92,29,85,65,67,17,7,
28	0	8	2.577	0,66,53,34,79,91,64,40,84,54,98,92,70,49,56,96,38,31,47,82,8,
28	0	9	2.364	0,66,53,34,79,37,32,43,45,27,36,86,22,57,94,78,20,19,44,9,
28	0	10	2.223	0,66,53,34,79,91,64,40,23,32,43,45,27,36,86,22,57,94,78,20,10,
28	0	11	2.164	0,66,53,34,16,79,91,64,40,23,32,43,45,27,36,86,22,39,28,11,
28	0	12	2.138	0,66,53,34,79,91,64,40,23,32,43,45,27,36,86,22,57,39,28,12,
28	0	13	2.101	0,66,53,34,79,91,64,40,84,54,23,32,43,45,27,86,36,55,87,13,
28	0	14	2.045	0,66,53,34,79,91,37,32,43,45,27,86,36,55,90,14,
28	0	15	2.095	0,66,33,53,34,89,61,84,40,64,91,37,79,16,58,15,
28	1	2	2.28	1,59,73,74,46,35,80,60,25,24,88,97,95,30,42,2,
28	1	3	2.062	1,72,59,73,74,46,35,80,60,25,24,88,97,95,76,3,
28	1	4	1.991	1,72,59,73,74,46,35,80,60,25,24,88,97,71,69,4,
28	1	5	2.265	1,72,59,73,74,46,18,26,35,80,60,25,24,88,97,69,71,81,5,
28	1	6	2.543	1,72,59,73,74,46,18,26,35,80,60,25,24,88,97,71,81,62,6,
28	1	7	2.512	1,72,59,73,74,46,18,26,35,80,60,25,24,29,85,65,67,17,7,
28	1	8	2.485	1,72,59,73,74,46,35,80,60,25,24,29,85,65,67,83,31,47,82,8,
28	1	9	2.567	1,72,33,89,79,37,32,43,45,27,36,86,22,57,94,78,20,19,44,9,
28	1	10	2.334	1,59,61,91,64,40,23,32,43,45,27,36,86,22,57,94,78,20,10,
28	1	11	2.351	1,59,73,51,54,84,40,64,91,37,32,43,45,27,36,86,22,39,28,11,
28	1	12	2.326	1,59,73,61,91,64,40,23,32,43,45,27,36,86,22,57,39,28,12,
28	1	13	2.328	1,72,59,73,61,91,64,40,84,54,23,32,43,45,27,86,36,87,13,
28	1	14	2.276	1,59,73,61,91,64,40,23,32,43,45,27,86,36,55,90,14,
28	1	15	2.355	1,72,59,73,51,54,84,40,64,91,37,79,16,58,34,53,15,
28	2	3	2.096	2,42,30,26,18,74,46,35,80,60,25,88,97,95,76,3,
28	2	4	2.025	2,42,30,26,18,74,46,35,80,60,25,88,97,71,69,4,
28	2	5	2.2	2,42,30,26,18,74,46,35,80,60,25,24,88,97,69,71,81,62,5,
28	2	6	2.482	2,42,30,26,18,74,46,35,80,77,60,25,24,88,97,69,71,62,6,
28	2	7	2.369	2,42,30,26,18,74,46,35,80,60,25,24,29,85,65,67,83,17,7,
28	2	8	2.416	2,42,30,26,18,46,35,80,60,25,24,29,85,65,67,83,31,47,82,8,
28	2	9	2.656	2,93,74,46,35,80,60,25,24,29,85,65,67,83,47,31,38,96,44,9,
28	2	10	2.53	2,48,73,61,91,64,40,23,32,43,45,27,86,22,57,94,78,20,10,
28	2	11	2.514	2,48,73,61,91,64,40,23,32,43,45,27,36,86,22,57,94,20,78,50,11,
28	2	12	2.533	2,93,74,46,35,80,77,98,54,84,40,64,23,32,43,45,27,86,36,12,
28	2	13	2.477	2,48,59,73,51,54,84,40,64,91,37,32,43,45,27,86,36,55,87,13,
28	2	14	2.416	2,42,30,26,18,35,80,46,74,51,54,84,40,64,91,79,16,58,14,
28	2	15	2.353	2,42,30,26,18,35,80,46,74,51,84,40,64,91,79,16,58,15,
28	3	4	1.774	3,76,30,26,18,74,46,35,80,60,25,24,88,71,69,4,
28	3	5	1.641	3,30,26,18,74,46,35,80,60,25,24,88,97,71,81,5,
28	3	6	1.984	3,76,30,26,18,74,46,35,80,60,25,24,88,97,71,62,6,
28	3	7	1.94	3,76,30,26,18,46,80,35,60,25,24,29,85,65,67,17,7,
28	3	8	2.255	3,76,30,26,18,74,46,35,80,60,25,24,29,85,65,67,83,47,82,8,
28	3	9	2.51	3,30,26,18,46,35,80,60,25,24,29,65,85,99,70,49,56,44,9,
28	3	10	2.573	3,30,26,18,74,51,84,23,32,43,45,27,36,86,22,57,94,78,20,10,
28	3	11	2.49	3,30,26,18,46,74,51,54,84,23,32,43,45,27,36,86,22,57,39,28,11,
28	3	12	2.478	3,30,26,18,35,46,74,51,54,84,40,64,91,37,32,43,45,27,36,86,12,
28	3	13	2.336	3,30,26,18,46,74,51,54,84,40,23,32,43,45,27,86,36,87,13,
28	3	14	2.268	3,76,30,26,18,35,80,46,74,51,54,84,40,64,91,79,16,58,52,14,
28	3	15	2.187	3,76,30,26,18,35,80,46,74,51,54,84,40,64,91,79,16,58,15,
28	4	5	1.638	4,95,76,30,26,18,46,35,80,60,25,88,97,71,81,5,
28	4	6	1.96	4,95,76,30,26,18,74,46,35,80,60,25,24,88,71,62,6,
28	4	7	1.914	4,95,76,30,26,18,35,80,60,25,24,29,85,65,67,17,7,
28	4	8	2.058	4,95,76,30,26,35,80,60,25,24,29,85,65,67,83,47,8,
28	4	9	2.488	4,95,76,30,26,18,46,35,80,60,25,24,29,85,65,67,83,47,82,9,
28	4	10	2.582	4,95,76,30,26,18,46,35,80,60,25,24,29,85,99,70,49,56,19,10,
28	4	11	2.459	4,95,76,30,26,18,74,51,84,23,32,43,45,27,36,86,22,39,28,11,
28	4	12	2.433	4,95,76,30,26,18,74,51,54,84,40,64,91,37,32,43,45,27,36,86,12,
28	4	13	2.462	4,95,76,30,26,18,74,51,54,84,40,64,23,32,43,45,27,86,36,87,13,
28	4	14	2.318	4,95,76,30,26,18,35,80,46,74,51,54,84,40,64,91,79,16,58,52,14,
28	4	15	2.277	4,95,76,30,26,18,46,35,80,77,98,54,84,40,64,91,79,16,58,15,
28	5	6	2.073	5,81,71,69,97,88,25,24,60,29,85,65,67,83,17,6,
28	5	7	1.853	5,81,71,69,97,88,25,24,60,29,85,65,67,83,17,7,
28	5	8	1.918	5,81,71,97,88,24,25,60,29,85,65,67,83,31,47,82,8,
28	5	9	2.146	5,81,71,69,97,88,25,24,60,29,99,70,49,56,44,9,
28	5	10	2.545	5,81,71,88,24,25,60,29,85,65,67,83,47,31,38,96,56,19,10,
28	5	11	2.407	5,81,71,88,24,25,60,77,98,23,32,43,45,27,36,86,22,39,28,11,
28	5	12	2.436	5,81,71,88,24,25,60,77,98,54,84,40,64,91,37,32,43,45,27,86,12,
28	5	13	2.416	5,81,71,88,24,25,60,80,35,46,74,51,54,84,40,64,91,37,63,55,87,13,
28	5	14	2.41	5,81,71,97,88,24,25,60,80,35,46,74,51,54,84,40,64,91,79,16,58,52,14,
28	5	15	2.329	5,81,71,97,88,24,25,60,80,35,46,74,51,54,84,40,64,91,79,16,58,15,
28	6	7	2.053	6,62,81,71,69,97,88,25,24,60,29,85,65,67,17,7,
28	6	8	2.057	6,17,83,67,65,85,99,70,49,56,96,38,31,47,82,8,
28	6	9	2.19	6,17,67,65,83,47,31,96,38,49,70,56,19,44,9,
28	6	10	2.584	6,17,67,65,85,99,70,49,56,96,44,19,20,78,94,50,10,
28	6	11	2.593	6,17,67,65,85,99,70,49,56,19,20,78,94,57,22,39,28,50,11,
28	6	12	2.651	6,17,67,65,85,99,70,49,56,19,20,78,94,57,22,86,27,36,12,
28	6	13	2.455	6,67,65,85,99,70,68,20,78,94,57,22,86,36,27,55,87,13,
28	6	14	2.509	6,62,71,97,88,25,24,60,77,98,54,84,40,64,91,79,16,58,52,14,
28	6	15	2.475	6,62,88,24,25,60,80,35,46,74,51,54,84,40,64,91,79,16,58,15,
28	7	8	1.837	7,17,83,67,65,85,99,70,49,56,96,38,31,47,82,8,
28	7	9	1.97	7,17,67,65,83,47,31,96,38,49,70,56,19,44,9,
28	7	10	2.292	7,17,67,65,85,99,70,49,38,96,44,19,20,78,94,50,10,
28	7	11	2.108	7,17,67,65,85,99,70,49,38,96,44,19,20,78,94,50,11,
28	7	12	2.303	7,17,67,65,85,99,70,49,56,19,20,78,94,57,22,39,28,12,
28	7	13	2.407	7,17,67,65,85,99,70,68,20,78,94,57,22,86,36,27,45,55,87,13,
28	7	14	2.492	7,17,67,65,85,29,77,98,54,84,40,64,91,79,34,16,58,52,14,
28	7	15	2.545	7,17,67,65,85,29,24,25,60,77,98,54,84,40,64,91,79,34,53,15,
28	8	9	1.975	8,82,47,31,83,67,65,85,99,70,49,38,96,56,44,9,
28	8	10	2.035	8,82,47,83,67,65,85,99,70,49,56,96,44,19,10,
28	8	11	1.879	8,82,47,31,38,49,56,19,20,78,94,57,22,39,28,11,
28	8	12	1.947	8,82,47,31,38,49,56,19,20,78,94,57,22,39,28,12,
28	8	13	2.311	8,82,31,96,38,49,70,56,19,20,78,94,57,22,86,36,27,55,87,13,
28	8	14	2.433	8,82,47,31,96,38,49,56,19,20,78,94,57,22,86,36,27,55,90,14,
28	8	15	2.635	8,82,47,31,38,96,44,19,20,78,94,57,22,86,36,27,45,63,16,58,15,
28	9	10	2.156	9,44,96,38,49,70,56,19,20,78,94,39,28,50,10,
28	9	11	1.922	9,44,96,38,49,56,19,20,78,94,57,22,39,28,11,
28	9	12	1.99	9,44,96,38,49,56,19,20,78,94,57,22,39,28,12,
28	9	13	2.267	9,44,19,20,78,94,39,57,22,86,36,27,45,43,32,37,63,55,87,13,
28	9	14	2.329	9,44,19,20,78,94,57,22,21,75,86,36,27,45,43,32,37,63,90,14,
28	9	15	2.356	9,44,19,20,78,94,57,22,86,36,27,45,43,32,23,64,91,79,16,58,15,
28	10	11	1.928	10,19,20,78,94,39,22,21,75,45,27,36,86,28,50,11,
28	10	12	1.997	10,19,20,78,94,57,22,21,75,86,36,27,45,55,87,12,
28	10	13	1.74	10,19,20,78,94,57,22,21,75,86,36,27,45,55,87,13,
28	10	14	2.142	10,20,78,94,57,22,86,36,27,45,43,32,23,40,64,91,79,16,58,14,
28	10	15	2.096	10,20,78,94,57,22,86,36,27,45,43,32,23,40,64,91,79,16,58,15,
28	11	12	1.782	11,50,20,78,94,39,22,21,75,43,45,27,36,86,28,12,
28	11	13	1.624	11,50,20,78,94,39,22,21,75,43,45,27,86,36,87,13,
28	11	14	1.755	11,50,20,78,94,57,22,86,36,27,45,43,37,63,52,14,
28	11	15	2.031	11,28,39,22,86,36,27,45,43,32,23,40,64,91,79,34,16,58,15,
28	12	13	1.791	12,86,36,27,45,43,32,23,40,64,91,37,63,55,87,13,
28	12	14	1.85	12,86,36,27,45,43,32,23,84,40,64,91,79,16,58,14,
28	12	15	1.804	12,86,36,27,45,43,32,23,84,40,64,91,79,16,58,15,
28	13	14	1.786	13,87,36,86,27,45,43,32,23,40,64,91,79,16,52,14,
28	13	15	1.775	13,87,55,27,36,86,45,43,32,23,40,64,91,79,16,58,15,
28	14	15	1.961	14,90,55,27,36,86,45,43,32,23,40,64,91,79,16,58,15,
