210	0	2	2.037	0,37,36,66,82,16,80,92,85,70,27,88,83,93,96,90,2,
210	0	3	2.047	0,60,51,94,83,88,27,70,72,93,96,90,29,25,48,3,
210	0	1	1.756	0,37,36,66,57,88,27,70,72,93,96,83,94,51,60,1,
210	0	4	2.375	0,37,36,66,57,88,27,70,72,34,91,38,28,45,30,53,24,98,4,
210	0	7	2.487	0,60,51,94,83,88,27,70,72,34,30,45,28,84,33,76,26,75,79,7,
210	0	8	2.527	0,37,36,66,82,16,56,32,54,89,86,87,31,20,50,44,19,74,42,8,
210	0	9	2.459	0,37,36,66,85,92,80,82,16,56,32,54,89,86,31,87,18,65,43,78,9,
210	0	5	2.482	0,37,36,66,57,88,27,70,72,34,30,45,28,84,33,26,21,35,5,
210	0	6	2.571	0,60,51,94,83,88,27,70,72,34,30,45,28,84,33,76,26,21,35,6,
210	0	10	2.363	0,37,57,88,27,70,85,92,80,82,16,56,32,54,89,86,31,87,18,49,81,10,
210	0	11	2.322	0,37,36,66,85,92,80,82,16,56,32,54,89,86,31,87,18,68,71,40,11,
210	1	2	2.042	1,60,51,94,83,88,27,70,72,93,96,90,29,25,48,2,
210	0	15	2.031	0,60,51,94,83,96,93,72,70,27,88,57,37,36,66,15,
210	1	3	1.779	1,60,51,94,83,88,27,70,72,93,96,90,29,25,48,3,
210	0	13	2.012	0,37,36,66,80,82,16,56,32,54,22,55,47,23,13,
210	0	14	1.949	0,37,57,88,27,70,85,92,80,82,16,56,32,55,47,14,
210	1	4	1.965	1,60,51,94,83,88,27,70,72,34,30,53,46,24,61,98,4,
210	0	12	2.134	0,37,36,66,80,82,16,56,32,54,89,86,31,87,18,68,71,40,77,12,
210	1	6	2.303	1,60,51,94,83,88,27,70,72,34,30,45,28,84,33,76,26,21,35,6,
210	1	8	2.425	1,60,51,94,83,93,72,34,30,45,28,84,33,76,73,44,50,19,74,42,8,
210	1	5	2.235	1,60,51,83,88,27,70,72,34,30,45,28,84,33,76,26,21,35,5,
210	1	7	2.439	1,60,51,94,83,88,27,70,72,34,91,38,28,45,84,33,76,26,75,79,41,7,
210	1	14	1.862	1,60,51,94,83,88,27,85,92,80,82,16,56,32,55,47,14,
210	2	3	2.152	2,90,96,83,88,27,70,72,34,30,53,46,24,61,98,58,3,
210	2	4	2.207	2,90,96,93,72,34,30,45,28,84,33,26,35,21,52,59,4,
210	2	5	2.218	2,90,96,93,72,34,30,45,28,84,33,26,35,21,52,59,5,
210	1	12	2.004	1,60,51,94,83,88,27,70,85,92,80,82,16,56,32,22,95,77,12,
210	1	13	2.009	1,60,51,94,83,88,27,70,85,92,80,82,16,56,32,55,47,23,13,
210	2	6	2.485	2,90,96,93,83,88,27,70,72,34,30,45,28,84,33,76,26,21,35,6,
210	1	11	2.226	1,60,51,94,83,88,27,70,85,92,80,82,16,56,32,54,89,86,71,68,40,11,
210	1	15	1.867	1,60,51,94,83,88,27,85,80,82,16,56,39,99,15,
210	1	9	2.426	1,60,51,88,27,85,92,80,82,16,56,32,54,89,86,31,87,18,65,43,78,9,
210	1	10	2.273	1,60,51,83,88,27,70,85,92,80,82,16,56,32,54,89,86,31,87,18,49,81,10,
210	2	14	2.135	2,90,96,93,83,88,27,70,85,92,80,82,16,56,32,55,23,47,14,
210	3	4	2.11	3,48,25,53,30,45,28,84,33,76,26,35,21,52,59,4,
210	3	5	2.121	3,48,25,53,30,45,28,84,33,76,26,35,21,52,59,5,
210	2	7	2.533	2,90,96,83,88,27,70,72,34,30,45,28,84,33,76,26,35,75,79,7,
210	2	13	2.296	2,90,96,83,88,27,70,85,92,80,82,16,56,32,54,22,55,47,23,13,
210	2	15	2.035	2,90,96,93,70,27,88,83,94,51,60,57,37,36,66,15,
210	2	12	2.327	2,90,96,83,88,27,85,92,80,82,16,56,32,54,89,86,87,18,68,40,77,12,
210	2	8	2.538	2,90,96,93,72,34,30,45,28,84,33,26,76,73,44,50,19,74,67,42,8,
210	2	11	2.418	2,90,96,83,88,27,70,85,92,80,82,16,56,32,54,89,86,31,87,68,71,40,11,
210	2	9	2.564	2,90,96,83,88,27,85,92,80,82,16,56,32,54,89,86,31,87,18,65,43,78,9,
210	2	10	2.453	2,90,96,83,88,27,70,85,92,80,82,16,56,32,54,89,86,31,87,18,49,81,62,10,
210	3	6	2.004	3,48,58,98,61,59,52,21,35,26,33,76,79,75,6,
210	4	5	2.251	4,58,98,24,46,53,30,45,28,84,97,33,26,21,35,5,
210	3	14	2.296	3,48,29,93,83,88,27,70,85,92,80,82,16,56,32,55,23,47,14,
210	3	7	2.31	3,48,58,98,61,24,53,46,17,52,21,35,26,33,76,75,79,41,7,
210	3	11	2.487	3,48,29,93,83,88,27,70,85,92,80,82,16,56,32,54,89,86,71,40,11,
210	3	8	2.219	3,48,58,98,24,61,59,52,21,35,26,76,73,44,50,19,74,42,8,
210	3	12	2.447	3,48,29,93,83,88,27,70,85,92,80,82,16,56,32,54,89,86,71,40,77,12,
210	3	13	2.468	3,48,29,90,96,83,88,27,70,85,92,80,82,16,56,32,54,22,55,23,13,
210	3	10	2.477	3,48,25,72,70,85,92,80,82,16,56,32,54,89,86,31,87,18,49,81,10,
210	3	15	2.442	3,48,29,96,83,88,27,70,85,92,80,82,16,56,32,55,39,99,15,
210	3	9	2.446	3,58,98,24,61,59,52,21,35,26,33,76,73,44,50,19,74,67,43,78,9,
210	4	7	1.98	4,58,98,24,61,59,52,21,35,26,33,76,75,79,41,7,
210	5	6	2.21	5,59,61,98,24,53,46,17,21,35,26,33,76,79,75,6,
210	4	6	2.091	4,98,24,61,59,52,21,35,26,33,76,73,79,75,6,
210	4	14	2.533	4,98,61,24,53,30,45,28,38,91,92,80,82,16,56,32,55,23,47,14,
210	4	8	2.057	4,98,24,61,59,52,21,35,26,33,76,73,44,50,19,74,42,8,
210	4	11	2.587	4,98,24,61,59,52,21,35,26,33,76,73,44,50,19,65,62,81,11,
210	4	10	2.431	4,98,24,61,52,21,35,26,76,73,44,50,19,74,67,78,62,10,
210	4	12	2.623	4,98,24,53,34,85,92,80,82,16,56,32,54,89,86,31,87,68,71,40,77,12,
210	4	9	2.316	4,98,24,61,59,52,21,35,26,33,76,73,44,50,19,74,67,43,78,9,
210	4	13	2.675	4,98,25,29,90,96,83,88,27,70,85,92,80,82,16,56,32,55,47,23,13,
210	4	15	2.482	4,98,61,24,53,30,45,28,38,91,34,72,70,27,88,57,37,36,66,15,
210	5	7	2.016	5,52,59,61,24,46,17,21,35,26,33,76,75,79,41,7,
210	6	7	2.191	6,35,21,17,46,53,30,45,28,84,33,76,26,75,79,41,7,
210	5	8	2.16	5,59,61,24,46,17,21,35,26,33,76,73,50,19,74,42,8,
210	6	8	2.344	6,35,21,17,30,45,28,84,33,26,76,73,50,44,74,42,8,
210	5	14	2.609	5,59,61,24,53,30,45,28,38,91,92,80,82,16,56,32,55,23,47,14,
210	5	11	2.682	5,59,52,35,21,26,33,76,73,44,50,19,74,67,43,78,62,81,11,
210	5	9	2.417	5,59,61,24,46,17,21,35,26,33,76,73,50,44,19,74,42,67,9,
210	5	13	2.692	5,35,26,76,33,84,28,45,30,34,85,92,80,82,16,56,32,55,23,13,
210	5	10	2.617	5,59,52,21,35,26,33,76,73,44,50,19,74,42,67,78,62,81,10,
210	5	12	2.678	5,52,21,35,26,76,33,84,28,45,91,38,69,64,31,87,18,68,71,40,77,12,
210	5	15	2.454	5,35,26,76,33,84,28,45,30,34,72,70,27,88,57,37,36,66,15,
210	7	8	1.933	7,79,75,35,21,26,33,76,73,44,50,19,74,42,8,
210	7	9	1.934	7,41,79,75,26,33,76,73,44,50,19,74,67,43,78,9,
210	7	10	2.12	7,41,79,75,26,33,76,73,44,50,19,74,67,43,78,10,
210	6	14	2.633	6,35,21,26,76,33,84,38,91,92,80,82,16,56,32,55,23,47,14,
210	7	11	2.464	7,41,79,75,26,33,76,73,44,50,19,74,67,43,62,81,49,11,
210	6	9	2.312	6,35,21,26,33,76,73,44,50,19,74,42,67,65,43,78,9,
210	6	10	2.364	6,35,21,26,33,76,73,44,50,19,74,67,43,65,62,81,10,
210	6	11	2.675	6,35,21,26,76,33,84,28,45,91,38,69,64,31,87,18,68,71,40,11,
210	6	13	2.682	6,35,21,26,76,33,84,38,91,92,85,80,82,16,56,32,55,23,13,
210	6	12	2.635	6,35,21,26,76,33,84,28,45,91,38,69,64,31,87,18,68,71,40,77,12,
210	6	15	2.607	6,35,21,26,76,33,84,28,45,30,34,72,93,27,88,57,37,36,15,
210	8	9	2.179	8,42,67,74,19,44,50,20,31,87,18,49,81,62,78,9,
210	8	10	2.063	8,42,67,74,19,44,50,20,31,87,18,68,49,81,62,10,
210	8	11	2.455	8,42,74,19,44,50,20,18,87,31,86,89,54,22,95,71,68,40,11,
210	7	14	2.674	7,41,79,75,26,76,33,84,28,38,91,92,80,82,16,56,32,55,23,47,14,
210	8	14	2.472	8,42,74,19,44,50,20,31,87,18,68,71,86,89,54,22,55,23,47,14,
210	8	12	2.405	8,42,74,19,44,50,20,31,87,18,68,71,86,89,54,22,95,63,12,
210	7	12	2.582	7,41,79,75,26,76,33,84,28,45,91,38,69,64,31,87,18,68,40,77,12,
210	8	13	2.513	8,42,67,74,19,44,50,20,31,87,18,68,71,95,22,55,47,23,13,
210	7	15	2.439	7,79,75,26,33,84,28,45,30,34,72,70,27,88,57,37,36,66,15,
210	8	15	2.544	8,42,74,19,44,50,20,31,87,86,89,54,32,56,16,80,66,36,15,
210	7	13	2.71	7,79,75,26,76,33,84,28,45,30,34,85,92,80,82,16,56,32,55,23,13,
210	9	12	2.083	9,78,43,65,18,87,31,86,89,54,22,95,71,68,40,77,12,
210	10	12	1.913	10,62,81,49,68,18,87,31,86,89,54,22,95,40,77,12,
210	10	11	1.981	10,62,81,49,18,87,31,86,89,54,22,95,71,68,40,11,
210	10	13	1.976	10,62,81,49,18,31,87,68,71,95,22,55,47,23,13,
210	9	11	2.169	9,78,43,62,81,49,18,87,31,86,89,54,22,95,40,11,
210	10	14	2.067	10,62,81,49,18,31,87,68,71,86,89,54,22,55,23,47,14,
210	9	10	2.193	9,67,74,19,44,50,20,31,87,18,68,71,40,49,81,62,10,
210	9	14	2.633	9,42,74,19,44,50,20,31,87,18,68,71,86,89,54,22,55,23,47,14,
210	9	13	2.496	9,78,43,62,81,49,18,31,87,68,71,86,89,54,22,55,47,23,13,
210	10	15	2.489	10,81,49,18,87,31,86,89,54,32,56,16,82,80,92,85,70,27,88,57,37,15,
210	9	15	2.608	9,78,43,65,18,87,31,86,89,54,32,56,16,82,80,92,85,57,37,36,66,15,
210	12	14	1.915	12,77,40,95,71,68,18,87,31,86,89,54,22,55,47,14,
210	13	14	1.98	13,63,95,40,68,18,87,31,86,89,54,22,55,47,14,
210	11	13	1.961	11,77,40,71,68,18,87,31,86,89,54,22,55,47,23,13,
210	12	13	1.832	12,77,40,71,68,18,87,31,86,89,54,22,55,47,23,13,
210	11	12	2.19	11,40,71,68,18,87,31,86,89,54,22,55,63,95,77,12,
210	11	14	2.177	11,77,40,95,71,68,87,18,31,86,89,54,22,55,23,47,14,
210	13	15	2.064	13,23,47,55,32,56,16,82,80,85,57,37,36,66,15,
210	12	15	1.962	12,77,40,71,68,18,87,31,86,89,54,22,55,39,99,15,
210	14	15	2.006	14,39,56,16,82,80,92,85,70,27,88,57,37,36,66,15,
210	11	15	2.386	11,77,40,71,68,18,87,31,86,89,54,32,56,16,82,80,92,85,66,36,15,
