206	0	1	1.937	0,32,83,49,61,62,35,78,50,95,88,29,2,26,59,1,
206	0	2	1.781	0,83,32,61,62,35,49,78,33,80,59,26,88,95,29,2,
206	0	3	1.839	0,32,83,75,80,59,26,95,88,29,79,39,91,63,3,
206	0	4	2.117	0,83,32,61,49,33,80,59,26,88,95,79,60,39,91,23,89,86,4,
206	0	5	2.515	0,32,83,49,61,62,35,46,25,27,52,38,60,39,91,23,89,86,5,
206	0	6	2.559	0,83,32,61,49,35,46,25,27,82,77,44,54,99,31,58,66,36,6,
206	0	7	2.718	0,32,83,75,49,61,62,35,46,25,27,52,99,31,54,44,53,85,57,7,
206	0	8	2.796	0,83,32,92,84,98,64,74,72,24,22,56,76,41,70,71,97,43,73,21,16,8,
206	0	9	2.541	0,83,32,61,49,35,46,25,27,82,28,70,71,97,43,73,21,34,16,69,9,
206	0	10	2.565	0,83,32,92,84,64,98,74,72,24,22,56,30,76,41,70,71,97,43,68,10,
206	0	11	2.406	0,32,83,49,61,62,35,46,25,27,82,87,28,70,71,97,43,68,11,
206	0	12	2.37	0,75,83,32,92,84,64,98,74,72,24,22,56,76,30,19,55,42,12,
206	0	13	2.08	0,83,32,61,35,62,96,18,56,22,24,72,74,98,64,67,93,13,
206	0	14	1.654	0,83,32,61,62,96,18,56,22,24,72,74,98,64,67,14,
206	0	15	1.869	0,83,32,61,62,96,18,56,22,24,72,74,98,64,67,15,
206	1	2	1.844	1,80,75,83,32,61,62,35,49,33,59,26,88,29,2,
206	1	3	1.72	1,80,59,26,50,95,88,29,79,60,39,91,23,89,3,
206	1	4	1.953	1,80,59,26,50,95,88,29,79,39,60,38,91,23,89,86,4,
206	1	5	2.275	1,80,59,26,88,95,79,63,91,39,60,38,99,31,58,36,66,5,
206	1	6	2.388	1,80,59,26,88,95,79,63,91,39,60,38,99,54,31,58,66,36,6,
206	1	7	2.507	1,80,59,26,88,95,79,39,60,38,99,31,54,44,53,85,48,57,7,
206	1	8	2.625	1,80,59,26,95,88,29,79,39,60,38,99,31,54,44,53,85,48,8,
206	1	9	2.598	1,80,75,83,32,61,49,35,46,25,87,28,70,71,97,43,73,21,16,69,9,
206	1	10	2.696	1,80,75,83,32,61,49,35,62,96,18,40,76,41,28,70,71,97,43,68,10,
206	1	11	2.726	1,80,75,83,32,92,84,64,98,74,72,24,22,56,76,41,70,71,97,43,68,11,
206	1	12	2.599	1,80,59,33,78,49,61,62,35,46,25,27,87,28,70,71,97,43,55,42,12,
206	1	13	2.339	1,80,33,75,83,32,61,49,35,62,96,18,40,41,76,56,22,24,93,13,
206	1	14	2.073	1,80,75,83,32,61,49,35,62,96,18,56,22,72,74,98,64,67,14,
206	1	15	1.942	1,80,59,26,88,29,95,50,78,49,61,83,32,92,84,15,
206	2	3	1.759	2,29,88,95,50,47,81,52,99,38,60,39,91,63,3,
206	2	4	1.734	2,29,88,95,50,47,81,38,60,39,91,23,63,89,86,4,
206	2	5	1.997	2,29,88,95,79,63,91,39,60,38,99,31,58,66,36,5,
206	2	6	2.291	2,29,88,95,79,63,89,23,91,39,60,38,99,54,31,58,66,36,6,
206	2	7	2.376	2,29,88,95,79,39,91,60,38,99,31,54,77,44,53,85,57,7,
206	2	8	2.567	2,29,88,95,79,63,23,91,39,60,38,99,31,54,44,53,85,57,8,
206	2	9	2.615	2,29,88,95,79,39,91,60,38,99,31,54,44,77,90,17,34,16,69,9,
206	2	10	2.641	2,29,88,95,50,78,49,61,62,35,46,27,87,28,70,71,97,43,68,10,
206	2	11	2.596	2,29,88,95,50,78,49,61,62,35,46,27,87,28,70,71,97,43,68,11,
206	2	12	2.468	2,29,88,95,26,59,80,75,83,32,92,84,98,64,67,72,24,22,65,12,
206	2	13	2.356	2,29,88,26,59,80,75,83,32,92,84,64,98,74,72,24,22,56,65,13,
206	2	14	2.297	2,29,88,95,26,59,80,75,83,32,92,84,98,64,74,72,24,22,93,67,14,
206	2	15	1.863	2,29,88,26,59,80,75,83,32,61,49,35,62,92,15,
206	3	4	1.984	3,29,88,95,50,47,81,38,60,39,91,23,63,89,86,4,
206	3	5	2.191	3,63,89,86,23,91,39,60,38,99,31,54,44,58,66,5,
206	3	6	2.169	3,63,89,86,23,91,39,60,38,99,54,31,58,66,36,37,6,
206	3	7	2.332	3,63,89,86,23,91,39,60,38,99,31,54,44,53,85,48,57,7,
206	3	8	2.412	3,63,23,91,39,60,38,99,31,54,44,77,90,17,34,16,8,
206	3	9	2.445	3,63,89,23,91,39,60,38,99,31,54,44,77,90,17,34,16,69,9,
206	3	10	2.605	3,63,23,91,39,60,38,99,31,54,44,77,45,70,71,97,43,68,10,
206	3	11	2.635	3,63,23,91,39,60,38,99,31,54,44,77,45,28,70,71,97,43,68,11,
206	3	12	2.637	3,63,91,39,60,38,99,31,54,44,77,45,70,71,97,43,55,42,12,
206	3	13	2.485	3,63,79,95,88,26,59,80,75,83,32,92,84,64,98,74,72,24,22,13,
206	3	14	2.371	3,63,91,39,60,79,95,88,26,59,80,75,83,32,92,84,98,64,67,14,
206	3	15	2.285	3,63,89,23,91,39,60,79,95,88,26,59,80,75,83,32,92,84,15,
206	4	5	1.933	4,86,23,91,39,60,38,99,31,54,44,58,66,36,5,
206	4	6	1.941	4,86,23,91,39,60,38,99,31,54,44,58,66,36,6,
206	4	7	1.927	4,86,23,91,39,60,38,99,31,54,44,53,85,57,7,
206	4	8	2.309	4,86,89,23,91,39,60,38,99,31,54,77,44,53,85,57,8,
206	4	9	2.261	4,86,89,23,91,39,60,38,99,31,54,77,90,17,34,16,69,9,
206	4	10	2.455	4,86,89,23,91,39,60,38,99,54,44,77,45,71,97,43,68,10,
206	4	11	2.569	4,86,89,23,91,39,60,38,99,31,54,77,45,28,70,71,97,43,68,11,
206	4	12	2.594	4,86,23,91,39,60,38,99,31,54,44,77,90,71,97,43,55,42,12,
206	4	13	2.517	4,86,23,91,39,60,38,52,27,25,46,18,96,98,64,74,72,24,22,13,
206	4	14	2.379	4,86,23,91,39,60,38,52,27,87,41,76,56,22,24,72,74,98,64,67,14,
206	4	15	2.337	4,86,89,23,91,39,60,79,29,88,95,26,59,80,75,83,32,92,84,15,
206	5	6	2.257	5,86,23,91,39,60,38,99,31,54,44,58,66,36,6,
206	5	7	2.243	5,86,23,91,39,60,38,99,31,54,44,53,85,57,7,
206	5	8	2.417	5,86,23,91,39,60,38,99,31,54,44,53,85,57,8,
206	5	9	2.504	5,86,23,91,39,60,38,99,31,54,77,90,17,34,16,69,9,
206	5	10	2.705	5,86,89,23,91,39,60,38,99,31,54,77,90,17,21,20,10,
206	5	11	2.841	5,86,89,23,91,39,60,38,99,31,54,44,77,90,71,43,68,11,
206	5	12	2.949	5,86,89,23,91,39,60,38,99,31,54,44,77,45,71,97,43,55,42,12,
206	5	13	2.778	5,36,66,58,44,77,82,27,25,46,18,40,41,76,30,56,22,24,93,13,
206	5	14	2.616	5,36,66,58,31,54,77,82,87,41,76,30,56,22,24,72,74,98,64,67,14,
206	5	15	2.562	5,86,89,23,91,39,60,79,29,88,95,26,59,80,75,83,32,92,15,
206	6	7	2.443	6,36,66,58,23,91,39,60,38,99,54,44,53,85,57,7,
206	6	8	2.491	6,36,66,58,31,99,54,44,77,90,17,21,34,16,8,
206	6	9	2.268	6,36,66,58,31,99,54,44,77,90,17,34,16,69,9,
206	6	10	2.748	6,36,66,58,31,99,54,44,77,90,17,21,73,71,43,68,10,
206	6	11	2.731	6,36,66,58,31,99,54,44,77,90,17,21,73,97,71,43,68,11,
206	6	12	2.926	6,36,66,58,31,99,52,27,25,46,35,62,96,18,40,41,76,30,94,12,
206	6	13	2.761	6,36,66,58,44,77,82,87,41,76,56,22,24,72,74,98,64,67,93,13,
206	6	14	2.65	6,36,66,58,31,99,52,27,25,46,96,18,56,22,24,72,74,98,64,67,14,
206	6	15	2.726	6,36,66,58,31,54,77,82,27,25,46,35,62,61,49,75,83,32,92,15,
206	7	8	2.442	7,57,48,51,17,90,45,28,70,71,97,43,73,21,16,8,
206	7	9	2.282	7,57,48,51,17,90,45,70,71,97,43,73,21,16,69,9,
206	7	10	2.488	7,57,85,53,51,90,17,21,73,97,43,71,19,55,68,10,
206	7	11	2.852	7,57,48,85,53,44,77,45,90,17,34,16,21,73,97,71,43,68,11,
206	7	12	2.927	7,57,85,53,44,77,82,27,25,46,35,62,96,18,40,41,76,30,94,12,
206	7	13	2.677	7,57,48,51,90,45,70,41,76,30,56,22,24,72,74,98,64,67,93,13,
206	7	14	2.574	7,57,48,51,17,73,43,97,71,70,41,76,56,22,24,72,74,98,64,67,14,
206	7	15	2.715	7,57,48,85,53,44,77,82,27,25,46,35,62,61,49,75,83,32,92,15,
206	8	9	2.623	8,57,85,53,44,31,99,54,77,90,17,34,16,69,9,
206	8	10	2.474	8,16,34,21,17,90,45,28,70,71,97,43,19,55,68,10,
206	8	11	2.396	8,16,34,21,17,90,45,28,70,71,97,43,19,55,42,11,
206	8	12	2.751	8,16,21,73,71,97,43,19,30,76,41,40,18,96,74,72,22,65,12,
206	8	13	2.585	8,16,21,73,43,97,71,70,41,76,56,22,24,72,74,98,64,67,93,13,
206	8	14	2.414	8,16,34,21,73,43,97,71,70,41,76,30,56,22,24,72,74,98,64,67,14,
206	8	15	2.641	8,16,21,73,43,97,71,70,28,41,76,30,56,22,24,72,74,98,64,67,15,
206	9	10	2.384	9,69,16,34,21,17,90,45,28,70,71,43,19,55,68,10,
206	9	11	2.179	9,69,16,34,21,17,90,45,28,70,71,97,43,19,55,11,
206	9	12	2.275	9,69,16,34,21,73,43,97,71,70,41,76,56,22,65,12,
206	9	13	2.288	9,69,16,34,21,73,71,97,43,19,30,76,56,22,24,72,93,13,
206	9	14	2.12	9,69,16,21,73,97,71,70,41,76,56,22,24,72,74,98,64,67,14,
206	9	15	2.391	9,69,16,21,73,43,97,71,70,41,76,56,22,24,72,74,98,64,67,15,
206	10	11	2.392	10,20,69,16,34,21,17,90,45,70,71,97,43,19,55,11,
206	10	12	2.448	10,20,16,34,21,17,90,45,28,70,71,97,43,68,55,42,12,
206	10	13	2.14	10,68,55,19,30,76,56,22,24,72,74,98,64,67,93,13,
206	10	14	2.117	10,68,43,97,71,70,28,41,76,30,56,22,24,72,74,98,64,67,14,
206	10	15	2.332	10,68,43,97,71,70,28,41,76,30,56,22,24,72,74,98,64,67,15,
206	11	12	2.273	11,55,19,30,76,56,72,74,98,64,67,93,24,22,65,12,
206	11	13	2.062	11,42,55,19,30,76,56,22,24,72,74,98,64,67,93,13,
206	11	14	1.837	11,42,55,19,30,41,76,56,22,24,72,74,98,64,67,14,
206	11	15	2.287	11,68,43,97,71,70,28,41,76,30,56,22,24,72,74,98,64,67,15,
206	12	13	2.035	12,42,55,19,30,76,56,22,24,72,74,98,64,67,93,13,
206	12	14	1.81	12,42,55,19,30,41,76,56,22,24,72,74,98,64,67,14,
206	12	15	2.361	12,42,55,19,30,76,41,40,18,56,22,24,72,74,64,98,84,92,15,
206	13	14	1.797	13,93,24,72,22,56,30,76,41,40,18,96,74,98,64,67,14,
206	13	15	1.994	13,93,24,22,56,30,76,41,40,18,96,74,64,98,84,92,15,
206	14	15	1.719	14,67,64,98,74,72,24,22,56,30,76,41,40,18,96,84,15,
