396	0	1	2.259	0,59,35,37,42,33,27,89,95,71,51,23,16,53,52,1,
396	0	2	2.096	0,59,35,37,42,33,27,89,95,71,51,23,16,48,82,2,
396	0	3	2.234	0,27,89,62,95,71,51,69,26,91,23,16,48,82,81,3,
396	0	4	2.328	0,59,35,37,42,33,27,89,62,95,71,69,26,91,49,78,4,
396	0	5	2.742	0,59,35,37,42,33,27,89,62,95,71,69,26,91,77,19,58,50,5,
396	0	6	2.704	0,27,89,62,95,71,51,69,96,85,30,80,36,24,63,18,25,38,66,6,
396	0	7	2.689	0,27,89,62,95,71,69,26,96,85,30,80,36,24,63,18,25,38,98,84,7,
396	0	8	2.716	0,27,89,62,95,71,69,26,85,30,80,36,24,63,18,25,70,93,8,
396	0	9	2.781	0,68,62,95,71,69,96,85,30,80,36,24,63,76,57,40,31,88,9,
396	0	10	2.78	0,68,62,89,27,33,42,35,37,45,86,64,32,39,67,74,94,55,46,10,
396	0	11	2.916	0,27,89,62,95,71,99,65,28,79,43,41,60,34,32,64,39,67,11,
396	0	12	2.649	0,68,62,89,27,99,65,28,79,43,41,60,34,32,64,92,20,12,
396	0	13	2.479	0,27,89,62,95,71,99,33,42,37,35,83,73,90,87,13,
396	0	14	2.292	0,27,89,62,95,71,65,28,99,33,42,37,35,83,73,14,
396	0	15	2.302	0,27,89,62,95,71,65,28,99,33,42,37,35,73,83,15,
396	1	2	2.112	1,68,62,89,27,95,71,51,69,96,26,91,23,16,48,82,2,
396	1	3	2.101	1,52,53,2,82,48,16,23,51,69,26,91,77,19,49,81,3,
396	1	4	2.079	1,68,62,89,27,95,71,51,69,26,91,77,49,19,58,78,4,
396	1	5	2.532	1,52,53,2,82,48,16,23,51,69,26,96,85,30,80,36,24,97,50,5,
396	1	6	2.578	1,68,62,95,71,51,69,26,96,85,30,80,36,24,63,18,25,38,98,6,
396	1	7	2.519	1,68,62,95,71,69,96,85,30,80,36,24,63,57,40,76,18,25,84,7,
396	1	8	2.683	1,52,53,16,23,26,69,96,85,30,80,36,24,63,57,40,76,18,61,8,
396	1	9	2.72	1,52,53,16,23,26,69,96,85,30,80,36,24,63,76,57,40,31,88,9,
396	1	10	2.737	1,68,62,89,27,33,42,35,37,45,86,64,32,34,39,67,74,94,55,46,10,
396	1	11	2.786	1,68,62,89,27,99,65,28,79,43,41,60,17,75,55,46,94,74,67,11,
396	1	12	2.706	1,68,62,95,89,27,33,99,65,28,79,43,41,60,34,32,64,92,20,12,
396	1	13	2.746	1,52,53,16,23,51,71,95,62,89,27,33,42,37,35,83,73,90,87,13,
396	1	14	2.06	1,52,53,68,62,95,89,27,33,42,37,35,59,83,73,14,
396	1	15	2.073	1,52,53,68,62,95,89,27,33,42,37,35,73,83,59,15,
396	2	3	2.091	2,82,48,16,23,51,69,26,96,85,30,77,19,49,81,3,
396	2	4	2.032	2,82,48,16,23,51,69,26,96,85,30,80,77,19,58,78,4,
396	2	5	2.246	2,82,48,16,51,69,26,91,77,85,30,80,36,24,97,50,5,
396	2	6	2.292	2,82,48,16,23,26,69,96,85,30,80,36,24,63,18,25,38,98,6,
396	2	7	2.304	2,82,48,23,26,96,85,30,80,36,24,63,57,40,76,18,25,84,7,
396	2	8	2.55	2,82,48,16,51,69,96,85,30,80,36,24,63,57,40,76,18,25,70,93,8,
396	2	9	2.534	2,82,48,16,23,26,85,30,80,36,24,63,76,57,40,31,47,88,9,
396	2	10	2.596	2,82,48,16,23,26,85,30,36,24,63,76,57,40,17,75,55,94,46,10,
396	2	11	2.724	2,82,48,16,51,69,96,85,30,36,24,57,40,60,34,32,64,39,11,
396	2	12	2.67	2,82,48,23,26,85,30,36,24,57,40,60,34,32,64,92,20,12,
396	2	13	2.724	2,82,48,16,23,91,26,69,51,71,95,62,89,27,33,42,35,37,90,87,13,
396	2	14	2.287	2,82,48,16,23,26,69,71,95,62,89,27,33,42,37,35,83,73,14,
396	2	15	1.951	2,82,48,16,51,71,95,62,89,27,33,42,37,35,83,15,
396	3	4	1.991	3,81,91,26,69,96,85,30,36,80,77,19,58,78,4,
396	3	5	2.129	3,81,48,16,23,26,96,85,30,80,36,24,97,50,5,
396	3	6	2.026	3,81,91,26,69,96,85,30,80,36,24,63,38,66,6,
396	3	7	2.273	3,81,91,26,85,30,80,36,24,63,57,40,76,18,25,98,84,7,
396	3	8	2.555	3,81,91,26,69,96,85,30,80,36,24,63,18,25,38,98,84,93,70,61,8,
396	3	9	2.638	3,81,91,26,69,96,85,30,80,36,24,63,25,18,76,57,40,31,88,9,
396	3	10	2.648	3,81,91,26,69,96,85,30,80,36,24,63,76,57,40,17,75,55,94,10,
396	3	11	2.769	3,81,91,77,30,80,36,24,63,76,57,40,17,75,55,46,94,74,11,
396	3	12	2.735	3,81,91,26,69,96,85,30,36,24,57,40,60,34,32,64,92,20,12,
396	3	13	2.723	3,81,91,26,69,51,71,95,62,89,27,33,42,37,35,83,73,90,87,13,
396	3	14	2.558	3,81,49,19,77,91,26,69,51,71,95,89,27,33,42,37,35,83,73,14,
396	3	15	2.375	3,81,91,26,96,69,51,71,95,62,89,27,33,42,37,35,73,83,15,
396	4	5	1.999	4,78,58,19,77,91,26,96,85,30,80,36,97,50,5,
396	4	6	1.888	4,78,58,19,77,30,80,36,24,63,18,25,38,98,6,
396	4	7	1.783	4,78,58,19,77,30,80,36,24,63,18,25,98,84,7,
396	4	8	2.263	4,78,58,19,77,30,80,36,24,63,57,40,76,18,25,70,93,8,
396	4	9	2.428	4,78,58,19,77,85,30,80,36,24,63,57,40,76,31,47,88,9,
396	4	10	2.512	4,78,58,19,77,30,80,36,24,63,18,76,57,40,17,75,55,94,46,10,
396	4	11	2.598	4,78,58,19,77,80,36,24,63,76,57,40,17,75,55,46,94,74,11,
396	4	12	2.589	4,78,58,19,77,80,36,24,63,76,57,40,60,34,32,64,92,20,12,
396	4	13	2.673	4,78,58,19,49,91,26,69,51,71,95,62,89,27,33,42,35,37,90,13,
396	4	14	2.473	4,78,58,19,77,91,26,69,51,71,95,62,89,27,33,42,37,35,83,73,14,
396	4	15	2.382	4,78,58,19,49,91,26,69,71,95,62,89,27,33,42,37,35,73,83,15,
396	5	6	2.003	5,50,80,36,24,63,57,40,76,18,25,98,38,66,6,
396	5	7	1.929	5,50,97,80,36,24,57,40,76,63,18,25,98,84,7,
396	5	8	2.338	5,50,80,30,36,24,57,40,76,18,25,38,98,84,93,70,61,8,
396	5	9	2.354	5,50,97,80,30,36,24,63,25,18,76,57,40,31,47,88,9,
396	5	10	2.545	5,50,97,80,30,36,24,63,18,76,57,40,60,17,75,55,94,46,10,
396	5	11	2.691	5,50,97,80,36,24,63,18,76,57,40,17,75,55,46,94,74,67,11,
396	5	12	2.646	5,50,97,80,36,24,63,25,18,76,57,40,60,34,32,64,92,20,12,
396	5	13	2.794	5,50,97,36,24,63,25,18,76,57,40,60,34,32,64,54,90,87,13,
396	5	14	2.575	5,58,19,77,91,26,69,51,71,95,62,89,27,33,42,37,35,83,73,14,
396	5	15	2.662	5,50,58,19,77,91,26,69,71,95,62,89,27,33,42,37,35,73,83,15,
396	6	7	1.936	6,66,97,80,36,24,63,57,40,76,18,25,38,98,84,7,
396	6	8	2.246	6,56,50,97,80,36,24,63,18,25,38,98,84,93,70,61,8,
396	6	9	2.277	6,66,38,25,18,63,76,57,40,31,88,47,75,55,94,46,9,
396	6	10	2.307	6,98,38,25,18,76,57,40,60,34,32,64,39,67,74,94,46,10,
396	6	11	2.711	6,66,38,98,25,18,63,76,57,40,60,34,32,64,39,67,94,74,11,
396	6	12	2.791	6,66,97,80,30,36,24,63,25,18,76,57,40,60,34,32,64,92,20,12,
396	6	13	2.799	6,66,97,80,36,24,63,18,76,57,40,60,34,32,64,54,90,87,13,
396	6	14	2.708	6,66,97,80,30,85,26,69,71,95,62,89,27,33,42,37,35,83,73,14,
396	6	15	2.699	6,66,97,80,30,85,96,26,69,71,95,62,89,27,33,42,37,35,83,15,
396	7	8	2.018	7,84,98,38,25,18,63,24,36,57,40,76,61,70,93,8,
396	7	9	2.064	7,84,98,38,25,18,76,57,40,31,88,47,75,55,94,46,9,
396	7	10	2.261	7,84,98,38,25,18,76,57,40,60,34,32,64,39,67,74,94,46,10,
396	7	11	2.515	7,84,98,38,25,18,63,76,57,40,60,17,34,32,64,39,67,74,11,
396	7	12	2.624	7,84,93,70,61,22,31,88,47,75,55,46,94,74,67,39,32,64,92,44,20,12,
396	7	13	2.622	7,93,70,61,22,31,88,47,75,55,46,94,74,67,39,32,64,54,90,87,13,
396	7	14	2.666	7,84,25,18,63,24,36,29,41,43,79,28,65,99,33,42,37,35,83,73,14,
396	7	15	2.676	7,84,98,38,25,18,76,57,40,41,43,79,28,65,99,33,42,37,35,73,83,15,
396	8	9	2.06	8,61,70,93,84,98,25,18,63,76,57,40,31,47,88,9,
396	8	10	2.21	8,61,70,93,84,25,18,76,57,40,31,47,88,46,55,94,10,
396	8	11	2.472	8,22,31,88,47,75,55,46,94,67,39,34,32,64,54,92,20,44,11,
396	8	12	2.432	8,93,70,61,22,31,88,47,75,55,46,94,74,67,39,32,64,92,20,12,
396	8	13	2.745	8,22,31,88,47,75,55,46,94,74,67,39,34,32,64,92,20,54,90,87,13,
396	8	14	2.696	8,93,70,25,18,76,57,40,41,43,79,65,99,33,42,37,35,83,73,14,
396	8	15	2.684	8,93,70,25,18,76,57,40,41,43,79,28,65,99,33,42,37,35,83,15,
396	9	10	2.198	9,22,31,47,17,60,34,32,64,39,67,74,94,55,46,10,
396	9	11	2.084	9,88,31,47,55,46,94,74,67,39,34,32,64,92,44,11,
396	9	12	1.911	9,88,31,47,55,46,94,74,67,39,34,32,64,92,20,12,
396	9	13	2.111	9,88,31,47,55,46,94,74,67,34,32,64,54,90,87,13,
396	9	14	2.61	9,88,47,75,55,46,94,74,67,39,32,64,86,21,45,37,35,83,73,14,
396	9	15	2.709	9,88,31,47,75,55,46,94,74,67,39,34,32,64,86,45,37,35,59,15,
396	10	11	2.096	10,46,55,75,94,74,67,39,34,32,64,54,92,20,44,11,
396	10	12	1.961	10,46,55,75,94,74,67,39,34,32,64,54,92,44,20,12,
396	10	13	2.208	10,46,55,75,94,74,67,39,34,32,64,86,21,45,90,87,13,
396	10	14	2.682	10,46,55,94,74,67,39,34,32,64,86,21,45,37,35,42,59,83,14,
396	10	15	2.786	10,46,55,94,74,67,39,64,32,34,60,41,43,79,28,65,99,33,59,15,
396	11	12	2.177	11,39,67,74,94,46,55,75,34,32,64,54,92,44,20,12,
396	11	13	2.405	11,39,67,74,94,46,55,75,17,34,32,64,92,54,90,87,13,
396	11	14	2.554	11,67,74,94,46,55,75,34,32,64,86,21,45,37,35,83,73,14,
396	11	15	2.683	11,67,74,94,46,55,75,34,32,64,86,21,45,42,37,35,73,83,15,
396	12	13	2.271	12,20,44,39,67,74,94,55,75,34,32,64,54,90,87,13,
396	12	14	2.31	12,20,44,92,64,32,34,86,21,45,42,37,35,83,73,14,
396	12	15	2.481	12,20,92,54,45,86,21,43,79,28,65,99,33,42,37,35,83,15,
396	13	14	2.306	13,87,90,45,86,21,79,28,65,99,33,42,37,35,83,73,14,
396	13	15	2.316	13,87,90,45,86,21,79,28,65,99,33,42,37,35,73,83,15,
396	14	15	2.434	14,73,83,35,37,42,33,99,28,79,65,71,95,27,59,15,
