79	0	1	2.623	0,76,77,95,55,24,45,57,99,64,47,98,29,89,33,54,1,
79	0	2	2.382	0,76,77,95,55,78,89,34,99,64,47,98,29,40,83,66,2,
79	0	3	2.553	0,76,77,95,55,24,51,45,57,99,64,93,47,98,85,31,50,67,3,
79	0	4	2.519	0,76,77,95,55,24,51,45,57,99,64,93,26,19,68,48,61,81,4,
79	0	5	2.57	0,76,33,54,32,59,66,83,40,85,98,29,47,64,93,26,19,48,68,36,74,5,
79	0	6	2.549	0,76,33,54,32,59,66,83,40,98,29,47,64,93,26,88,38,97,21,6,
79	0	7	2.71	0,76,33,32,59,66,83,40,85,98,29,47,64,93,26,19,68,96,38,97,17,7,
79	0	8	2.592	0,76,77,95,55,72,43,16,79,27,71,63,20,62,42,23,35,28,8,
79	0	9	2.628	0,76,77,95,55,46,72,43,16,79,27,71,63,20,62,42,23,28,35,58,9,
79	0	10	2.625	0,76,77,95,55,72,49,25,56,84,43,16,79,27,71,62,42,75,10,
79	0	11	2.262	0,76,77,95,55,72,43,16,79,27,71,62,20,63,73,22,41,11,
79	0	12	2.369	0,76,77,95,55,72,43,16,79,27,71,62,20,63,73,22,12,
79	0	13	2.385	0,76,77,95,55,24,45,51,92,79,16,43,56,25,13,
79	0	14	2.443	0,76,77,95,55,72,43,16,79,27,39,56,25,37,14,
79	0	15	2.648	0,76,33,59,66,83,40,85,98,29,89,78,55,95,82,15,
79	1	2	2.39	1,54,32,33,89,34,99,64,47,98,85,50,31,40,83,66,2,
79	1	3	2.181	1,33,54,32,59,66,83,40,31,50,61,87,69,81,4,67,3,
79	1	4	2.19	1,54,32,59,66,83,40,98,47,64,93,48,68,36,61,69,81,4,
79	1	5	2.394	1,54,32,59,66,83,40,85,98,29,47,64,93,26,19,68,48,61,69,87,5,
79	1	6	2.355	1,54,32,59,66,83,40,85,98,29,47,99,64,93,26,19,88,38,97,21,6,
79	1	7	2.445	1,54,32,59,66,83,40,85,98,29,47,64,93,26,19,48,68,96,38,97,17,7,
79	1	8	2.536	1,54,32,59,66,83,40,85,98,29,47,64,93,26,88,38,97,17,60,8,
79	1	9	2.621	1,54,32,59,66,83,40,85,98,29,47,64,93,26,19,88,30,94,65,28,35,58,9,
79	1	10	2.647	1,54,32,33,89,34,45,51,92,79,27,71,63,20,62,42,75,86,10,
79	1	11	2.459	1,54,32,33,89,34,45,51,92,79,27,71,62,20,63,73,22,41,11,
79	1	12	2.677	1,54,32,33,89,34,45,51,92,79,27,71,62,20,63,73,22,41,12,
79	1	13	2.668	1,54,32,59,66,83,40,85,98,29,47,64,99,57,45,51,43,84,25,13,
79	1	14	2.639	1,54,32,33,89,34,45,51,92,79,16,43,84,56,25,37,14,
79	1	15	2.574	1,54,32,59,66,83,40,31,85,98,29,89,78,55,95,77,82,15,
79	2	3	2.096	2,66,83,40,98,29,47,64,93,26,19,68,48,50,67,3,
79	2	4	1.993	2,66,83,40,85,98,29,47,64,93,26,19,68,48,61,69,81,4,
79	2	5	2.342	2,66,83,40,85,98,29,47,99,64,93,48,68,19,26,88,38,97,21,5,
79	2	6	2.287	2,59,66,83,40,85,98,29,47,99,64,93,26,19,48,68,96,38,97,21,6,
79	2	7	2.379	2,59,66,83,40,85,98,29,47,64,93,26,19,48,68,96,38,97,17,60,7,
79	2	8	2.472	2,66,83,40,85,98,29,47,64,93,48,68,19,26,88,38,97,17,60,8,
79	2	9	2.534	2,66,83,40,85,98,29,47,64,93,26,19,88,52,30,94,65,23,28,35,58,9,
79	2	10	2.555	2,66,83,40,85,98,29,47,64,99,57,45,51,92,79,27,71,62,42,75,10,
79	2	11	2.451	2,66,83,40,98,29,47,64,99,57,92,79,27,71,63,20,73,22,41,11,
79	2	12	2.577	2,66,83,40,85,98,29,47,64,99,57,45,51,92,79,27,63,73,22,12,
79	2	13	2.505	2,66,83,40,85,98,29,47,64,99,57,45,51,16,43,84,56,25,13,
79	2	14	2.537	2,66,83,40,85,98,29,47,64,99,57,45,51,16,43,84,25,37,14,
79	2	15	2.448	2,66,83,40,85,98,29,47,64,99,57,45,51,24,55,95,82,15,
79	3	4	1.861	3,67,31,85,98,29,47,64,93,26,19,68,36,61,69,81,4,
79	3	5	1.852	3,67,50,31,85,98,29,47,64,93,26,19,48,68,36,74,5,
79	3	6	2.045	3,67,31,85,98,29,47,99,64,93,26,19,48,68,96,38,97,21,6,
79	3	7	2.232	3,67,50,31,85,98,29,47,64,93,26,19,48,68,96,38,97,17,60,7,
79	3	8	2.357	3,67,31,85,98,29,47,64,93,48,68,19,26,88,38,97,17,60,8,
79	3	9	2.352	3,67,50,31,85,98,29,47,99,64,93,26,19,88,30,94,65,28,35,58,9,
79	3	10	2.515	3,67,50,31,85,98,47,64,99,57,45,51,92,79,27,71,62,42,75,10,
79	3	11	2.418	3,67,31,85,98,29,47,64,99,57,45,51,92,79,27,71,63,73,22,41,11,
79	3	12	2.525	3,67,31,85,98,29,47,64,99,57,45,51,92,79,27,71,63,73,22,12,
79	3	13	2.581	3,67,50,31,85,98,29,47,93,64,99,57,45,51,16,43,84,56,25,13,
79	3	14	2.583	3,67,50,31,85,98,29,47,64,99,57,45,51,16,43,56,25,37,14,
79	3	15	2.59	3,67,50,31,85,98,29,47,64,99,57,45,51,24,72,55,95,82,15,
79	4	5	1.825	4,81,69,61,50,31,85,98,47,64,93,26,19,68,36,74,5,
79	4	6	1.764	4,81,69,61,87,74,36,68,48,19,26,88,38,97,21,6,
79	4	7	1.8	4,81,69,61,87,74,36,68,48,19,26,88,38,97,17,7,
79	4	8	2.246	4,50,31,85,98,29,47,64,93,26,19,48,68,96,38,97,17,60,8,
79	4	9	2.29	4,81,69,61,50,31,85,98,29,47,64,93,26,88,30,94,65,28,35,58,9,
79	4	10	2.464	4,50,31,85,98,29,47,64,99,57,92,79,27,71,63,20,62,42,75,10,
79	4	11	2.398	4,50,31,85,98,29,47,64,99,57,92,79,27,71,62,20,63,73,22,41,11,
79	4	12	2.539	4,81,69,61,50,31,85,98,29,47,64,99,57,45,51,16,43,84,56,91,18,12,
79	4	13	2.536	4,81,69,61,50,31,85,98,47,64,99,57,45,51,16,43,84,56,25,13,
79	4	14	2.518	4,81,69,61,50,31,85,98,29,47,64,99,57,45,51,43,84,25,37,14,
79	4	15	2.499	4,81,69,61,50,31,85,98,29,47,64,99,57,45,51,24,55,95,82,15,
79	5	6	1.896	5,87,69,81,61,74,36,68,48,19,26,88,38,97,21,6,
79	5	7	1.932	5,87,69,81,61,74,36,68,48,19,26,88,38,97,17,7,
79	5	8	2.283	5,74,36,68,48,47,99,64,93,26,19,88,38,97,17,60,70,8,
79	5	9	2.344	5,74,36,68,48,19,26,88,38,97,17,60,70,53,94,65,28,35,58,9,
79	5	10	2.401	5,74,36,68,19,26,93,64,99,57,45,51,92,79,27,71,62,42,75,10,
79	5	11	2.411	5,74,36,68,48,93,64,99,57,45,51,92,79,27,71,62,20,73,22,41,11,
79	5	12	2.559	5,74,36,68,19,26,93,64,99,57,45,51,92,79,27,71,63,20,73,22,12,
79	5	13	2.622	5,87,69,61,48,68,19,26,93,64,99,57,45,51,16,43,84,56,25,13,
79	5	14	2.649	5,74,36,68,48,19,26,93,64,47,99,57,45,51,16,43,84,56,25,37,14,
79	5	15	2.657	5,87,69,61,48,68,19,26,93,64,47,99,57,45,51,24,55,95,82,15,
79	6	7	2.067	6,21,97,38,96,68,48,26,88,30,94,53,70,60,7,
79	6	8	2.111	6,21,97,38,96,68,48,19,26,88,30,94,65,28,35,8,
79	6	9	1.929	6,21,97,38,96,68,19,26,88,30,94,65,28,35,58,9,
79	6	10	2.387	6,21,97,38,88,26,93,64,99,57,92,79,27,71,62,42,75,10,
79	6	11	2.425	6,21,97,38,88,19,26,52,30,94,90,42,62,20,63,73,22,41,11,
79	6	12	2.62	6,21,97,38,96,68,48,19,26,93,64,99,57,45,51,16,43,84,56,91,18,12,
79	6	13	2.595	6,21,97,38,88,19,26,93,64,47,99,57,45,51,16,43,84,56,25,13,
79	6	14	2.631	6,21,97,38,88,19,26,93,64,99,57,45,51,16,43,84,56,25,37,14,
79	6	15	2.58	6,21,97,38,96,68,48,19,26,93,64,99,57,45,51,24,55,95,82,15,
79	7	8	2.147	7,17,97,38,96,68,48,19,26,88,30,94,65,28,35,8,
79	7	9	1.955	7,60,70,53,65,94,30,44,71,62,42,75,86,58,9,
79	7	10	1.951	7,60,70,53,94,30,44,71,27,63,20,62,42,75,10,
79	7	11	1.823	7,60,70,53,30,94,90,42,62,20,63,73,22,41,11,
79	7	12	2.57	7,60,70,53,94,30,90,42,62,20,63,71,27,79,16,43,84,56,91,12,
79	7	13	2.59	7,60,70,53,65,28,35,23,42,62,20,63,71,27,79,16,43,84,25,13,
79	7	14	2.629	7,60,70,53,65,90,42,62,20,63,71,27,79,16,43,84,56,25,37,14,
79	7	15	2.674	7,17,97,38,96,68,48,19,26,93,64,99,57,45,51,24,55,95,77,82,15,
79	8	9	2.088	8,28,35,23,90,65,94,30,44,71,62,42,75,86,58,9,
79	8	10	1.962	8,35,28,65,94,30,44,71,27,63,20,62,42,75,10,
79	8	11	1.931	8,28,35,23,65,94,30,90,42,62,20,63,73,22,41,11,
79	8	12	2.397	8,28,35,23,42,62,20,63,71,27,79,16,43,84,25,56,91,18,12,
79	8	13	2.482	8,28,35,23,86,75,42,62,20,63,71,27,79,16,43,84,56,25,13,
79	8	14	2.61	8,28,35,23,86,75,42,62,20,63,71,27,79,16,43,84,56,25,37,14,
79	8	15	2.601	8,28,35,23,42,62,20,63,71,27,79,16,43,72,55,95,77,82,15,
79	9	10	1.979	9,58,23,28,65,94,30,44,71,27,63,20,62,75,10,
79	9	11	1.715	9,58,86,75,42,62,20,63,71,27,39,73,22,41,11,
79	9	12	1.921	9,58,86,75,42,62,71,27,79,16,43,84,56,91,18,12,
79	9	13	2.124	9,58,35,28,23,42,62,20,63,71,27,79,16,43,84,56,25,13,
79	9	14	2.363	9,58,35,28,23,75,42,62,20,63,71,27,79,16,43,56,25,37,14,
79	9	15	2.443	9,58,35,28,23,42,62,20,63,71,27,79,16,43,72,55,95,82,15,
79	10	11	1.84	10,75,42,62,20,63,71,27,79,16,39,22,73,41,11,
79	10	12	1.943	10,75,42,62,20,63,71,27,79,16,43,84,56,91,18,12,
79	10	13	2.082	10,86,75,42,62,20,63,71,27,79,16,43,84,56,25,13,
79	10	14	2.314	10,86,23,42,62,20,63,71,27,79,16,43,84,56,25,37,14,
79	10	15	2.438	10,75,42,62,20,63,71,27,79,92,51,45,24,55,95,77,82,15,
79	11	12	1.793	11,41,22,73,63,20,62,71,27,16,43,56,91,18,12,
79	11	13	1.798	11,41,22,73,63,20,62,71,27,79,16,43,84,25,13,
79	11	14	1.872	11,41,22,73,63,20,62,71,27,16,43,84,25,37,14,
79	11	15	2.271	11,41,22,73,63,20,62,71,27,79,16,43,72,55,95,77,82,15,
79	12	13	2.001	12,22,73,63,20,62,71,27,79,16,43,84,56,25,13,
79	12	14	2.033	12,22,73,63,20,62,71,27,79,16,43,84,25,37,14,
79	12	15	2.252	12,22,73,63,71,27,79,16,43,72,55,95,77,82,15,
79	13	14	2.335	13,25,56,39,63,20,62,71,27,79,16,43,49,37,14,
79	13	15	2.366	13,25,56,84,43,16,79,92,51,45,24,55,95,82,15,
79	14	15	2.452	14,37,25,56,39,27,79,16,43,72,55,95,77,82,15,
