240	0	1	1.613	0,17,23,28,47,99,82,75,92,79,78,22,27,44,93,1,
240	0	2	1.74	0,17,23,28,47,99,82,75,92,79,78,22,27,44,93,2,
240	0	3	2.108	0,17,23,28,47,99,82,75,92,79,78,22,27,44,93,19,3,
240	0	4	2.234	0,17,56,52,27,44,22,78,79,92,75,82,21,40,61,51,85,59,4,
240	0	5	2.35	0,17,56,52,27,22,78,79,92,75,82,21,40,61,25,33,50,16,5,
240	0	6	2.312	0,17,56,52,78,79,92,75,82,21,71,58,69,48,53,29,62,94,84,6,
240	0	7	2.381	0,17,56,79,78,92,75,82,21,71,58,69,20,53,29,62,26,98,87,65,7,
240	0	8	2.377	0,17,56,79,78,92,75,82,21,71,58,69,48,53,29,62,26,98,87,43,8,
240	0	9	2.523	0,17,56,52,22,78,79,92,75,82,21,71,58,69,48,20,46,88,41,9,
240	0	10	2.535	0,17,56,52,78,79,92,75,82,21,71,58,69,31,80,81,76,97,83,68,10,
240	0	11	2.411	0,17,56,52,27,44,22,78,79,92,75,82,99,39,90,38,77,45,57,11,
240	0	12	2.291	0,17,56,52,22,78,79,92,75,72,23,28,47,39,70,91,67,66,12,
240	0	13	1.961	0,17,56,79,78,92,75,82,99,39,90,38,91,67,66,13,
240	0	14	1.692	0,17,56,52,78,79,92,75,82,99,47,28,96,64,54,14,
240	0	15	1.679	0,17,56,52,22,78,79,92,75,82,99,47,28,96,64,15,
240	1	2	1.752	1,27,22,78,79,52,56,23,28,47,72,75,92,30,42,19,2,
240	1	3	2.04	1,27,44,22,52,78,79,92,75,82,21,40,61,60,51,85,59,3,
240	1	4	2.022	1,27,44,22,52,78,79,92,75,72,82,21,40,61,51,85,59,4,
240	1	5	2.157	1,27,44,22,52,78,79,92,75,82,21,40,61,25,33,50,37,16,5,
240	1	6	2.156	1,27,22,78,79,92,75,82,21,71,58,69,48,29,62,94,84,6,
240	1	7	2.224	1,27,22,78,79,92,21,71,58,69,20,53,29,62,26,98,87,65,7,
240	1	8	2.342	1,27,22,78,92,75,82,21,71,58,69,48,20,53,29,62,26,98,87,43,8,
240	1	9	2.529	1,27,22,78,92,75,82,21,71,58,69,48,20,53,29,62,26,36,41,9,
240	1	10	2.408	1,27,22,52,78,79,92,75,82,21,71,58,69,48,20,46,88,55,73,10,
240	1	11	2.407	1,27,44,22,52,78,79,92,75,72,82,99,47,28,39,90,38,77,45,57,11,
240	1	12	2.309	1,27,44,22,52,78,79,92,75,72,23,28,47,39,90,38,91,67,66,12,
240	1	13	2.058	1,27,44,22,52,78,79,92,75,82,99,35,90,39,70,91,67,66,13,
240	1	14	1.584	1,27,22,78,79,92,75,82,99,47,28,96,64,54,14,
240	1	15	1.577	1,27,44,22,52,78,79,92,75,82,99,47,28,96,64,15,
240	2	3	2.052	2,93,44,27,22,52,78,79,92,75,82,21,40,61,60,3,
240	2	4	2.073	2,93,27,22,78,79,92,75,82,21,40,61,51,85,59,4,
240	2	5	2.162	2,93,44,27,22,78,79,75,92,40,61,25,33,50,37,5,
240	2	6	2.369	2,19,42,30,92,82,21,71,58,69,48,20,53,29,62,94,84,6,
240	2	7	2.372	2,19,42,30,92,75,82,21,71,58,69,48,29,62,26,98,87,65,7,
240	2	8	2.442	2,19,42,30,92,75,82,21,71,58,69,48,20,53,29,62,26,98,43,8,
240	2	9	2.6	2,93,44,27,22,52,78,79,92,75,82,21,71,58,69,48,20,46,88,9,
240	2	10	2.57	2,93,44,22,52,78,79,92,75,82,21,71,58,69,31,81,76,55,73,10,
240	2	11	2.526	2,19,42,44,27,22,52,78,79,92,75,72,82,99,39,90,38,77,45,57,11,
240	2	12	2.501	2,93,44,27,22,52,78,79,92,75,82,99,47,28,39,90,38,77,45,12,
240	2	13	2.202	2,19,42,44,27,22,52,78,79,92,75,82,99,39,70,91,67,66,13,
240	2	14	1.975	2,19,42,44,27,22,78,79,92,75,82,99,47,28,96,64,54,14,
240	2	15	1.855	2,19,42,44,27,22,78,79,92,75,82,99,47,28,96,64,15,
240	3	4	2.304	3,59,85,51,25,95,24,29,62,94,84,34,49,50,37,74,4,
240	3	5	2.12	3,59,85,51,86,25,95,24,29,53,62,94,84,34,49,16,5,
240	3	6	2.115	3,60,61,40,21,71,58,69,48,53,29,62,94,84,6,
240	3	7	2.253	3,60,61,40,21,71,58,69,48,20,53,29,62,26,98,87,65,7,
240	3	8	2.333	3,60,61,40,21,71,58,69,48,20,53,29,62,26,98,87,65,43,8,
240	3	9	2.685	3,59,85,51,60,61,40,21,71,58,69,48,20,53,29,62,26,36,41,9,
240	3	10	2.589	3,59,85,51,25,95,24,62,29,53,20,48,69,31,81,76,97,83,68,10,
240	3	11	2.665	3,59,85,51,86,25,95,24,62,29,53,20,48,69,31,81,76,97,83,57,11,
240	3	12	2.722	3,59,85,51,86,25,95,24,62,29,53,48,20,31,81,76,97,77,45,12,
240	3	13	2.643	3,19,42,44,27,22,52,78,79,92,75,82,99,35,90,39,70,67,91,66,13,
240	3	14	2.39	3,19,42,44,27,22,52,78,79,92,75,72,82,99,47,28,96,64,54,14,
240	3	15	2.16	3,19,42,44,27,22,52,78,79,92,75,82,99,47,28,96,64,15,
240	4	5	2.048	4,74,37,50,33,25,95,24,29,62,94,84,34,49,16,5,
240	4	6	2.141	4,85,51,61,40,21,71,58,69,48,29,62,94,84,6,
240	4	7	2.283	4,74,37,50,16,49,34,84,94,62,29,48,20,53,26,98,87,65,7,
240	4	8	2.342	4,59,85,51,61,40,21,71,58,69,48,20,53,29,62,26,98,43,8,
240	4	9	2.554	4,74,37,50,49,34,84,94,62,29,53,20,48,69,31,81,76,55,9,
240	4	10	2.543	4,74,37,50,49,34,84,94,62,29,53,20,48,69,31,81,76,55,73,10,
240	4	11	2.628	4,74,37,50,49,34,84,94,62,29,53,48,20,46,81,76,97,83,68,11,
240	4	12	2.692	4,74,37,50,49,34,84,94,62,29,48,20,46,81,76,97,77,45,12,
240	4	13	2.66	4,74,37,50,33,95,24,48,20,31,81,76,97,77,45,91,67,66,13,
240	4	14	2.507	4,85,59,60,42,44,27,22,78,79,92,75,82,99,47,28,96,64,54,14,
240	4	15	2.436	4,85,59,60,42,44,27,22,52,78,79,92,75,82,99,47,28,96,64,15,
240	5	6	2.056	5,16,37,50,33,25,95,24,48,29,62,94,84,34,49,6,
240	5	7	1.893	5,16,37,50,49,34,84,94,62,29,53,36,26,98,87,65,7,
240	5	8	1.841	5,16,49,34,84,94,62,29,48,20,53,26,98,87,43,8,
240	5	9	2.355	5,16,49,34,84,94,62,29,53,20,48,69,31,81,76,55,88,41,9,
240	5	10	2.334	5,16,49,34,84,94,62,29,53,20,48,69,31,80,81,76,97,83,68,10,
240	5	11	2.432	5,16,49,34,84,94,62,29,53,20,48,69,31,80,81,76,97,83,68,57,11,
240	5	12	2.489	5,16,49,34,84,94,62,29,53,20,48,69,31,80,81,76,97,77,45,12,
240	5	13	2.482	5,16,49,34,84,94,62,29,53,20,46,81,97,77,45,91,67,66,13,
240	5	14	2.637	5,37,50,33,95,24,48,69,58,71,21,82,99,47,28,96,64,54,14,
240	5	15	2.484	5,16,49,34,84,94,62,29,48,69,58,71,21,82,99,47,28,96,15,
240	6	7	1.919	6,34,84,94,62,29,53,48,20,46,36,26,98,87,65,7,
240	6	8	1.864	6,49,34,84,94,62,29,48,20,53,26,98,87,65,43,8,
240	6	9	2.095	6,49,34,84,94,62,29,53,48,20,46,81,76,55,9,
240	6	10	2.28	6,49,34,84,94,62,29,53,20,48,69,31,80,81,76,97,83,68,10,
240	6	11	2.312	6,49,34,84,94,62,29,53,20,48,69,31,81,76,97,83,68,57,11,
240	6	12	2.559	6,84,94,62,29,53,20,48,69,31,81,76,97,77,45,91,67,66,12,
240	6	13	2.468	6,84,94,62,29,53,20,48,69,31,80,81,76,97,77,45,91,67,66,13,
240	6	14	2.512	6,84,94,62,29,53,48,69,58,71,21,82,99,47,28,96,64,54,14,
240	6	15	2.439	6,84,94,62,29,53,20,48,69,58,71,21,82,99,47,28,96,64,15,
240	7	8	2.1	7,65,87,98,26,53,29,62,24,48,69,20,46,36,43,8,
240	7	9	2.046	7,65,87,98,26,62,29,53,20,48,69,31,81,76,55,9,
240	7	10	1.966	7,65,87,98,26,62,29,53,20,31,81,76,97,83,68,10,
240	7	11	2.219	7,65,87,98,26,62,29,53,20,48,69,31,81,76,97,83,68,57,11,
240	7	12	2.342	7,65,87,98,26,62,29,53,20,48,69,31,80,81,76,97,77,45,12,
240	7	13	2.401	7,65,87,98,26,62,29,48,20,46,81,76,97,77,45,91,67,66,13,
240	7	14	2.5	7,65,87,98,26,53,20,69,58,71,21,82,99,47,28,96,64,54,14,
240	7	15	2.514	7,65,87,98,62,29,53,20,48,69,58,71,21,82,99,47,28,96,64,15,
240	8	9	2.047	8,43,65,87,98,26,36,53,62,29,48,20,46,88,41,9,
240	8	10	1.946	8,43,65,87,98,26,62,29,53,48,20,46,88,55,73,10,
240	8	11	2.167	8,43,87,98,26,62,29,53,20,48,69,31,81,76,97,83,68,11,
240	8	12	2.279	8,43,87,98,26,62,29,53,20,48,69,31,81,76,97,77,45,12,
240	8	13	2.401	8,43,87,98,26,62,29,48,69,31,81,76,97,77,45,91,67,66,13,
240	8	14	2.53	8,43,98,26,62,29,48,69,58,71,21,82,99,47,28,96,64,54,14,
240	8	15	2.493	8,43,87,98,26,62,29,53,20,69,58,71,21,82,99,47,28,96,64,15,
240	9	10	2.208	9,41,36,26,98,62,29,53,20,31,81,76,97,83,68,10,
240	9	11	2.236	9,41,36,26,98,62,29,53,46,81,76,97,83,68,57,11,
240	9	12	2.466	9,41,36,26,62,29,53,20,48,69,31,81,76,97,77,45,12,
240	9	13	2.525	9,41,88,46,20,48,69,31,80,81,76,97,77,45,91,67,66,13,
240	9	14	2.616	9,41,88,46,20,48,69,58,71,21,82,99,47,28,96,64,54,14,
240	9	15	2.622	9,41,36,26,62,29,53,20,48,69,58,71,21,82,99,47,28,96,15,
240	10	11	2.268	10,32,55,88,46,20,48,69,31,81,76,97,83,68,11,
240	10	12	2.112	10,68,83,32,73,55,76,81,97,77,45,91,67,66,12,
240	10	13	1.955	10,68,83,32,73,55,76,81,97,77,45,91,67,66,13,
240	10	14	2.58	10,32,97,81,31,69,58,71,21,82,99,47,28,96,64,54,14,
240	10	15	2.547	10,73,55,88,46,20,48,69,58,71,21,82,99,47,28,96,64,15,
240	11	12	2.136	11,57,68,83,32,55,76,81,97,77,45,91,67,66,12,
240	11	13	1.979	11,57,68,83,32,55,76,81,97,77,45,91,67,66,13,
240	11	14	2.311	11,57,45,77,38,90,39,99,82,72,47,28,96,64,54,14,
240	11	15	2.419	11,57,45,77,38,90,39,99,82,92,75,72,23,47,28,96,64,15,
240	12	13	2.271	12,45,77,97,76,81,31,80,38,90,39,70,91,67,66,13,
240	12	14	2.357	12,45,77,38,90,39,99,82,75,72,47,28,96,64,54,14,
240	12	15	2.457	12,45,77,38,90,39,99,82,75,92,78,79,56,23,47,28,96,15,
240	13	14	2.071	13,66,67,91,70,39,90,35,99,47,28,96,64,54,14,
240	13	15	2.097	13,66,67,91,38,90,39,99,82,72,47,28,96,64,15,
240	14	15	1.915	14,54,64,96,28,47,99,82,75,92,78,79,52,56,17,15,
