295	0	3	1.982	0,60,64,30,83,19,43,49,33,21,17,31,66,87,3,
295	0	4	2.303	0,60,64,30,83,19,43,49,88,77,16,24,46,99,35,41,4,
295	0	11	2.12	0,60,64,30,83,49,43,19,55,86,72,79,98,40,80,32,58,11,
295	0	1	1.831	0,60,55,86,72,19,43,49,83,64,30,25,93,20,1,
295	0	10	2.238	0,60,64,30,83,55,86,72,19,43,49,76,65,56,81,74,29,57,10,
295	0	2	1.867	0,60,55,86,72,19,43,49,83,64,30,25,93,20,2,
295	0	6	2.307	0,60,64,30,83,19,43,49,88,84,77,16,24,46,27,67,94,48,6,
295	0	8	2.606	0,60,64,30,83,55,86,72,19,43,49,76,65,56,81,44,96,54,97,75,8,
295	0	9	2.555	0,60,64,30,83,55,86,72,19,43,49,76,65,56,81,74,29,92,91,62,9,
295	0	5	2.279	0,60,64,83,30,33,84,77,16,34,46,27,99,35,41,53,38,78,5,
295	0	7	2.542	0,60,64,30,83,55,86,72,19,43,49,88,77,16,34,46,27,67,94,48,7,
295	0	14	1.483	0,60,64,30,83,49,43,19,55,86,72,73,45,71,14,
295	0	13	1.567	0,60,64,30,83,49,43,19,72,73,45,71,61,82,13,
295	0	15	1.827	0,60,64,30,83,55,86,72,19,43,49,76,79,73,45,15,
295	1	3	2.234	1,25,93,50,31,17,21,33,84,77,16,24,89,95,87,3,
295	1	4	1.992	1,20,25,93,50,21,17,31,59,95,69,52,35,41,38,53,4,
295	1	2	2.217	1,25,30,64,83,19,43,49,88,84,33,21,50,93,2,
295	1	5	2.331	1,25,93,50,21,17,31,59,89,24,34,46,27,99,35,41,53,38,78,5,
295	0	12	1.944	0,60,64,30,83,49,43,19,55,86,72,45,73,79,98,40,80,90,12,
295	1	6	2.365	1,20,25,93,50,21,17,31,59,95,69,52,35,41,53,38,42,94,48,68,6,
295	1	8	2.586	1,25,93,50,21,17,31,59,95,69,52,35,41,53,38,42,68,48,37,8,
295	1	7	2.388	1,20,25,93,50,21,17,31,59,95,69,52,35,41,53,38,42,68,48,7,
295	1	15	1.864	1,20,93,25,30,64,83,49,43,19,55,72,73,45,15,
295	2	5	1.792	2,93,50,21,17,31,59,89,95,69,52,35,41,53,38,78,5,
295	2	3	2.238	2,93,50,21,17,31,59,89,24,46,99,35,52,69,87,3,
295	2	4	2.028	2,20,25,93,50,21,17,31,59,95,69,52,35,41,38,53,4,
295	1	10	2.433	1,25,30,64,83,55,86,72,19,43,49,76,65,56,81,74,29,57,10,
295	1	13	1.762	1,25,30,64,83,49,43,19,72,73,45,71,61,82,13,
295	1	11	2.315	1,25,30,64,83,49,43,19,55,86,72,79,98,40,80,32,58,11,
295	1	9	2.595	1,25,30,64,83,55,86,72,19,43,49,76,65,56,81,74,29,92,9,
295	2	6	2.263	2,93,25,50,21,17,31,59,95,69,52,35,41,53,38,42,68,48,6,
295	1	12	2.187	1,25,30,64,83,49,43,19,55,86,72,79,98,40,80,32,58,51,12,
295	1	14	1.678	1,25,30,64,83,49,43,19,55,86,72,73,45,71,14,
295	2	15	2.07	2,20,93,25,30,64,83,49,43,19,55,86,72,79,73,45,15,
295	3	5	1.804	3,87,66,31,50,21,17,59,95,69,52,35,41,53,38,78,5,
295	3	4	2.114	3,87,66,50,21,17,31,59,89,95,69,52,35,41,38,53,4,
295	2	10	2.497	2,93,25,30,64,83,55,86,72,19,43,76,65,56,81,74,29,57,10,
295	2	11	2.412	2,93,25,30,64,83,49,43,19,55,86,72,79,98,40,32,58,11,
295	2	9	2.652	2,20,93,25,30,64,83,19,43,49,76,65,56,81,44,22,92,9,
295	2	13	2.125	2,93,25,30,64,83,49,43,19,55,86,72,79,73,45,71,61,82,13,
295	2	12	2.253	2,93,25,30,64,83,49,43,19,55,86,72,45,73,79,98,40,80,90,12,
295	2	8	2.562	2,93,25,30,64,83,19,43,49,76,65,56,81,44,97,75,8,
295	2	14	2.039	2,20,93,25,30,64,83,49,43,19,55,86,72,79,73,45,71,14,
295	2	7	2.532	2,93,50,21,17,31,59,66,87,95,69,52,35,41,53,38,42,68,48,7,
295	3	15	2.046	3,66,31,17,21,50,93,25,30,64,83,49,43,19,55,86,15,
295	4	5	2.038	4,87,66,31,21,17,59,89,95,69,52,35,41,53,38,78,5,
295	3	6	2.047	3,87,66,31,17,59,95,69,52,35,41,53,38,42,68,48,6,
295	3	10	2.721	3,87,66,31,17,21,33,84,77,16,24,46,27,36,85,44,22,92,91,62,10,
295	3	9	2.698	3,87,66,31,17,21,33,84,16,24,46,36,85,44,22,92,91,62,9,
295	3	13	2.223	3,66,31,17,21,50,25,30,64,83,49,43,19,72,73,45,71,82,13,
295	3	11	2.649	3,66,31,50,93,25,30,64,83,55,86,72,79,98,40,80,32,58,11,
295	3	12	2.44	3,66,31,17,21,50,93,25,30,64,83,55,86,72,79,98,40,80,90,12,
295	3	14	2.142	3,87,66,31,17,21,50,93,25,30,64,83,49,43,19,72,73,45,14,
295	3	7	2.557	3,87,66,31,17,21,33,84,77,16,24,34,46,99,27,67,94,68,48,7,
295	3	8	2.644	3,87,66,31,17,21,33,84,77,16,24,34,46,99,27,67,63,97,75,8,
295	4	15	2.307	4,87,66,31,17,21,50,93,25,30,64,83,49,43,19,55,86,15,
295	4	6	2.21	4,41,53,38,42,99,46,24,34,36,27,67,94,48,68,6,
295	5	6	1.991	5,78,38,53,41,35,99,46,24,34,36,27,67,94,48,6,
295	4	9	2.69	4,69,52,35,41,53,38,42,68,48,94,63,85,44,22,92,91,62,9,
295	4	10	2.852	4,69,52,35,41,53,38,42,99,27,46,24,34,36,85,44,22,92,91,62,10,
295	4	7	2.348	4,41,53,38,42,99,46,24,34,36,27,67,94,68,48,7,
295	4	13	2.405	4,87,66,31,17,21,33,49,43,19,55,86,72,73,45,71,61,82,13,
295	4	12	2.586	4,53,41,35,99,46,34,16,77,84,88,65,23,26,32,98,40,80,90,12,
295	4	11	2.808	4,53,41,35,99,46,24,16,77,84,88,65,23,26,98,40,80,32,58,11,
295	4	8	2.611	4,41,53,38,42,99,27,46,34,36,85,44,22,96,54,97,75,8,
295	4	14	2.337	4,53,41,35,99,46,24,16,77,88,49,43,19,55,86,72,73,45,14,
295	5	15	2.318	5,78,38,53,41,35,99,46,24,16,77,84,88,76,49,43,19,55,86,15,
295	5	10	2.543	5,78,38,53,41,35,99,27,46,24,16,34,36,85,44,22,92,91,62,10,
295	6	7	2.467	6,68,48,94,67,99,27,36,85,44,22,96,54,75,97,37,7,
295	6	8	2.259	6,68,48,94,67,99,46,36,85,44,22,96,54,97,75,8,
295	5	9	2.482	5,78,38,53,41,35,99,27,46,24,34,36,85,44,22,92,91,62,9,
295	5	7	2.095	5,78,38,53,41,35,99,46,24,34,36,27,67,94,48,7,
295	5	8	2.41	5,78,38,41,35,99,27,46,34,36,85,44,22,96,54,97,75,8,
295	5	13	2.37	5,78,38,42,99,46,24,16,77,84,88,49,43,19,72,73,45,71,82,13,
295	5	11	2.622	5,78,38,53,41,35,99,27,46,34,16,77,84,88,56,47,39,18,70,11,
295	5	14	2.284	5,78,38,42,99,46,24,16,77,88,49,43,19,55,86,72,73,45,71,14,
295	5	12	2.567	5,78,38,53,41,35,99,46,34,16,77,84,88,65,23,26,32,98,40,80,90,12,
295	7	10	2.319	7,48,94,67,27,99,46,34,36,85,44,22,92,91,62,10,
295	6	9	2.316	6,48,94,67,27,99,46,34,36,85,44,22,92,91,62,9,
295	7	9	2.42	7,48,94,67,27,99,46,34,36,85,44,22,92,91,62,9,
295	6	15	2.37	6,48,94,67,27,46,24,16,77,84,33,30,64,83,49,43,19,55,86,15,
295	7	11	2.535	7,37,75,54,96,22,29,39,18,28,26,98,40,80,32,58,11,
295	6	10	2.664	6,68,48,94,67,27,99,46,24,16,77,34,36,85,44,22,92,91,62,10,
295	7	8	2.421	7,48,94,67,27,46,24,34,36,85,44,22,96,97,75,8,
295	6	13	2.411	6,68,48,94,67,27,46,24,16,77,88,49,43,19,72,73,45,71,61,82,13,
295	6	11	2.615	6,68,48,94,67,27,46,24,16,77,84,88,56,81,47,39,18,70,11,
295	6	12	2.578	6,68,48,94,67,27,46,24,16,77,84,88,65,56,47,39,18,28,58,51,12,
295	6	14	2.286	6,48,94,67,27,46,34,16,77,84,88,49,43,19,55,86,72,73,45,14,
295	8	10	2.249	8,75,97,54,96,22,44,74,81,47,39,18,28,70,57,10,
295	8	9	2.336	8,75,97,54,96,22,44,81,47,39,74,29,92,91,62,9,
295	8	11	2.137	8,75,97,54,96,22,74,39,23,26,98,40,80,32,58,11,
295	7	15	2.474	7,48,94,67,27,46,24,16,77,84,33,30,64,83,49,43,19,55,86,15,
295	8	15	2.595	8,54,96,22,44,81,56,65,76,49,30,64,83,19,43,72,55,86,15,
295	7	13	2.494	7,37,75,97,54,96,22,74,39,18,28,58,32,26,98,40,80,90,61,82,13,
295	7	12	2.517	7,37,75,54,96,22,44,81,47,39,18,28,58,32,98,40,80,90,12,
295	8	13	2.3	8,75,97,54,96,22,44,81,47,39,18,28,58,32,26,98,40,80,90,13,
295	8	12	2.33	8,75,97,54,96,22,44,81,47,39,18,28,58,32,98,40,80,90,51,12,
295	8	14	2.44	8,75,54,96,22,44,81,56,65,76,49,43,19,55,86,72,73,45,14,
295	7	14	2.395	7,48,94,67,27,46,24,16,77,84,88,49,43,19,55,86,72,73,45,14,
295	9	10	2.214	9,92,29,39,23,26,98,40,80,32,58,28,18,70,57,10,
295	10	12	1.777	10,57,29,39,18,28,58,32,26,23,98,40,80,90,51,12,
295	10	11	1.945	10,57,29,74,39,18,28,58,32,26,98,40,80,90,51,11,
295	9	11	2.088	9,62,91,57,70,18,28,58,32,26,98,40,80,90,51,11,
295	9	12	1.843	9,62,91,57,70,18,28,58,32,26,98,40,80,90,51,12,
295	9	15	2.425	9,62,91,92,29,74,81,56,65,76,49,43,19,55,86,72,73,45,15,
295	10	15	2.267	10,57,29,74,81,56,65,76,43,19,49,30,64,83,55,72,86,15,
295	10	13	1.972	10,57,29,74,81,47,39,18,28,58,32,98,40,80,90,61,82,13,
295	9	13	2.369	9,54,75,97,44,22,29,74,39,18,28,58,32,26,98,40,80,90,13,
295	10	14	2.219	10,57,29,74,39,47,56,65,76,49,43,19,55,86,72,73,45,71,14,
295	9	14	2.388	9,62,91,92,29,74,81,56,65,76,49,43,19,55,86,72,73,71,14,
295	14	15	1.985	14,45,71,73,72,86,55,19,43,76,49,83,30,64,60,15,
295	13	15	1.648	13,82,61,71,45,73,72,19,43,49,83,30,64,60,15,
295	12	15	1.776	12,90,80,40,32,26,98,79,73,45,72,43,19,55,86,15,
295	11	13	1.983	11,28,18,39,47,23,98,40,80,32,26,58,90,61,82,13,
295	11	12	2.21	11,57,91,62,92,22,44,85,81,47,39,18,28,58,51,12,
295	12	13	1.704	12,51,90,80,40,32,58,28,18,39,23,26,98,61,82,13,
295	11	15	2.144	11,58,32,80,40,98,79,73,45,72,86,55,83,30,64,60,15,
295	13	14	1.9	13,61,40,80,32,26,98,79,72,19,55,86,45,73,71,14,
295	12	14	1.789	12,90,80,40,32,26,23,65,76,49,43,19,72,73,45,14,
295	11	14	2.065	11,28,18,39,47,56,65,76,49,43,19,55,86,72,73,71,14,
