274	0	1	1.921	0,61,88,92,68,85,86,26,53,67,63,28,91,81,44,1,
274	0	2	2.023	0,44,91,28,63,67,68,85,86,26,53,74,50,24,2,
274	0	3	1.925	0,44,81,91,28,63,67,68,85,86,26,53,74,50,3,
274	0	4	2.294	0,44,81,91,28,63,67,68,85,86,26,53,39,89,90,46,36,4,
274	0	5	2.456	0,44,81,91,28,63,67,68,85,86,26,53,39,90,89,21,98,16,5,
274	0	6	2.476	0,44,91,28,63,67,68,85,86,27,59,35,40,73,49,64,52,56,38,6,
274	0	7	2.537	0,44,91,28,63,67,68,85,86,17,72,59,35,49,73,64,52,37,19,7,
274	0	8	2.64	0,61,88,57,95,97,34,55,69,42,32,75,60,82,78,23,58,93,18,8,
274	0	9	2.675	0,81,91,28,63,67,68,85,86,17,66,72,59,35,70,82,78,84,43,9,
274	0	10	2.574	0,61,88,92,68,85,86,17,33,57,95,97,34,55,79,65,80,25,71,10,
274	0	11	2.403	0,61,88,57,95,97,34,55,79,69,42,32,75,60,80,54,48,11,
274	0	12	2.191	0,61,92,68,85,86,17,33,57,95,97,55,34,45,87,83,94,12,
274	0	13	2.06	0,61,92,68,85,86,17,33,57,95,97,55,34,45,87,13,
274	0	14	2.17	0,44,91,28,63,67,68,85,86,17,33,57,96,47,14,
274	0	15	2.176	0,44,81,91,28,63,67,26,86,85,68,92,61,88,62,15,
274	1	2	1.88	1,44,91,28,63,67,68,85,86,26,53,74,50,24,2,
274	1	3	1.782	1,44,81,91,28,63,67,68,85,86,26,53,74,50,3,
274	1	4	1.931	1,44,81,91,28,63,67,68,85,86,26,53,39,90,36,4,
274	1	5	2.294	1,44,81,91,28,63,67,68,85,86,27,26,53,39,89,21,98,16,5,
274	1	6	2.337	1,44,91,28,63,67,68,85,86,27,59,35,49,73,40,64,52,56,38,6,
274	1	7	2.385	1,44,91,28,63,67,68,85,86,27,59,35,49,73,40,64,52,37,19,7,
274	1	8	2.536	1,44,91,28,63,67,68,85,86,17,72,59,70,82,78,23,58,93,18,8,
274	1	9	2.624	1,44,81,61,88,57,95,97,34,55,79,69,42,32,75,60,82,78,84,43,9,
274	1	10	2.572	1,44,91,28,63,67,68,85,86,33,57,95,97,34,55,79,65,80,25,71,10,
274	1	11	2.425	1,44,91,28,63,67,68,85,86,33,57,95,97,34,55,79,65,76,48,11,
274	1	12	2.209	1,44,91,28,63,67,68,85,86,33,57,95,97,34,45,87,83,94,12,
274	1	13	2.135	1,44,91,28,63,67,68,85,86,33,57,95,97,55,34,45,87,13,
274	1	14	2.027	1,44,91,28,63,67,68,85,86,17,33,57,96,47,14,
274	1	15	2.033	1,44,81,91,28,63,67,26,86,85,68,92,61,88,62,15,
274	2	3	2.046	2,29,28,63,67,68,85,86,27,26,53,39,74,50,24,3,
274	2	4	2.071	2,29,28,63,67,68,85,86,26,53,39,89,90,46,36,4,
274	2	5	2.091	2,29,28,63,67,68,85,86,26,53,39,89,21,98,16,5,
274	2	6	2.281	2,28,63,67,68,85,86,17,72,59,35,40,73,49,64,52,56,38,6,
274	2	7	2.492	2,28,63,67,68,85,86,17,72,59,35,40,73,49,64,52,56,37,19,7,
274	2	8	2.555	2,28,63,67,68,85,86,17,72,59,35,40,73,49,64,52,99,51,77,8,
274	2	9	2.757	2,28,63,67,68,85,33,57,95,97,34,55,69,42,32,75,60,84,43,9,
274	2	10	2.535	2,28,63,67,68,85,86,17,33,57,95,97,34,55,79,65,80,25,71,10,
274	2	11	2.408	2,28,63,67,68,85,86,33,57,95,97,34,55,79,65,80,54,48,11,
274	2	12	2.285	2,28,63,67,68,85,86,33,57,95,97,55,34,45,87,83,94,41,31,12,
274	2	13	2.224	2,28,63,67,68,85,86,33,57,95,97,55,79,34,45,87,83,13,
274	2	14	2.069	2,28,63,67,68,85,86,17,33,57,95,97,96,47,14,
274	2	15	2.181	2,24,50,74,29,28,63,67,86,85,68,92,61,88,62,15,
274	3	4	2.035	3,50,24,29,28,63,67,68,85,86,26,53,39,90,36,4,
274	3	5	2.113	3,50,29,28,63,67,68,85,86,26,53,39,89,21,98,5,
274	3	6	2.335	3,50,24,29,28,63,67,68,85,86,26,53,39,89,21,20,38,6,
274	3	7	2.478	3,50,29,28,63,67,68,85,86,27,59,35,40,73,49,64,52,37,19,7,
274	3	8	2.633	3,50,29,28,63,67,68,85,86,17,72,59,70,82,78,23,58,93,18,8,
274	3	9	2.8	3,24,50,74,29,28,63,67,68,85,86,17,66,72,59,70,82,78,84,43,9,
274	3	10	2.616	3,50,29,28,63,67,68,85,86,33,57,95,97,55,79,65,80,25,71,10,
274	3	11	2.522	3,50,29,28,63,67,68,85,86,33,57,95,97,34,55,79,65,76,48,11,
274	3	12	2.363	3,50,29,28,63,67,68,85,86,33,57,95,97,55,34,45,87,83,94,12,
274	3	13	2.295	3,50,29,28,63,67,68,85,86,17,33,57,95,97,55,34,45,87,13,
274	3	14	2.346	3,50,24,29,28,63,67,68,85,86,17,33,57,95,97,96,47,14,
274	3	15	2.428	3,24,50,74,53,26,27,86,85,68,67,63,28,91,81,61,88,62,15,
274	4	5	2.346	4,36,90,89,40,73,49,64,52,56,38,20,21,98,16,5,
274	4	6	2.274	4,36,90,39,53,26,27,72,59,35,49,64,52,56,38,6,
274	4	7	2.652	4,36,46,90,39,53,26,27,72,59,70,35,49,73,64,52,37,19,7,
274	4	8	2.667	4,36,16,98,20,38,56,52,64,40,73,49,30,23,51,77,58,93,18,8,
274	4	9	2.871	4,36,90,39,53,26,27,72,59,35,49,73,40,64,52,99,51,77,58,93,9,
274	4	10	2.729	4,36,90,89,40,73,49,35,70,75,32,42,69,55,79,65,80,25,71,10,
274	4	11	2.665	4,36,90,89,40,73,49,35,70,75,32,42,69,55,79,65,80,54,48,11,
274	4	12	2.491	4,36,90,39,53,26,86,85,33,57,95,97,55,34,45,87,83,94,12,
274	4	13	2.535	4,36,90,89,40,73,49,35,70,75,32,42,69,79,55,95,97,34,45,87,13,
274	4	14	2.555	4,36,90,89,35,70,60,75,32,42,69,79,55,34,97,95,96,47,14,
274	4	15	2.459	4,36,46,90,39,53,26,86,85,68,67,63,28,91,81,61,88,62,15,
274	5	6	2.306	5,98,21,40,73,49,35,70,82,78,30,64,52,56,38,6,
274	5	7	2.602	5,98,21,40,73,49,35,59,72,70,82,78,30,64,52,37,19,7,
274	5	8	2.434	5,38,56,52,64,49,73,40,35,70,82,78,23,58,93,18,8,
274	5	9	2.78	5,16,98,21,40,73,49,35,59,72,66,69,42,32,75,60,82,78,84,43,9,
274	5	10	2.644	5,98,21,40,73,49,35,59,72,66,32,42,69,55,79,65,80,25,71,10,
274	5	11	2.598	5,98,21,40,73,49,35,70,75,32,42,69,55,34,79,65,80,54,48,11,
274	5	12	2.392	5,98,21,40,73,49,35,70,75,32,42,69,79,55,34,45,87,83,94,12,
274	5	13	2.476	5,98,21,40,73,49,35,70,60,75,32,42,69,79,55,95,97,34,45,87,13,
274	5	14	2.429	5,98,21,40,73,49,35,70,75,32,42,69,55,34,97,95,96,47,14,
274	5	15	2.611	5,16,98,21,89,39,53,26,86,85,68,67,63,28,91,81,61,88,62,15,
274	6	7	2.259	6,38,56,52,64,49,73,40,35,70,82,78,30,23,51,7,
274	6	8	2.09	6,38,20,21,40,73,49,64,52,99,51,77,58,93,18,8,
274	6	9	2.162	6,38,56,52,64,49,73,40,35,59,70,82,78,84,43,9,
274	6	10	2.445	6,38,56,52,64,49,73,40,35,70,75,60,80,76,54,25,71,10,
274	6	11	2.338	6,38,56,52,64,49,73,40,35,70,82,78,84,25,71,54,48,11,
274	6	12	2.277	6,38,56,52,64,30,78,82,60,32,42,69,55,34,45,83,94,12,
274	6	13	2.411	6,38,56,52,64,73,49,35,70,75,32,42,69,79,55,95,97,34,45,87,13,
274	6	14	2.383	6,38,56,52,64,73,49,35,70,75,32,42,69,55,95,97,96,47,14,
274	6	15	2.587	6,38,56,52,64,73,49,35,70,75,32,42,69,79,55,95,97,96,22,15,
274	7	8	2.191	7,19,37,56,52,64,40,73,49,30,23,51,77,58,93,18,8,
274	7	9	2.328	7,19,37,52,64,49,73,40,35,59,72,70,82,78,84,43,9,
274	7	10	2.203	7,19,37,52,64,49,73,40,35,70,82,78,84,25,71,10,
274	7	11	2.516	7,19,37,52,64,49,73,40,35,59,70,82,78,84,25,71,54,48,11,
274	7	12	2.226	7,51,77,23,78,82,60,75,32,42,69,79,55,34,45,87,83,94,12,
274	7	13	2.431	7,19,37,52,64,30,78,82,60,75,32,42,69,79,55,95,97,34,45,87,13,
274	7	14	2.493	7,19,37,52,64,73,49,35,70,75,32,42,69,55,34,97,95,96,47,14,
274	7	15	2.569	7,51,77,23,30,78,82,60,75,32,42,69,79,55,34,97,95,96,22,15,
274	8	9	2.386	8,58,77,51,99,52,64,73,49,35,70,82,78,84,43,9,
274	8	10	2.224	8,18,93,58,23,78,82,60,75,32,65,80,54,25,71,10,
274	8	11	2.337	8,18,93,58,23,78,82,60,75,32,42,69,55,34,79,65,76,48,11,
274	8	12	2.126	8,58,23,78,82,60,75,32,42,69,55,97,34,45,87,83,94,12,
274	8	13	2.161	8,18,93,58,23,78,82,60,75,32,42,69,55,95,97,34,45,87,13,
274	8	14	2.307	8,18,93,58,23,78,82,60,75,32,42,69,79,55,34,97,95,96,47,14,
274	8	15	2.455	8,18,93,58,23,78,82,60,75,32,42,69,79,55,34,97,95,96,22,15,
274	9	10	2.19	9,43,84,78,82,60,75,32,42,69,79,65,80,25,71,10,
274	9	11	2.155	9,43,84,78,82,60,32,42,69,55,79,65,80,54,48,11,
274	9	12	2.034	9,43,84,78,82,60,75,32,42,69,79,55,34,45,83,12,
274	9	13	2.211	9,43,84,78,82,60,75,32,42,69,95,97,55,79,34,45,87,83,13,
274	9	14	2.324	9,43,84,78,82,60,75,32,42,69,79,55,34,97,95,96,22,47,14,
274	9	15	2.58	9,18,93,58,23,78,82,60,75,32,42,69,79,55,34,97,95,96,22,15,
274	10	11	2.222	10,71,25,54,76,65,32,42,69,79,55,34,45,41,31,11,
274	10	12	1.885	10,71,25,80,65,79,55,34,97,95,96,87,83,94,12,
274	10	13	2.005	10,71,25,54,76,65,32,42,69,55,95,97,34,45,87,83,13,
274	10	14	2.074	10,71,25,54,76,80,32,42,69,79,55,34,97,95,96,47,14,
274	10	15	2.535	10,71,25,54,48,76,80,65,32,42,69,79,34,55,97,95,57,22,15,
274	11	12	1.657	11,48,54,80,65,79,55,95,97,34,45,87,83,94,12,
274	11	13	1.959	11,48,54,71,25,80,65,32,42,69,55,95,97,34,45,87,13,
274	11	14	2.052	11,48,54,71,25,80,32,42,69,79,55,34,97,95,96,47,14,
274	11	15	2.2	11,48,54,71,25,80,32,42,69,79,55,34,97,95,96,22,15,
274	12	13	1.657	12,31,41,94,83,87,45,34,79,55,95,97,96,47,13,
274	12	14	1.565	12,31,41,94,83,87,45,34,79,55,95,97,96,47,14,
274	12	15	1.787	12,31,41,94,83,87,45,34,79,55,97,95,57,22,15,
274	13	14	1.869	13,83,87,45,34,79,42,69,55,95,97,96,22,47,14,
274	13	15	2.074	13,83,87,45,34,79,42,69,55,97,95,57,96,22,15,
274	14	15	2.202	14,47,96,95,97,34,55,79,42,32,69,57,22,62,15,
