282	0	1	2.035	0,64,51,92,46,90,43,91,25,35,77,19,52,61,59,30,1,
282	0	2	2.088	0,64,51,92,50,46,90,43,91,25,35,77,19,58,61,52,59,2,
282	0	3	1.881	0,64,51,92,46,90,43,91,52,61,71,34,63,17,38,79,3,
282	0	4	2.071	0,64,51,92,50,43,91,25,35,77,19,58,31,63,17,38,26,60,65,4,
282	0	5	2.232	0,64,51,92,46,90,43,91,52,61,71,34,63,17,38,26,60,66,5,
282	0	6	2.379	0,64,51,44,30,59,71,34,63,17,38,26,60,66,96,57,48,84,29,6,
282	0	7	2.605	0,64,51,92,50,46,90,43,91,25,76,87,69,49,42,39,37,80,16,93,7,
282	0	8	2.553	0,64,51,92,50,43,91,25,76,87,27,86,99,33,83,70,89,40,95,56,8,
282	0	9	2.415	0,64,51,92,50,43,91,25,76,87,88,27,86,99,33,83,70,89,40,95,56,9,
282	0	10	2.451	0,64,51,92,46,90,43,91,25,76,87,88,27,86,20,74,53,67,41,45,73,10,
282	0	11	2.201	0,64,51,92,46,90,43,91,25,76,87,88,27,86,20,74,53,67,41,11,
282	0	12	2.128	0,64,51,92,46,90,43,91,25,76,87,88,27,86,20,74,94,72,21,12,
282	0	13	1.89	0,64,51,92,50,91,25,76,87,27,86,20,74,94,72,21,13,
282	0	14	1.998	0,85,46,90,43,76,87,27,86,20,74,94,78,18,97,14,
282	0	15	2.013	0,64,51,92,50,46,90,43,91,25,76,87,88,68,36,62,15,
282	1	2	2.164	1,30,52,61,58,31,81,63,17,38,79,34,71,59,2,
282	1	3	1.845	1,30,59,61,71,34,17,63,31,81,60,26,38,79,3,
282	1	4	1.782	1,30,52,61,58,71,34,17,63,31,81,26,60,65,4,
282	1	5	2.405	1,30,59,61,52,77,19,58,71,34,63,17,38,26,60,65,66,57,96,5,
282	1	6	2.32	1,30,59,71,34,31,81,63,17,38,26,60,65,66,96,57,48,84,29,6,
282	1	7	2.65	1,30,59,61,58,71,34,63,17,38,26,60,65,66,96,57,48,84,29,7,
282	1	8	2.74	1,64,51,92,46,90,43,91,25,76,87,27,99,33,83,70,89,40,95,56,8,
282	1	9	2.578	1,64,51,92,50,43,91,25,76,88,27,86,99,33,83,70,89,40,95,56,9,
282	1	10	2.561	1,64,51,92,46,90,43,91,25,76,87,27,86,20,74,53,67,41,45,73,10,
282	1	11	2.478	1,44,64,51,92,46,90,43,91,25,76,87,88,27,86,20,74,53,67,41,11,
282	1	12	2.375	1,64,51,92,50,46,90,43,91,25,76,87,88,86,20,74,94,72,21,12,
282	1	13	2.296	1,64,51,92,46,90,43,91,25,76,87,88,27,86,20,74,94,72,21,13,
282	1	14	2.173	1,44,64,51,92,50,46,90,43,91,25,76,87,88,18,97,14,
282	1	15	2.192	1,44,50,92,51,64,0,85,46,90,43,91,25,87,76,36,62,15,
282	2	3	1.734	2,59,61,58,71,34,17,63,31,81,60,26,38,79,3,
282	2	4	1.702	2,59,61,52,77,19,58,31,81,63,17,38,26,65,4,
282	2	5	1.93	2,59,61,52,77,19,58,71,34,17,38,26,60,65,66,5,
282	2	6	2.247	2,59,61,58,71,34,31,63,17,38,26,60,65,66,96,57,48,84,29,6,
282	2	7	2.601	2,59,52,61,58,71,34,63,17,38,26,60,65,66,96,57,48,84,29,7,
282	2	8	2.8	2,59,61,52,77,19,58,71,34,17,63,31,81,82,22,16,93,75,8,
282	2	9	2.714	2,59,61,19,77,35,69,87,76,88,27,86,99,33,83,70,89,40,95,56,9,
282	2	10	2.672	2,59,61,52,19,77,35,69,49,33,83,70,89,40,95,56,32,28,10,
282	2	11	2.662	2,59,52,61,58,19,77,35,69,87,76,88,27,86,20,74,53,67,41,11,
282	2	12	2.547	2,59,61,52,19,77,35,69,87,76,88,27,86,20,74,94,78,72,21,12,
282	2	13	2.515	2,59,61,52,19,77,35,69,87,76,88,27,86,20,74,94,78,72,21,13,
282	2	14	2.524	2,59,71,34,17,63,31,58,61,52,91,43,46,90,62,36,68,97,14,
282	2	15	2.387	2,59,71,34,17,63,81,31,58,19,77,35,25,91,43,90,46,15,
282	3	4	1.712	3,79,38,17,34,71,58,19,77,98,31,63,26,60,65,4,
282	3	5	1.888	3,79,38,17,34,71,31,63,81,60,26,65,66,57,96,5,
282	3	6	1.661	3,79,38,17,63,31,81,26,60,66,96,57,48,84,29,6,
282	3	7	2.459	3,79,38,17,63,81,31,34,71,58,19,77,98,55,22,80,16,93,7,
282	3	8	2.51	3,79,38,17,63,31,81,26,60,66,96,57,48,93,16,80,37,75,8,
282	3	9	2.521	3,79,38,17,63,31,81,82,22,16,80,37,75,47,70,89,40,95,56,9,
282	3	10	2.48	3,79,38,17,63,31,81,82,55,39,47,70,89,40,95,56,32,28,10,
282	3	11	2.473	3,79,38,17,63,34,71,58,19,77,35,69,49,33,83,53,67,41,11,
282	3	12	2.483	3,79,38,17,63,34,71,58,19,77,35,69,27,86,20,74,94,78,21,12,
282	3	13	2.37	3,79,38,17,63,34,71,58,19,77,35,69,27,86,20,74,94,72,21,13,
282	3	14	2.294	3,79,38,17,34,71,58,19,77,35,25,91,43,46,90,62,36,68,97,14,
282	3	15	2.084	3,79,38,17,63,34,71,58,19,77,35,25,91,43,90,46,62,15,
282	4	5	1.8	4,65,26,38,17,63,34,71,58,31,81,82,57,96,66,5,
282	4	6	1.608	4,65,60,26,38,17,63,31,81,82,57,96,48,84,29,6,
282	4	7	2.146	4,65,60,26,38,17,63,34,71,31,81,82,22,80,16,93,7,
282	4	8	2.276	4,65,60,26,38,17,34,63,31,81,82,22,16,80,37,75,8,
282	4	9	2.359	4,65,26,38,17,63,31,81,82,22,80,37,75,47,89,40,95,56,9,
282	4	10	2.455	4,65,26,38,17,63,31,81,82,55,39,47,89,40,95,56,32,28,10,
282	4	11	2.472	4,65,26,38,17,63,34,71,58,19,77,35,69,27,86,20,53,67,41,11,
282	4	12	2.457	4,65,60,26,38,17,34,71,58,19,77,35,69,27,86,20,74,94,72,21,12,
282	4	13	2.372	4,65,26,38,17,34,71,58,19,77,35,69,27,86,20,74,94,72,21,13,
282	4	14	2.374	4,65,26,38,17,63,31,58,19,77,35,25,91,43,46,90,62,36,68,97,14,
282	4	15	2.305	4,65,60,26,38,17,63,34,71,58,19,77,35,25,91,43,46,90,62,36,15,
282	5	6	1.81	5,66,65,60,26,38,17,63,31,81,82,57,48,84,29,6,
282	5	7	2.193	5,66,60,26,38,17,34,63,31,81,82,22,80,16,93,7,
282	5	8	2.225	5,66,96,57,48,93,16,80,37,75,47,70,89,40,95,56,8,
282	5	9	2.161	5,66,96,57,48,84,29,93,16,80,37,75,47,70,89,40,95,56,9,
282	5	10	2.273	5,66,96,57,48,93,16,80,37,75,47,70,89,40,95,56,32,28,10,
282	5	11	2.439	5,66,96,57,48,84,29,93,16,80,37,75,47,40,89,70,53,67,41,11,
282	5	12	2.538	5,66,96,57,48,84,29,93,16,80,37,75,40,89,70,53,67,41,54,12,
282	5	13	2.68	5,66,96,57,48,93,16,80,37,75,40,89,70,83,33,20,74,94,72,21,13,
282	5	14	2.49	5,66,60,26,38,17,63,34,71,61,52,91,43,90,62,36,68,97,14,
282	5	15	2.357	5,66,60,26,38,17,63,31,58,19,77,35,25,91,43,46,90,62,15,
282	6	7	2.22	6,29,84,48,96,66,60,26,17,63,81,82,22,16,93,7,
282	6	8	1.963	6,29,84,48,93,16,80,37,75,47,70,89,40,95,56,8,
282	6	9	1.735	6,29,84,48,93,16,80,37,75,47,70,89,40,95,56,9,
282	6	10	2.193	6,29,84,93,16,80,37,75,47,40,89,70,53,67,41,45,73,10,
282	6	11	2.229	6,29,84,48,93,16,80,37,75,47,40,89,70,73,45,53,67,41,11,
282	6	12	2.512	6,29,84,48,93,16,80,37,75,47,40,89,70,83,33,20,74,94,72,21,12,
282	6	13	2.48	6,29,84,48,93,16,80,37,75,47,40,89,70,83,33,20,74,94,72,21,13,
282	6	14	2.483	6,29,84,93,16,80,37,75,47,89,70,83,20,74,94,78,18,97,14,
282	6	15	2.527	6,29,84,48,57,96,66,60,26,17,63,34,71,61,52,91,43,90,46,15,
282	7	8	2.296	7,29,84,48,93,16,80,37,75,47,70,89,40,95,56,8,
282	7	9	2.068	7,29,84,48,93,16,80,37,75,47,70,89,40,95,56,9,
282	7	10	2.054	7,93,16,80,37,75,40,89,70,53,67,41,45,73,10,
282	7	11	2.361	7,93,16,80,37,75,47,40,89,70,83,33,20,53,67,41,11,
282	7	12	2.408	7,93,16,80,37,75,40,89,70,83,33,20,74,94,78,72,21,12,
282	7	13	2.493	7,93,16,80,37,75,40,89,70,83,33,99,27,86,20,74,94,72,21,13,
282	7	14	2.598	7,93,16,80,37,75,40,89,70,23,83,33,20,74,94,78,18,97,14,
282	7	15	2.693	7,93,16,80,37,75,47,40,89,70,83,33,99,27,86,88,68,36,62,15,
282	8	9	2.458	8,7,29,84,48,93,16,80,37,75,47,70,89,40,95,56,9,
282	8	10	2.368	8,56,95,40,89,70,83,33,99,86,20,53,67,45,73,10,
282	8	11	2.285	8,56,95,40,89,70,83,33,99,27,86,20,74,53,67,41,11,
282	8	12	2.446	8,56,95,40,89,70,83,33,99,27,86,20,74,53,67,41,54,12,
282	8	13	2.423	8,56,95,40,89,70,23,83,33,99,27,86,20,74,94,78,72,21,13,
282	8	14	2.668	8,56,95,40,89,70,23,42,49,33,99,27,86,20,74,94,78,18,97,14,
282	8	15	2.668	8,56,95,40,89,70,83,33,99,86,27,88,76,25,91,43,46,90,62,15,
282	9	10	2.085	9,56,95,40,89,70,83,33,20,74,53,67,41,45,73,10,
282	9	11	1.94	9,56,95,40,89,70,83,33,99,20,74,53,67,41,11,
282	9	12	2.223	9,56,95,40,89,70,83,33,99,27,86,20,74,94,78,72,21,54,12,
282	9	13	2.306	9,56,95,40,89,70,23,42,49,33,99,86,20,74,94,78,72,21,13,
282	9	14	2.44	9,56,95,40,89,70,23,42,49,33,99,27,86,20,74,94,78,18,97,14,
282	9	15	2.59	9,56,95,40,89,70,23,83,33,99,86,27,88,76,25,91,43,90,46,62,15,
282	10	11	2.079	10,28,32,95,40,89,70,83,33,20,74,53,67,41,11,
282	10	12	2.038	10,28,32,56,95,40,89,70,83,33,20,74,94,72,21,12,
282	10	13	2.006	10,28,32,56,95,40,89,70,83,33,20,74,94,72,21,13,
282	10	14	2.406	10,28,32,56,95,89,70,83,33,99,27,86,20,74,94,78,18,97,14,
282	10	15	2.47	10,73,45,41,67,53,74,20,86,27,88,87,76,25,91,43,90,46,62,15,
282	11	12	1.951	11,41,67,53,83,33,99,27,86,20,74,94,78,72,21,12,
282	11	13	1.919	11,41,67,53,83,33,99,27,86,20,74,94,78,72,21,13,
282	11	14	2.003	11,41,67,53,83,33,99,27,86,20,74,94,78,18,97,14,
282	11	15	2.227	11,41,67,53,74,20,86,27,88,76,87,25,91,43,46,90,62,15,
282	12	13	1.975	12,54,41,67,53,83,33,99,27,86,20,74,94,72,21,13,
282	12	14	2.139	12,21,72,78,94,74,20,33,99,86,27,87,76,68,97,14,
282	12	15	2.057	12,21,72,94,74,20,86,27,87,76,25,91,43,90,46,62,15,
282	13	14	2.118	13,21,72,78,94,74,20,83,33,99,86,27,88,18,97,14,
282	13	15	2.025	13,21,72,94,74,20,86,27,87,76,25,91,43,90,46,62,15,
282	14	15	2.129	14,97,18,78,94,74,20,86,27,87,76,25,43,90,62,15,
