327	0	1	2.375	0,99,35,21,36,86,69,46,74,82,16,41,44,38,81,1,
327	0	2	2.24	0,99,35,41,16,82,50,76,32,65,92,67,83,30,2,
327	0	3	2.205	0,21,35,41,16,82,50,76,32,65,63,30,83,92,3,
327	0	4	2.656	0,99,35,21,41,16,82,50,76,32,65,60,52,93,27,28,42,51,4,
327	0	5	2.569	0,99,35,41,16,82,50,76,32,60,52,93,27,42,28,43,90,77,84,5,
327	0	6	2.477	0,99,35,41,16,82,50,76,32,60,52,93,27,42,28,43,90,53,77,84,6,
327	0	7	2.56	0,99,35,21,41,16,82,50,76,32,60,52,93,27,42,28,90,53,94,7,
327	0	8	2.614	0,99,35,41,16,82,97,37,91,25,20,61,87,18,56,72,29,75,47,8,
327	0	9	2.681	0,21,36,69,86,17,88,80,31,98,24,34,70,73,57,58,66,40,9,
327	0	10	2.732	0,21,36,69,86,17,88,80,31,95,98,24,89,19,96,59,62,33,10,
327	0	11	2.477	0,99,35,21,36,69,86,17,88,80,31,95,98,71,24,89,62,59,11,
327	0	12	1.919	0,21,36,69,86,78,71,24,98,31,95,22,85,79,12,
327	0	13	1.975	0,21,36,69,86,78,71,24,98,31,95,22,85,68,13,
327	0	14	1.967	0,21,36,69,86,78,71,24,98,95,80,88,17,45,14,
327	0	15	2.151	0,21,36,69,86,78,71,24,98,31,80,88,17,49,15,
327	1	2	2.06	1,81,38,99,35,41,16,82,50,76,32,65,83,30,2,
327	1	3	1.957	1,81,38,99,35,21,41,16,44,63,30,83,92,67,3,
327	1	4	2.312	1,81,38,99,35,41,16,82,50,76,32,60,52,93,27,28,42,51,4,
327	1	5	2.175	1,81,38,99,35,41,16,82,50,76,32,60,52,93,27,28,42,51,5,
327	1	6	2.243	1,81,38,99,35,21,41,16,82,76,32,60,52,93,27,42,28,77,84,6,
327	1	7	2.428	1,81,38,99,35,41,16,82,50,76,32,60,52,93,27,42,28,90,53,94,7,
327	1	8	2.501	1,81,38,99,35,41,16,82,50,26,91,37,25,20,61,87,56,72,29,8,
327	1	9	2.566	1,81,38,44,41,16,82,97,37,91,25,20,61,87,56,72,29,75,47,9,
327	1	10	2.559	1,81,38,99,35,21,36,69,86,78,71,98,24,89,19,96,59,33,10,
327	1	11	2.353	1,81,38,99,35,21,36,69,86,78,80,31,95,98,24,89,19,96,59,11,
327	1	12	2.092	1,81,38,99,35,21,36,69,86,78,71,24,98,31,95,22,85,79,12,
327	1	13	2.022	1,81,38,99,35,21,36,69,86,78,71,24,98,95,85,22,13,
327	1	14	1.867	1,81,38,99,35,21,36,69,86,78,31,80,88,17,45,14,
327	1	15	2.004	1,81,38,99,35,21,36,69,86,78,88,17,45,55,49,15,
327	2	3	2.15	2,23,30,63,16,41,74,82,50,76,32,65,83,67,92,3,
327	2	4	2.118	2,23,30,83,67,92,65,32,76,60,52,93,27,28,42,51,4,
327	2	5	1.981	2,23,30,83,67,92,65,32,76,60,52,93,27,28,42,51,5,
327	2	6	2.15	2,23,30,83,67,92,65,32,76,50,26,60,52,93,27,42,28,77,84,6,
327	2	7	2.282	2,23,30,83,67,92,65,32,76,60,52,93,27,42,28,43,90,53,94,7,
327	2	8	2.382	2,23,30,63,32,76,60,52,93,27,42,28,43,90,53,61,87,56,72,29,8,
327	2	9	2.458	2,30,63,32,76,60,52,93,27,42,28,43,90,53,61,87,72,56,48,9,
327	2	10	2.597	2,30,63,32,76,50,26,91,25,20,87,39,72,56,48,54,66,33,10,
327	2	11	2.551	2,81,38,99,35,21,36,69,86,78,71,98,24,89,62,59,19,96,11,
327	2	12	2.509	2,81,38,99,35,21,36,69,86,78,71,24,98,95,31,80,22,85,79,12,
327	2	13	2.421	2,81,38,99,35,21,36,69,86,78,71,24,98,95,31,80,22,13,
327	2	14	2.282	2,23,44,35,21,36,69,86,78,71,24,98,31,80,88,17,45,14,
327	2	15	2.346	2,67,92,83,30,63,16,41,35,21,36,69,86,49,15,
327	3	4	1.932	3,92,83,65,32,76,50,26,60,52,93,27,28,42,51,4,
327	3	5	1.852	3,67,83,30,63,65,32,76,60,52,93,27,28,42,51,5,
327	3	6	1.683	3,92,67,83,65,32,76,60,52,93,27,28,42,77,84,6,
327	3	7	2.285	3,67,83,30,63,65,32,76,50,26,60,52,93,27,42,28,90,53,94,7,
327	3	8	2.221	3,67,92,65,32,76,60,52,93,27,42,28,90,53,61,87,56,72,29,8,
327	3	9	2.386	3,67,92,65,32,76,50,26,91,37,25,20,61,87,56,72,29,75,47,9,
327	3	10	2.496	3,92,65,32,76,50,26,91,37,25,20,87,72,56,48,54,58,66,33,10,
327	3	11	2.674	3,67,83,30,63,44,35,21,36,69,86,78,71,98,24,89,19,96,59,11,
327	3	12	2.531	3,67,83,63,44,35,21,36,69,86,78,71,24,98,31,95,22,85,79,12,
327	3	13	2.488	3,67,83,30,63,16,41,36,69,86,78,71,24,98,31,95,22,68,13,
327	3	14	2.434	3,67,83,30,63,16,41,74,46,34,24,98,95,31,80,88,17,45,14,
327	3	15	2.579	3,67,30,83,65,32,76,50,82,16,41,35,21,36,69,86,49,15,
327	4	5	1.938	4,65,32,76,60,52,93,27,42,28,43,90,53,77,84,5,
327	4	6	1.774	4,65,32,76,60,93,52,27,42,28,43,90,53,77,84,6,
327	4	7	2.016	4,65,32,76,50,60,52,93,27,51,42,28,43,90,53,94,7,
327	4	8	2.221	4,65,32,76,60,52,93,27,42,28,43,90,53,61,87,18,56,72,29,8,
327	4	9	2.423	4,65,32,76,60,52,93,27,42,28,43,90,53,61,87,56,72,29,75,47,9,
327	4	10	2.362	4,51,27,42,28,43,90,53,61,87,39,72,56,18,48,54,58,66,33,10,
327	4	11	2.763	4,51,27,42,28,43,90,53,61,87,18,56,72,29,75,48,54,58,66,33,11,
327	4	12	2.627	4,65,32,76,50,26,91,37,97,64,46,34,24,98,31,95,22,85,79,12,
327	4	13	2.582	4,65,32,76,50,26,91,37,97,64,46,34,24,98,31,95,22,68,13,
327	4	14	2.595	4,65,32,76,16,41,82,74,46,34,24,98,95,31,80,88,17,45,14,
327	4	15	2.709	4,65,32,76,50,82,74,46,34,24,98,95,31,80,88,17,45,55,15,
327	5	6	1.879	5,51,42,28,27,93,52,60,26,91,25,20,90,77,84,6,
327	5	7	1.956	5,51,93,52,27,42,28,43,90,53,61,87,18,56,72,39,7,
327	5	8	1.711	5,51,27,42,28,43,90,53,61,87,72,56,29,75,47,8,
327	5	9	2.248	5,51,27,42,28,43,90,53,61,87,56,72,29,75,48,54,58,66,40,9,
327	5	10	2.225	5,51,27,42,28,43,90,53,61,87,39,72,56,18,48,54,58,66,33,10,
327	5	11	2.469	5,51,27,42,28,43,90,53,61,87,39,72,56,18,48,54,58,66,33,11,
327	5	12	2.485	5,51,42,28,43,25,91,37,97,64,46,34,24,98,95,22,85,79,12,
327	5	13	2.55	5,51,42,28,90,20,25,91,37,97,64,46,34,24,98,95,22,68,13,
327	5	14	2.558	5,42,28,43,25,91,37,97,64,46,34,24,98,95,31,80,88,17,45,14,
327	5	15	2.559	5,42,28,27,93,52,60,32,76,50,82,16,41,35,21,36,69,86,49,15,
327	6	7	1.871	6,84,77,28,42,27,93,52,60,26,91,37,25,20,61,94,7,
327	6	8	1.647	6,84,77,42,28,43,90,53,61,87,56,72,29,75,47,8,
327	6	9	1.953	6,84,77,42,28,43,90,53,61,87,18,56,72,39,29,75,47,9,
327	6	10	2.166	6,84,77,42,28,43,90,53,61,87,39,72,56,18,48,54,58,66,33,10,
327	6	11	2.541	6,84,77,28,43,90,53,61,87,18,56,72,29,75,48,54,58,66,33,11,
327	6	12	2.395	6,77,90,20,25,91,37,97,64,46,34,24,98,95,22,85,79,12,
327	6	13	2.547	6,84,77,90,20,25,91,37,97,64,46,34,71,24,98,95,85,22,68,13,
327	6	14	2.524	6,77,90,53,20,25,91,37,97,64,46,34,24,98,31,80,88,17,45,14,
327	6	15	2.506	6,84,77,28,42,27,93,52,60,32,76,16,41,35,21,36,69,86,49,15,
327	7	8	2.024	7,94,53,90,43,91,37,25,20,61,39,72,56,75,29,8,
327	7	9	2.005	7,94,61,87,18,56,72,29,47,75,48,54,66,58,33,40,9,
327	7	10	2.459	7,94,53,90,43,91,37,25,20,61,87,72,56,18,48,54,58,66,33,10,
327	7	11	2.538	7,39,72,56,18,48,54,66,58,57,73,70,34,71,98,24,89,62,59,11,
327	7	12	2.368	7,39,72,56,18,57,73,70,34,71,24,98,95,31,80,22,85,79,12,
327	7	13	2.459	7,39,72,56,48,54,66,58,57,73,70,34,24,98,31,95,22,85,68,13,
327	7	14	2.619	7,39,72,56,18,48,54,66,58,57,73,70,34,71,24,98,95,31,80,88,17,45,14,
327	7	15	2.699	7,39,72,56,18,48,54,66,58,57,73,70,34,24,98,31,80,88,17,49,15,
327	8	9	2.033	8,47,75,29,39,87,72,56,18,48,54,66,58,57,33,40,9,
327	8	10	2.136	8,29,47,75,56,72,39,87,18,48,40,66,58,57,33,10,
327	8	11	2.062	8,47,75,29,72,56,18,48,54,58,66,33,59,19,96,11,
327	8	12	2.149	8,29,75,48,54,66,58,57,73,70,34,24,98,31,95,22,85,79,12,
327	8	13	2.226	8,47,75,29,72,56,18,57,73,70,34,71,24,98,95,85,22,68,13,
327	8	14	2.368	8,29,47,75,48,54,66,58,57,73,70,34,71,24,98,95,31,80,88,17,45,14,
327	8	15	2.456	8,29,72,56,18,57,73,70,34,71,24,98,95,31,80,88,17,45,55,15,
327	9	10	2.196	9,40,48,75,29,72,39,87,56,18,54,66,58,57,33,10,
327	9	11	2.054	9,40,54,66,58,57,73,70,34,24,98,89,19,96,59,11,
327	9	12	1.87	9,40,54,66,58,57,73,70,34,24,98,95,22,85,79,12,
327	9	13	2.168	9,40,54,66,58,57,73,70,34,71,24,98,31,95,22,85,79,68,13,
327	9	14	2.26	9,40,54,58,66,33,62,59,96,19,89,24,98,95,31,80,88,17,45,14,
327	9	15	2.528	9,40,33,62,59,96,19,89,24,71,98,95,31,80,88,17,45,55,49,15,
327	10	11	2.174	10,33,59,62,89,24,98,31,95,22,85,79,19,96,11,
327	10	12	1.871	10,33,62,59,96,19,89,24,98,31,95,22,85,79,12,
327	10	13	1.927	10,33,62,59,96,19,89,24,98,31,95,22,85,68,13,
327	10	14	1.883	10,33,59,96,19,89,24,98,95,31,80,88,17,45,14,
327	10	15	2.467	10,33,62,59,96,19,89,70,34,71,24,98,95,31,80,88,17,49,15,
327	11	12	1.607	11,96,19,59,62,89,24,98,95,31,80,22,85,79,12,
327	11	13	1.663	11,96,19,59,62,89,24,98,95,31,80,22,85,68,13,
327	11	14	1.595	11,59,96,19,89,24,71,98,95,31,80,88,17,45,14,
327	11	15	2.161	11,59,96,19,89,70,34,71,24,98,95,31,80,88,17,45,55,49,15,
327	12	13	1.555	12,79,19,96,59,62,89,24,98,95,31,80,22,68,13,
327	12	14	1.529	12,79,85,22,95,98,24,34,71,31,80,88,17,45,14,
327	12	15	1.657	12,79,85,22,95,98,24,71,31,80,88,17,45,55,15,
327	13	14	1.526	13,68,79,85,22,95,98,24,71,31,80,88,17,45,14,
327	13	15	1.758	13,68,79,85,22,95,98,24,71,31,80,88,17,49,15,
327	14	15	1.887	14,45,17,88,80,31,95,98,24,34,71,78,86,49,15,
