540	0	1	2.102	0,25,61,98,80,89,51,31,20,94,54,40,55,43,97,1,
540	0	2	1.871	0,25,61,18,98,80,89,93,51,63,31,94,20,40,55,2,
540	0	3	2.044	0,26,25,61,18,98,80,89,93,51,63,31,94,20,40,54,3,
540	0	4	2.275	0,25,61,18,98,80,89,93,63,31,94,20,40,54,48,29,65,4,
540	0	5	2.46	0,25,61,98,80,89,93,51,63,94,20,31,40,54,48,29,65,82,5,
540	0	6	2.473	0,25,61,98,80,89,73,50,39,16,60,77,24,96,42,72,86,66,78,19,6,
540	0	7	2.562	0,25,61,18,98,80,89,73,50,39,16,60,77,44,58,37,38,57,53,81,7,
540	0	8	2.562	0,61,25,99,62,59,33,50,39,16,60,77,44,58,37,41,46,22,8,
540	0	9	2.609	0,26,45,34,32,36,79,88,21,27,91,85,83,49,84,74,69,71,64,9,
540	0	10	2.566	0,26,45,34,32,36,79,88,21,27,91,28,52,59,33,67,47,69,90,10,
540	0	11	2.623	0,26,45,34,32,36,79,88,21,27,91,28,52,59,33,17,47,74,84,11,
540	0	12	2.591	0,26,45,34,32,36,79,88,21,27,91,28,52,59,33,17,49,83,12,
540	0	13	2.54	0,25,61,98,80,89,73,50,33,59,62,99,34,32,36,79,88,13,
540	0	14	1.69	0,25,61,99,62,59,33,52,28,91,27,21,88,79,36,14,
540	0	15	1.871	0,25,61,99,62,28,85,91,27,21,88,79,36,32,34,15,
540	1	2	2.247	1,0,25,61,98,80,89,93,51,63,31,94,20,54,40,55,2,
540	1	3	2.35	1,97,43,55,40,20,94,31,63,51,93,35,68,87,65,29,3,
540	1	4	2.582	1,97,43,55,40,20,94,31,63,68,96,42,72,66,86,30,82,4,
540	1	5	2.417	1,97,43,55,40,20,94,31,63,68,96,42,86,66,78,19,95,75,5,
540	1	6	2.296	1,97,43,55,40,20,31,94,54,48,29,65,87,30,86,66,78,19,6,
540	1	7	2.509	1,97,43,55,40,20,94,31,51,93,35,24,60,77,44,58,37,38,57,53,81,7,
540	1	8	2.579	1,97,43,55,40,20,94,31,63,93,35,24,60,77,44,58,37,41,46,22,8,
540	1	9	2.642	1,97,43,55,40,20,94,31,51,93,35,24,60,77,44,58,37,41,46,9,
540	1	10	2.793	1,97,61,25,26,45,34,32,36,79,88,21,27,91,85,83,49,84,74,90,10,
540	1	11	2.781	1,97,61,25,45,34,32,36,79,88,21,27,91,85,28,52,33,17,49,11,
540	1	12	2.503	1,97,18,61,25,45,34,32,36,79,88,21,27,91,85,28,52,83,12,
540	1	13	2.24	1,97,18,98,80,89,73,50,33,59,52,28,85,27,91,36,79,88,13,
540	1	14	1.939	1,97,18,61,25,26,45,34,32,36,91,27,21,88,79,14,
540	1	15	2.02	1,97,61,25,99,62,28,91,27,21,88,79,36,32,34,15,
540	2	3	2.11	2,43,55,40,20,94,31,63,51,93,35,68,87,65,29,3,
540	2	4	1.999	2,43,55,40,31,94,20,54,48,29,65,87,30,75,82,4,
540	2	5	2.141	2,55,40,20,94,31,63,68,96,42,72,86,66,78,19,95,30,75,5,
540	2	6	2.13	2,43,55,40,31,94,20,54,48,29,65,87,30,95,86,66,78,19,6,
540	2	7	2.312	2,55,40,20,94,31,63,51,93,35,24,60,77,44,58,37,41,38,53,81,7,
540	2	8	2.393	2,55,40,20,94,31,63,51,93,35,24,60,77,44,58,37,38,57,53,81,70,8,
540	2	9	2.491	2,55,40,20,94,31,63,51,93,35,24,60,77,44,58,37,41,46,92,71,9,
540	2	10	2.578	2,55,40,20,94,31,63,51,89,80,73,50,39,67,47,69,74,84,90,10,
540	2	11	2.63	2,55,40,20,94,31,63,51,93,89,80,73,50,39,67,47,69,74,84,11,
540	2	12	2.488	2,55,40,20,94,31,63,51,89,80,73,50,33,59,52,28,85,83,12,
540	2	13	2.169	2,55,40,20,94,31,51,89,73,50,33,59,52,28,85,91,27,21,88,13,
540	2	14	2.142	2,43,76,18,80,89,73,50,33,59,52,28,85,91,27,21,88,79,36,14,
540	2	15	1.874	2,55,40,20,94,31,63,51,93,89,80,98,61,25,45,15,
540	3	4	2.087	3,29,48,54,40,20,94,31,63,51,93,35,68,87,65,4,
540	3	5	1.907	3,54,40,20,94,31,63,68,96,72,66,86,30,75,5,
540	3	6	1.987	3,54,40,20,94,31,51,93,35,68,96,42,72,86,66,78,19,6,
540	3	7	2.135	3,54,40,20,94,31,51,93,35,24,60,77,44,58,37,38,57,53,81,7,
540	3	8	2.256	3,54,40,20,94,31,63,51,93,35,24,60,77,44,58,37,41,46,22,8,
540	3	9	2.457	3,54,40,20,94,31,63,51,93,35,24,60,77,44,58,37,41,46,92,9,
540	3	10	2.677	3,54,40,20,94,31,63,51,93,89,80,73,50,39,67,47,69,74,84,90,10,
540	3	11	2.648	3,54,40,20,94,31,63,51,93,89,80,73,50,39,67,47,69,74,84,11,
540	3	12	2.66	3,54,40,20,94,31,63,51,89,73,50,33,59,52,28,85,91,27,21,88,13,12,
540	3	13	2.229	3,54,40,20,94,31,51,89,80,73,50,33,59,52,28,85,91,27,21,88,13,
540	3	14	2.175	3,54,20,94,31,51,89,80,73,50,33,59,52,28,85,91,27,21,88,79,14,
540	3	15	2.272	3,29,48,54,20,94,31,40,55,43,76,18,61,25,99,32,34,45,15,
540	4	5	2.055	4,29,48,54,40,20,94,31,63,65,87,82,30,75,5,
540	4	6	2.01	4,29,48,54,20,94,31,63,68,96,42,72,86,66,78,19,6,
540	4	7	2.169	4,82,30,86,66,72,42,96,24,60,77,44,58,37,38,53,81,7,
540	4	8	2.313	4,82,30,95,78,66,86,42,96,24,60,77,44,58,37,41,46,22,8,
540	4	9	2.563	4,82,30,95,19,78,66,86,42,96,24,60,77,44,58,37,41,92,71,9,
540	4	10	2.696	4,82,30,95,78,66,86,72,42,96,24,60,77,44,58,37,41,92,71,64,10,
540	4	11	2.738	4,82,30,95,19,78,66,86,42,96,24,77,60,16,23,47,69,74,84,11,
540	4	12	2.645	4,29,48,54,40,20,94,31,51,89,80,73,50,33,59,52,28,83,12,
540	4	13	2.407	4,29,48,54,20,94,31,51,89,73,50,33,59,52,28,85,91,27,21,88,13,
540	4	14	2.385	4,29,48,63,51,89,80,73,50,33,59,52,28,85,91,27,21,88,79,36,14,
540	4	15	2.312	4,29,48,54,20,94,31,40,55,43,76,18,61,25,99,32,34,45,15,
540	5	6	1.859	5,75,30,42,96,24,60,77,58,44,37,66,86,78,19,6,
540	5	7	1.777	5,75,30,95,78,66,86,42,72,44,58,37,38,57,53,81,7,
540	5	8	2.064	5,75,30,95,78,66,86,42,96,24,60,77,44,58,37,41,46,22,8,
540	5	9	2.231	5,75,30,86,66,72,42,96,24,60,77,44,58,37,41,92,71,64,9,
540	5	10	2.469	5,75,30,95,78,66,86,72,42,96,24,77,60,16,23,47,69,74,84,90,10,
540	5	11	2.542	5,75,30,95,19,78,66,86,72,42,96,24,77,60,16,23,47,69,74,84,11,
540	5	12	2.684	5,75,30,86,66,72,42,96,24,77,60,16,39,50,33,59,52,28,83,12,
540	5	13	2.415	5,75,30,42,72,96,24,77,60,16,39,50,33,59,52,28,85,91,27,21,88,13,
540	5	14	2.295	5,75,30,42,96,24,77,60,16,39,33,59,52,28,85,91,27,21,88,79,14,
540	5	15	2.554	5,82,87,65,29,48,54,20,94,31,40,55,43,76,18,61,25,26,45,15,
540	6	7	1.668	6,19,78,66,86,42,96,24,60,77,44,37,38,53,81,7,
540	6	8	1.752	6,19,78,66,86,42,96,24,60,77,44,58,41,46,22,8,
540	6	9	1.892	6,19,78,66,86,42,96,24,60,77,58,44,37,41,46,9,
540	6	10	2.307	6,19,78,66,86,72,42,96,24,77,60,16,23,67,47,69,74,84,90,10,
540	6	11	2.496	6,19,78,66,86,42,96,24,60,77,58,44,37,41,46,92,69,74,84,11,
540	6	12	2.515	6,19,78,66,86,72,42,96,24,77,60,16,39,50,33,59,52,28,83,12,
540	6	13	2.274	6,19,78,66,86,42,96,24,77,60,16,39,33,59,52,28,85,91,27,21,88,13,
540	6	14	2.283	6,19,78,66,86,42,96,77,60,16,39,33,52,28,85,91,27,21,88,79,36,14,
540	6	15	2.43	6,19,78,66,86,42,96,24,77,60,16,39,50,33,59,62,32,34,45,15,
540	7	8	1.923	7,81,53,38,66,86,42,96,72,44,58,37,41,46,22,8,
540	7	9	2.124	7,81,53,38,66,86,42,96,72,44,58,37,41,46,92,9,
540	7	10	2.076	7,81,53,38,37,44,77,60,16,23,47,69,74,84,90,10,
540	7	11	2.514	7,81,53,57,38,37,58,44,72,42,96,24,77,60,16,23,47,69,74,84,11,
540	7	12	2.473	7,81,53,57,38,37,44,58,77,60,16,23,67,33,59,52,28,83,12,
540	7	13	2.201	7,81,53,38,37,44,77,60,16,39,33,59,52,28,85,91,27,21,88,13,
540	7	14	2.259	7,81,53,38,37,44,58,77,60,16,39,33,59,52,28,85,91,27,21,88,79,14,
540	7	15	2.441	7,81,53,57,38,37,44,58,77,60,16,23,67,33,59,62,32,34,45,15,
540	8	9	2.249	8,22,46,56,57,70,81,53,38,37,44,58,41,92,71,64,9,
540	8	10	2.127	8,22,46,41,37,44,58,77,60,16,23,47,84,74,90,10,
540	8	11	2.281	8,22,46,41,37,44,58,77,60,16,23,67,47,69,74,84,11,
540	8	12	2.598	8,22,46,41,37,44,58,77,60,16,39,50,33,59,52,28,85,83,12,
540	8	13	2.33	8,22,46,41,37,44,58,77,60,16,39,33,59,52,28,85,91,27,21,88,13,
540	8	14	2.313	8,22,46,41,58,44,77,60,16,39,33,59,52,28,85,91,27,21,88,79,14,
540	8	15	2.486	8,22,46,41,37,44,58,77,60,16,39,50,33,59,62,32,34,45,15,
540	9	10	2.3	9,46,41,37,44,58,77,60,16,23,47,69,74,84,90,10,
540	9	11	2.489	9,22,46,41,37,44,58,77,60,16,23,67,47,69,74,84,11,
540	9	12	2.552	9,46,41,37,44,58,77,60,16,39,50,33,59,52,83,12,
540	9	13	2.38	9,46,41,58,44,77,60,16,39,33,59,52,28,85,91,27,21,88,13,
540	9	14	2.439	9,46,41,58,44,77,60,16,39,33,59,52,28,91,27,21,88,79,36,14,
540	9	15	2.505	9,71,69,47,67,33,59,52,28,85,91,27,21,88,79,36,32,34,45,15,
540	10	11	2.506	10,64,71,92,41,37,44,58,77,60,16,23,47,69,74,84,11,
540	10	12	2.391	10,90,84,74,69,47,17,33,59,52,28,91,27,85,83,12,
540	10	13	2.013	10,90,84,74,69,47,67,33,59,52,28,85,91,27,21,88,13,
540	10	14	2.238	10,90,84,74,69,47,67,39,50,33,59,52,28,85,91,27,21,88,79,14,
540	10	15	2.319	10,90,69,47,17,33,59,52,28,85,91,27,21,88,79,36,32,34,15,
540	11	12	2.496	11,84,74,69,47,23,67,39,50,33,59,52,28,85,83,12,
540	11	13	2.152	11,84,74,69,47,67,39,50,33,59,52,28,91,27,21,13,
540	11	14	2.121	11,84,74,69,47,23,67,33,59,52,28,85,27,21,88,79,14,
540	11	15	2.141	11,49,17,33,59,52,28,85,91,27,21,88,79,36,32,34,45,15,
540	12	13	2.237	12,83,17,47,67,39,50,33,59,52,28,85,91,27,21,13,
540	12	14	2.206	12,13,88,21,27,91,85,28,52,33,59,62,99,32,36,79,14,
540	12	15	2.013	12,83,85,27,91,28,52,33,59,62,99,32,34,45,15,
540	13	14	1.816	13,88,21,27,91,85,28,52,33,59,62,99,32,36,79,14,
540	13	15	1.646	13,88,21,27,91,85,28,52,33,59,62,99,32,34,45,15,
540	14	15	1.538	14,36,79,88,21,27,91,85,28,52,59,62,32,34,45,15,
