43	0	3	2.487	0,82,40,68,55,16,23,45,56,85,67,32,43,74,73,42,3,
43	0	4	2.563	0,82,40,68,55,16,35,23,74,43,56,85,32,67,25,61,75,28,4,
43	0	2	2.4	0,31,97,52,57,78,22,64,65,40,82,68,55,16,23,35,2,
43	0	1	2.481	0,31,97,52,57,78,22,64,65,40,82,68,55,16,23,35,1,
43	0	5	2.498	0,82,68,55,16,35,23,74,43,56,85,32,67,25,49,72,69,48,5,
43	0	9	2.631	0,31,97,52,57,78,58,62,70,47,88,37,66,53,96,91,21,33,26,9,
43	0	7	2.579	0,82,68,55,16,23,45,56,85,32,67,25,49,29,94,34,36,38,41,7,
43	0	8	2.694	0,82,68,55,16,23,45,56,85,32,67,25,49,72,94,34,36,41,38,87,8,
43	0	6	2.492	0,82,68,55,16,23,74,43,56,85,32,67,61,48,25,49,72,69,6,
43	0	11	2.699	0,31,97,52,57,54,24,93,98,84,39,80,50,37,66,53,17,92,11,
43	0	10	2.639	0,31,97,52,57,54,24,93,98,84,18,39,80,50,37,66,53,92,17,10,
43	0	14	2.449	0,82,40,68,55,16,35,23,19,65,64,22,78,57,46,44,14,
43	1	4	2.341	1,68,55,16,35,23,74,43,56,85,32,67,61,48,75,28,4,
43	0	15	2.425	0,82,40,68,55,16,23,65,64,22,78,57,52,97,31,83,15,
43	1	5	2.275	1,68,55,16,23,74,43,56,85,32,67,25,49,72,69,48,5,
43	1	3	2.455	1,68,55,16,35,23,45,76,56,85,67,32,43,74,73,42,3,
43	0	13	2.607	0,82,68,55,16,23,65,64,22,78,57,54,24,93,98,84,18,13,
43	1	8	2.623	1,68,55,16,23,74,43,56,85,32,67,25,49,29,94,34,36,41,38,87,8,
43	1	7	2.525	1,68,55,16,23,74,43,56,85,32,67,25,49,29,94,34,36,38,41,7,
43	1	6	2.449	1,68,55,16,35,23,74,43,56,85,32,67,61,48,25,49,72,69,6,
43	1	2	2.602	1,82,31,97,52,57,78,22,64,65,40,68,55,16,23,35,2,
43	0	12	2.595	0,82,40,68,55,16,35,23,65,64,22,78,57,54,24,93,98,84,18,12,
43	1	15	2.393	1,35,23,16,55,68,40,65,64,22,78,57,52,97,31,83,15,
43	1	14	2.552	1,68,55,16,23,65,64,22,78,58,62,95,93,24,54,59,44,14,
43	2	4	2.277	2,42,73,74,43,32,67,25,49,72,69,48,61,75,28,4,
43	2	5	2.191	2,42,73,74,43,56,85,32,67,61,25,49,29,72,69,48,5,
43	2	3	2.503	2,35,23,16,55,68,40,65,64,19,76,45,43,74,73,42,3,
43	1	13	2.661	1,68,55,16,35,23,65,64,22,78,58,62,95,93,24,98,84,18,13,
43	1	9	2.733	1,68,55,65,64,22,78,58,62,70,47,88,37,66,53,96,91,51,71,26,9,
43	2	6	2.491	2,35,23,16,55,65,19,76,45,56,85,32,67,61,25,49,72,69,6,
43	1	11	2.584	1,68,55,16,23,65,64,22,78,57,54,24,93,98,84,39,80,50,11,
43	1	12	2.578	1,68,55,16,35,23,65,64,22,78,58,62,95,93,24,54,98,84,18,12,
43	1	10	2.774	1,35,23,16,55,68,40,65,64,22,78,58,62,95,47,88,37,66,53,92,17,10,
43	3	5	1.79	3,73,74,43,56,85,32,67,61,25,49,72,69,48,5,
43	3	4	2.037	3,73,74,43,32,67,61,25,49,72,69,48,75,28,4,
43	2	15	2.312	2,35,23,16,55,68,40,65,64,22,78,57,52,97,31,83,15,
43	2	14	2.601	2,35,23,16,55,68,40,65,64,22,58,62,95,93,24,54,59,44,14,
43	2	8	2.511	2,42,73,74,43,56,85,32,67,61,25,49,72,29,94,34,36,41,38,87,8,
43	2	9	2.58	2,42,73,74,43,56,32,67,25,49,72,94,34,36,90,86,60,21,33,26,9,
43	2	13	2.714	2,35,23,16,55,68,82,40,65,64,22,78,57,54,24,93,98,84,18,13,
43	2	7	2.404	2,42,73,74,43,56,85,32,67,61,25,49,72,29,94,34,36,41,38,7,
43	2	10	2.561	2,35,23,16,55,68,40,65,64,22,78,58,62,47,88,37,66,53,92,17,10,
43	2	11	2.621	2,35,23,16,55,68,82,31,97,52,57,54,24,93,98,84,39,80,50,11,
43	2	12	2.602	2,35,23,16,55,68,40,65,64,22,78,58,62,95,93,24,54,98,84,18,12,
43	4	5	1.729	4,28,99,74,43,56,85,32,67,25,49,29,72,69,48,5,
43	3	6	1.758	3,73,74,43,56,85,32,67,61,48,25,49,72,69,6,
43	3	14	2.77	3,73,42,35,23,16,55,65,64,22,78,58,62,95,93,24,54,59,44,14,
43	3	8	2.222	3,73,74,43,56,85,32,67,61,25,49,72,29,94,34,36,41,38,87,8,
43	3	7	2.115	3,73,74,43,56,85,32,67,61,25,49,72,29,94,34,36,41,38,7,
43	3	9	2.349	3,73,74,43,56,85,32,67,25,49,72,94,34,36,90,86,60,21,33,26,9,
43	3	15	2.849	3,73,74,43,32,67,85,56,45,76,19,65,64,22,78,57,52,97,31,15,
43	3	13	2.843	3,73,35,23,16,55,68,40,65,64,22,78,57,54,24,93,98,84,18,13,
43	3	11	2.732	3,73,74,43,56,85,63,90,86,60,21,33,91,96,53,66,37,20,50,11,
43	3	10	2.524	3,73,74,32,67,25,49,29,94,34,36,90,86,60,21,33,51,71,17,92,10,
43	3	12	2.712	3,73,42,35,23,16,55,68,40,65,64,22,78,57,54,24,93,98,84,18,12,
43	4	7	1.792	4,28,75,32,67,61,25,49,72,29,94,34,36,41,38,7,
43	5	6	1.764	5,48,61,25,67,32,56,85,63,94,29,49,72,69,6,
43	4	6	1.666	4,28,99,74,43,56,85,32,67,61,25,49,29,72,69,6,
43	4	14	2.692	4,28,75,48,61,25,67,32,85,56,76,19,65,64,22,78,57,46,44,14,
43	4	8	2.165	4,28,99,74,43,56,85,32,67,61,25,49,72,29,94,34,36,41,38,87,8,
43	4	15	2.732	4,28,75,61,67,32,85,56,43,74,23,35,16,55,68,82,31,97,83,15,
43	4	9	2.194	4,28,75,61,25,49,29,94,34,36,90,86,60,21,33,91,96,51,71,26,9,
43	4	13	2.79	4,75,61,25,49,29,94,34,36,90,86,60,27,89,70,62,95,93,24,54,13,
43	4	10	2.283	4,28,75,61,25,49,29,94,34,36,90,86,60,21,33,91,96,53,92,10,
43	4	11	2.431	4,28,75,61,25,49,29,94,34,36,90,86,60,21,33,51,71,17,92,11,
43	4	12	2.659	4,75,61,25,49,29,94,34,36,90,21,33,91,96,53,66,37,20,39,80,12,
43	5	8	1.645	5,48,61,25,49,72,29,94,34,36,90,86,60,21,33,8,
43	6	8	1.732	6,69,48,61,67,25,49,72,94,34,36,41,38,87,8,
43	6	7	1.847	6,69,72,49,25,67,32,56,85,29,94,34,36,38,41,7,
43	5	7	1.804	5,48,25,49,29,94,34,36,90,86,60,21,33,87,38,7,
43	5	9	1.929	5,48,61,25,49,29,94,34,36,90,86,60,21,33,91,96,51,71,26,9,
43	5	14	2.73	5,48,69,72,49,25,61,67,32,85,56,76,19,65,64,22,78,57,46,44,14,
43	5	13	2.569	5,48,61,25,49,29,94,34,36,90,86,60,27,89,70,62,95,93,24,54,13,
43	5	15	2.716	5,48,61,25,49,72,29,67,32,85,56,76,19,65,64,22,52,97,31,83,15,
43	5	11	2.197	5,48,61,25,49,72,94,34,36,90,86,60,21,33,91,96,53,66,11,
43	5	10	2.082	5,48,61,25,49,29,94,34,36,90,86,60,21,33,91,96,51,71,17,92,10,
43	5	12	2.438	5,48,61,25,49,29,94,34,36,90,21,33,91,96,53,66,37,20,39,80,12,
43	6	9	1.695	6,72,94,34,36,90,86,60,21,33,91,96,51,71,26,9,
43	7	9	1.541	7,38,41,34,36,90,86,60,21,33,91,96,51,71,26,9,
43	7	8	1.783	7,38,41,34,36,90,86,60,21,33,91,96,51,71,26,8,
43	7	10	1.609	7,38,41,36,90,86,60,21,33,91,96,51,71,17,92,10,
43	6	10	1.785	6,94,34,36,90,86,60,21,33,91,96,51,71,17,92,10,
43	6	14	2.551	6,69,72,49,25,61,67,32,85,56,76,19,65,64,22,78,57,46,44,14,
43	6	15	2.586	6,69,72,49,25,67,32,85,56,43,74,23,16,55,68,40,52,97,31,15,
43	6	13	2.478	6,72,94,34,36,90,86,60,21,33,91,96,53,66,37,20,39,84,13,
43	7	11	2.024	7,41,38,90,86,60,21,33,91,96,53,66,37,20,39,80,50,11,
43	6	11	2.216	6,69,72,94,34,36,90,86,60,21,33,91,96,53,66,37,20,50,11,
43	6	12	2.316	6,72,29,94,34,36,90,86,60,21,33,91,96,53,66,37,20,39,80,12,
43	8	9	1.563	8,87,38,41,36,90,86,60,21,33,91,96,51,71,26,9,
43	8	10	1.667	8,87,38,41,36,90,86,60,21,33,91,51,71,17,92,10,
43	8	11	1.755	8,33,21,91,96,51,71,53,66,37,20,39,80,50,11,
43	7	14	2.394	7,41,38,87,21,33,51,91,96,77,88,47,95,93,24,54,59,44,14,
43	8	14	2.346	8,33,21,91,96,53,66,37,50,80,39,84,98,24,54,59,44,14,
43	7	15	2.653	7,38,41,36,34,94,29,49,25,67,32,85,56,76,19,65,52,97,31,15,
43	7	13	2.288	7,41,38,90,86,60,21,33,91,96,53,66,37,20,39,84,98,13,
43	8	13	2.289	8,33,21,91,96,51,71,17,92,53,66,37,88,47,95,93,24,54,13,
43	8	12	2.097	8,33,21,91,96,53,66,37,88,47,62,58,95,93,98,84,18,12,
43	8	15	2.711	8,33,21,91,96,51,71,53,66,37,88,47,62,58,78,57,52,97,31,83,15,
43	7	12	2.083	7,38,41,36,90,86,60,21,33,51,91,96,53,66,37,20,39,80,12,
43	10	14	1.755	10,17,92,66,37,20,39,84,98,93,24,54,59,44,14,
43	10	13	1.708	10,17,92,53,66,37,50,80,39,84,98,93,24,54,13,
43	9	10	1.748	9,26,33,21,86,60,27,91,51,96,53,66,92,17,10,
43	9	11	1.704	9,26,51,91,96,53,17,92,66,37,20,39,80,50,11,
43	10	11	1.647	10,92,17,71,51,91,96,53,66,37,20,39,80,50,11,
43	10	12	1.633	10,17,92,53,66,37,20,50,80,39,93,98,84,18,12,
43	9	12	1.698	9,26,71,51,91,96,53,66,37,20,39,98,84,18,12,
43	9	14	2.171	9,26,71,51,91,96,53,66,37,20,39,84,98,93,24,54,59,44,14,
43	9	15	2.56	9,26,71,51,91,96,53,66,37,20,39,84,98,93,24,54,59,44,14,15,
43	9	13	2.124	9,26,71,51,91,96,53,66,37,20,50,80,39,84,98,93,24,54,13,
43	10	15	2.557	10,17,92,53,66,37,20,50,80,39,84,98,93,24,54,57,52,97,31,83,15,
43	13	14	2.234	13,98,84,39,80,50,20,88,47,95,93,24,54,46,44,14,
43	12	14	2.007	12,18,84,98,39,80,50,20,95,93,24,54,59,44,14,
43	11	14	2.06	11,50,80,39,84,98,24,93,95,62,58,78,57,46,44,14,
43	12	13	2.026	12,18,84,39,80,50,66,37,88,47,95,93,24,54,13,
43	11	13	1.974	11,92,17,53,66,37,20,50,80,39,84,98,93,24,54,13,
43	14	15	2.332	14,44,59,54,24,98,93,95,62,58,78,57,52,97,31,83,15,
43	13	15	2.314	13,18,84,98,54,24,93,95,62,58,78,57,52,97,31,83,15,
43	12	15	2.192	12,18,80,50,39,84,98,93,24,54,57,52,97,31,83,15,
43	11	12	1.805	11,50,80,39,20,88,47,62,58,95,93,24,98,84,18,12,
43	11	15	2.509	11,50,80,39,18,84,98,54,24,93,95,62,58,78,57,52,97,31,15,
