235	0	2	1.905	0,89,79,41,22,73,72,99,94,51,56,34,62,66,44,96,2,
235	0	3	2.003	0,89,79,41,95,22,73,72,99,94,51,56,34,62,66,44,3,
235	0	1	1.973	0,89,79,41,22,36,68,73,19,72,99,97,63,25,81,1,
235	0	8	2.56	0,89,79,41,22,36,68,73,19,31,93,24,49,20,80,78,76,83,91,8,
235	0	7	2.386	0,89,79,41,22,73,72,19,31,93,24,20,78,80,83,87,88,33,53,98,7,
235	0	6	2.435	0,89,79,41,22,73,72,19,31,93,24,20,78,80,83,87,88,33,85,43,6,
235	0	10	2.456	0,89,79,41,22,73,72,19,31,93,24,49,20,80,78,76,21,26,29,75,10,
235	0	9	2.487	0,89,79,41,22,36,68,73,72,19,31,93,24,49,20,80,78,76,39,9,
235	0	4	2.035	0,25,81,63,97,51,56,34,62,66,57,82,38,42,37,4,
235	0	5	2.351	0,89,79,41,22,73,19,31,93,24,20,49,65,27,28,61,16,52,64,5,
235	0	11	2.551	0,89,79,41,95,22,73,72,19,68,36,50,92,86,74,77,71,48,70,11,
235	0	13	1.879	0,89,79,41,95,22,72,73,68,36,50,92,86,74,59,13,
235	1	3	2.045	1,81,25,63,51,56,34,62,66,57,18,54,82,38,42,3,
235	1	5	2.061	1,81,63,51,56,34,62,66,57,82,60,61,16,52,64,5,
235	1	2	2.053	1,81,25,89,79,41,22,95,97,51,56,34,62,66,44,96,2,
235	0	14	1.899	0,89,79,41,22,72,73,68,36,50,92,86,74,59,17,14,
235	0	15	2.082	0,89,79,41,22,73,68,36,86,92,74,59,17,47,40,15,
235	1	7	2.409	1,81,63,97,99,72,73,19,31,93,24,20,80,83,87,88,33,53,98,7,
235	1	8	2.71	1,81,63,97,95,22,68,73,72,19,31,93,24,49,20,80,78,76,83,91,8,
235	1	4	1.965	1,81,63,51,56,34,62,66,57,18,54,82,38,42,37,4,
235	0	12	1.873	0,89,79,41,22,73,68,36,50,92,86,74,77,55,12,
235	1	6	2.4	1,81,63,34,62,66,57,82,54,18,84,65,27,28,61,16,52,30,35,6,
235	1	15	2.108	1,81,25,63,97,99,72,19,73,68,36,22,95,41,79,15,
235	2	5	1.895	2,96,34,62,66,57,54,18,84,65,27,28,61,16,52,64,5,
235	2	3	2.171	2,96,34,62,66,57,54,18,84,65,27,28,60,82,38,42,3,
235	1	13	2.318	1,81,25,89,79,41,95,22,73,72,19,68,36,50,92,86,74,59,13,
235	2	4	1.963	2,96,34,62,66,57,54,18,84,65,27,28,61,16,37,4,
235	2	6	2.215	2,96,66,62,34,56,57,82,54,18,84,65,27,28,61,16,52,30,35,6,
235	1	14	1.956	1,81,63,97,99,72,73,68,36,50,92,86,74,59,17,14,
235	1	10	2.54	1,81,63,97,99,72,73,19,31,93,24,49,20,80,78,76,21,26,29,75,10,
235	1	9	2.693	1,81,63,95,22,36,68,73,72,19,31,93,24,49,20,80,83,91,39,9,
235	1	11	2.487	1,81,63,97,99,72,19,73,68,36,50,92,86,74,77,48,46,70,11,
235	1	12	2.462	1,81,25,89,79,41,95,22,73,72,19,68,36,50,92,86,74,77,55,12,
235	2	15	2.025	2,96,44,66,62,34,56,51,94,99,72,73,68,36,22,41,15,
235	3	5	1.926	3,42,38,82,54,18,84,65,27,28,61,16,52,30,90,64,5,
235	3	4	2.044	3,42,38,82,57,54,18,84,65,27,28,61,52,16,37,4,
235	2	8	2.564	2,96,44,66,62,34,56,57,82,60,61,16,52,30,35,85,43,98,53,8,
235	2	7	2.373	2,96,44,66,62,34,56,57,82,38,60,61,16,52,30,35,85,43,98,53,7,
235	2	13	2.348	2,96,44,66,62,34,56,51,94,99,72,19,73,68,36,50,92,86,74,59,13,
235	2	14	2.006	2,96,44,66,62,34,56,51,94,99,72,73,68,36,47,17,14,
235	2	10	2.562	2,96,44,66,57,82,54,18,28,27,65,49,20,80,78,76,21,26,29,75,10,
235	2	12	2.259	2,96,62,34,56,51,94,99,72,73,68,36,50,92,86,74,77,55,12,
235	2	9	2.63	2,96,44,66,62,34,56,57,82,54,18,28,27,65,49,20,80,78,76,39,9,
235	2	11	2.425	2,96,44,66,62,34,56,51,94,99,72,73,68,36,50,71,48,46,70,11,
235	4	5	1.873	4,37,42,38,82,54,18,28,27,45,61,16,52,64,5,
235	3	6	1.907	3,42,38,82,54,18,84,65,27,28,61,16,52,90,30,35,6,
235	3	15	2.482	3,44,66,62,34,56,51,94,99,72,73,68,36,50,92,86,47,40,15,
235	3	7	2.241	3,42,38,82,54,18,84,65,27,28,61,16,52,30,35,85,43,98,53,7,
235	3	8	2.492	3,42,38,82,54,18,84,65,27,28,61,16,52,30,35,85,43,98,53,8,
235	3	13	2.554	3,44,66,62,34,56,51,94,93,31,19,72,73,68,36,50,92,86,74,77,13,
235	3	9	2.626	3,42,38,82,54,18,84,28,27,65,49,20,80,78,76,21,26,29,75,9,
235	3	14	2.346	3,44,66,62,34,56,51,94,99,72,73,68,36,50,92,86,74,59,17,14,
235	3	10	2.544	3,42,38,82,54,18,60,28,27,65,49,20,80,78,76,21,26,29,75,67,10,
235	3	12	2.379	3,44,66,62,34,56,51,94,99,72,73,68,36,50,92,86,74,77,55,12,
235	3	11	2.487	3,42,38,82,54,18,84,49,20,80,78,76,21,26,29,75,67,69,46,70,11,
235	4	7	1.93	4,37,16,52,61,28,27,45,30,35,85,43,98,53,7,
235	5	6	1.732	5,64,52,16,61,28,27,45,33,53,98,43,85,35,6,
235	4	6	1.856	4,37,38,82,54,18,84,65,27,28,61,16,52,30,35,6,
235	4	15	2.477	4,37,16,61,28,27,65,49,20,24,93,31,19,72,73,22,95,41,15,
235	4	8	2.386	4,37,16,61,28,27,65,49,20,78,80,83,87,88,33,98,53,8,
235	4	13	2.555	4,37,38,82,57,66,62,34,56,51,94,99,72,73,68,36,50,92,86,74,13,
235	4	9	2.474	4,37,16,52,61,28,27,65,49,20,80,78,76,26,29,69,67,75,9,
235	4	10	2.492	4,37,42,38,82,54,18,28,27,65,49,20,80,78,76,21,26,29,75,67,10,
235	4	14	2.44	4,37,16,61,28,27,65,49,20,24,93,31,19,72,73,68,36,47,14,
235	4	12	2.524	4,37,42,38,82,54,18,84,93,31,19,73,68,36,50,86,92,77,55,12,
235	4	11	2.353	4,37,16,61,28,27,65,49,20,80,78,76,26,29,75,67,69,46,70,11,
235	5	7	1.815	5,64,52,16,61,28,27,65,49,83,87,88,53,98,7,
235	6	7	1.781	6,35,30,52,16,61,28,27,45,33,85,43,98,53,7,
235	6	8	2.032	6,35,30,52,16,61,28,27,45,33,85,43,98,53,8,
235	5	15	2.318	5,64,52,16,61,28,27,65,49,20,24,93,31,19,72,73,22,41,15,
235	5	8	2.257	5,64,52,16,61,28,27,65,49,20,80,83,87,88,33,98,53,8,
235	5	13	2.427	5,64,52,16,61,28,27,65,49,20,24,93,31,19,73,68,36,86,74,13,
235	5	9	2.221	5,64,52,16,61,28,27,65,49,20,80,78,76,21,26,29,75,9,
235	5	10	2.128	5,64,52,16,61,28,27,65,49,20,80,78,76,21,26,29,75,67,10,
235	5	12	2.472	5,64,52,16,61,28,27,65,49,20,78,76,26,29,75,67,69,46,70,12,
235	5	11	2.249	5,64,52,16,61,28,27,65,49,20,80,76,26,29,75,67,69,46,70,11,
235	5	14	2.484	5,64,52,16,61,28,27,65,49,20,24,93,31,19,72,73,68,36,47,17,14,
235	7	8	2.128	7,43,85,35,30,52,16,61,28,27,45,33,98,53,8,
235	6	10	1.939	6,35,43,85,33,88,87,83,80,78,76,21,26,29,75,10,
235	7	10	1.887	7,98,53,33,88,87,83,80,78,76,26,29,69,67,75,10,
235	6	9	2.035	6,35,30,52,16,61,28,27,65,49,20,80,78,76,39,9,
235	7	9	2.044	7,98,53,88,87,83,80,78,76,21,26,29,69,67,75,9,
235	6	15	2.46	6,35,30,52,16,61,28,27,65,49,20,24,93,31,19,72,73,22,41,15,
235	7	11	1.919	7,98,53,88,87,83,80,76,26,29,75,67,69,46,70,11,
235	6	13	2.511	6,43,85,33,88,87,83,80,78,20,24,93,31,19,72,73,68,36,86,74,13,
235	6	11	2.258	6,35,43,85,33,88,87,83,80,78,76,21,26,29,75,67,69,46,70,11,
235	6	12	2.486	6,35,85,43,98,53,88,87,83,80,78,76,26,29,75,67,69,46,70,12,
235	6	14	2.514	6,35,30,52,16,61,28,27,65,49,20,24,93,31,19,72,73,68,36,47,14,
235	8	10	2.16	8,53,98,33,88,87,83,80,78,76,26,29,69,67,75,10,
235	8	9	2.334	8,53,98,33,88,87,83,80,78,76,26,29,69,67,75,9,
235	8	13	2.388	8,91,83,80,20,24,93,31,19,72,73,68,36,50,92,86,74,13,
235	7	13	2.303	7,98,53,88,87,83,80,20,24,93,31,19,72,73,68,36,86,74,13,
235	8	11	2.105	8,91,83,49,20,80,78,76,26,29,75,67,69,46,70,11,
235	8	15	2.764	8,53,98,33,88,87,83,76,78,80,20,49,24,93,31,19,72,73,22,41,15,
235	7	15	2.597	7,98,53,33,88,87,83,80,78,20,24,93,31,19,72,73,68,36,22,95,41,15,
235	8	12	2.499	8,91,83,80,20,24,93,31,19,72,73,68,36,50,92,77,55,12,
235	7	12	2.362	7,98,53,33,88,87,83,80,78,76,21,26,29,75,67,69,46,70,12,
235	8	14	2.566	8,91,83,80,20,24,93,31,19,72,73,68,36,50,92,86,74,59,14,
235	7	14	2.443	7,98,53,33,88,87,83,80,78,20,49,24,93,31,19,72,73,68,36,47,14,
235	10	13	2.156	10,75,26,29,67,69,46,70,48,71,77,74,92,86,59,13,
235	9	10	2.141	9,39,91,83,49,20,80,78,76,21,26,75,29,69,67,10,
235	9	13	2.41	9,39,76,80,20,24,93,31,19,72,73,68,36,50,92,86,74,13,
235	10	12	2.331	10,75,29,26,21,32,31,19,73,68,36,86,92,77,55,12,
235	9	11	2.094	9,39,91,83,80,78,76,21,26,29,75,67,69,46,70,11,
235	10	15	2.472	10,67,75,29,26,21,76,78,80,20,49,24,93,31,19,72,73,22,41,15,
235	9	15	2.622	9,39,76,78,80,20,49,24,93,31,19,72,73,68,36,22,95,41,79,15,
235	10	11	2.266	10,75,29,26,76,78,80,20,49,24,32,23,71,48,70,11,
235	9	12	2.476	9,39,76,78,20,24,93,31,19,72,73,68,36,86,92,77,55,12,
235	10	14	2.332	10,75,29,26,76,78,80,20,49,24,93,31,19,73,68,36,47,14,
235	9	14	2.556	9,39,76,78,80,20,49,24,93,31,19,72,73,68,36,86,74,59,14,
235	12	13	2.242	12,48,71,23,32,31,19,72,73,68,36,50,92,86,74,13,
235	11	13	2.047	11,70,46,69,67,75,29,26,58,48,77,92,86,74,59,13,
235	12	15	1.976	12,55,77,74,86,92,50,36,68,73,72,22,41,79,15,
235	14	15	2.034	14,17,59,74,86,92,50,36,68,73,72,22,95,41,79,15,
235	13	15	2.034	13,59,74,86,92,50,36,68,19,72,73,22,95,41,79,15,
235	13	14	2.095	13,59,74,86,92,50,36,68,73,72,22,95,41,40,47,14,
235	12	14	2.053	12,55,77,74,86,92,50,36,68,73,72,22,40,47,14,
235	11	14	2.105	11,70,46,67,75,29,69,58,71,48,77,92,86,74,59,17,14,
235	11	12	2.222	11,70,46,69,67,75,29,26,21,32,50,86,92,77,55,12,
235	11	15	2.529	11,70,46,69,67,75,29,26,76,78,80,20,24,93,31,19,73,22,41,15,
