136	0	1	2.051	0,49,64,99,67,31,43,58,95,61,93,80,63,83,1,
136	0	2	2.296	0,49,64,99,69,67,58,95,61,93,80,55,63,83,2,
136	0	3	2.462	0,49,64,99,69,67,58,95,61,93,80,59,38,51,81,3,
136	0	4	2.709	0,49,64,99,69,67,58,95,61,93,80,59,38,51,33,52,92,46,4,
136	0	5	2.799	0,49,64,99,69,67,95,61,93,80,59,38,51,33,52,92,46,42,70,5,
136	0	6	2.59	0,49,80,93,61,74,44,41,86,29,34,32,82,76,54,91,96,19,20,6,
136	0	7	2.68	0,49,80,93,61,74,44,41,86,29,34,40,30,65,73,75,16,24,39,7,
136	0	8	2.617	0,49,80,93,61,74,44,41,29,34,40,30,65,73,75,16,24,35,36,8,
136	0	9	2.427	0,49,80,93,61,74,44,41,29,34,32,73,65,30,72,57,22,37,9,
136	0	10	2.433	0,49,64,99,69,67,95,58,43,31,79,97,45,18,47,60,27,87,21,10,
136	0	11	2.185	0,49,80,93,61,95,58,43,31,79,26,68,97,45,18,47,66,56,11,
136	0	12	2.189	0,49,64,99,80,93,61,67,95,58,43,31,79,26,68,97,98,94,12,
136	0	13	1.902	0,49,80,93,61,95,58,43,31,26,68,97,98,94,13,
136	0	14	1.981	0,55,49,64,80,93,61,95,58,43,31,67,69,28,14,
136	0	15	2.044	0,49,55,80,93,61,95,58,43,31,67,69,99,64,15,
136	1	2	2.423	1,55,49,64,99,69,67,58,95,61,93,80,63,83,2,
136	1	3	2.545	1,83,63,55,49,64,99,93,80,59,38,51,33,52,81,3,
136	1	4	2.641	1,83,63,55,49,64,99,93,80,59,38,51,33,52,92,46,4,
136	1	5	2.974	1,63,38,51,33,52,92,46,42,50,71,25,82,76,54,91,96,20,19,5,
136	1	6	2.682	1,63,38,51,33,52,92,46,42,50,71,25,82,76,54,91,96,19,20,6,
136	1	7	2.654	1,83,89,51,33,52,92,46,42,50,71,25,82,76,16,75,24,39,7,
136	1	8	2.637	1,83,63,38,51,33,52,92,46,42,71,25,82,76,16,75,35,36,8,
136	1	9	2.54	1,83,89,51,48,50,71,25,82,76,16,75,65,30,72,57,22,37,9,
136	1	10	2.576	1,55,80,93,61,95,58,43,31,79,97,45,18,47,60,27,87,21,10,
136	1	11	2.456	1,83,63,80,93,61,95,58,43,31,79,45,18,47,60,27,66,56,11,
136	1	12	2.511	1,83,63,55,49,80,93,61,95,58,67,43,31,26,68,97,98,94,12,
136	1	13	2.378	1,83,63,55,80,93,67,95,58,43,31,26,68,97,98,94,13,
136	1	14	2.445	1,83,63,55,49,64,99,80,93,61,95,58,43,31,67,69,28,14,
136	1	15	2.007	1,83,63,55,80,93,61,95,58,43,31,67,69,15,
136	2	3	2.688	2,89,51,48,50,71,53,96,20,19,85,42,92,52,81,3,
136	2	4	2.592	2,89,51,33,52,92,46,42,50,71,25,54,53,85,70,4,
136	2	5	2.288	2,89,51,33,52,92,46,42,70,85,53,54,91,96,20,19,5,
136	2	6	2.584	2,89,51,33,52,92,46,42,50,71,25,82,76,54,91,96,53,19,20,6,
136	2	7	2.533	2,89,51,33,52,92,46,42,50,71,25,82,76,16,75,35,24,39,7,
136	2	8	2.562	2,89,51,33,52,92,46,42,71,25,76,82,16,73,65,30,75,35,36,8,
136	2	9	2.448	2,89,51,33,52,92,46,42,71,25,82,76,16,75,65,30,72,22,37,9,
136	2	10	2.788	2,89,51,33,52,92,46,42,71,25,76,82,73,65,30,40,62,87,21,10,
136	2	11	2.658	2,83,63,80,93,61,95,58,43,31,79,45,18,47,60,27,66,56,11,
136	2	12	2.665	2,83,63,55,49,80,93,61,67,95,58,43,31,26,68,97,98,94,12,
136	2	13	2.676	2,83,63,55,49,64,99,80,93,61,95,67,58,43,31,79,26,68,13,
136	2	14	2.647	2,83,63,55,49,64,99,80,93,61,95,58,43,31,67,69,28,14,
136	2	15	2.209	2,83,63,55,80,93,61,95,58,43,31,67,69,15,
136	3	4	2.405	3,81,33,48,50,71,25,54,96,20,19,85,42,46,92,4,
136	3	5	2.214	3,81,33,52,92,46,42,50,71,53,54,91,96,20,19,85,5,
136	3	6	2.01	3,81,33,48,52,92,46,42,70,85,53,54,91,96,19,20,6,
136	3	7	2.39	3,81,33,52,92,46,42,71,25,76,82,16,73,40,30,65,75,24,39,7,
136	3	8	2.373	3,81,52,92,46,42,50,71,25,82,76,16,75,65,30,72,57,22,37,8,
136	3	9	2.242	3,81,52,92,46,42,50,71,25,82,76,16,75,65,30,72,57,22,37,9,
136	3	10	2.647	3,81,33,52,92,46,42,50,71,25,82,76,16,75,65,30,40,62,87,21,10,
136	3	11	2.625	3,81,33,52,92,46,42,50,17,90,23,44,41,27,60,47,18,66,56,84,11,
136	3	12	2.557	3,81,33,52,92,46,42,50,17,90,23,44,41,27,60,47,18,45,98,12,
136	3	13	2.617	3,81,52,92,46,42,50,90,23,44,41,27,60,47,18,45,97,68,13,
136	3	14	2.812	3,81,52,33,51,38,59,63,80,93,61,95,58,43,31,67,69,28,14,
136	3	15	2.69	3,81,52,33,51,38,59,63,80,93,61,95,58,43,31,67,69,15,
136	4	5	2.05	4,92,46,42,50,71,25,54,91,96,20,19,53,85,70,5,
136	4	6	2.004	4,46,92,42,50,71,25,82,76,54,91,96,53,19,20,6,
136	4	7	2.195	4,92,46,42,85,53,19,20,96,91,54,76,82,16,75,24,39,7,
136	4	8	2.249	4,92,46,42,50,71,25,76,82,16,75,65,30,40,72,57,22,37,8,
136	4	9	2.176	4,92,46,42,50,71,25,82,76,16,75,65,73,40,30,72,57,22,37,9,
136	4	10	2.587	4,92,46,42,71,25,82,76,16,75,65,30,72,22,37,57,62,87,21,10,
136	4	11	2.612	4,92,46,42,50,71,25,76,82,32,34,29,86,27,60,47,18,66,56,84,11,
136	4	12	2.466	4,92,46,42,71,25,17,90,23,44,41,27,60,47,18,45,98,94,12,
136	4	13	2.441	4,92,46,42,50,17,90,23,44,41,27,60,47,18,45,98,94,13,
136	4	14	2.763	4,92,46,42,50,17,23,44,41,27,60,47,18,45,97,79,43,31,14,
136	4	15	2.622	4,46,92,52,33,51,38,59,80,93,61,95,58,43,31,67,69,15,
136	5	6	1.925	5,70,85,42,46,92,52,33,51,48,50,71,53,19,20,6,
136	5	7	2.048	5,70,85,53,19,20,96,91,54,76,82,16,73,65,75,24,39,7,
136	5	8	1.976	5,70,85,53,19,20,96,91,54,76,82,16,73,65,75,35,36,8,
136	5	9	1.901	5,19,20,96,91,54,76,82,16,75,65,40,30,72,57,22,37,9,
136	5	10	2.576	5,70,85,53,19,20,96,91,54,76,82,16,75,65,30,72,57,62,87,21,10,
136	5	11	2.554	5,70,85,53,19,20,96,91,54,76,82,32,34,29,86,27,60,47,18,66,56,11,
136	5	12	2.467	5,70,85,71,25,76,82,32,34,29,86,27,60,47,18,45,97,98,94,12,
136	5	13	2.55	5,19,20,96,91,54,76,82,32,34,29,86,27,60,47,18,45,98,94,13,
136	5	14	2.755	5,70,42,46,92,52,33,51,38,63,80,93,61,67,95,58,43,31,14,
136	5	15	2.784	5,70,42,46,92,52,33,51,38,59,80,93,61,95,58,43,31,67,69,15,
136	6	7	1.712	6,20,19,96,91,54,76,82,16,73,40,30,65,75,24,39,7,
136	6	8	1.64	6,20,19,96,91,54,76,82,16,73,40,30,65,75,35,36,8,
136	6	9	1.517	6,20,19,96,91,54,76,82,16,75,65,30,72,57,37,9,
136	6	10	1.865	6,20,19,96,91,54,76,82,16,75,65,30,40,62,87,21,10,
136	6	11	2.307	6,20,19,96,91,54,76,82,16,73,32,34,29,86,27,60,47,18,66,56,11,
136	6	12	2.326	6,20,19,96,91,54,76,82,32,34,29,86,41,27,60,47,18,45,98,94,12,
136	6	13	2.363	6,20,19,96,91,54,76,82,32,34,29,86,27,60,47,18,45,97,98,94,13,
136	6	14	2.564	6,20,19,96,54,76,82,32,34,29,86,27,60,47,18,45,97,79,43,31,14,
136	6	15	2.563	6,20,19,96,91,54,76,82,32,34,29,86,41,44,74,61,95,67,69,15,
136	7	8	1.957	7,39,24,35,75,16,76,82,73,65,30,40,72,22,57,37,8,
136	7	9	1.743	7,39,24,35,75,16,76,82,73,65,40,30,72,57,22,37,9,
136	7	10	2.019	7,39,24,16,75,65,30,40,73,32,34,29,86,62,87,21,10,
136	7	11	1.893	7,39,24,75,65,30,40,34,29,86,27,60,47,66,56,11,
136	7	12	2.222	7,39,24,16,75,65,30,40,34,29,86,27,60,47,18,45,97,98,94,12,
136	7	13	2.437	7,39,24,16,75,65,30,40,73,32,34,29,86,27,60,47,18,45,98,94,13,
136	7	14	2.582	7,39,24,16,75,65,30,40,34,29,86,27,60,47,18,45,97,79,43,31,14,
136	7	15	2.562	7,39,24,75,73,34,86,27,60,47,18,45,79,31,43,58,95,67,69,15,
136	8	9	1.982	8,36,35,24,16,75,65,30,40,34,29,86,62,57,22,37,9,
136	8	10	1.928	8,36,35,24,75,65,30,40,73,32,34,29,86,62,87,21,10,
136	8	11	1.821	8,36,35,75,65,30,40,34,29,86,27,60,47,66,56,11,
136	8	12	2.019	8,36,35,75,16,73,32,34,29,86,27,60,47,18,45,98,94,12,
136	8	13	2.247	8,36,35,24,16,75,65,30,40,34,29,86,27,60,47,18,45,98,94,13,
136	8	14	2.413	8,36,35,75,65,30,40,34,29,86,27,60,47,18,45,97,79,43,31,14,
136	8	15	2.503	8,72,30,40,34,29,86,27,60,47,18,45,79,31,43,58,95,67,69,15,
136	9	10	1.831	9,37,22,57,72,30,40,65,73,32,34,29,86,62,87,21,10,
136	9	11	1.752	9,37,22,57,72,30,40,34,29,86,27,60,47,66,56,11,
136	9	12	1.87	9,57,22,72,30,40,34,29,86,27,60,47,18,45,98,94,12,
136	9	13	2.077	9,37,22,57,72,30,65,73,34,29,86,27,60,47,18,45,98,94,13,
136	9	14	2.217	9,37,22,57,72,30,40,34,29,86,27,60,47,18,45,97,68,26,14,
136	9	15	2.36	9,37,22,57,62,27,60,47,18,45,97,79,31,43,58,95,67,69,15,
136	10	11	1.962	10,21,87,62,34,29,44,41,27,60,47,18,66,56,11,
136	10	12	1.988	10,21,87,62,27,60,47,18,66,56,84,45,97,98,94,12,
136	10	13	2.292	10,21,87,62,34,29,44,41,27,60,47,18,45,97,98,94,13,
136	10	14	2.243	10,21,87,27,60,47,18,45,97,79,31,43,58,95,67,69,28,14,
136	10	15	2.282	10,21,87,62,27,60,47,18,45,97,68,26,31,43,58,95,67,69,15,
136	11	12	1.956	11,56,66,27,60,47,18,45,97,79,43,31,26,68,94,12,
136	11	13	2.103	11,56,66,27,60,47,18,45,98,94,97,79,43,31,26,13,
136	11	14	1.908	11,56,66,47,18,45,97,68,26,31,43,58,95,67,28,14,
136	11	15	2.109	11,56,66,27,60,47,18,45,97,68,26,79,31,43,58,95,67,69,15,
136	12	13	2.044	12,94,98,97,45,18,47,60,27,41,44,78,79,26,68,13,
136	12	14	1.901	12,94,98,97,68,26,79,31,43,58,95,61,67,69,28,14,
136	12	15	1.893	12,94,98,97,68,26,79,31,43,58,95,67,69,99,64,15,
136	13	14	2.013	13,68,26,79,31,43,58,95,61,93,80,64,99,69,28,14,
136	13	15	1.97	13,68,26,79,31,43,58,95,67,61,93,80,49,64,99,15,
136	14	15	2.095	14,28,31,43,58,95,67,93,80,55,49,64,99,69,15,
