312	0	1	1.935	0,62,32,93,31,21,37,98,34,76,49,16,23,47,28,90,1,
312	0	2	2.051	0,62,32,93,47,23,49,76,42,92,57,65,77,20,46,2,
312	0	3	1.937	0,62,32,47,23,49,76,42,92,57,65,56,77,20,19,87,3,
312	0	4	2.156	0,62,32,93,47,73,42,92,57,65,56,77,20,19,87,55,17,4,
312	0	5	2.347	0,62,32,93,47,23,16,49,76,42,92,57,65,80,66,25,75,33,39,5,
312	0	6	2.465	0,62,32,93,47,23,16,49,76,42,92,57,61,52,40,26,53,72,6,
312	0	7	2.518	0,62,32,93,47,23,16,49,76,42,92,57,61,52,27,63,71,68,91,7,
312	0	8	2.441	0,62,32,93,47,23,49,76,34,81,41,67,85,51,50,84,43,30,44,86,79,8,
312	0	9	2.397	0,62,93,47,23,49,76,34,81,41,67,85,29,97,94,96,22,82,54,9,
312	0	10	2.492	0,62,32,93,31,21,37,16,23,49,76,34,81,41,67,85,64,29,97,94,96,36,10,
312	0	11	2.423	0,62,32,93,31,21,37,16,49,76,34,81,41,67,85,29,97,94,96,88,11,
312	0	12	2.231	0,62,32,93,47,23,16,49,76,34,81,41,67,85,29,97,88,12,
312	0	13	1.815	0,62,32,93,47,23,16,49,76,34,81,78,18,38,69,24,13,
312	0	14	1.608	0,62,32,93,47,23,49,76,34,81,78,18,69,74,95,14,
312	0	15	1.841	0,62,32,93,47,23,16,49,76,34,81,98,37,21,31,15,
312	1	2	2.148	1,90,28,73,42,92,57,65,80,66,56,77,20,19,46,2,
312	1	3	1.93	1,90,28,73,42,92,57,65,80,66,56,77,20,19,87,3,
312	1	4	2.078	1,90,28,73,42,92,57,65,56,77,20,19,87,55,17,4,
312	1	5	2.471	1,90,28,47,23,49,76,70,42,92,57,65,56,66,25,75,33,39,5,
312	1	6	2.61	1,90,28,47,23,49,76,42,92,57,65,80,66,25,40,26,53,72,6,
312	1	7	2.657	1,90,28,47,23,49,76,42,92,57,65,80,66,25,40,26,53,68,91,7,
312	1	8	2.578	1,90,28,47,23,49,76,34,81,67,85,51,35,50,84,43,30,44,86,79,8,
312	1	9	2.492	1,90,28,47,23,16,49,76,34,81,41,67,85,29,97,22,82,54,9,
312	1	10	2.356	1,90,28,47,23,16,49,76,34,81,41,67,85,64,29,97,94,96,36,10,
312	1	11	2.722	1,90,28,32,93,47,23,16,49,76,34,81,67,41,85,64,29,97,94,96,36,11,
312	1	12	2.484	1,90,28,47,23,16,49,76,34,81,41,67,85,78,18,69,45,38,12,
312	1	13	2.205	1,90,28,47,23,16,49,76,34,81,41,67,85,18,38,69,45,24,13,
312	1	14	1.762	1,90,28,47,23,49,76,34,81,78,18,69,24,74,95,14,
312	1	15	2.081	1,90,28,47,23,49,76,34,81,78,18,69,74,95,60,15,
312	2	3	1.978	2,46,19,87,20,77,56,80,66,25,75,33,83,17,55,3,
312	2	4	1.908	2,46,19,87,20,77,56,65,80,66,25,75,33,83,17,4,
312	2	5	2.282	2,46,19,87,20,77,56,65,80,66,25,40,26,53,72,33,39,5,
312	2	6	2.493	2,46,20,19,87,99,77,56,65,80,66,25,40,26,53,71,68,91,6,
312	2	7	2.65	2,46,19,87,20,77,56,65,80,66,25,75,33,39,72,26,53,68,91,7,
312	2	8	2.459	2,46,19,87,20,77,56,66,25,61,52,27,63,35,50,84,43,30,86,79,8,
312	2	9	2.503	2,46,19,87,20,77,56,66,25,61,52,27,63,35,50,84,43,48,82,54,9,
312	2	10	2.545	2,90,28,47,23,16,49,76,34,81,41,67,85,64,29,97,94,96,36,10,
312	2	11	2.723	2,46,19,87,20,77,56,66,80,65,57,92,42,70,41,67,85,29,97,88,11,
312	2	12	2.697	2,46,19,87,20,77,56,66,80,57,92,42,76,49,34,81,78,18,38,12,
312	2	13	2.44	2,46,19,20,77,56,65,57,92,42,76,49,34,81,78,18,69,45,24,13,
312	2	14	2.303	2,90,28,47,23,16,49,76,34,81,78,18,38,69,45,24,74,95,60,14,
312	2	15	2.108	2,46,20,77,56,66,80,57,92,42,76,49,16,37,21,15,
312	3	4	1.836	3,87,19,20,77,56,65,80,66,25,75,33,83,99,17,4,
312	3	5	1.784	3,87,19,20,77,56,65,80,66,25,40,26,72,39,5,
312	3	6	1.901	3,87,19,20,77,56,80,66,25,40,26,53,71,68,91,6,
312	3	7	2.27	3,87,19,20,77,56,65,80,66,25,40,26,72,53,71,68,91,7,
312	3	8	2.168	3,87,19,20,77,56,66,25,52,27,63,35,50,84,43,30,44,86,79,8,
312	3	9	2.236	3,87,19,20,77,56,66,25,61,52,27,63,35,50,84,43,48,82,54,9,
312	3	10	2.491	3,87,19,20,77,56,66,80,57,92,42,70,41,67,85,29,97,94,96,36,10,
312	3	11	2.524	3,87,19,20,77,56,65,57,92,42,76,49,34,81,67,85,29,97,88,11,
312	3	12	2.53	3,87,19,20,77,56,80,65,57,92,42,76,49,34,81,67,41,85,64,12,
312	3	13	2.33	3,87,19,20,77,56,65,57,92,42,76,49,34,81,78,18,38,69,45,24,13,
312	3	14	2.138	3,87,19,20,77,65,57,92,42,76,49,34,81,78,18,69,74,95,14,
312	3	15	2.057	3,87,19,20,77,56,66,80,65,57,92,42,76,49,16,37,21,15,
312	4	5	1.812	4,17,55,87,19,20,77,65,56,66,25,75,33,39,5,
312	4	6	2.002	4,17,55,87,19,20,77,56,80,66,25,40,26,53,72,6,
312	4	7	1.986	4,17,55,87,19,20,77,56,66,25,40,26,53,68,91,7,
312	4	8	2.194	4,17,55,87,19,20,77,56,66,25,40,26,71,58,86,79,8,
312	4	9	2.39	4,17,55,87,19,20,77,56,66,25,52,27,35,50,84,43,48,82,54,9,
312	4	10	2.49	4,17,99,77,56,65,57,92,42,70,41,67,85,29,97,94,96,10,
312	4	11	2.525	4,17,55,87,19,20,77,56,80,57,92,42,70,41,67,85,64,88,11,
312	4	12	2.588	4,17,99,77,56,66,80,57,92,42,76,49,34,81,41,67,85,64,12,
312	4	13	2.389	4,17,99,56,66,80,65,57,92,42,76,49,34,81,78,18,69,45,24,13,
312	4	14	2.351	4,17,99,77,56,66,80,57,92,42,76,49,34,81,78,18,69,74,95,14,
312	4	15	2.352	4,17,55,87,19,20,77,56,66,80,65,57,92,42,76,49,16,37,21,15,
312	5	6	2.187	5,39,33,75,66,56,65,80,25,40,26,53,71,68,91,6,
312	5	7	2.158	5,39,33,75,66,56,65,80,25,40,26,53,71,68,91,7,
312	5	8	1.959	5,39,72,26,53,71,63,35,50,43,30,44,86,79,8,
312	5	9	2.398	5,39,33,75,56,66,25,61,52,27,63,35,50,84,43,48,82,54,9,
312	5	10	2.559	5,39,33,75,66,80,65,57,92,42,70,41,67,85,29,97,94,96,10,
312	5	11	2.574	5,39,33,75,66,80,56,65,57,92,42,70,41,67,85,29,97,88,11,
312	5	12	2.598	5,39,33,75,66,80,65,57,92,42,76,34,81,67,41,85,64,12,
312	5	13	2.487	5,39,33,75,25,66,80,65,57,92,42,76,49,34,81,78,18,69,45,24,13,
312	5	14	2.372	5,39,33,75,66,80,57,92,42,76,49,34,81,78,18,69,45,24,74,95,14,
312	5	15	2.598	5,39,33,75,25,66,80,56,65,57,92,42,70,81,34,76,49,16,37,21,15,
312	6	7	2.191	6,91,68,71,63,35,50,84,43,30,44,86,79,58,59,7,
312	6	8	2.016	6,91,68,71,63,35,50,84,43,48,82,54,44,86,79,8,
312	6	9	2.071	6,91,68,71,63,35,50,84,43,30,86,79,44,54,82,9,
312	6	10	2.523	6,91,68,71,63,35,50,84,43,30,86,44,54,82,22,94,96,10,
312	6	11	2.713	6,91,68,71,63,35,50,84,43,30,86,44,54,82,22,94,96,88,11,
312	6	12	2.847	6,91,68,71,63,27,52,61,92,42,76,49,34,81,67,41,85,64,12,
312	6	13	2.623	6,91,68,71,63,27,52,61,92,42,76,49,34,81,78,18,69,45,24,13,
312	6	14	2.524	6,72,53,26,40,52,61,92,42,76,49,34,81,78,18,69,74,95,14,
312	6	15	2.645	6,91,68,53,26,40,25,66,80,56,65,57,92,42,76,49,16,37,21,15,
312	7	8	2.093	7,59,58,63,35,50,84,43,48,82,54,30,44,86,79,8,
312	7	9	2.042	7,91,68,71,63,35,50,84,43,30,86,79,44,54,82,9,
312	7	10	2.187	7,59,58,84,50,43,30,86,79,44,54,82,22,94,96,10,
312	7	11	2.622	7,91,68,71,63,35,50,84,43,30,86,44,54,82,22,94,96,36,11,
312	7	12	2.788	7,91,68,71,63,27,52,61,92,42,76,49,34,81,67,85,64,12,
312	7	13	2.562	7,91,68,53,26,40,52,61,92,42,76,49,34,81,78,18,69,24,13,
312	7	14	2.568	7,91,68,71,63,27,52,61,92,42,76,34,81,78,18,69,74,95,14,
312	7	15	2.665	7,91,68,71,63,27,52,61,57,92,42,70,81,34,76,49,16,37,21,15,
312	8	9	2.046	8,79,86,44,30,58,63,35,50,84,43,48,22,82,54,9,
312	8	10	2.061	8,79,86,44,30,43,50,84,63,35,51,29,97,94,96,36,10,
312	8	11	2.188	8,79,86,44,30,58,43,50,84,63,35,51,29,97,88,11,
312	8	12	2.626	8,79,86,30,43,84,50,35,27,52,61,92,42,70,41,67,85,64,12,
312	8	13	2.424	8,79,44,86,30,43,84,50,35,51,85,67,41,81,78,18,69,45,24,13,
312	8	14	2.353	8,79,86,44,30,43,84,50,35,51,41,67,85,78,18,69,45,24,74,95,14,
312	8	15	2.451	8,79,86,44,30,43,84,50,35,27,52,61,57,92,42,76,49,16,37,21,15,
312	9	10	2.143	9,54,82,30,44,86,79,58,43,84,50,48,22,94,96,36,10,
312	9	11	2.233	9,54,30,44,86,79,58,84,50,43,48,82,22,94,96,36,11,
312	9	12	2.398	9,82,54,44,86,79,58,43,48,22,96,94,97,29,64,12,
312	9	13	2.136	9,54,82,22,97,29,85,67,41,81,78,18,69,45,24,13,
312	9	14	2.329	9,54,82,22,96,94,97,29,85,67,41,81,78,18,69,24,74,95,14,
312	9	15	2.376	9,54,82,22,96,94,97,29,85,67,41,81,34,76,49,16,37,21,15,
312	10	11	2.446	10,36,96,94,22,48,43,50,84,63,35,51,29,97,64,88,11,
312	10	12	2.321	10,96,94,97,29,85,67,41,81,34,98,89,78,18,38,12,
312	10	13	2	10,36,96,94,97,29,64,85,67,41,81,78,18,69,45,24,13,
312	10	14	2.21	10,36,96,94,97,29,85,67,41,81,34,98,78,18,69,45,24,74,95,14,
312	10	15	2.321	10,36,96,94,97,29,85,67,41,81,34,76,49,16,23,47,93,31,15,
312	11	12	2.318	11,88,97,29,64,85,67,41,81,34,98,89,78,18,38,12,
312	11	13	2	11,88,97,29,85,67,41,81,34,98,78,18,69,45,24,13,
312	11	14	1.868	11,88,97,29,85,67,41,81,78,18,69,45,24,74,95,14,
312	11	15	2.279	11,88,97,29,64,85,67,41,81,34,76,49,16,23,47,93,31,15,
312	12	13	2.116	12,64,85,67,41,81,34,76,49,98,89,78,18,69,24,13,
312	12	14	1.974	12,64,85,67,41,81,34,98,78,18,69,45,24,74,95,14,
312	12	15	2.301	12,38,45,24,69,18,78,85,67,41,81,34,76,49,16,37,21,15,
312	13	14	1.891	13,24,45,38,85,41,67,81,34,76,49,98,89,60,95,14,
312	13	15	1.888	13,24,45,69,18,78,85,67,41,81,34,76,49,16,37,21,15,
312	14	15	1.643	14,95,74,24,45,69,18,78,81,34,76,49,16,37,21,15,
