281	0	1	1.781	0,97,48,39,76,22,68,89,32,37,72,81,60,70,88,1,
281	0	5	2.325	0,97,48,39,76,22,68,89,32,37,72,60,81,28,29,20,31,47,75,5,
281	0	3	1.732	0,97,48,39,83,76,22,68,89,32,37,72,60,80,57,90,3,
281	0	8	2.35	0,97,48,39,83,76,22,68,89,32,37,29,20,95,24,78,86,43,62,71,8,
281	0	9	2.44	0,97,48,39,83,76,22,68,89,32,37,29,20,95,24,78,73,19,36,87,54,9,
281	0	7	2.406	0,97,48,39,83,76,22,68,89,32,29,20,59,95,24,78,86,43,62,96,7,
281	0	2	1.768	0,97,48,39,83,76,22,68,89,32,37,72,60,70,88,44,2,
281	0	4	1.969	0,97,48,39,83,76,22,68,89,32,37,72,60,81,46,69,64,27,98,4,
281	0	11	2.41	0,97,48,39,76,22,68,89,37,32,63,74,35,77,16,23,52,51,42,11,
281	0	6	2.363	0,97,48,39,83,76,22,68,89,32,37,72,60,81,66,47,75,34,85,17,6,
281	0	10	2.508	0,97,48,39,83,76,22,68,89,32,37,29,20,59,95,24,78,73,19,36,26,10,
281	0	13	1.992	0,97,48,53,39,76,83,74,35,25,45,93,56,65,13,
281	1	2	1.795	1,88,70,68,89,32,37,72,60,81,46,40,80,57,90,2,
281	0	15	2.114	0,97,48,39,76,22,68,89,72,37,32,63,74,30,53,15,
281	0	14	2.147	0,97,48,39,76,22,68,89,37,32,63,74,25,45,67,14,
281	1	4	1.981	1,88,70,68,89,32,37,72,60,80,57,90,40,69,64,27,98,4,
281	0	12	2.326	0,97,48,53,39,76,83,74,35,25,45,93,56,65,82,33,92,12,
281	1	3	1.746	1,88,70,68,89,32,37,72,60,81,46,40,80,57,90,3,
281	1	5	2.222	1,88,70,68,89,32,37,72,60,81,28,29,20,95,31,47,75,5,
281	1	6	2.33	1,88,70,89,72,60,81,28,29,20,59,95,24,78,86,43,21,17,85,6,
281	1	8	2.388	1,88,70,68,89,32,37,72,60,81,28,29,20,95,24,78,86,43,62,71,8,
281	1	7	2.368	1,88,70,89,32,37,72,60,81,28,29,20,59,95,24,78,86,43,62,96,7,
281	1	15	1.887	1,88,70,60,72,81,37,32,89,68,22,76,83,39,53,15,
281	1	13	1.914	1,88,70,68,22,76,83,39,30,25,45,93,56,65,13,
281	1	14	2.03	1,88,70,60,72,37,32,89,68,22,76,83,39,53,50,14,
281	2	4	1.811	2,44,88,70,68,89,32,37,72,60,81,46,64,27,98,4,
281	2	5	2.075	2,44,88,70,68,89,32,37,72,60,81,28,66,91,61,5,
281	2	3	1.772	2,44,88,70,68,89,32,37,72,60,46,40,80,57,90,3,
281	2	6	2.252	2,44,60,72,37,32,29,20,59,95,24,78,86,43,21,17,85,34,6,
281	1	9	2.478	1,88,70,68,89,32,37,72,60,81,28,29,20,95,24,78,73,19,36,87,54,9,
281	1	12	2.248	1,88,70,68,22,76,83,39,30,25,45,93,56,65,82,33,92,12,
281	1	11	2.506	1,88,70,89,32,37,72,60,81,28,29,20,95,24,78,73,19,36,26,51,42,11,
281	1	10	2.595	1,88,70,89,32,37,72,60,81,28,29,20,59,95,24,78,73,19,36,87,18,55,10,
281	2	15	1.858	2,44,88,70,60,72,37,32,89,68,22,76,83,39,53,15,
281	3	4	1.948	3,90,57,44,88,70,68,89,72,60,46,69,64,27,98,4,
281	3	5	2.128	3,90,57,80,60,72,81,28,29,20,59,95,31,47,75,5,
281	2	14	2.275	2,90,57,80,40,46,60,72,37,32,89,68,22,76,83,39,53,50,14,
281	2	13	2.307	2,44,88,70,89,32,37,72,60,81,28,29,63,74,25,45,93,56,65,13,
281	2	8	2.386	2,44,88,70,89,32,37,72,60,81,28,29,20,95,24,78,86,43,62,71,8,
281	2	9	2.458	2,44,88,70,68,89,60,72,37,32,29,20,95,24,78,73,19,36,87,54,9,
281	2	12	2.464	2,44,60,72,37,32,89,68,22,76,83,74,25,45,93,56,82,33,92,12,
281	2	11	2.523	2,44,88,70,89,32,37,72,60,81,28,20,59,35,77,16,23,52,51,42,11,
281	2	7	2.399	2,44,70,89,32,37,72,60,81,28,29,20,59,95,24,78,86,43,62,96,7,
281	2	10	2.526	2,44,88,70,68,89,60,72,37,32,29,20,59,95,24,78,73,19,36,26,10,
281	3	6	1.888	3,90,57,80,40,46,69,64,27,61,91,75,34,85,17,6,
281	3	15	2.028	3,90,57,80,40,46,81,60,72,37,32,89,68,22,76,83,39,53,15,
281	4	5	2.214	4,98,27,64,69,40,80,60,72,89,37,81,66,47,75,5,
281	3	14	2.284	3,90,57,80,40,46,81,60,72,37,32,89,68,22,76,83,39,53,50,14,
281	3	9	2.442	3,90,57,80,60,72,37,32,29,20,59,95,24,78,73,19,36,87,54,58,9,
281	3	8	2.42	3,90,57,80,40,46,81,60,72,37,32,29,20,95,24,78,86,43,62,71,8,
281	3	13	2.427	3,90,57,80,40,46,81,60,72,89,68,22,76,83,30,25,45,93,56,65,13,
281	3	12	2.551	3,40,80,57,44,88,70,68,22,76,83,30,25,45,93,56,65,82,33,92,12,
281	3	10	2.499	3,40,80,60,72,37,32,29,20,59,95,24,78,41,73,19,36,87,18,55,10,
281	3	11	2.555	3,40,80,60,72,37,32,89,68,22,76,83,74,35,77,16,23,52,51,42,11,
281	3	7	2.428	3,90,57,80,40,46,60,72,37,32,29,20,59,95,24,78,86,43,62,96,7,
281	4	6	2.006	4,98,27,64,69,40,80,46,61,91,47,75,34,85,17,6,
281	5	6	2.27	5,75,47,31,20,59,95,24,49,86,43,21,17,85,34,6,
281	4	15	2.111	4,98,27,64,69,40,46,81,60,72,37,32,89,68,22,76,39,53,15,
281	4	9	2.479	4,98,27,64,46,60,72,37,32,29,20,59,95,24,78,73,19,36,87,54,9,
281	4	8	2.389	4,98,27,64,46,60,72,37,32,29,20,59,95,24,78,86,43,62,71,8,
281	4	14	2.315	4,98,27,64,69,46,81,60,72,37,32,89,68,22,76,83,39,53,50,14,
281	4	7	2.148	4,98,27,64,69,40,80,46,61,91,47,75,34,85,17,7,
281	4	13	2.459	4,98,27,64,69,40,80,60,72,89,68,22,76,83,30,25,45,93,56,65,13,
281	4	12	2.513	4,98,27,64,69,46,81,60,72,37,32,63,74,25,45,93,56,65,82,92,12,
281	4	10	2.551	4,98,27,64,69,46,60,72,37,32,29,20,59,95,24,78,73,19,36,26,10,
281	4	11	2.538	4,98,27,64,69,46,81,60,72,37,32,63,74,35,77,16,23,52,51,42,11,
281	6	8	2.046	6,34,85,17,21,43,86,41,73,19,36,87,54,58,84,8,
281	5	15	2.446	5,75,47,31,95,59,20,29,32,37,72,60,89,68,22,76,83,39,53,15,
281	6	7	2.246	6,34,85,17,21,43,86,41,73,19,36,87,71,38,96,7,
281	5	7	2.381	5,61,91,66,28,29,20,59,95,24,78,86,43,62,38,96,7,
281	5	8	2.565	5,61,66,81,60,72,37,32,29,20,59,95,24,78,86,43,62,71,8,
281	5	14	2.652	5,61,91,66,81,60,72,37,32,89,68,22,76,83,30,25,45,67,14,
281	5	9	2.655	5,61,66,81,60,72,37,32,29,20,59,95,24,78,73,19,36,87,54,9,
281	5	13	2.608	5,61,66,81,60,72,37,32,89,68,22,76,83,30,25,45,93,56,65,13,
281	5	12	2.609	5,34,85,17,21,43,49,86,41,19,73,94,16,23,52,99,33,82,92,12,
281	5	10	2.655	5,61,91,66,81,60,72,37,32,29,20,95,24,78,73,19,36,26,10,
281	5	11	2.722	5,61,91,66,81,60,72,37,32,29,20,59,35,77,16,23,52,51,42,11,
281	6	9	2.035	6,34,85,17,21,43,86,41,73,94,19,36,87,54,58,9,
281	7	9	2.257	7,96,38,71,62,43,86,41,73,94,19,36,87,54,58,84,9,
281	7	8	2.26	7,96,38,62,43,86,41,73,94,19,36,87,18,54,58,84,8,
281	6	13	2.533	6,34,85,17,21,43,86,41,19,73,94,77,25,45,93,67,56,65,13,
281	6	15	2.453	6,17,85,34,75,47,66,81,60,72,37,32,89,68,22,76,83,39,53,15,
281	6	14	2.54	6,34,75,47,66,81,60,72,37,32,89,68,22,76,83,39,53,50,14,
281	7	11	2.498	7,96,38,71,84,58,54,55,18,87,36,19,73,94,16,23,52,51,42,11,
281	6	11	2.455	6,34,85,17,21,43,86,41,19,73,94,77,16,23,52,99,51,42,11,
281	6	10	2.403	6,34,85,17,21,43,86,41,19,73,94,77,16,23,52,51,42,10,
281	7	10	2.528	7,96,38,71,84,58,54,87,36,19,73,94,77,16,23,52,51,42,10,
281	6	12	2.648	6,34,85,17,21,43,86,41,73,94,19,36,26,23,16,52,99,33,82,92,12,
281	8	9	2.199	8,71,84,58,54,87,36,19,73,94,16,23,26,18,55,9,
281	8	11	2.102	8,84,58,54,55,18,87,36,19,73,94,16,23,52,51,42,11,
281	8	10	2.187	8,84,58,54,55,18,87,36,19,73,94,16,23,52,51,42,10,
281	7	13	2.474	7,96,38,71,84,58,54,87,36,19,73,94,77,25,45,93,56,65,13,
281	7	15	2.506	7,96,62,43,86,78,24,95,59,20,29,37,32,89,68,22,76,83,39,53,15,
281	8	15	2.486	8,71,62,43,86,78,24,95,59,20,29,37,32,89,68,22,76,83,39,53,15,
281	8	13	2.561	8,71,62,43,86,78,24,95,59,20,29,63,74,35,25,45,93,56,65,13,
281	7	14	2.707	7,96,38,62,43,86,78,24,95,59,20,29,63,74,35,25,45,93,67,14,
281	7	12	2.365	7,96,38,71,84,58,54,87,36,19,73,94,16,23,52,99,33,82,92,12,
281	8	12	2.351	8,71,58,54,55,18,87,36,19,73,94,16,23,52,99,79,33,82,92,12,
281	8	14	2.661	8,71,62,43,86,78,24,95,20,29,37,32,89,68,22,76,39,53,50,14,
281	9	12	1.853	9,58,54,87,36,19,73,94,16,23,52,99,33,82,92,12,
281	10	12	1.918	10,55,18,87,36,19,73,94,16,23,52,99,33,82,92,12,
281	9	11	2.099	9,84,58,54,55,18,87,36,19,73,94,16,23,52,51,42,11,
281	10	11	2.222	10,55,54,58,87,36,19,73,94,77,16,23,52,51,42,11,
281	10	13	2.539	10,55,18,87,36,19,73,78,24,95,20,59,35,25,45,56,65,13,
281	9	10	2.184	9,84,58,54,55,18,87,36,19,73,94,16,23,52,51,42,10,
281	10	15	2.552	10,26,36,19,73,78,24,95,20,29,37,32,89,68,22,76,83,39,53,15,
281	9	13	2.527	9,84,58,54,55,18,87,36,19,73,94,77,25,45,93,67,56,65,13,
281	10	14	2.61	10,55,18,87,36,19,73,94,16,23,52,99,79,33,82,56,93,67,14,
281	9	15	2.53	9,54,87,36,19,73,78,24,95,20,29,37,32,89,68,22,76,83,39,53,15,
281	9	14	2.618	9,58,54,87,36,19,73,94,16,23,52,99,79,33,82,65,56,93,67,14,
281	12	13	1.911	12,92,82,33,79,99,52,23,16,77,25,45,56,65,13,
281	11	13	2.134	11,42,51,26,36,19,73,94,77,25,45,67,56,65,13,
281	12	15	2.146	12,82,33,79,99,52,23,16,77,25,45,93,67,50,15,
281	13	15	2.184	13,65,56,93,45,25,74,63,32,37,89,68,39,53,15,
281	14	15	2.36	14,67,56,93,45,25,30,83,76,22,68,39,53,50,15,
281	11	12	1.884	11,42,51,26,36,19,73,94,16,23,52,99,79,33,82,92,12,
281	12	14	2.086	12,82,33,79,99,52,23,16,77,25,45,93,56,67,14,
281	13	14	2.287	13,82,33,79,99,52,23,16,45,25,67,93,56,65,14,
281	11	15	2.515	11,42,51,52,23,16,77,35,59,20,29,37,32,76,83,39,53,15,
281	11	14	2.433	11,42,51,52,23,16,99,79,33,82,65,56,93,45,25,67,14,
