113	0	2	1.777	0,29,91,28,92,42,63,89,75,86,60,31,98,62,2,
113	0	3	1.658	0,29,91,28,92,42,63,60,31,18,64,53,78,23,76,3,
113	0	1	1.907	0,29,91,28,92,42,63,75,86,60,31,98,62,95,1,
113	0	9	2.487	0,29,91,28,92,42,63,89,75,61,70,21,43,32,45,96,74,47,72,9,
113	0	8	2.61	0,29,91,28,92,82,89,75,61,70,21,43,32,45,96,39,80,56,30,74,47,8,
113	0	7	2.491	0,29,91,28,92,42,63,75,61,70,21,43,32,45,96,68,85,97,38,7,
113	0	10	2.366	0,29,91,28,92,42,63,75,61,70,21,43,32,45,96,30,66,83,10,
113	0	11	2.473	0,29,92,82,89,75,61,70,21,43,32,45,96,30,56,84,17,22,11,
113	0	5	2.224	0,91,28,92,42,63,60,31,98,62,18,64,46,34,50,90,26,69,5,
113	0	4	2.087	0,29,91,28,92,42,63,82,89,75,86,60,31,18,64,53,24,25,4,
113	0	6	2.469	0,29,91,28,92,42,63,60,31,18,64,53,24,46,34,90,50,26,69,40,6,
113	0	15	1.872	0,29,91,28,92,42,63,86,75,89,20,93,36,55,15,
113	0	14	2.005	0,29,91,28,92,42,63,86,75,89,82,20,93,99,51,14,
113	1	3	1.785	1,88,42,63,60,31,98,62,18,64,53,24,78,23,76,3,
113	0	13	2.183	0,29,91,28,92,42,63,82,20,93,99,77,48,65,16,13,
113	1	2	1.951	1,88,42,63,60,31,98,62,18,64,53,24,78,23,76,2,
113	1	8	2.545	1,95,62,98,31,60,86,75,61,70,21,43,32,45,96,74,57,47,8,
113	1	4	1.941	1,95,62,98,18,64,53,24,78,23,76,58,25,19,44,4,
113	0	12	2.471	0,29,92,42,63,75,61,21,43,32,45,96,30,56,84,17,27,12,
113	1	7	2.514	1,88,63,82,89,75,61,70,21,43,32,45,96,74,57,67,97,38,7,
113	1	5	2.248	1,95,62,98,18,64,53,24,78,23,76,58,25,44,19,90,50,26,69,5,
113	1	6	2.608	1,95,62,98,18,78,23,76,58,24,53,64,46,34,50,90,19,26,69,40,6,
113	1	14	2.193	1,49,29,91,28,92,42,63,75,89,82,20,93,99,51,14,
113	2	3	2.024	2,62,18,64,53,24,46,34,50,90,19,25,58,23,76,3,
113	1	10	2.443	1,88,63,42,82,89,75,61,70,21,43,32,45,39,30,56,66,83,10,
113	2	4	1.813	2,76,23,58,24,53,18,64,46,34,50,90,19,44,25,4,
113	1	9	2.634	1,95,62,98,31,60,86,75,61,70,21,43,32,45,96,74,57,47,72,9,
113	2	5	2.028	2,62,98,18,64,53,78,23,76,58,25,19,90,50,26,69,40,5,
113	1	15	1.965	1,95,62,98,31,60,86,75,89,82,20,93,36,55,15,
113	1	13	2.602	1,95,62,98,31,60,86,75,89,82,20,93,99,77,48,65,16,13,
113	1	11	2.543	1,88,63,75,61,70,21,43,32,45,96,39,80,30,56,84,17,22,11,
113	1	12	2.561	1,88,63,75,61,70,21,43,32,45,96,39,80,30,56,84,17,27,12,
113	2	6	2.33	2,62,98,18,64,53,24,78,23,76,58,25,44,19,90,50,26,69,40,6,
113	2	14	2.083	2,62,98,31,60,63,42,92,28,91,20,93,99,51,14,
113	3	4	1.647	3,76,23,58,24,53,18,64,46,34,50,90,19,44,25,4,
113	2	9	2.541	2,62,98,31,60,86,70,21,43,32,45,96,39,80,56,30,74,47,72,9,
113	2	8	2.515	2,62,98,31,60,86,75,61,70,21,43,32,45,96,30,74,57,47,8,
113	3	5	1.802	3,76,23,58,78,24,53,18,64,46,34,50,90,19,69,26,40,5,
113	2	15	1.886	2,62,98,31,60,86,75,89,82,92,28,91,36,55,15,
113	2	10	2.531	2,62,98,31,60,86,61,70,21,43,32,45,96,39,30,56,84,17,22,83,10,
113	2	13	2.552	2,76,23,78,24,53,64,18,98,31,60,86,75,89,82,20,93,99,77,13,
113	2	11	2.449	2,62,98,31,60,86,70,21,43,32,45,96,39,80,30,56,84,22,11,
113	2	7	2.428	2,76,23,58,78,24,53,18,64,46,34,33,79,59,68,85,67,97,94,38,7,
113	2	12	2.45	2,62,98,31,60,86,70,21,43,32,45,96,30,56,84,17,27,12,
113	3	14	2.164	3,76,23,78,24,53,64,18,98,31,60,86,75,89,82,20,93,99,51,14,
113	3	8	2.285	3,76,23,58,24,53,18,64,46,34,33,79,59,68,85,67,57,74,47,8,
113	3	9	2.374	3,76,23,58,24,53,18,64,46,34,33,79,59,68,85,67,57,74,47,72,9,
113	4	5	1.733	4,25,58,76,23,78,24,53,18,64,46,34,90,50,26,69,5,
113	3	10	2.422	3,76,23,78,24,53,64,18,31,60,86,70,21,43,32,45,96,39,30,66,83,10,
113	3	7	2.083	3,76,23,58,24,53,18,64,46,34,33,79,59,68,85,97,94,38,7,
113	3	6	2.031	3,76,23,58,78,24,53,18,64,46,34,50,90,19,44,69,26,40,6,
113	3	13	2.421	3,76,23,58,24,53,64,18,98,31,60,86,75,89,82,20,93,99,77,13,
113	3	15	1.975	3,76,23,58,24,53,64,18,98,31,60,86,75,89,82,20,36,55,15,
113	3	11	2.495	3,76,23,78,24,53,64,46,33,79,59,81,32,45,96,39,30,56,84,17,22,11,
113	3	12	2.512	3,76,23,78,24,53,64,41,70,21,43,32,45,96,39,30,56,84,17,27,12,
113	4	14	2.515	4,25,58,76,23,78,53,64,18,98,31,60,86,75,89,82,20,93,99,51,14,
113	4	7	1.961	4,25,19,69,26,50,90,34,33,79,59,68,85,97,94,38,7,
113	4	8	2.348	4,44,19,90,50,34,33,79,59,81,32,45,96,39,80,56,30,74,47,8,
113	5	6	2.181	5,69,26,19,25,58,23,78,18,64,46,34,90,50,40,6,
113	4	6	1.942	4,25,58,76,23,78,24,53,64,46,34,90,50,26,69,40,6,
113	4	9	2.501	4,25,19,90,50,34,33,79,59,81,32,45,96,39,80,56,30,74,57,47,72,9,
113	4	10	2.387	4,25,19,90,50,34,33,79,59,81,32,45,96,30,80,56,84,17,22,83,10,
113	4	13	2.553	4,25,19,90,50,33,79,59,81,32,45,96,30,56,84,17,73,54,16,13,
113	4	12	2.401	4,25,19,90,50,34,33,79,59,81,32,45,96,30,80,56,84,17,27,12,
113	4	15	2.291	4,25,58,76,23,78,53,64,18,98,31,60,86,75,89,82,20,36,55,15,
113	4	11	2.549	4,25,19,90,50,34,33,79,59,81,43,32,45,96,39,80,30,56,84,17,22,11,
113	5	8	1.997	5,40,69,26,50,90,34,33,79,59,68,85,67,57,74,47,8,
113	6	8	2.139	6,40,69,26,50,90,34,33,79,59,68,85,67,57,74,47,8,
113	5	10	2.2	5,69,26,50,90,34,33,79,59,81,32,45,96,30,56,84,17,22,83,10,
113	5	14	2.521	5,69,26,50,90,34,46,64,53,18,31,60,86,75,89,82,20,93,99,51,14,
113	5	9	2.305	5,69,26,50,90,34,33,79,59,81,32,45,96,39,80,56,30,74,47,72,9,
113	5	7	1.98	5,40,26,69,19,90,50,34,33,79,59,68,85,97,94,38,7,
113	6	7	2.122	6,40,26,69,19,90,50,34,33,79,59,68,85,97,94,38,7,
113	5	13	2.444	5,69,26,50,90,34,33,79,59,81,32,45,39,30,56,84,17,73,54,16,13,
113	5	11	2.277	5,69,26,50,90,34,33,79,59,81,32,45,96,39,80,30,56,84,17,22,11,
113	5	15	2.373	5,69,26,50,90,46,24,53,64,18,98,31,60,86,75,89,82,20,36,55,15,
113	5	12	2.495	5,69,26,50,90,34,33,79,41,70,21,43,32,45,96,39,30,56,84,17,27,12,
113	6	9	2.191	6,40,26,50,90,34,33,79,59,68,85,67,57,74,47,72,9,
113	7	10	1.922	7,38,97,85,68,81,32,45,96,39,30,56,84,22,83,10,
113	7	8	2.118	7,38,97,85,68,96,45,32,43,87,56,30,74,47,8,
113	7	9	2.064	7,38,97,85,68,81,32,45,96,39,80,56,30,74,47,72,9,
113	6	14	2.707	6,40,69,26,50,90,34,46,64,18,31,60,86,75,89,82,20,93,99,14,
113	6	10	2.373	6,52,85,67,57,47,74,96,45,32,39,80,30,56,84,17,22,83,10,
113	7	11	2.214	7,38,94,97,67,57,47,74,96,45,32,39,80,30,56,84,17,22,11,
113	6	11	2.453	6,52,68,85,67,57,47,74,96,45,32,39,80,30,56,84,17,22,11,
113	6	13	2.609	6,52,68,85,67,57,47,74,96,45,39,30,56,84,17,73,71,54,16,13,
113	6	15	2.575	6,40,69,26,50,90,46,64,18,98,31,60,86,75,89,82,20,36,55,15,
113	6	12	2.537	6,40,69,26,50,90,34,33,79,59,81,32,45,96,39,30,56,84,17,27,12,
113	8	10	1.876	8,47,74,96,45,32,43,37,87,80,30,56,66,83,10,
113	8	9	2.118	8,47,57,74,96,45,32,43,87,39,80,30,56,84,66,9,
113	7	14	2.466	7,38,97,67,57,47,74,96,45,32,39,30,56,80,87,37,35,48,77,51,14,
113	8	11	2.07	8,47,74,96,45,32,43,37,87,80,30,56,84,17,22,11,
113	8	14	2.718	8,47,74,96,45,32,43,37,87,80,30,56,84,17,73,71,65,48,77,51,14,
113	8	13	2.344	8,47,74,96,45,32,43,37,87,80,30,56,84,17,73,71,54,16,13,
113	8	12	2.214	8,47,74,96,45,32,43,37,87,80,30,56,84,17,73,71,54,12,
113	7	13	2.394	7,38,94,97,85,68,81,32,45,96,39,80,30,56,84,17,73,71,54,16,13,
113	7	15	2.482	7,38,97,67,57,74,96,45,32,43,21,70,61,75,89,82,20,36,55,15,
113	7	12	2.314	7,38,97,67,57,47,74,96,45,32,43,87,80,30,56,84,17,27,12,
113	8	15	2.578	8,47,74,30,56,80,39,96,45,32,43,21,70,61,75,89,82,20,36,55,15,
113	9	10	1.934	9,72,47,57,74,96,45,32,39,80,30,56,84,17,22,10,
113	10	14	2.265	10,22,84,56,30,80,39,96,45,32,43,87,37,35,48,77,51,14,
113	10	11	2.074	10,83,66,30,80,39,96,45,32,43,87,56,84,17,22,11,
113	9	11	2.095	9,72,47,74,96,45,32,43,37,87,80,30,56,84,22,11,
113	9	14	2.482	9,72,47,57,74,30,56,80,39,96,45,32,43,87,37,35,48,77,51,14,
113	10	12	2.017	10,83,66,30,96,45,32,43,87,80,56,84,17,27,12,
113	10	13	2.273	10,83,66,30,96,45,32,43,87,80,56,84,17,73,71,54,16,13,
113	9	13	2.346	9,72,47,74,96,45,32,43,39,80,30,56,84,17,73,71,54,16,13,
113	9	12	2.179	9,72,47,57,74,96,45,32,43,87,80,30,56,84,17,27,12,
113	10	15	2.364	10,83,66,56,30,96,45,32,43,21,70,61,75,89,82,20,36,55,15,
113	9	15	2.49	9,66,56,30,80,39,96,45,32,43,21,70,61,75,89,82,20,36,55,15,
113	11	14	2.23	11,22,84,56,30,39,96,45,32,43,37,35,48,77,51,14,
113	13	14	2.271	13,16,54,71,73,17,56,30,80,87,37,35,48,77,51,14,
113	12	14	2.25	12,27,17,84,56,30,39,43,87,37,35,48,77,51,14,
113	13	15	2.218	13,16,54,73,71,65,48,77,99,93,20,28,91,36,55,15,
113	14	15	2.146	14,51,99,93,20,82,89,63,42,92,28,29,91,36,55,15,
113	12	15	2.182	12,27,73,71,54,65,48,77,99,93,20,28,91,36,55,15,
113	11	13	2.213	11,22,84,56,30,39,96,45,32,43,87,37,35,65,13,
113	12	13	2.253	12,27,17,84,56,30,39,96,45,32,43,37,35,65,13,
113	11	12	2.195	11,22,84,56,30,80,39,96,45,32,43,87,17,27,12,
113	11	15	2.441	11,22,17,84,56,30,96,45,32,43,87,37,35,93,36,55,15,
