291	0	2	1.884	0,63,45,78,27,77,33,41,57,17,83,76,34,61,18,28,2,
291	0	1	1.984	0,63,45,78,27,77,33,41,57,17,83,76,34,61,18,28,1,
291	0	6	2.251	0,63,45,27,78,77,41,57,17,83,19,99,22,29,37,73,87,96,42,6,
291	0	3	1.857	0,63,45,78,27,77,33,41,57,17,83,76,34,61,18,97,3,
291	0	5	2.224	0,63,45,27,78,77,33,41,57,17,83,76,34,61,67,21,52,20,85,30,5,
291	0	11	2.35	0,63,45,78,27,77,33,41,57,17,83,19,71,51,40,25,55,95,11,
291	0	9	2.443	0,63,45,27,78,77,33,41,57,17,83,19,99,22,29,70,80,88,82,48,9,
291	0	8	2.372	0,63,45,27,78,77,33,41,57,17,83,19,99,22,29,37,87,73,80,88,82,89,8,
291	0	7	2.305	0,63,45,27,78,77,33,41,57,17,83,19,71,51,22,29,37,87,73,72,64,7,
291	0	10	2.478	0,63,45,27,78,77,33,41,57,17,83,19,71,51,31,65,58,26,50,10,
291	0	4	1.924	0,63,45,78,27,77,33,41,57,17,83,34,61,67,23,56,68,69,4,
291	1	3	2.05	1,27,78,45,63,60,77,33,41,57,17,83,76,34,61,97,3,
291	0	15	2.032	0,63,45,78,27,77,33,41,57,17,93,36,24,60,84,92,15,
291	1	2	2.078	1,27,78,45,63,77,33,41,57,17,83,76,34,61,18,28,2,
291	0	14	1.986	0,63,45,78,27,77,33,41,57,17,83,93,36,24,53,14,
291	0	13	2.074	0,63,45,78,27,77,33,36,90,94,39,79,16,98,66,46,13,
291	1	4	2.017	1,27,78,45,77,41,57,17,83,34,61,67,23,56,68,69,4,
291	1	5	2.273	1,27,78,45,63,77,33,41,57,17,83,34,61,67,21,52,85,30,5,
291	0	12	2.108	0,63,45,27,78,77,33,41,57,93,36,90,79,16,98,66,62,12,
291	1	8	2.463	1,38,41,57,17,83,19,71,51,22,29,37,87,72,47,80,88,82,48,89,8,
291	1	7	2.366	1,27,78,45,77,33,41,57,17,83,19,71,51,22,29,37,87,73,72,7,
291	1	6	2.379	1,27,78,45,77,33,41,57,17,83,19,99,22,29,37,73,87,64,49,6,
291	1	15	2.226	1,27,78,45,63,77,33,41,57,17,93,36,24,60,84,92,15,
291	1	14	2.178	1,27,78,45,63,84,60,77,33,41,57,93,36,90,53,14,
291	2	4	2.063	2,28,38,41,57,17,83,76,34,61,67,23,56,68,69,4,
291	2	3	2.203	2,28,38,27,78,45,77,33,41,57,17,83,76,34,61,97,3,
291	2	5	2.472	2,97,56,23,21,52,91,22,29,37,73,87,64,42,96,5,
291	1	10	2.636	1,27,78,45,63,77,41,57,17,83,19,71,51,31,65,58,26,50,10,
291	2	6	2.262	2,97,68,56,23,21,52,91,22,29,37,73,87,96,42,6,
291	1	9	2.6	1,38,41,57,17,83,19,71,51,22,29,37,87,73,70,80,88,82,48,9,
291	1	11	2.645	1,27,78,45,63,60,33,41,57,17,93,43,35,40,32,44,25,55,95,11,
291	1	12	2.445	1,27,78,45,63,77,33,41,57,17,93,36,90,94,79,39,54,62,12,
291	1	13	2.595	1,27,78,45,63,77,33,41,57,17,83,93,36,90,94,79,16,98,46,13,
291	3	5	2.113	3,68,56,23,67,21,52,91,22,29,37,73,87,96,5,
291	3	4	2.244	3,68,56,23,67,21,52,91,22,29,37,20,85,30,69,4,
291	2	15	2.434	2,28,18,61,34,76,83,17,57,41,33,77,38,27,78,45,63,84,92,15,
291	2	14	2.597	2,28,38,27,78,45,63,84,60,77,33,41,57,17,93,36,90,53,14,
291	2	8	2.45	2,97,56,23,21,52,91,22,29,37,87,73,72,47,80,88,82,48,89,8,
291	2	10	2.667	2,28,18,61,34,76,91,22,29,70,80,88,82,48,65,58,26,50,10,
291	2	7	2.484	2,97,56,68,69,23,67,21,52,91,22,29,37,70,73,87,72,64,7,
291	2	9	2.59	2,97,68,56,23,67,21,52,91,22,29,37,87,73,80,88,82,48,9,
291	2	11	2.783	2,28,38,27,78,45,63,77,33,36,90,94,79,39,32,44,25,55,95,11,
291	2	13	2.697	2,28,38,27,78,45,63,77,33,41,57,17,93,36,90,79,16,98,46,13,
291	2	12	2.675	2,28,38,27,78,45,63,77,33,41,57,17,93,36,90,79,39,54,62,12,
291	4	5	1.949	4,69,68,56,23,21,52,91,22,29,37,73,87,96,5,
291	3	15	2.241	3,68,56,23,67,61,34,83,17,57,41,77,27,78,45,63,84,92,15,
291	3	6	1.901	3,68,56,23,21,52,91,22,29,37,73,87,64,49,6,
291	3	14	2.561	3,97,61,34,76,83,17,57,41,33,77,27,78,45,63,60,84,92,24,53,14,
291	3	8	2.133	3,68,56,23,67,21,52,91,22,29,37,87,73,80,88,82,48,89,8,
291	3	7	2.191	3,97,56,68,69,23,67,21,52,91,22,29,37,73,87,64,49,7,
291	3	10	2.393	3,68,56,23,21,52,91,22,29,70,80,88,82,65,58,26,50,10,
291	3	9	2.337	3,97,68,56,23,67,21,52,91,22,29,37,87,73,80,88,82,48,9,
291	3	12	2.527	3,68,56,23,67,21,52,91,99,71,51,40,25,44,32,86,54,62,12,
291	3	11	2.561	3,97,68,56,23,67,21,52,91,99,71,51,40,25,44,32,86,55,95,11,
291	3	13	2.623	3,97,56,68,69,23,67,21,52,91,99,71,35,94,79,16,98,46,13,
291	4	8	1.782	4,68,56,23,21,52,91,22,29,70,80,88,82,89,8,
291	4	7	1.718	4,69,68,56,23,21,52,91,22,29,37,87,73,72,7,
291	4	6	1.75	4,69,68,56,23,21,52,91,22,29,37,87,64,49,6,
291	5	6	1.922	5,30,85,20,37,22,29,70,73,87,72,64,49,42,96,6,
291	4	15	2.192	4,68,56,23,67,61,34,76,83,17,57,41,33,77,27,78,45,63,84,92,15,
291	4	14	2.496	4,69,68,56,23,67,61,34,17,57,41,33,77,27,78,45,63,60,24,53,14,
291	4	9	2.087	4,69,68,56,23,21,52,91,22,29,37,87,73,80,88,82,48,9,
291	4	10	2.331	4,69,56,23,21,52,91,22,29,70,80,88,82,48,65,58,26,50,10,
291	4	13	2.566	4,69,68,56,23,67,21,52,91,99,71,51,35,94,39,79,16,98,46,13,
291	4	12	2.536	4,69,68,56,23,67,21,52,91,99,71,51,40,25,55,44,32,86,54,62,12,
291	4	11	2.671	4,69,68,56,23,67,21,52,91,22,29,37,70,31,75,59,25,44,55,95,11,
291	5	8	1.716	5,30,85,20,96,42,64,72,47,80,88,82,48,89,81,8,
291	6	8	1.607	6,42,96,87,73,37,22,29,70,80,88,82,48,89,8,
291	5	7	1.921	5,30,85,20,96,42,64,72,47,80,88,82,48,89,81,7,
291	6	7	1.847	6,96,42,49,64,87,73,70,80,88,82,48,89,81,7,
291	5	15	2.425	5,30,85,52,21,67,61,34,76,83,17,57,41,33,77,78,27,45,63,60,84,92,15,
291	5	9	2.27	5,30,85,20,96,42,49,64,72,47,80,88,82,48,65,58,74,50,26,9,
291	5	14	2.714	5,30,85,52,21,67,61,34,17,57,41,33,77,27,78,45,63,84,60,24,53,14,
291	5	11	2.488	5,96,42,64,72,73,87,37,29,22,51,40,25,44,32,86,55,95,11,
291	5	10	2.375	5,30,85,20,96,42,64,72,87,73,70,80,88,82,48,65,58,26,50,10,
291	5	12	2.617	5,96,42,49,64,72,73,87,37,29,22,51,40,25,44,32,86,54,62,12,
291	5	13	2.745	5,96,42,64,72,73,87,37,29,22,51,71,35,94,39,79,16,98,46,13,
291	7	8	1.618	7,64,87,73,37,22,29,70,80,88,82,48,89,81,8,
291	7	9	1.971	7,64,72,73,87,37,22,29,70,80,88,82,48,65,58,26,9,
291	6	9	1.943	6,96,42,49,64,72,47,80,88,82,89,48,65,58,26,50,9,
291	7	11	2.18	7,81,89,82,88,65,58,26,50,74,59,25,44,32,86,55,95,11,
291	6	15	2.432	6,42,64,72,73,87,37,29,22,51,71,19,83,17,57,41,33,60,84,92,15,
291	7	10	2.141	7,64,72,73,87,37,22,29,70,80,88,82,48,65,58,26,50,74,10,
291	6	14	2.656	6,96,42,49,64,72,73,87,37,70,29,22,51,71,35,94,90,53,14,
291	6	11	2.398	6,42,49,64,72,87,73,70,37,29,22,51,40,25,44,32,86,55,95,11,
291	6	10	2.196	6,42,96,87,73,37,22,29,70,80,88,82,89,48,65,58,26,50,10,
291	6	12	2.45	6,42,49,64,72,73,87,37,29,22,51,40,25,55,44,32,86,54,62,12,
291	6	13	2.608	6,49,64,72,73,87,37,29,22,51,40,25,44,55,86,32,39,79,16,98,46,13,
291	8	10	1.748	8,48,82,88,89,81,47,80,31,65,58,26,50,74,10,
291	8	9	1.637	8,81,89,48,82,88,47,80,31,65,58,74,50,26,9,
291	8	12	1.799	8,81,89,48,82,88,31,75,25,44,32,86,54,62,12,
291	8	11	1.771	8,89,48,82,88,65,58,26,50,74,59,25,55,95,11,
291	8	15	2.409	8,89,82,88,80,73,87,37,29,22,99,19,83,17,57,41,33,60,84,92,15,
291	7	15	2.418	7,64,87,73,37,29,22,51,71,19,83,17,57,41,77,45,63,84,92,15,
291	7	14	2.586	7,49,42,64,72,87,73,70,37,29,22,51,71,35,94,90,53,14,
291	8	14	2.435	8,89,48,82,88,80,73,87,37,29,22,51,71,35,94,90,53,14,
291	7	12	2.286	7,47,80,88,82,48,65,58,26,50,74,59,25,44,32,86,54,62,12,
291	7	13	2.492	7,81,89,48,82,88,65,58,26,50,74,59,25,44,32,39,16,98,46,13,
291	8	13	2.27	8,89,48,82,88,65,58,26,50,74,59,25,44,32,86,39,79,16,98,46,13,
291	9	10	2.09	9,65,48,82,88,80,72,87,73,70,31,58,26,50,10,
291	9	12	1.814	9,58,26,50,74,59,25,44,32,86,39,79,16,98,66,62,12,
291	9	11	1.992	9,48,65,58,26,50,74,59,75,25,44,32,86,55,95,11,
291	10	12	1.883	10,50,26,58,74,59,25,44,32,86,39,79,16,98,66,62,12,
291	10	11	2.049	10,50,26,58,65,48,82,88,31,75,59,25,44,55,95,11,
291	10	14	2.403	10,50,26,58,74,59,75,25,55,44,32,86,39,79,94,90,53,14,
291	10	15	2.623	10,50,26,58,74,59,25,44,32,94,36,33,77,27,78,45,63,84,92,15,
291	10	13	2.155	10,50,26,58,74,59,75,25,44,55,86,32,39,79,16,98,66,46,13,
291	9	15	2.6	9,48,82,88,80,70,29,22,51,71,19,83,17,57,41,33,77,60,84,92,15,
291	9	14	2.59	9,65,58,26,50,74,59,75,25,44,32,86,54,39,79,94,90,53,14,
291	9	13	2.376	9,65,58,26,50,74,59,25,44,55,86,32,39,79,16,98,54,62,66,13,
291	13	15	2.296	13,46,16,90,36,93,17,57,41,33,77,78,45,63,84,92,15,
291	14	15	2.46	14,53,90,94,35,71,19,83,17,57,41,33,60,84,92,15,
291	13	14	2.45	13,46,16,79,39,94,36,33,77,27,78,45,63,60,24,53,14,
291	11	12	2.195	11,95,10,50,74,59,25,44,55,86,32,39,79,16,98,66,62,12,
291	12	14	2.38	12,62,54,39,79,90,36,33,77,78,27,45,63,60,24,53,14,
291	12	15	2.21	12,62,54,16,79,94,90,36,33,77,78,27,45,63,60,84,92,15,
291	11	14	2.504	11,95,55,25,44,32,86,54,62,66,98,16,39,94,90,53,14,
291	11	13	2.311	11,95,55,25,44,86,32,94,39,79,16,98,54,62,66,46,13,
291	12	13	2.395	12,62,54,86,32,44,55,25,40,94,39,79,16,98,66,46,13,
291	11	15	2.378	11,95,55,25,44,32,39,79,90,36,33,77,27,78,45,63,84,92,15,
