269	0	1	1.824	0,83,29,57,73,75,43,25,99,81,91,36,62,66,1,
269	0	2	1.73	0,83,29,57,73,75,25,43,93,66,62,36,91,69,2,
269	0	3	1.734	0,83,29,57,75,73,93,66,62,36,91,69,64,86,3,
269	0	4	2.234	0,83,29,73,75,43,99,81,93,66,62,36,91,69,64,86,26,60,4,
269	0	5	2.451	0,83,29,73,75,43,25,45,49,30,80,97,23,79,55,72,40,31,85,5,
269	0	6	2.353	0,83,29,93,73,75,43,25,45,49,30,80,97,23,79,55,72,32,50,37,6,
269	0	7	2.525	0,83,29,73,75,43,25,45,49,23,97,80,38,90,54,79,55,72,52,56,67,7,
269	0	8	2.564	0,83,29,73,75,43,25,45,49,30,80,97,23,79,54,90,78,82,33,18,24,8,
269	0	9	2.38	0,83,29,73,75,43,25,45,49,30,23,97,80,38,54,90,78,82,33,18,35,9,
269	0	10	2.306	0,83,29,73,75,43,25,45,49,30,80,38,54,90,78,82,95,94,88,77,96,10,
269	0	11	2.291	0,83,57,73,75,43,25,45,49,30,80,38,54,90,78,82,95,94,19,47,11,
269	0	12	2.269	0,83,29,73,75,25,45,49,30,38,54,90,78,82,95,94,19,34,74,65,12,
269	0	13	1.895	0,83,29,93,73,75,43,25,92,41,76,71,22,63,87,13,
269	0	14	2.079	0,83,29,73,75,43,25,92,41,76,71,22,63,87,68,14,
269	0	15	2.085	0,83,29,93,81,99,25,43,75,73,57,70,89,48,15,
269	1	2	1.855	1,66,62,36,93,73,75,43,25,99,81,84,91,69,2,
269	1	3	1.866	1,29,57,75,73,93,66,62,36,91,69,64,26,86,3,
269	1	4	2.198	1,62,36,66,93,73,75,43,25,99,81,84,64,86,26,60,4,
269	1	5	2.391	1,66,93,73,75,43,25,45,49,30,80,97,79,55,72,40,31,5,
269	1	6	2.272	1,66,93,73,75,43,25,45,49,30,80,97,79,55,72,32,50,37,6,
269	1	7	2.354	1,66,93,73,75,43,25,45,49,30,80,97,23,79,55,72,52,56,67,7,
269	1	8	2.524	1,66,62,36,93,73,75,43,25,45,49,30,80,97,23,79,55,72,52,24,8,
269	1	9	2.398	1,66,93,73,75,43,25,45,49,23,97,80,38,54,90,78,82,33,18,35,9,
269	1	10	2.339	1,66,93,73,75,43,25,45,49,30,38,54,90,78,82,95,94,88,77,96,10,
269	1	11	2.349	1,66,93,73,75,43,25,45,49,30,80,38,54,90,78,82,95,94,19,47,11,
269	1	12	2.34	1,66,93,73,75,25,45,49,30,38,54,90,78,95,94,19,34,74,65,12,
269	1	13	2.205	1,66,62,91,36,93,73,75,43,25,92,41,58,76,71,22,63,87,13,
269	1	14	2.168	1,62,69,91,36,66,93,73,75,43,25,92,89,51,14,
269	1	15	2.049	1,66,62,69,91,36,93,73,75,43,25,92,89,70,15,
269	2	3	1.742	2,69,91,36,62,66,93,73,75,43,81,84,26,64,86,3,
269	2	4	2.068	2,69,91,36,66,93,73,75,43,99,81,84,26,64,86,60,4,
269	2	5	2.148	2,69,91,36,93,73,75,43,25,45,49,20,39,98,85,5,
269	2	6	2.139	2,69,91,81,99,21,20,23,97,80,79,55,72,32,50,37,6,
269	2	7	2.321	2,69,91,36,93,73,75,25,45,49,23,79,55,72,52,56,67,7,
269	2	8	2.401	2,62,66,93,73,75,43,25,45,49,30,80,97,23,79,55,44,24,8,
269	2	9	2.406	2,69,91,36,93,73,75,43,25,45,49,30,38,54,90,78,82,33,18,35,9,
269	2	10	2.408	2,69,91,36,93,73,75,25,45,49,30,38,54,90,78,82,95,94,88,77,96,10,
269	2	11	2.364	2,69,91,36,93,73,75,25,45,49,30,38,54,90,78,82,95,94,19,47,11,
269	2	12	2.328	2,69,91,36,62,66,93,73,75,92,41,76,71,22,63,87,27,53,65,12,
269	2	13	2.106	2,69,91,36,62,66,93,73,75,43,25,92,41,58,76,71,22,63,87,13,
269	2	14	2.298	2,69,91,36,62,66,93,73,75,92,41,58,76,71,22,63,87,68,14,
269	2	15	2.131	2,69,91,36,62,66,93,73,75,43,25,92,51,89,70,48,15,
269	3	4	2.168	3,64,69,91,36,62,66,93,73,75,43,81,84,46,4,
269	3	5	2.244	3,86,26,64,69,91,36,81,99,21,20,39,98,85,31,5,
269	3	6	2.175	3,86,64,84,81,99,21,20,23,79,55,72,32,50,37,6,
269	3	7	2.386	3,86,64,26,84,81,99,21,20,49,30,80,97,79,55,72,52,56,67,7,
269	3	8	2.504	3,86,64,26,84,81,99,43,25,45,49,30,80,97,23,79,55,44,24,8,
269	3	9	2.434	3,86,64,26,84,81,99,21,39,23,97,80,38,54,90,78,82,33,18,35,9,
269	3	10	2.398	3,86,64,26,84,81,99,21,20,23,97,80,38,90,78,82,95,94,88,77,96,10,
269	3	11	2.391	3,86,64,26,84,81,99,21,20,23,97,80,38,90,54,78,82,95,94,19,47,11,
269	3	12	2.382	3,86,64,26,84,21,20,23,97,80,38,54,90,78,82,95,94,19,34,74,65,12,
269	3	13	2.173	3,86,64,69,91,36,62,66,93,73,75,92,41,76,71,22,63,87,13,
269	3	14	2.286	3,86,26,64,69,91,36,62,66,93,73,75,43,25,92,89,51,14,
269	3	15	2.232	3,86,64,69,91,36,62,66,93,73,75,43,25,92,89,70,48,15,
269	4	5	2.453	4,60,26,86,64,69,91,36,81,99,21,39,98,85,31,5,
269	4	6	2.296	4,46,85,98,39,20,23,97,80,79,55,72,32,50,37,6,
269	4	7	2.395	4,85,31,40,72,55,79,97,80,38,90,54,44,52,56,67,7,
269	4	8	2.461	4,46,85,31,40,72,55,79,23,97,80,38,90,54,44,24,8,
269	4	9	2.426	4,46,85,31,40,72,55,79,97,80,38,54,90,78,82,33,18,35,9,
269	4	10	2.366	4,85,31,40,72,55,79,97,80,38,54,90,78,82,95,94,88,77,96,10,
269	4	11	2.407	4,85,31,40,72,55,79,23,97,80,38,54,90,78,82,95,94,16,19,47,11,
269	4	12	2.415	4,85,98,39,23,97,80,38,54,90,78,82,95,42,16,94,19,34,74,65,12,
269	4	13	2.523	4,85,31,40,72,55,79,97,80,38,54,90,78,82,95,42,59,22,63,87,13,
269	4	14	2.53	4,60,26,86,64,69,91,36,62,66,93,73,75,57,70,89,51,14,
269	4	15	2.467	4,60,26,86,64,69,91,36,62,66,93,73,75,43,25,92,89,70,15,
269	5	6	2.297	5,31,40,23,97,80,38,90,54,79,55,72,32,50,37,6,
269	5	7	2.344	5,31,40,72,55,79,23,97,80,38,90,54,44,52,56,67,7,
269	5	8	2.409	5,31,40,72,55,79,97,80,38,54,90,78,82,33,18,24,8,
269	5	9	2.321	5,50,32,72,55,79,23,97,80,38,54,90,78,82,33,18,35,9,
269	5	10	2.238	5,31,40,72,55,79,54,90,78,82,95,42,16,94,88,77,96,10,
269	5	11	2.346	5,31,40,72,55,79,23,97,80,38,54,90,78,82,95,94,19,34,47,11,
269	5	12	2.413	5,31,40,72,55,79,23,97,80,38,54,90,78,82,95,94,16,19,34,74,65,12,
269	5	13	2.523	5,31,40,72,55,79,97,80,38,54,90,78,82,95,42,58,76,71,22,63,87,13,
269	5	14	2.677	5,31,40,72,55,79,97,80,38,54,90,78,82,95,42,59,22,63,68,14,
269	5	15	2.588	5,31,40,72,55,79,23,97,80,30,49,45,25,43,75,73,57,70,15,
269	6	7	2.168	6,37,50,32,72,55,79,80,38,90,54,44,52,56,67,7,
269	6	8	2.151	6,37,50,32,72,55,79,23,97,80,38,90,54,44,24,8,
269	6	9	2.044	6,37,50,32,72,55,79,54,90,78,95,82,33,18,35,9,
269	6	10	1.999	6,37,50,32,72,55,79,54,90,78,82,95,94,88,77,96,10,
269	6	11	2.095	6,37,50,32,72,55,79,97,80,38,54,90,78,95,94,19,47,11,
269	6	12	2.25	6,37,50,32,72,55,79,23,97,80,38,54,90,78,82,95,94,19,34,74,65,12,
269	6	13	2.353	6,37,50,32,72,55,79,23,97,80,38,54,90,78,82,95,42,59,22,63,87,13,
269	6	14	2.529	6,37,50,32,72,55,79,23,97,80,30,17,28,41,76,71,22,63,87,68,14,
269	6	15	2.469	6,37,50,32,72,55,79,23,97,80,30,49,45,25,43,75,73,57,70,15,
269	7	8	2.3	7,67,56,52,72,55,79,97,80,38,90,78,82,33,18,24,8,
269	7	9	2.126	7,67,56,52,72,55,79,97,80,38,90,78,82,33,18,35,9,
269	7	10	2.04	7,67,56,52,72,55,79,54,90,78,82,95,94,88,77,96,10,
269	7	11	2.121	7,67,56,52,72,55,79,97,80,38,90,78,82,95,94,19,47,11,
269	7	12	2.214	7,67,56,52,72,55,79,54,90,78,82,95,42,16,94,19,34,74,65,12,
269	7	13	2.353	7,67,56,52,72,55,79,97,80,38,54,90,78,82,95,42,59,22,63,87,13,
269	7	14	2.57	7,67,56,52,72,55,79,23,97,80,30,17,28,41,76,71,22,63,87,68,14,
269	7	15	2.51	7,67,56,52,72,55,79,23,97,80,30,49,45,25,43,75,73,57,70,15,
269	8	9	2.139	8,24,44,55,79,97,80,38,54,90,78,82,33,18,35,9,
269	8	10	2.102	8,24,44,55,79,97,80,38,54,90,78,82,33,61,96,10,
269	8	11	2.159	8,24,44,55,79,23,97,80,38,54,90,78,95,94,19,47,11,
269	8	12	2.136	8,24,44,55,79,54,90,78,82,95,94,16,19,47,74,65,12,
269	8	13	2.427	8,24,44,55,79,97,80,38,54,90,78,82,95,42,58,76,71,22,63,87,13,
269	8	14	2.622	8,24,44,55,79,23,97,80,38,54,90,78,82,95,42,59,22,63,68,14,
269	8	15	2.543	8,24,52,72,55,79,23,97,80,30,49,45,25,43,75,73,57,70,15,
269	9	10	1.957	9,35,18,33,82,78,54,90,42,16,94,19,88,77,96,10,
269	9	11	1.965	9,35,96,77,88,61,33,82,78,95,94,16,19,34,47,11,
269	9	12	1.944	9,35,96,77,88,61,33,82,78,95,94,19,34,74,65,12,
269	9	13	2.309	9,35,18,33,82,78,95,42,16,94,19,47,34,74,65,53,27,22,63,87,13,
269	9	14	2.426	9,35,96,77,88,94,16,19,47,34,74,65,53,27,22,63,87,68,14,
269	9	15	2.401	9,35,18,33,82,78,90,54,38,80,30,49,45,25,43,75,73,57,15,
269	10	11	1.865	10,96,77,88,61,33,82,78,95,42,94,19,47,34,74,11,
269	10	12	1.711	10,96,77,88,61,33,82,78,95,94,16,19,34,74,65,12,
269	10	13	1.725	10,96,77,61,88,47,34,74,65,53,27,22,63,87,13,
269	10	14	2.399	10,96,77,88,61,33,82,78,95,94,16,19,34,74,53,27,22,63,68,14,
269	10	15	2.386	10,96,77,88,94,95,82,78,90,54,38,30,49,45,25,43,75,73,57,15,
269	11	12	1.815	11,88,61,33,82,78,95,42,16,94,19,47,34,74,65,12,
269	11	13	1.856	11,88,61,94,19,47,34,74,65,53,27,22,63,87,13,
269	11	14	2.292	11,47,88,77,61,94,16,19,34,74,65,53,27,22,63,87,68,14,
269	11	15	2.305	11,47,19,94,95,82,78,90,54,38,30,49,45,25,75,73,57,15,
269	12	13	1.829	12,65,74,34,47,88,77,61,94,16,59,71,22,63,87,13,
269	12	14	2.07	12,65,74,34,19,88,77,61,94,16,59,22,63,87,68,14,
269	12	15	2.007	12,65,53,27,87,63,22,71,76,58,41,51,89,70,48,15,
269	13	14	2.171	13,87,27,53,65,74,34,47,19,94,16,59,22,63,68,14,
269	13	15	2.128	13,87,63,22,71,76,41,92,25,43,75,73,29,57,70,15,
269	14	15	2.263	14,68,87,63,22,71,76,58,41,92,25,43,75,73,57,15,
