201	0	2	2.478	0,41,94,68,69,92,37,20,21,59,19,81,67,27,33,2,
201	0	3	2.496	0,41,94,68,55,33,27,67,35,98,37,20,59,19,50,34,56,3,
201	0	6	2.456	0,41,94,68,69,92,37,20,21,85,76,75,45,99,88,22,49,52,6,
201	0	4	2.39	0,41,94,68,55,33,27,67,35,98,37,20,21,59,19,50,56,34,4,
201	0	1	2.706	0,41,94,69,92,37,20,21,59,19,81,98,55,68,1,
201	0	5	2.541	0,41,94,68,55,33,27,67,35,98,37,20,21,59,19,50,38,18,5,
201	0	11	2.683	0,77,31,58,89,64,83,97,71,48,78,95,61,17,87,36,79,84,11,
201	0	10	2.727	0,77,31,58,89,74,71,48,78,95,17,61,36,87,29,90,40,23,60,80,10,
201	0	9	2.652	0,77,31,58,74,71,97,63,61,17,36,87,29,90,96,39,25,32,51,9,
201	0	7	2.557	0,41,94,68,55,33,27,67,35,98,37,20,21,85,75,45,99,91,7,
201	0	8	2.69	0,41,94,68,55,27,67,35,98,37,20,21,85,75,45,73,24,30,8,
201	1	4	1.936	1,41,94,68,69,55,33,27,67,98,35,81,50,56,4,
201	0	14	2.486	0,77,31,58,89,74,71,97,78,95,17,61,57,54,65,14,
201	1	3	2.09	1,41,94,68,69,55,33,27,98,35,67,81,50,56,3,
201	0	13	2.427	0,77,31,58,89,74,71,97,78,95,17,61,63,57,44,54,13,
201	1	2	2.354	1,94,68,55,98,35,81,50,38,18,34,56,67,27,33,2,
201	0	12	2.577	0,77,31,58,89,74,97,71,48,78,95,61,17,87,36,79,84,12,
201	1	5	2.397	1,94,68,55,33,27,67,35,98,81,50,19,59,20,21,47,38,18,5,
201	1	6	2.336	1,94,68,55,33,27,67,35,98,37,20,21,85,75,45,22,49,52,6,
201	0	15	2.575	0,77,31,58,74,71,48,78,95,17,61,63,97,89,46,15,
201	1	8	2.509	1,68,55,33,27,67,35,98,37,20,21,85,76,75,45,73,43,24,30,8,
201	1	7	2.472	1,94,68,55,98,35,67,81,50,19,59,20,21,85,76,75,45,99,91,7,
201	1	13	2.416	1,41,77,31,58,74,97,71,48,78,95,17,61,63,57,44,13,
201	1	14	2.416	1,68,94,41,77,31,58,89,74,48,71,97,83,64,26,14,
201	2	4	1.867	2,33,55,27,67,35,98,37,20,59,19,50,81,56,34,4,
201	2	3	2.045	2,33,27,67,35,98,37,20,21,85,76,47,19,50,56,3,
201	2	5	2.202	2,33,27,55,98,35,67,56,34,50,19,59,20,21,85,76,47,38,5,
201	2	6	2.076	2,33,27,55,98,35,81,50,19,59,20,21,85,75,45,22,49,52,6,
201	1	15	2.46	1,68,94,41,77,31,58,89,74,48,71,97,83,64,46,15,
201	1	11	2.596	1,94,41,77,31,58,89,74,71,97,63,61,17,95,87,36,79,84,11,
201	1	12	2.564	1,68,94,41,77,31,58,89,74,71,48,78,95,61,17,36,79,84,12,
201	1	9	2.703	1,41,77,31,58,74,71,97,63,61,17,87,29,40,90,96,39,25,32,51,9,
201	1	10	2.785	1,94,41,77,31,58,74,71,97,63,61,17,36,87,29,90,40,23,60,80,10,
201	3	4	2.025	3,33,55,27,67,35,98,37,93,85,21,59,19,50,34,4,
201	2	13	2.537	2,33,27,67,35,98,37,93,53,16,86,28,78,95,17,61,57,54,13,
201	3	5	2.113	3,27,33,55,98,35,81,50,19,59,20,21,85,76,47,38,5,
201	2	14	2.558	2,33,55,27,67,35,98,37,93,53,16,28,48,71,97,83,26,14,
201	2	15	2.294	2,33,55,27,67,35,98,69,68,94,41,77,31,58,46,15,
201	2	11	2.541	2,33,27,67,98,37,93,53,16,86,28,78,95,17,61,36,79,84,11,
201	2	8	2.293	2,33,27,55,98,35,81,50,19,59,20,21,85,75,45,73,43,24,30,8,
201	2	12	2.603	2,33,55,27,67,35,98,37,93,53,16,86,28,78,95,17,61,57,44,12,
201	2	7	2.33	2,33,27,55,98,35,67,81,50,19,59,20,21,85,76,75,45,88,99,70,91,7,
201	2	9	2.442	2,33,55,27,67,35,98,37,20,21,85,76,75,45,73,43,39,25,32,9,
201	2	10	2.537	2,33,27,98,37,20,21,85,75,45,73,43,39,96,90,40,23,60,80,10,
201	4	5	1.89	4,34,50,19,59,20,21,85,76,75,45,99,88,22,49,66,5,
201	3	6	1.891	3,56,34,50,19,59,20,21,85,76,75,45,99,88,22,49,52,6,
201	3	13	2.636	3,56,34,50,19,59,20,21,93,53,16,86,28,78,95,17,61,57,54,13,
201	3	14	2.607	3,56,50,19,59,20,21,93,53,16,86,28,48,71,74,89,64,26,14,
201	3	7	2.177	3,67,35,98,81,50,19,59,20,21,85,75,45,73,43,24,70,91,7,
201	3	11	2.496	3,56,34,50,19,59,20,21,93,53,86,28,78,95,17,61,36,79,11,
201	3	15	2.617	3,56,34,50,19,59,20,21,93,53,16,86,28,48,71,74,89,46,15,
201	3	12	2.56	3,56,50,19,59,20,21,93,53,16,86,28,78,95,17,61,57,44,12,
201	3	8	2.433	3,27,33,55,98,35,81,50,19,59,20,21,85,76,75,45,73,43,24,30,8,
201	3	10	2.417	3,56,50,19,59,20,21,85,75,45,73,43,39,96,90,40,23,60,80,10,
201	3	9	2.557	3,67,35,98,81,50,19,59,20,21,85,76,75,45,73,43,39,25,32,51,62,9,
201	5	6	1.713	5,38,18,50,19,59,20,21,85,76,75,45,22,49,52,6,
201	4	6	1.634	4,34,50,19,59,20,21,85,76,75,45,99,88,22,49,52,6,
201	4	7	1.995	4,34,50,19,59,20,21,85,76,75,45,73,99,88,22,49,52,91,7,
201	4	14	2.488	4,34,56,50,19,59,20,21,93,53,16,86,28,48,71,74,89,64,26,14,
201	4	13	2.66	4,56,50,19,59,20,21,93,53,16,86,28,78,95,17,61,63,57,44,54,13,
201	4	8	2.311	4,34,50,19,59,20,21,85,76,75,45,22,49,52,88,99,73,43,24,30,8,
201	4	15	2.485	4,34,50,19,59,20,21,93,53,16,86,28,48,71,97,74,89,46,15,
201	4	11	2.445	4,56,50,19,59,20,21,93,53,16,86,28,78,95,61,17,36,79,84,11,
201	4	9	2.367	4,34,50,19,59,20,21,85,76,75,45,73,43,39,25,96,90,40,23,51,32,9,
201	4	12	2.54	4,34,56,50,19,59,20,21,93,53,16,86,28,78,95,61,17,36,79,84,12,
201	4	10	2.314	4,34,50,19,59,20,21,85,76,75,45,73,43,39,25,96,90,40,23,60,80,10,
201	5	8	1.875	5,18,38,19,59,20,21,85,76,75,45,88,99,70,30,8,
201	5	7	1.765	5,18,38,19,59,20,21,85,76,75,45,88,99,70,91,7,
201	6	7	2.033	6,52,49,22,88,99,45,75,76,85,42,73,43,24,70,91,7,
201	6	8	2.036	6,52,22,88,99,73,43,39,25,96,90,40,23,51,32,82,30,8,
201	5	13	2.527	5,38,19,59,20,21,93,53,16,86,28,78,95,17,61,63,57,44,13,
201	5	11	2.356	5,38,19,59,20,21,93,53,86,28,78,95,17,61,36,79,84,11,
201	5	14	2.663	5,38,18,34,50,19,59,20,21,93,53,16,86,28,48,71,97,83,26,14,
201	5	9	2.207	5,38,18,50,19,59,20,21,85,76,75,45,73,43,39,25,32,51,9,
201	5	12	2.484	5,18,38,19,59,20,21,93,53,86,28,78,95,17,61,36,79,84,12,
201	5	10	2.309	5,38,19,59,20,21,85,75,45,73,43,39,25,96,90,40,23,60,80,10,
201	5	15	2.651	5,38,18,50,19,59,20,21,93,53,16,86,28,48,71,74,89,64,46,15,
201	7	8	2.003	7,91,70,24,43,39,25,96,90,29,40,23,62,51,32,82,30,8,
201	6	13	2.395	6,52,49,22,88,99,73,43,39,25,96,90,29,87,95,17,61,57,44,13,
201	7	9	1.913	7,91,70,99,73,43,39,25,96,90,29,40,23,62,51,32,9,
201	7	10	1.897	7,91,70,99,73,43,24,39,25,96,90,29,40,23,60,80,10,
201	6	9	1.85	6,52,49,22,88,99,73,43,39,25,96,90,40,23,62,51,32,9,
201	7	11	2.244	7,91,70,24,43,39,25,96,90,40,29,87,95,17,61,36,79,84,11,
201	6	14	2.632	6,52,49,22,88,99,73,45,75,42,53,16,86,28,48,71,97,83,26,14,
201	6	11	2.331	6,52,49,22,88,99,73,43,39,25,96,90,29,87,17,61,36,79,84,11,
201	6	10	2.31	6,52,49,22,88,99,73,43,24,39,25,96,90,40,29,87,36,79,80,10,
201	6	15	2.685	6,52,49,22,88,99,45,75,42,53,16,86,28,48,71,97,83,64,46,15,
201	6	12	2.451	6,52,49,22,88,99,73,43,39,25,96,90,40,29,87,17,61,36,79,84,12,
201	8	11	1.93	8,30,82,25,39,96,90,40,29,87,17,61,36,79,84,11,
201	8	9	2.023	8,30,70,99,73,43,39,25,96,90,29,40,23,62,51,32,9,
201	8	10	2.007	8,30,70,99,73,43,24,39,25,96,90,29,40,23,60,80,10,
201	8	13	2.617	8,30,82,25,39,96,90,29,87,95,78,61,17,36,79,84,57,44,54,13,
201	7	13	2.628	7,91,70,24,39,25,96,90,29,87,95,17,61,36,79,84,57,44,54,13,
201	8	12	2.331	8,30,82,25,39,96,90,29,87,95,17,61,36,79,84,57,44,12,
201	7	12	2.451	7,91,70,24,39,25,96,90,29,87,79,36,17,61,63,54,57,44,12,
201	7	14	2.748	7,91,70,24,39,25,96,90,29,87,95,17,61,63,97,71,74,89,64,26,14,
201	8	14	2.696	8,30,82,25,39,96,90,40,29,87,36,17,61,95,78,48,71,97,83,26,14,
201	8	15	2.658	8,30,82,25,39,96,90,29,87,36,17,61,63,97,71,74,89,64,46,15,
201	7	15	2.731	7,91,70,24,39,25,96,90,29,87,36,17,61,63,97,71,74,89,46,15,
201	10	13	1.987	10,80,60,23,40,90,29,87,95,17,61,63,57,44,54,13,
201	9	11	1.84	9,51,32,25,39,96,90,40,29,87,17,61,36,79,84,11,
201	10	11	1.887	10,80,60,23,40,90,96,29,87,95,17,61,36,79,84,11,
201	10	12	1.955	10,80,60,23,40,90,96,29,87,95,17,61,36,79,84,12,
201	9	12	1.908	9,51,32,25,39,96,90,40,29,87,36,17,61,57,44,12,
201	9	13	2.26	9,51,32,25,39,96,90,40,29,87,79,36,17,61,63,57,44,54,13,
201	9	10	1.936	9,51,32,25,39,96,90,29,87,95,17,61,36,79,80,10,
201	9	14	2.477	9,51,32,25,39,96,90,40,29,87,17,61,63,97,71,74,89,64,26,14,
201	10	14	2.436	10,80,60,23,40,90,29,87,36,17,61,63,97,71,74,89,64,26,14,
201	10	15	2.561	10,80,60,23,40,90,29,87,36,17,61,95,78,48,71,74,89,64,46,15,
201	9	15	2.568	9,51,32,25,39,96,90,29,87,36,17,61,63,97,71,74,89,64,46,15,
201	12	13	2.095	12,84,79,36,17,61,95,78,48,71,97,63,57,54,13,
201	11	13	2.027	11,84,79,36,17,61,95,78,48,71,97,63,57,54,13,
201	12	14	2.07	12,84,79,36,17,61,95,78,97,71,74,89,64,26,14,
201	13	14	2.127	13,54,44,57,63,61,17,95,78,48,71,97,83,26,14,
201	11	12	2.005	11,84,79,36,17,61,95,78,48,71,97,63,57,44,12,
201	14	15	2.391	14,65,54,57,63,61,17,95,78,48,71,74,89,64,46,15,
201	13	15	2.259	13,54,44,57,63,61,17,95,78,48,71,97,74,89,46,15,
201	11	14	2.282	11,84,79,36,17,61,95,78,48,71,97,74,89,64,83,26,14,
201	12	15	2.388	12,44,57,84,79,36,17,61,95,78,48,71,74,89,64,46,15,
201	11	15	2.429	11,84,79,36,87,17,61,95,78,48,71,97,83,64,89,46,15,
