204	0	1	2.438	0,18,38,63,72,79,95,85,20,47,70,92,99,68,88,50,1,
204	0	4	2.618	0,70,92,68,88,50,66,22,61,84,60,34,87,90,25,75,52,93,4,
204	0	3	2.913	0,79,95,85,20,47,43,99,68,88,50,66,22,61,84,87,34,60,46,3,
204	0	7	2.66	0,85,95,72,23,40,32,21,74,29,96,98,33,54,16,69,76,86,7,
204	0	9	2.305	0,20,85,95,79,72,23,40,32,21,74,29,96,98,33,54,89,35,51,97,9,
204	0	11	2.356	0,20,47,85,79,63,72,23,40,32,45,24,39,81,58,30,82,53,11,
204	0	8	2.478	0,85,95,79,72,23,40,32,21,74,29,96,98,33,54,16,69,57,17,8,
204	0	10	2.492	0,20,85,95,79,63,72,23,40,45,24,39,32,64,21,74,29,96,41,55,10,
204	0	6	2.64	0,85,20,47,43,99,68,50,88,22,61,84,60,34,87,90,25,75,83,91,6,
204	0	5	2.499	0,70,92,99,68,88,50,66,22,61,84,60,34,87,90,25,75,52,93,5,
204	0	2	2.271	0,18,38,63,72,79,95,85,20,47,70,92,99,68,88,50,2,
204	1	3	2.299	1,92,70,20,85,47,43,99,68,50,88,22,61,84,46,3,
204	0	14	2.078	0,20,85,95,79,72,23,40,32,45,39,24,44,59,65,14,
204	1	4	2.193	1,92,68,50,88,22,61,84,60,34,87,25,75,52,93,4,
204	1	2	2.135	1,92,70,47,20,85,95,79,63,72,94,43,99,68,88,50,2,
204	0	13	2.115	0,20,85,95,79,72,23,40,32,45,39,24,44,59,65,13,
204	1	8	2.493	1,70,47,94,23,40,32,21,74,29,96,98,33,54,16,57,17,8,
204	0	15	2.17	0,70,92,1,50,66,88,68,99,43,47,20,85,95,79,38,18,15,
204	1	6	2.425	1,70,92,68,88,50,66,22,61,84,60,34,87,25,90,78,75,83,91,6,
204	1	5	2.211	1,70,92,68,88,50,66,22,61,84,60,34,87,90,25,75,52,93,5,
204	1	7	2.679	1,70,92,68,88,50,66,22,61,84,60,34,87,25,90,78,75,83,91,7,
204	0	12	2.031	0,20,85,95,79,72,23,40,45,24,39,81,58,82,30,37,48,12,
204	2	5	1.916	2,66,50,88,68,22,61,84,60,34,87,25,90,75,52,93,5,
204	2	3	2.301	2,66,50,88,22,61,84,87,25,90,78,75,52,34,60,46,3,
204	2	4	2.102	2,66,50,88,68,22,61,84,34,87,25,90,75,52,93,4,
204	2	6	2.275	2,66,50,88,22,61,84,60,34,87,90,25,75,52,93,71,83,91,6,
204	1	12	2.152	1,92,70,20,85,95,72,23,40,45,24,39,81,58,82,30,37,48,12,
204	1	9	2.379	1,92,70,20,85,95,72,23,40,32,21,74,29,98,33,54,89,35,51,97,9,
204	1	11	2.379	1,92,70,47,20,85,95,79,72,23,40,32,45,24,39,81,58,30,82,53,11,
204	1	10	2.512	1,92,70,47,20,85,95,79,72,23,40,32,45,24,39,21,74,29,96,41,55,10,
204	1	14	1.973	1,92,70,47,20,85,95,94,23,40,80,44,59,65,14,
204	1	13	2.336	1,92,70,47,20,85,95,79,72,23,40,32,45,39,24,44,59,65,13,
204	1	15	2.073	1,70,92,68,99,43,47,20,85,79,95,94,72,63,38,18,15,
204	3	5	2.26	3,46,22,61,84,60,34,87,25,90,78,75,83,71,52,93,5,
204	3	4	2.465	3,46,22,61,84,60,34,87,52,25,90,78,75,83,71,93,4,
204	2	8	2.523	2,66,50,88,22,61,84,60,34,87,25,90,78,73,27,19,76,17,8,
204	2	10	2.486	2,50,88,68,99,47,20,85,95,72,23,40,32,21,74,29,96,41,55,10,
204	2	9	2.47	2,66,50,88,68,99,43,94,23,40,32,21,74,29,98,33,54,89,35,51,97,9,
204	2	12	2.297	2,66,50,88,68,99,43,94,23,40,32,45,39,81,58,82,30,37,48,12,
204	2	7	2.742	2,66,50,88,68,99,22,61,84,60,34,87,90,25,75,52,93,71,83,91,7,
204	2	11	2.47	2,66,50,88,68,99,43,47,20,85,95,79,72,23,40,45,24,39,81,58,53,11,
204	2	15	1.844	2,66,50,88,68,92,70,47,20,85,95,79,63,38,18,15,
204	2	13	2.329	2,66,50,88,68,99,43,47,20,85,95,79,72,23,40,80,44,59,65,13,
204	2	14	2.24	2,66,50,88,68,99,47,20,85,95,79,72,23,40,80,44,59,65,14,
204	4	5	2.442	4,46,60,34,93,52,75,25,87,90,73,78,91,83,71,5,
204	3	8	2.349	3,46,60,34,52,75,25,87,90,78,73,27,19,76,69,57,17,8,
204	3	12	2.479	3,66,50,88,68,99,43,94,23,40,45,39,81,58,82,30,37,48,12,
204	3	10	2.37	3,46,60,34,87,25,90,78,73,27,19,16,54,33,98,96,41,55,10,
204	3	6	2.603	3,46,22,61,84,60,34,87,25,90,73,78,75,52,93,71,83,91,6,
204	3	9	2.287	3,46,60,34,87,25,90,78,73,67,36,77,26,98,33,54,89,35,51,97,9,
204	3	11	2.588	3,46,60,34,87,25,90,78,73,27,19,16,33,98,96,41,55,53,11,
204	3	7	2.661	3,46,84,60,34,87,25,75,90,78,73,27,19,76,69,57,17,86,7,
204	3	13	2.527	3,66,50,88,68,99,43,47,20,85,95,79,72,63,80,44,59,65,13,
204	3	14	2.554	3,66,50,88,68,99,43,47,20,85,95,79,72,23,40,80,44,59,65,14,
204	3	15	2.69	3,66,50,88,68,99,43,47,20,85,95,79,72,94,23,40,80,63,38,18,15,
204	5	6	2.292	5,71,93,52,75,25,90,87,34,60,84,61,73,78,83,91,6,
204	4	6	2.556	4,46,61,84,60,34,87,52,93,71,75,25,90,73,78,83,91,6,
204	4	7	2.334	4,60,34,87,25,90,78,73,67,27,19,76,69,57,17,86,7,
204	4	8	2.176	4,34,87,25,90,78,73,67,36,77,26,98,33,54,16,57,8,
204	4	12	2.327	4,34,87,25,90,78,73,67,36,77,26,21,74,81,58,82,30,37,48,12,
204	4	9	2.236	4,34,87,25,75,90,78,73,67,36,77,26,98,33,16,54,89,35,51,97,9,
204	4	11	2.466	4,34,87,25,90,78,73,67,36,77,26,64,21,74,81,58,30,82,53,11,
204	4	10	2.417	4,60,34,87,25,90,78,73,27,19,69,16,54,89,35,33,98,96,41,55,10,
204	4	14	2.533	4,34,87,25,90,78,73,67,36,77,26,64,32,45,24,44,59,65,14,
204	4	13	2.633	4,34,87,25,90,78,73,67,36,77,64,32,45,39,24,44,59,65,13,
204	4	15	2.656	4,93,52,75,25,90,87,34,60,84,61,22,43,47,20,85,95,79,38,18,15,
204	5	8	1.91	5,93,34,52,87,25,90,78,73,27,19,76,17,57,8,
204	6	8	1.985	6,91,83,75,52,87,25,90,78,73,67,27,19,76,17,8,
204	5	7	2.087	5,93,52,87,25,90,78,73,27,19,76,69,57,17,86,7,
204	6	7	2.182	6,91,83,75,25,90,78,73,27,19,76,69,57,17,86,7,
204	5	9	1.859	5,93,52,87,25,90,78,73,27,19,69,16,54,89,35,51,97,9,
204	5	11	2.404	5,93,34,87,25,90,78,73,27,19,69,16,54,33,98,96,41,55,53,11,
204	5	12	2.318	5,93,34,87,25,90,78,73,67,36,77,26,21,74,81,58,82,30,37,48,12,
204	5	10	2.306	5,93,52,75,25,87,90,78,73,27,19,16,54,89,35,33,98,96,41,55,10,
204	5	14	2.659	5,93,52,75,25,87,90,78,73,67,36,77,26,64,32,45,39,24,44,59,65,14,
204	5	13	2.643	5,93,34,87,25,90,78,73,67,36,77,26,64,32,45,39,24,44,59,65,13,
204	5	15	2.619	5,93,52,75,25,90,87,34,60,84,61,22,68,99,43,47,20,85,95,79,18,15,
204	7	8	1.878	7,86,76,69,16,33,98,96,41,55,49,35,89,57,17,8,
204	7	9	1.769	7,86,17,57,69,16,54,33,98,96,41,55,49,35,89,51,97,9,
204	6	9	1.981	6,83,75,25,90,78,73,67,36,77,26,98,33,54,89,35,51,97,9,
204	7	10	2.014	7,86,76,17,57,97,51,35,89,54,16,33,98,96,29,41,55,10,
204	6	10	2.13	6,91,83,75,25,90,78,73,27,19,16,54,33,98,96,41,55,10,
204	6	12	2.287	6,83,75,25,90,78,73,67,36,77,26,21,74,81,58,82,30,37,48,12,
204	6	11	2.364	6,91,83,75,25,90,78,73,27,19,16,54,33,98,96,41,55,53,11,
204	7	11	2.255	7,86,17,57,97,51,35,89,54,16,33,98,96,29,74,21,81,58,53,11,
204	6	13	2.612	6,83,75,25,90,78,73,67,36,77,26,64,32,45,39,24,44,59,65,13,
204	6	15	2.687	6,91,83,71,75,25,90,87,34,60,84,61,22,43,47,20,85,95,79,38,18,15,
204	6	14	2.744	6,91,83,75,52,87,25,90,78,73,67,36,77,26,64,32,45,24,44,59,65,14,
204	8	10	1.435	8,17,57,97,51,35,89,54,16,33,98,96,41,55,49,10,
204	8	9	1.389	8,17,57,69,16,54,33,98,96,41,55,49,35,51,97,9,
204	8	11	1.856	8,17,57,97,51,35,89,54,33,98,96,29,74,21,81,58,53,11,
204	8	12	1.885	8,17,57,97,51,35,89,54,33,98,96,29,74,81,58,82,30,37,48,12,
204	7	12	2.135	7,86,17,57,69,16,54,33,98,96,29,74,21,81,58,82,30,37,48,12,
204	7	13	2.359	7,86,17,57,16,54,33,98,96,29,74,21,39,24,44,59,65,13,
204	8	13	2.173	8,17,57,69,16,54,33,98,96,29,74,21,39,24,45,44,59,65,13,
204	7	14	2.449	7,86,17,57,69,16,54,33,98,96,29,74,21,39,24,45,44,59,65,14,
204	7	15	2.555	7,86,76,69,16,54,33,98,96,29,74,21,32,40,23,72,63,38,18,15,
204	8	15	2.408	8,17,57,69,16,54,33,98,96,29,74,21,64,32,40,23,72,63,38,18,15,
204	8	14	2.329	8,17,57,97,51,35,89,54,33,98,96,29,74,21,64,32,45,24,44,59,65,14,
204	9	10	1.694	9,57,17,69,16,54,89,97,51,35,33,98,96,55,49,10,
204	9	11	1.509	9,97,51,35,89,54,33,98,96,29,74,21,81,58,53,11,
204	10	11	1.648	10,49,35,89,54,33,98,96,29,74,21,81,58,53,11,
204	10	12	1.731	10,49,35,89,54,33,98,96,29,74,21,81,58,82,30,37,48,12,
204	9	12	1.555	9,97,51,35,89,54,16,33,98,96,29,81,58,82,30,37,48,12,
204	10	14	2.037	10,55,49,35,89,33,98,96,29,74,21,39,24,44,59,65,14,
204	10	13	2.061	10,49,35,89,54,33,98,96,29,74,21,64,32,45,24,39,28,13,
204	9	13	1.957	9,97,51,35,89,54,16,33,98,96,29,74,21,39,24,44,59,65,13,
204	10	15	2.399	10,49,35,89,54,33,98,96,29,74,21,64,32,45,40,23,72,63,38,18,15,
204	9	14	2.143	9,97,51,35,89,16,33,98,96,29,74,21,64,32,45,39,24,44,59,65,14,
204	9	15	2.26	9,97,51,35,89,54,33,98,96,29,74,21,64,32,45,40,23,72,63,38,18,15,
204	11	12	1.774	11,53,29,74,21,32,45,39,81,58,82,30,37,48,12,
204	11	13	1.824	11,53,58,82,30,37,48,28,39,24,45,44,59,65,13,
204	12	13	1.679	12,48,37,30,82,58,81,39,32,45,24,44,59,65,13,
204	13	14	2.032	13,12,48,37,30,82,58,81,39,32,45,24,44,59,65,14,
204	12	14	1.642	12,48,37,30,82,58,81,39,32,45,24,44,59,65,14,
204	11	14	1.787	11,53,58,82,30,37,48,28,39,24,45,44,59,65,14,
204	13	15	2.019	13,65,59,44,24,39,45,32,40,23,94,72,63,38,18,15,
204	14	15	1.982	14,65,59,44,24,39,45,32,40,23,94,72,63,38,18,15,
204	12	15	1.811	12,48,37,30,82,58,81,39,45,40,23,72,63,38,18,15,
204	11	15	2.272	11,53,82,30,58,81,74,21,64,32,45,39,24,44,59,65,38,18,15,
