87	0	1	2.284	0,23,52,66,90,72,42,38,32,53,33,96,92,80,31,1,
87	0	6	2.198	0,23,52,66,90,72,62,42,38,32,53,33,94,78,24,27,21,98,70,6,
87	0	7	2.471	0,23,52,66,90,72,62,42,38,32,33,53,67,59,75,79,30,49,86,51,7,
87	0	10	2.429	0,23,52,66,90,72,62,42,38,32,53,67,59,75,76,19,18,85,41,10,
87	0	11	2.436	0,23,52,66,90,72,62,42,45,88,91,34,73,19,18,43,82,25,11,
87	0	4	2.169	0,23,52,66,90,72,62,42,38,32,53,33,94,24,50,65,17,4,
87	0	2	2.345	0,23,52,87,66,90,72,42,38,62,92,80,36,58,48,2,
87	0	3	2.28	0,23,52,66,90,72,92,62,42,38,32,53,33,94,77,44,3,
87	0	5	2.226	0,23,52,66,90,72,62,42,38,32,53,33,94,24,50,26,89,40,5,
87	0	9	2.408	0,23,52,66,90,72,62,42,38,32,53,67,59,75,79,30,49,99,56,9,
87	0	8	2.357	0,23,52,66,90,72,62,42,38,32,33,53,67,59,75,79,30,49,99,22,35,8,
87	1	2	2.338	1,97,23,52,66,90,72,42,38,62,92,80,36,58,48,2,
87	1	3	2.214	1,31,80,92,62,42,38,96,32,53,33,94,77,44,3,
87	0	15	2.147	0,23,52,66,90,72,62,38,42,47,83,37,57,46,63,15,
87	1	6	2.244	1,31,80,92,62,42,38,96,32,53,33,94,24,27,21,71,98,70,6,
87	0	14	2.18	0,23,52,66,90,72,92,62,38,42,47,37,57,39,93,14,
87	0	12	2.446	0,23,52,66,90,72,92,62,38,42,45,88,91,34,73,69,95,55,12,
87	1	7	2.497	1,97,23,52,66,90,72,42,38,32,53,67,59,75,79,30,49,99,51,7,
87	1	4	2.149	1,31,80,92,62,42,38,32,53,33,94,78,24,50,65,17,4,
87	1	5	2.273	1,97,23,52,66,90,72,62,42,38,32,53,33,94,24,50,26,89,5,
87	1	8	2.372	1,97,23,52,66,90,72,62,38,32,53,67,59,75,79,30,49,99,22,35,8,
87	0	13	2.494	0,23,52,66,90,72,92,62,38,42,47,83,37,57,39,93,16,61,13,
87	1	15	2.198	1,97,23,52,66,90,72,62,38,42,47,37,57,46,63,15,
87	2	3	2.275	2,36,58,77,65,50,27,21,98,71,40,26,17,44,3,
87	1	14	2.235	1,97,23,52,66,90,72,92,62,42,47,37,57,39,93,14,
87	2	6	2.492	2,31,80,92,62,42,38,96,32,53,33,94,84,78,24,27,21,98,70,6,
87	1	10	2.487	1,31,80,92,62,42,38,32,53,67,59,75,79,64,76,19,18,85,41,10,
87	1	13	2.625	1,97,23,52,66,90,72,92,62,38,42,47,83,37,57,39,93,16,61,13,
87	1	11	2.566	1,31,80,92,62,42,38,32,53,67,59,75,79,76,19,18,43,82,25,11,
87	2	4	2.157	2,36,58,77,65,50,27,21,70,98,71,40,89,26,17,4,
87	1	12	2.468	1,97,23,52,66,90,72,62,38,42,45,88,91,34,73,69,95,55,12,
87	1	9	2.535	1,97,23,52,66,90,72,62,38,32,53,67,59,75,79,30,49,99,81,56,9,
87	2	5	2.332	2,36,80,92,62,42,38,96,32,53,33,94,78,24,50,26,89,5,
87	2	15	2.256	2,48,36,80,92,62,72,90,66,52,23,87,46,63,15,
87	3	5	1.909	3,44,77,17,65,50,26,89,40,27,21,71,98,70,5,
87	3	4	2.238	3,48,58,92,62,42,38,96,33,94,78,24,65,17,4,
87	2	10	2.588	2,36,58,92,62,42,38,32,53,67,59,75,79,64,76,19,18,85,41,10,
87	2	11	2.632	2,36,58,92,62,38,32,53,67,59,75,79,76,19,18,82,43,25,11,
87	2	9	2.609	2,36,80,92,62,42,38,32,33,53,67,59,75,79,30,49,99,22,81,56,9,
87	2	13	2.819	2,48,58,92,62,96,33,53,32,38,42,47,37,57,39,93,16,61,13,
87	2	7	2.647	2,36,80,92,62,42,38,32,33,53,67,59,75,79,30,49,99,22,35,51,7,
87	2	12	2.68	2,36,58,92,62,42,38,96,33,53,32,45,91,34,73,69,95,55,12,
87	2	14	2.687	2,36,58,77,65,50,24,94,33,53,32,38,42,47,37,57,39,93,14,
87	2	8	2.434	2,48,58,92,62,42,38,32,33,53,67,59,75,79,30,49,99,22,35,8,
87	3	15	2.379	3,44,77,94,33,53,32,38,42,62,92,72,90,66,87,46,63,15,
87	4	5	2.026	4,17,44,77,65,50,26,89,40,27,21,70,98,71,5,
87	3	6	2.606	3,44,77,65,50,24,78,84,20,59,75,79,30,49,86,21,71,98,70,6,
87	3	10	2.425	3,44,77,65,50,24,78,94,33,53,67,59,75,76,19,18,85,41,10,
87	3	9	2.434	3,44,77,65,50,24,94,33,32,53,67,59,75,79,30,49,99,56,9,
87	3	7	2.471	3,44,77,65,50,24,78,94,33,32,53,67,59,75,79,30,49,86,51,7,
87	3	11	2.522	3,44,77,65,50,24,94,33,53,67,59,75,79,76,19,82,43,25,11,
87	3	8	2.277	3,44,77,65,50,24,78,94,33,53,67,59,75,79,30,49,99,22,35,8,
87	3	13	2.673	3,44,77,65,50,24,94,33,53,32,38,42,47,37,57,39,93,16,61,13,
87	3	12	2.579	3,44,77,65,50,24,94,33,53,32,45,88,91,34,73,69,95,55,12,
87	3	14	2.563	3,44,77,65,50,24,78,84,94,33,53,32,38,42,47,37,57,39,93,14,
87	5	6	1.659	5,40,89,26,17,65,50,24,78,27,21,71,98,70,6,
87	4	6	1.82	4,17,65,50,26,89,40,27,24,78,21,71,98,70,6,
87	4	15	2.318	4,17,65,50,24,78,94,33,53,32,38,42,62,72,90,66,87,46,63,15,
87	4	9	2.251	4,17,65,50,24,94,33,32,53,67,59,75,79,30,49,99,81,56,9,
87	4	7	2.263	4,17,65,50,24,78,84,94,33,53,67,59,75,79,30,49,99,51,7,
87	4	8	2.058	4,17,65,50,24,78,94,33,53,67,59,75,79,30,49,99,22,35,8,
87	4	10	2.408	4,17,65,50,24,78,84,94,33,53,67,59,75,79,64,76,19,18,85,41,10,
87	4	13	2.584	4,17,65,50,24,78,94,33,53,32,38,42,47,83,37,57,39,93,16,61,13,
87	4	11	2.418	4,17,65,50,24,78,94,33,53,67,59,75,79,76,19,18,82,43,25,11,
87	4	14	2.442	4,17,65,50,24,78,94,33,53,32,38,42,62,72,90,37,57,39,93,14,
87	4	12	2.559	4,17,65,50,24,78,94,33,53,32,96,38,42,45,91,34,73,69,95,55,12,
87	6	7	1.998	6,70,98,71,21,27,24,78,84,20,30,49,99,22,35,51,7,
87	6	8	1.839	6,70,98,21,27,78,84,20,59,75,79,30,49,99,22,35,8,
87	5	7	2.077	5,89,26,50,24,94,33,53,67,59,79,30,49,99,51,7,
87	5	8	1.883	5,89,26,40,71,21,27,24,78,84,20,30,49,99,22,35,8,
87	5	9	2.144	5,89,26,50,24,94,33,53,67,59,75,79,30,49,99,81,56,9,
87	5	15	2.35	5,89,26,50,24,94,33,53,32,38,42,62,92,72,90,66,87,46,63,15,
87	5	10	2.238	5,89,26,50,24,78,94,33,53,67,59,75,79,76,19,18,85,41,10,
87	5	11	2.326	5,89,26,50,24,78,94,33,53,67,59,75,79,76,19,82,43,25,11,
87	5	13	2.551	5,89,26,50,24,78,84,94,33,53,32,38,42,47,37,57,39,93,16,61,13,
87	5	12	2.45	5,89,26,40,71,21,27,24,94,33,53,32,45,91,34,73,69,95,55,12,
87	5	14	2.513	5,89,26,40,71,21,27,24,94,33,53,32,96,38,42,47,37,57,39,93,14,
87	6	9	1.96	6,70,98,71,21,27,24,78,84,20,30,49,99,22,81,56,9,
87	7	9	2.197	7,51,35,22,99,49,30,79,64,76,19,82,18,85,60,9,
87	7	8	2.208	7,70,98,21,27,24,94,33,53,67,59,30,49,99,35,8,
87	6	10	2.135	6,70,98,21,27,24,94,33,53,67,59,75,76,19,18,85,41,10,
87	7	10	2.352	7,51,35,22,99,49,30,20,59,75,79,64,76,19,85,18,82,43,41,10,
87	6	15	2.35	6,70,98,71,21,27,24,78,94,33,53,32,38,42,62,72,90,66,87,46,63,15,
87	7	11	2.397	7,51,35,22,99,49,30,20,59,75,79,64,76,19,18,85,41,43,82,25,11,
87	6	13	2.477	6,70,98,71,21,27,24,94,33,53,32,96,38,42,45,88,28,54,61,13,
87	6	11	2.332	6,70,98,21,27,24,78,94,33,53,67,59,75,79,76,19,82,43,25,11,
87	6	12	2.352	6,70,98,71,21,27,24,78,94,33,53,32,45,91,34,73,69,95,55,12,
87	6	14	2.474	6,70,98,71,21,27,24,78,94,33,53,32,38,42,62,72,90,37,57,39,93,14,
87	8	9	1.972	8,35,22,99,49,30,79,75,76,19,82,43,18,85,60,9,
87	8	10	1.842	8,35,22,99,49,30,79,59,75,76,19,18,82,43,41,10,
87	7	15	2.511	7,51,99,49,30,79,75,59,67,53,32,38,42,62,72,90,66,87,46,63,15,
87	8	11	2.038	8,35,22,99,49,30,59,75,79,64,76,19,18,85,41,43,82,25,11,
87	7	13	2.566	7,51,35,22,99,49,30,79,75,59,29,73,34,91,88,28,54,16,61,13,
87	8	15	2.38	8,35,22,99,49,30,79,75,59,67,53,32,38,42,62,72,90,66,87,46,63,15,
87	8	13	2.39	8,35,22,99,49,30,79,75,29,34,91,88,83,37,57,39,93,16,61,13,
87	8	12	2.264	8,35,22,99,49,30,79,75,59,29,73,34,91,88,28,69,95,55,12,
87	7	12	2.522	7,51,35,22,99,49,30,79,75,76,19,18,43,82,74,69,95,55,12,
87	7	14	2.595	7,51,35,22,99,49,30,79,75,59,67,53,32,38,42,47,37,57,39,93,14,
87	8	14	2.438	8,35,22,99,49,30,79,75,59,67,53,33,96,38,42,47,37,57,39,93,14,
87	10	13	2.175	10,41,85,18,43,82,19,74,69,95,28,54,39,16,61,13,
87	9	10	1.933	9,56,81,35,22,99,49,30,79,76,19,18,82,43,41,10,
87	10	11	2.289	10,41,85,18,19,76,79,75,29,34,91,73,69,74,82,25,11,
87	9	11	1.997	9,56,81,35,22,99,49,30,79,64,76,85,18,82,43,25,11,
87	9	12	2.129	9,56,81,99,49,30,79,75,59,29,34,91,73,69,95,55,12,
87	10	12	2.157	10,41,85,18,19,76,64,79,75,29,34,91,73,69,95,55,12,
87	10	15	2.439	10,41,85,76,75,59,67,53,32,38,42,62,72,90,66,87,46,63,15,
87	9	15	2.421	9,56,81,99,49,30,20,67,53,32,38,42,62,72,90,66,87,46,63,15,
87	9	13	2.427	9,56,81,35,22,99,49,30,79,75,59,29,73,34,91,88,28,54,61,13,
87	10	14	2.539	10,41,85,18,19,76,79,75,59,67,53,32,38,42,47,37,57,39,93,14,
87	9	14	2.562	9,56,81,35,22,99,49,30,79,75,29,73,34,91,88,28,54,16,39,93,14,
87	12	15	2.19	12,55,95,69,73,34,91,88,47,72,90,66,87,46,63,15,
87	13	15	2.136	13,61,16,93,39,57,37,83,47,72,90,66,87,46,63,15,
87	14	15	2.17	14,93,39,57,37,47,42,38,62,72,90,66,87,46,63,15,
87	11	13	2.162	11,25,82,43,41,85,18,19,73,34,91,45,88,28,54,61,13,
87	12	13	2.161	12,55,95,69,73,34,91,88,83,37,57,39,93,16,61,13,
87	11	15	2.365	11,25,82,43,18,19,73,34,91,88,47,72,90,66,87,46,63,15,
87	11	12	2.174	11,25,82,43,41,85,18,19,73,34,91,88,28,69,95,55,12,
87	11	14	2.112	11,25,82,43,41,85,18,19,74,69,95,28,54,16,39,93,14,
87	12	14	2.356	12,55,95,69,28,73,34,91,88,45,47,83,37,57,39,93,14,
87	13	14	2.395	13,61,16,54,28,73,34,91,88,45,47,83,37,57,39,93,14,
