61	0	1	2.515	0,36,28,69,54,94,96,73,64,85,35,74,27,87,22,42,1,
61	0	2	2.375	0,36,28,69,31,23,55,33,96,73,64,85,74,27,2,
61	0	3	2.632	0,51,50,87,85,35,74,83,66,88,65,93,91,53,68,17,37,81,3,
61	0	4	2.585	0,51,50,87,85,35,74,83,66,65,93,91,70,20,44,53,68,17,4,
61	0	5	2.487	0,51,50,87,85,35,74,83,46,81,37,17,68,53,44,20,72,67,5,
61	0	6	2.434	0,51,50,87,85,74,35,66,83,46,81,37,17,68,53,44,20,72,92,6,
61	0	7	2.611	0,51,50,87,85,35,74,83,66,65,93,68,53,44,20,72,75,98,62,7,
61	0	8	2.771	0,36,28,69,23,55,33,80,57,60,38,63,29,16,40,34,97,52,26,99,8,
61	0	9	2.677	0,36,28,69,31,23,55,33,80,57,60,38,63,82,29,16,40,34,97,19,9,
61	0	10	2.625	0,36,28,69,54,94,23,55,33,80,57,60,38,63,29,16,40,34,97,41,10,
61	0	11	2.427	0,36,28,69,31,23,55,33,80,57,60,38,63,82,78,48,79,11,
61	0	12	2.306	0,36,28,54,94,33,80,57,38,63,82,78,48,79,49,24,12,
61	0	13	2.15	0,36,28,69,54,94,33,55,57,60,90,21,45,59,56,13,
61	0	14	2.372	0,36,28,69,54,94,33,55,57,60,90,21,45,59,56,14,
61	0	15	2.459	0,36,28,54,94,33,55,23,77,45,59,56,39,31,15,
61	1	2	2.324	1,42,22,87,85,35,66,65,93,17,37,46,83,74,27,2,
61	1	3	2.144	1,42,50,73,64,87,27,74,85,35,83,66,88,65,46,81,3,
61	1	4	2.312	1,22,87,85,35,74,83,66,88,65,93,91,53,68,17,37,46,81,4,
61	1	5	2.23	1,42,22,87,85,35,74,83,46,81,37,17,68,53,44,20,72,67,5,
61	1	6	2.183	1,42,22,87,85,35,74,83,46,81,37,17,68,53,44,20,72,67,92,6,
61	1	7	2.354	1,42,22,87,85,35,74,83,66,65,93,68,53,44,20,72,75,98,62,7,
61	1	8	2.544	1,42,22,87,85,35,66,65,93,91,68,53,44,20,72,75,98,62,71,8,
61	1	9	2.738	1,42,51,54,94,23,55,33,80,57,60,38,63,82,16,40,34,97,19,9,
61	1	10	2.768	1,42,51,54,94,23,55,33,80,57,60,38,63,82,29,16,40,34,97,41,10,
61	1	11	2.619	1,42,51,54,94,33,80,57,60,38,63,29,82,90,78,48,79,49,11,
61	1	12	2.459	1,42,51,54,94,33,80,57,60,38,63,82,78,48,79,49,24,12,
61	1	13	2.507	1,42,51,54,94,33,80,57,60,38,63,82,90,21,45,59,56,13,
61	1	14	2.405	1,42,22,87,27,74,35,85,64,73,96,94,54,69,31,39,14,
61	1	15	2.32	1,42,22,87,27,74,35,85,64,73,96,94,54,69,28,36,15,
61	2	3	1.944	2,27,74,35,85,66,88,65,93,91,53,68,17,37,81,3,
61	2	4	1.849	2,27,74,35,85,66,65,93,91,53,68,17,37,46,81,4,
61	2	5	1.961	2,27,74,35,85,66,83,46,81,37,17,68,53,44,20,72,67,5,
61	2	6	2.16	2,27,74,35,85,64,88,66,83,46,81,37,17,68,53,44,20,72,92,6,
61	2	7	2.144	2,27,74,35,85,66,83,46,81,37,17,68,53,44,20,72,75,98,62,7,
61	2	8	2.213	2,27,74,35,83,46,81,37,17,68,53,44,20,72,75,98,71,8,
61	2	9	2.448	2,27,74,35,66,65,93,68,53,44,20,72,75,98,71,99,26,52,9,
61	2	10	2.46	2,27,74,35,85,87,64,73,96,43,80,57,60,38,63,29,16,40,34,41,10,
61	2	11	2.507	2,27,74,35,85,87,64,73,96,43,25,80,57,60,38,63,82,48,79,49,11,
61	2	12	2.307	2,27,74,35,85,64,73,96,43,80,57,60,90,78,48,49,24,12,
61	2	13	2.256	2,27,74,35,85,64,73,96,43,80,57,60,90,21,45,59,56,13,
61	2	14	2.499	2,27,74,35,85,87,64,73,96,43,80,33,94,54,28,69,31,39,14,
61	2	15	2.154	2,27,74,35,85,87,64,73,96,33,55,23,69,28,36,15,
61	3	4	1.907	3,83,66,65,93,91,70,44,53,68,17,37,46,81,4,
61	3	5	1.837	3,27,74,35,85,66,83,46,81,37,17,68,53,44,5,
61	3	6	1.68	3,83,46,81,37,17,93,91,68,53,44,20,72,92,6,
61	3	7	2.18	3,83,46,81,37,17,68,53,44,72,20,70,61,18,47,30,98,62,7,
61	3	8	2.415	3,46,81,37,17,68,53,44,72,20,70,61,18,47,30,98,62,71,99,8,
61	3	9	2.417	3,83,46,81,37,17,68,53,44,20,72,75,98,62,71,99,26,52,19,9,
61	3	10	2.489	3,46,81,37,17,68,53,44,72,20,70,61,18,84,86,32,95,97,41,10,
61	3	11	2.53	3,74,35,85,87,64,73,96,43,25,80,57,60,38,63,82,78,48,79,11,
61	3	12	2.525	3,74,35,85,64,73,96,43,80,57,60,38,63,82,78,48,79,49,24,12,
61	3	13	2.578	3,27,74,35,85,87,64,73,96,43,80,57,60,38,90,21,45,59,56,13,
61	3	14	2.737	3,83,66,35,74,27,85,87,64,73,96,43,25,80,33,55,23,31,39,14,
61	3	15	2.485	3,83,66,35,74,85,87,64,73,96,33,55,23,31,69,28,36,15,
61	4	5	1.778	4,37,81,46,65,93,17,68,53,44,20,72,92,67,5,
61	4	6	1.677	4,37,81,46,65,93,91,68,53,44,70,20,72,92,6,
61	4	7	2.036	4,37,81,46,65,93,68,53,44,72,20,70,61,47,30,98,62,7,
61	4	8	2.264	4,37,81,46,65,93,91,68,53,44,72,20,70,61,47,30,71,99,8,
61	4	9	2.343	4,37,81,46,65,93,68,53,44,20,72,75,98,62,71,99,26,52,19,9,
61	4	10	2.427	4,81,46,37,17,68,53,44,72,20,70,61,18,84,86,32,95,97,41,10,
61	4	11	2.504	4,17,68,53,44,72,20,70,61,18,84,76,38,63,82,78,48,79,49,11,
61	4	12	2.448	4,17,68,53,44,72,20,70,61,18,84,76,29,63,82,48,79,49,24,12,
61	4	13	2.441	4,17,68,53,44,72,20,70,61,18,84,76,38,60,21,45,59,56,13,
61	4	14	2.571	4,17,68,53,44,72,20,70,61,18,84,25,43,33,55,23,31,39,14,
61	4	15	2.464	4,17,68,53,44,72,20,70,61,18,84,25,43,96,94,54,28,36,15,
61	5	6	1.738	5,17,37,81,46,65,93,68,53,44,20,72,67,92,6,
61	5	7	1.732	5,17,68,53,44,72,20,70,61,18,47,30,98,62,7,
61	5	8	2.199	5,68,53,44,72,20,70,61,18,84,86,47,30,98,62,71,99,8,
61	5	9	2.27	5,68,53,44,72,20,70,61,18,47,30,98,62,71,99,26,52,19,9,
61	5	10	2.419	5,68,53,44,72,20,70,61,18,84,76,38,63,29,16,40,34,97,41,10,
61	5	11	2.458	5,68,53,44,72,20,70,61,18,84,25,80,57,60,90,78,48,49,11,
61	5	12	2.458	5,68,53,44,72,20,70,61,18,84,76,38,60,90,78,48,79,49,24,12,
61	5	13	2.366	5,53,44,72,20,70,61,18,84,76,38,57,60,21,45,59,56,13,
61	5	14	2.466	5,68,53,44,72,20,70,61,18,84,25,80,33,55,23,31,39,14,
61	5	15	2.393	5,68,53,44,72,20,70,61,18,84,25,43,96,94,54,69,28,36,15,
61	6	7	1.784	6,92,72,20,44,53,68,91,70,61,18,47,30,98,62,7,
61	6	8	1.874	6,92,67,72,20,44,70,61,47,30,98,62,71,99,8,
61	6	9	2.017	6,92,72,20,44,70,61,18,47,30,71,99,26,52,19,9,
61	6	10	2.2	6,92,72,20,44,53,68,91,70,61,18,84,86,32,95,97,41,10,
61	6	11	2.303	6,92,72,20,44,70,61,18,84,76,38,63,82,78,48,79,49,11,
61	6	12	2.333	6,92,72,20,44,70,61,18,84,76,29,63,82,78,48,79,49,24,12,
61	6	13	2.374	6,92,72,20,44,70,61,18,84,76,38,57,60,90,21,45,59,56,13,
61	6	14	2.774	6,92,67,72,20,44,53,68,91,70,61,18,84,25,80,33,55,23,31,39,14,
61	6	15	2.599	6,92,72,20,44,53,68,91,70,61,18,84,25,43,96,94,54,69,28,36,15,
61	7	8	2.11	7,62,98,75,92,72,20,44,70,61,18,47,30,71,99,8,
61	7	9	2.169	7,62,98,75,72,20,44,70,61,18,47,30,26,52,19,9,
61	7	10	2.359	7,62,98,75,92,72,20,44,70,61,18,84,86,32,95,97,41,10,
61	7	11	2.386	7,62,98,30,32,95,34,40,16,29,63,38,57,60,90,78,48,79,11,
61	7	12	2.562	7,62,98,30,32,95,34,40,16,82,63,38,57,60,90,78,48,79,49,24,12,
61	7	13	2.655	7,62,98,75,72,20,44,70,61,18,84,76,38,57,60,21,45,59,56,13,
61	7	14	2.72	7,62,98,75,72,20,44,70,61,18,84,25,80,33,55,23,31,39,14,
61	7	15	2.778	7,62,98,30,32,95,34,40,16,29,63,38,60,57,80,33,94,54,69,28,36,15,
61	8	9	2.36	8,71,62,98,75,72,20,44,70,61,47,30,26,52,19,9,
61	8	10	2.221	8,99,26,52,97,34,16,29,63,38,60,90,78,48,79,41,10,
61	8	11	2.195	8,99,26,95,34,40,16,29,63,38,57,60,90,78,48,79,49,11,
61	8	12	2.274	8,99,26,52,97,34,40,16,29,63,38,57,60,90,78,48,79,49,24,12,
61	8	13	2.502	8,99,26,52,97,34,40,16,29,82,63,38,57,60,90,78,89,45,59,56,13,
61	8	14	2.587	8,99,26,95,34,40,16,29,82,63,38,60,57,80,33,55,23,31,39,14,
61	8	15	2.605	8,99,26,52,97,34,40,16,29,82,63,38,60,57,80,33,94,54,69,28,36,15,
61	9	10	2.033	9,19,97,34,16,82,63,38,57,60,90,78,48,79,41,10,
61	9	11	1.894	9,19,97,34,16,82,63,38,57,60,90,78,48,79,49,11,
61	9	12	1.896	9,19,97,34,40,16,29,63,38,60,90,78,48,79,49,24,12,
61	9	13	2.355	9,19,97,34,16,29,63,38,57,60,90,78,48,79,49,89,45,59,56,13,
61	9	14	2.481	9,19,97,34,40,16,29,82,63,38,60,57,80,33,94,54,28,69,31,39,14,
61	9	15	2.558	9,19,97,34,40,16,29,82,63,38,60,57,80,33,55,23,94,54,69,28,36,15,
61	10	11	1.81	10,41,34,40,16,82,63,38,57,60,90,78,48,79,49,11,
61	10	12	1.813	10,41,34,16,29,63,38,57,60,90,78,48,79,49,24,12,
61	10	13	1.815	10,41,34,16,29,82,63,38,57,60,90,21,45,59,56,13,
61	10	14	2.315	10,41,34,16,29,82,63,38,60,57,80,33,94,54,28,69,31,39,14,
61	10	15	2.316	10,41,34,16,29,82,63,38,60,57,80,33,55,23,31,69,28,36,15,
61	11	12	1.959	11,49,79,48,78,82,63,38,57,60,90,21,45,59,12,
61	11	13	1.777	11,49,48,78,82,63,38,57,60,90,21,45,59,56,13,
61	11	14	2.197	11,49,79,48,78,90,63,38,60,57,80,33,55,23,31,39,14,
61	11	15	2.144	11,49,79,48,78,82,63,38,60,57,80,33,94,54,69,28,36,15,
61	12	13	1.786	12,24,49,78,82,63,38,57,60,90,21,45,59,56,13,
61	12	14	1.953	12,24,49,79,48,78,82,63,38,60,57,55,23,39,14,
61	12	15	2.053	12,24,49,79,48,78,90,60,57,80,33,94,54,69,28,36,15,
61	13	14	1.957	13,56,59,45,21,90,60,57,80,33,55,23,31,39,14,
61	13	15	1.955	13,56,59,45,21,90,60,57,55,33,94,54,69,28,36,15,
61	14	15	2.186	14,56,59,45,21,90,60,57,80,33,94,54,69,28,36,15,
