381	0	1	2.137	0,57,42,43,25,69,62,20,75,77,93,56,66,71,1,
381	0	2	2.165	0,37,57,42,43,25,69,62,20,75,77,93,56,67,59,2,
381	0	3	2.314	0,37,73,83,42,43,25,69,62,20,75,77,47,74,51,81,3,
381	0	4	2.332	0,37,73,83,31,25,62,20,75,95,38,82,48,68,61,26,87,4,
381	0	5	2.35	0,37,73,83,42,43,25,69,62,20,75,95,38,82,48,68,61,26,88,5,
381	0	6	2.334	0,57,42,43,69,62,20,75,95,82,38,90,70,45,76,22,41,99,27,6,
381	0	7	2.348	0,57,42,43,25,69,62,20,75,95,82,38,90,70,45,76,22,41,99,27,7,
381	0	8	2.48	0,37,73,84,65,97,33,23,63,36,60,58,85,17,30,55,64,46,54,8,
381	0	9	2.444	0,37,73,83,84,65,97,33,23,63,36,60,58,85,17,30,55,64,46,89,9,
381	0	10	2.487	0,37,73,83,84,65,97,33,23,63,36,60,58,85,17,30,55,64,21,10,
381	0	11	2.531	0,37,57,42,43,25,69,62,20,75,52,49,78,63,60,36,85,17,58,35,11,
381	0	12	2.426	0,37,73,84,65,97,33,23,63,78,49,52,94,36,60,85,17,58,12,
381	0	13	1.963	0,37,73,84,65,97,33,23,63,36,60,29,53,16,13,
381	0	14	2.144	0,37,73,84,65,97,33,23,63,36,60,29,53,16,14,
381	0	15	2.083	0,37,57,42,43,25,69,62,18,33,97,50,65,84,28,15,
381	1	2	2.234	1,71,66,43,25,69,62,20,75,77,47,74,56,67,59,2,
381	1	3	2.396	1,91,71,57,42,43,25,69,62,20,75,77,47,74,51,3,
381	1	4	2.369	1,71,66,43,25,62,20,75,95,82,48,68,61,26,87,24,4,
381	1	5	2.396	1,91,71,66,43,69,25,62,20,75,95,38,82,48,68,61,26,88,5,
381	1	6	2.348	1,71,66,43,69,62,20,75,95,38,90,70,45,76,22,41,99,27,6,
381	1	7	2.41	1,71,66,43,25,69,62,20,75,95,82,38,90,70,45,76,22,41,99,27,7,
381	1	8	2.571	1,71,57,42,43,25,69,62,20,75,95,82,38,90,70,45,76,86,79,8,
381	1	9	2.566	1,71,66,43,25,69,62,20,75,95,82,38,34,96,30,55,64,46,89,9,
381	1	10	2.684	1,91,71,66,43,25,69,62,20,75,95,82,38,34,96,30,55,64,21,10,
381	1	11	2.562	1,71,57,42,43,25,69,62,20,75,52,49,78,63,36,60,85,58,35,11,
381	1	12	2.528	1,71,66,43,25,69,62,18,49,52,94,17,85,58,60,36,63,29,53,12,
381	1	13	2.397	1,71,57,42,43,25,69,62,20,75,52,49,78,63,29,53,16,13,
381	1	14	2.176	1,91,71,66,43,42,31,25,69,62,18,23,33,97,50,14,
381	1	15	2.138	1,91,71,57,42,43,25,69,62,18,33,97,65,84,28,15,
381	2	3	2.479	2,59,67,66,71,57,42,43,25,69,93,56,74,51,81,3,
381	2	4	2.283	2,59,67,56,93,77,95,38,82,48,68,61,26,87,24,4,
381	2	5	2.234	2,59,67,56,93,20,75,95,38,82,48,68,61,26,88,5,
381	2	6	2.314	2,59,67,56,93,20,75,95,38,90,70,45,76,22,41,99,27,6,
381	2	7	2.326	2,59,67,56,93,20,75,95,82,38,90,70,45,76,22,41,99,27,7,
381	2	8	2.675	2,59,67,56,93,20,75,95,82,38,70,45,76,22,41,99,27,86,79,8,
381	2	9	2.631	2,59,67,56,93,20,75,49,52,36,60,58,85,17,30,55,64,46,89,9,
381	2	10	2.757	2,59,67,56,93,20,75,52,49,78,36,60,58,85,17,30,55,64,21,10,
381	2	11	2.757	2,59,67,56,74,47,77,20,75,95,82,38,34,52,49,78,36,60,58,35,11,
381	2	12	2.613	2,59,67,56,93,77,20,75,52,94,17,85,58,60,36,63,29,53,12,
381	2	13	2.471	2,59,67,56,93,20,75,49,52,94,17,85,60,36,63,29,53,16,13,
381	2	14	2.556	2,59,67,56,93,77,82,38,95,34,75,20,62,18,33,97,65,14,
381	2	15	2.341	2,59,67,56,74,47,77,75,20,62,69,25,43,42,83,84,28,15,
381	3	4	2.369	3,51,81,98,68,44,90,70,45,76,22,41,39,61,26,87,4,
381	3	5	2.126	3,81,24,87,26,61,44,70,45,76,22,41,99,32,19,5,
381	3	6	2.305	3,51,81,24,87,26,61,39,44,90,70,76,45,41,22,27,99,32,6,
381	3	7	2.694	3,51,74,56,93,69,25,62,20,75,95,82,38,70,41,99,27,7,
381	3	8	2.675	3,81,24,87,26,61,39,99,27,22,41,45,70,76,86,79,40,54,8,
381	3	9	2.739	3,51,98,24,87,26,61,39,99,27,22,41,45,70,76,40,46,64,89,9,
381	3	10	2.659	3,81,24,87,26,61,39,99,27,22,41,45,70,76,40,46,64,21,10,
381	3	11	2.729	3,81,24,87,26,61,68,48,82,38,95,34,52,49,78,36,60,58,35,11,
381	3	12	2.732	3,81,24,87,26,61,68,48,82,38,95,34,52,49,78,63,29,53,12,
381	3	13	2.667	3,81,24,87,26,61,68,48,82,95,34,52,49,78,63,29,53,16,13,
381	3	14	2.618	3,81,24,87,26,61,68,48,82,38,95,75,20,18,33,97,65,14,
381	3	15	2.537	3,81,24,87,26,61,68,48,82,95,75,20,62,25,31,84,28,15,
381	4	5	1.949	4,24,87,26,61,44,70,45,76,22,41,99,32,19,88,5,
381	4	6	2.13	4,24,81,51,98,87,26,61,44,70,45,76,22,41,99,27,6,
381	4	7	2.197	4,24,81,51,98,26,61,39,44,90,70,45,76,22,41,99,27,7,
381	4	8	2.591	4,24,87,26,19,32,99,27,22,41,70,45,76,40,46,64,89,54,8,
381	4	9	2.652	4,24,87,26,61,39,32,99,27,22,41,45,76,70,40,46,55,64,89,9,
381	4	10	2.585	4,24,87,26,61,39,99,27,22,41,70,45,76,40,46,64,55,30,72,10,
381	4	11	2.481	4,24,87,26,61,68,48,82,38,95,34,52,49,78,36,60,85,58,35,11,
381	4	12	2.512	4,24,87,26,61,68,48,82,38,95,34,52,49,78,36,60,85,58,12,
381	4	13	2.427	4,24,87,26,61,68,48,82,38,95,34,52,49,78,63,29,53,16,13,
381	4	14	2.518	4,24,87,26,61,68,48,82,38,95,34,75,20,62,18,33,97,65,14,
381	4	15	2.288	4,24,87,26,61,68,48,82,95,75,20,62,69,25,31,84,28,15,
381	5	6	2.076	5,88,26,61,44,90,70,45,76,22,27,99,41,39,32,19,6,
381	5	7	2.135	5,88,26,61,68,48,82,95,34,38,90,70,41,22,27,7,
381	5	8	1.989	5,88,26,61,44,70,45,76,22,41,99,27,86,79,54,8,
381	5	9	2.51	5,19,32,99,41,22,76,45,70,90,38,82,95,34,96,30,55,64,89,9,
381	5	10	2.571	5,88,26,61,39,44,90,70,45,76,22,41,99,27,86,79,40,46,64,21,10,
381	5	11	2.45	5,88,26,61,68,48,82,38,95,34,52,49,78,63,36,60,85,58,35,11,
381	5	12	2.659	5,19,32,99,27,22,41,45,76,70,90,38,82,95,34,52,36,60,85,58,12,
381	5	13	2.543	5,88,26,61,68,48,82,38,95,34,52,94,17,85,60,36,63,29,53,16,13,
381	5	14	2.589	5,19,32,99,27,22,41,45,76,70,90,38,82,95,75,20,18,33,97,65,14,
381	5	15	2.501	5,19,32,99,41,22,76,45,70,90,38,95,75,20,62,69,25,31,84,28,15,
381	6	7	2.325	6,19,5,88,87,26,61,39,99,27,22,41,45,70,76,86,7,
381	6	8	2.087	6,99,27,22,41,70,45,76,86,79,40,46,64,89,54,8,
381	6	9	2.249	6,27,99,41,22,76,45,70,38,82,95,34,96,30,55,64,89,9,
381	6	10	2.366	6,27,99,41,22,76,45,70,90,38,82,95,34,96,30,55,64,21,10,
381	6	11	2.278	6,27,99,41,22,76,45,70,90,38,95,34,52,94,17,85,58,35,11,
381	6	12	2.357	6,27,99,41,22,76,45,70,90,38,82,95,34,52,94,17,85,58,12,
381	6	13	2.413	6,27,99,41,22,76,45,70,90,38,82,95,34,52,49,78,63,29,53,16,13,
381	6	14	2.485	6,27,99,41,22,76,45,70,90,38,82,95,75,20,18,23,33,97,50,14,
381	6	15	2.444	6,27,99,41,22,76,45,70,90,38,82,95,34,75,20,62,69,25,31,84,28,15,
381	7	8	2.057	7,27,99,22,41,70,45,76,86,79,40,46,64,89,54,8,
381	7	9	1.955	7,27,99,22,41,70,45,76,86,79,40,46,55,64,89,9,
381	7	10	2.097	7,27,99,22,41,70,45,76,86,79,40,46,64,55,30,72,10,
381	7	11	2.222	7,27,99,41,22,76,45,70,90,38,34,52,36,60,85,58,35,11,
381	7	12	2.285	7,27,99,41,22,76,45,70,38,82,95,34,52,94,17,85,58,12,
381	7	13	2.314	7,27,99,41,22,76,45,70,90,38,82,95,34,52,49,78,63,29,53,13,
381	7	14	2.348	7,27,99,41,22,76,45,70,90,38,82,95,75,20,62,18,33,97,65,14,
381	7	15	2.506	7,27,99,41,22,76,45,70,90,38,82,95,75,20,62,69,25,43,42,83,73,28,15,
381	8	9	2.13	8,54,79,86,27,99,22,41,70,45,76,40,46,64,89,9,
381	8	10	2.227	8,54,46,64,55,30,94,52,49,78,36,60,85,58,72,10,
381	8	11	2.041	8,54,46,64,55,30,96,94,52,49,78,36,60,58,35,11,
381	8	12	2.259	8,54,46,64,55,30,17,85,58,60,36,52,49,78,63,29,53,12,
381	8	13	2.233	8,54,46,64,55,30,17,85,58,60,36,63,23,33,97,50,16,13,
381	8	14	2.35	8,54,46,64,55,30,17,85,58,60,36,52,49,78,23,33,97,65,14,
381	8	15	2.457	8,54,46,64,55,30,17,85,58,60,36,63,78,23,33,97,65,80,28,15,
381	9	10	2.134	9,89,46,55,30,96,94,52,49,78,36,60,85,17,72,10,
381	9	11	1.9	9,89,46,64,55,72,30,96,94,17,85,36,60,58,35,11,
381	9	12	1.936	9,89,46,64,55,30,94,17,85,58,60,36,63,29,53,12,
381	9	13	1.938	9,89,54,46,64,55,30,17,85,58,60,36,63,29,53,16,13,
381	9	14	2.108	9,89,46,64,55,72,30,17,85,58,60,36,63,23,33,97,65,14,
381	9	15	2.347	9,89,46,64,55,30,94,17,85,58,60,36,63,23,33,97,65,84,28,15,
381	10	11	2.036	10,21,55,30,94,52,49,78,63,36,60,85,17,58,35,11,
381	10	12	2.084	10,21,64,46,55,30,94,17,85,58,60,36,63,29,53,12,
381	10	13	1.969	10,21,64,46,55,30,17,58,85,60,36,63,29,53,16,13,
381	10	14	2.052	10,21,64,55,30,17,85,58,60,36,63,23,33,97,65,14,
381	10	15	2.451	10,21,64,46,55,30,94,17,85,58,60,36,63,23,33,97,65,80,28,15,
381	11	12	1.969	11,35,58,85,60,36,63,23,33,97,50,16,29,53,12,
381	11	13	1.744	11,35,58,85,60,36,94,52,49,78,63,29,53,16,13,
381	11	14	1.868	11,35,58,85,60,36,52,49,78,63,23,33,97,65,14,
381	11	15	1.873	11,35,58,85,17,94,52,49,78,23,33,97,65,80,28,15,
381	12	13	1.979	12,58,85,60,36,94,52,49,78,23,33,97,50,16,13,
381	12	14	2.003	12,58,85,60,36,94,52,49,78,63,23,33,97,65,14,
381	12	15	2.026	12,58,85,17,94,52,49,78,63,23,33,97,65,80,28,15,
381	13	14	1.876	13,16,53,29,63,60,36,52,49,78,23,33,97,65,14,
381	13	15	1.916	13,16,53,29,63,60,36,78,23,33,97,65,84,28,15,
381	14	15	2.097	14,16,53,29,63,60,36,78,23,33,97,65,84,28,15,
