27	0	2	2.261	0,41,69,76,77,56,89,48,81,88,46,68,22,87,91,2,
27	0	3	2.204	0,41,69,57,52,89,56,48,49,81,46,88,68,22,87,3,
27	0	6	2.405	0,41,58,77,56,89,48,81,88,46,82,37,73,62,61,51,98,54,6,
27	0	5	2.417	0,41,58,77,56,89,48,49,81,88,46,82,37,73,39,51,61,62,98,5,
27	0	1	2.283	0,41,69,76,77,56,89,48,49,81,52,57,94,71,75,1,
27	0	11	2.564	0,19,84,59,34,30,80,66,16,67,27,83,18,96,36,25,64,29,11,
27	0	7	2.705	0,41,69,76,77,56,89,48,49,99,63,32,47,70,90,50,95,24,7,
27	0	9	2.579	0,19,84,59,34,30,80,16,67,27,83,18,96,25,64,60,35,9,
27	0	10	2.435	0,19,84,59,34,30,80,66,16,67,27,83,18,96,25,64,60,40,10,
27	0	8	2.628	0,41,69,76,89,56,48,99,63,32,47,70,90,50,95,17,23,20,72,33,8,
27	0	4	2.363	0,41,69,52,57,22,68,88,46,82,37,73,62,61,39,26,28,4,
27	0	13	2.442	0,1,41,58,78,19,84,59,34,30,42,80,66,16,67,27,13,
27	1	2	2.033	1,75,69,76,77,56,89,48,49,81,52,57,94,71,91,2,
27	0	15	2.445	0,41,69,76,77,56,48,99,63,92,38,65,59,84,15,
27	1	3	1.983	1,75,71,94,57,52,89,56,48,81,46,88,68,22,87,3,
27	0	14	2.379	0,41,69,76,89,56,77,38,65,34,30,80,16,67,14,
27	0	12	2.74	0,19,84,59,34,30,80,66,16,67,27,83,18,96,25,64,29,53,12,
27	1	5	2.205	1,75,69,52,57,22,87,68,88,46,82,37,73,62,61,39,51,98,5,
27	1	7	2.572	1,75,71,94,57,52,89,56,48,49,99,63,32,47,70,90,50,95,24,7,
27	1	8	2.523	1,75,71,94,57,52,89,56,92,63,32,47,90,50,95,17,23,20,44,33,8,
27	1	6	2.357	1,75,71,94,57,52,89,56,48,81,88,46,82,73,37,39,61,62,54,6,
27	1	4	2.155	1,75,71,94,87,22,68,88,46,82,37,73,62,61,39,26,28,4,
27	1	15	2.141	1,75,71,94,57,52,89,48,56,77,58,78,59,84,19,15,
27	2	5	1.634	2,91,94,57,52,81,88,46,82,37,39,73,62,61,51,5,
27	1	12	2.617	1,75,71,94,57,52,89,56,77,65,34,30,80,66,16,27,83,12,
27	2	3	1.947	2,91,71,94,57,52,89,56,48,49,81,46,88,68,22,87,3,
27	1	14	2.272	1,75,71,94,57,52,89,56,77,65,34,30,80,66,16,67,14,
27	2	4	1.765	2,91,87,22,68,82,37,73,62,61,51,39,26,28,4,
27	1	9	2.538	1,75,69,76,77,92,63,32,47,70,90,50,95,17,23,45,60,35,9,
27	1	10	2.445	1,75,71,94,57,52,89,56,92,63,32,90,50,95,17,23,45,60,40,10,
27	1	11	2.502	1,75,71,94,57,52,89,56,48,99,63,32,47,70,36,25,64,29,11,
27	1	13	2.404	1,75,71,94,57,52,69,58,78,84,59,34,30,80,66,16,67,27,13,
27	2	6	2.315	2,91,71,94,57,52,89,56,48,49,81,88,46,82,26,37,73,62,54,6,
27	2	15	2.146	2,91,94,57,52,89,56,48,99,63,92,38,65,59,84,15,
27	3	5	1.838	3,87,22,57,52,89,56,48,81,88,46,43,62,61,51,5,
27	2	12	2.54	2,91,94,57,52,89,56,77,38,65,34,30,80,16,67,27,83,12,
27	3	4	1.697	3,87,22,68,88,46,82,73,62,61,39,37,26,28,4,
27	2	14	2.169	2,91,94,57,52,89,56,77,38,65,34,30,80,16,27,67,14,
27	2	7	2.352	2,91,94,57,52,89,56,48,49,99,63,32,47,70,90,50,95,24,7,
27	2	8	2.266	2,91,94,57,52,89,56,48,99,63,32,90,50,95,17,23,20,72,33,8,
27	2	9	2.426	2,91,94,57,52,89,56,92,63,32,47,70,90,50,95,17,23,20,44,9,
27	2	13	2.317	2,91,71,94,57,52,89,56,77,38,65,34,30,80,66,16,27,67,13,
27	2	11	2.404	2,91,94,57,52,89,56,48,49,99,63,32,47,90,70,36,25,64,29,11,
27	2	10	2.441	2,91,94,57,52,89,56,48,49,99,63,32,47,70,90,50,95,17,23,45,60,40,10,
27	4	5	1.716	4,26,28,85,68,88,46,82,37,73,62,61,39,51,98,5,
27	3	12	2.659	3,87,22,57,52,89,48,56,77,65,34,30,80,66,16,67,27,83,12,
27	3	14	2.288	3,87,22,57,52,89,48,56,77,65,34,30,80,66,16,27,67,14,
27	3	7	2.397	3,87,22,57,52,89,56,48,92,63,32,47,70,90,50,95,24,7,
27	3	15	2.418	3,87,22,94,57,52,89,56,48,49,99,63,92,38,65,59,84,15,
27	3	8	2.322	3,87,22,81,49,99,63,32,47,70,90,50,95,17,23,20,72,44,33,8,
27	3	6	2.194	3,87,22,57,52,89,56,48,49,81,88,46,82,37,73,61,98,54,6,
27	3	9	2.495	3,87,22,57,52,89,56,48,99,63,32,47,90,50,95,17,23,45,9,
27	3	13	2.482	3,87,22,57,52,89,56,48,99,63,92,38,65,34,30,80,66,16,27,13,
27	3	10	2.431	3,87,22,57,52,89,56,92,63,32,47,70,90,50,95,17,23,45,60,40,10,
27	3	11	2.574	3,87,22,57,52,89,56,48,99,63,32,90,50,95,17,23,45,25,64,29,11,
27	4	7	2.157	4,28,26,37,39,51,98,61,62,73,82,43,79,74,21,7,
27	4	6	1.802	4,26,28,85,68,88,46,82,37,73,62,61,51,98,54,6,
27	5	6	1.902	5,51,61,62,73,39,37,26,28,85,82,43,79,21,54,6,
27	4	12	2.768	4,28,85,68,88,46,81,48,89,56,77,65,34,30,80,66,16,67,27,83,12,
27	4	14	2.397	4,28,85,68,88,46,81,48,89,56,77,65,34,30,80,66,16,27,67,14,
27	4	8	2.314	4,28,85,68,88,46,49,99,63,32,47,90,50,95,17,23,20,72,33,8,
27	4	15	2.442	4,28,26,39,73,37,82,46,88,81,48,89,56,77,58,78,59,84,19,15,
27	4	9	2.487	4,28,85,68,88,81,49,99,63,32,47,70,90,50,95,17,23,20,72,44,9,
27	4	10	2.419	4,28,85,68,88,46,81,49,99,63,32,47,70,90,50,95,17,23,45,60,40,10,
27	4	11	2.521	4,28,85,68,88,46,49,99,63,32,47,90,50,95,17,23,45,25,64,29,11,
27	4	13	2.503	4,28,85,68,88,46,81,49,99,63,92,38,65,34,30,80,66,16,27,67,13,
27	5	8	1.855	5,51,61,62,73,39,37,82,43,79,21,24,72,44,33,8,
27	6	8	1.995	6,54,98,51,61,39,37,73,62,79,21,24,72,44,33,8,
27	5	7	2.055	5,51,61,62,73,39,37,82,43,79,21,24,72,44,33,7,
27	6	7	2.163	6,54,98,51,61,62,73,39,37,26,82,43,79,74,21,7,
27	5	12	2.595	5,51,61,62,73,37,82,46,88,81,49,99,63,32,47,97,93,18,96,53,12,
27	5	14	2.378	5,51,61,62,73,37,82,46,88,81,89,56,77,65,34,30,80,16,67,14,
27	5	9	2.401	5,51,61,39,37,73,62,79,74,31,95,17,23,45,25,64,60,35,9,
27	5	13	2.331	5,51,61,73,37,82,46,88,81,89,56,77,65,34,30,80,66,16,27,13,
27	5	10	2.361	5,51,61,62,73,37,82,46,49,99,63,32,90,50,95,17,23,45,60,40,10,
27	5	15	2.343	5,51,61,62,73,39,37,82,46,88,81,48,89,56,77,58,78,59,84,19,15,
27	5	11	2.423	5,51,61,39,37,73,62,79,21,74,31,50,95,17,23,45,60,25,64,29,11,
27	7	8	2.385	7,6,54,98,51,61,39,37,73,62,79,21,24,72,44,33,8,
27	7	10	2.154	7,33,44,72,24,20,17,23,36,25,64,60,45,35,40,10,
27	6	10	2.134	6,54,98,51,61,62,79,74,31,95,17,23,45,60,40,10,
27	7	9	2.339	7,33,44,72,24,20,17,23,45,60,25,64,29,40,35,9,
27	6	9	2.149	6,54,98,51,61,62,73,37,82,43,79,21,24,72,44,9,
27	6	12	2.646	6,54,98,51,61,73,37,82,46,88,81,49,99,63,32,47,93,83,12,
27	7	11	2.684	7,21,74,31,63,32,47,70,90,50,95,17,23,45,60,25,64,29,11,
27	6	11	2.418	6,54,98,51,61,62,21,74,31,95,17,23,45,60,25,64,29,11,
27	6	13	2.468	6,54,21,74,31,99,63,92,38,65,34,30,80,66,16,67,27,13,
27	6	14	2.596	6,54,98,51,61,62,73,37,82,46,81,89,56,77,65,34,30,80,66,14,
27	6	15	2.475	6,54,98,51,61,62,73,37,82,46,88,81,49,48,89,56,77,58,78,19,15,
27	8	11	2.182	8,33,44,72,20,17,23,45,60,64,25,36,96,18,53,29,11,
27	8	10	2.118	8,33,24,20,17,23,45,36,96,25,64,60,35,40,10,
27	8	9	2.139	8,33,44,72,24,20,17,23,45,60,25,64,29,40,35,9,
27	8	12	2.58	8,33,72,20,23,17,95,50,90,70,47,32,63,92,38,97,93,83,12,
27	7	12	2.807	7,24,95,50,90,47,32,63,92,38,65,34,30,80,16,27,83,12,
27	8	13	2.296	8,33,72,20,23,17,95,50,90,70,47,97,86,42,80,66,16,27,13,
27	7	14	2.527	7,24,95,50,90,70,47,32,63,92,38,65,34,30,80,66,16,67,14,
27	7	13	2.461	7,24,95,50,90,47,32,63,92,38,65,34,30,80,66,16,27,13,
27	8	14	2.425	8,33,44,72,20,23,17,95,50,90,70,47,97,86,42,80,66,16,27,67,14,
27	7	15	2.648	7,33,44,72,20,23,17,95,50,90,70,47,32,63,92,38,65,59,84,19,15,
27	8	15	2.551	8,33,72,24,20,23,17,95,50,90,70,47,32,63,92,38,65,59,84,19,15,
27	9	12	2.464	9,35,40,60,64,25,96,18,93,42,30,80,16,83,12,
27	10	12	2.301	10,40,35,60,64,25,96,18,93,42,30,80,16,83,12,
27	10	11	2.206	10,40,60,45,23,17,95,50,90,32,47,70,36,25,64,29,11,
27	9	11	2.373	9,35,60,45,23,17,95,50,90,32,47,70,36,25,64,29,11,
27	9	10	2.271	9,35,60,45,23,17,95,50,90,47,70,36,25,64,40,10,
27	10	13	2.107	10,40,35,60,64,25,96,18,93,42,30,80,16,66,67,27,13,
27	9	13	2.27	9,35,40,60,64,25,96,18,93,42,30,80,16,66,67,27,13,
27	10	14	2.344	10,40,35,60,64,25,96,18,83,27,67,16,66,80,30,34,55,14,
27	9	14	2.361	9,35,40,60,64,25,96,18,93,42,30,34,80,66,16,27,67,14,
27	9	15	2.385	9,35,60,64,25,96,18,83,27,16,66,80,30,34,59,84,19,15,
27	10	15	2.218	10,40,60,64,25,96,18,83,27,16,66,80,30,34,59,84,19,15,
27	12	14	2.438	12,53,29,64,25,60,45,36,96,18,83,27,16,66,67,14,
27	11	14	2.213	11,53,96,18,83,27,67,16,66,80,30,34,59,84,55,14,
27	13	14	2.201	13,27,67,16,66,80,30,34,42,86,38,65,59,84,55,14,
27	11	12	2.336	11,29,64,25,96,18,93,42,30,80,16,67,27,83,12,
27	13	15	2.052	13,27,67,16,66,80,30,34,42,86,38,65,59,84,19,15,
27	14	15	2.05	14,67,27,16,66,80,30,34,42,86,38,65,59,84,19,15,
27	11	13	2.255	11,29,64,25,60,45,36,96,18,93,42,30,80,16,27,13,
27	12	13	2.284	12,53,29,64,25,96,18,93,42,30,80,66,16,67,27,13,
27	12	15	2.523	12,53,29,64,25,96,18,83,27,16,66,80,30,34,59,84,19,15,
27	11	15	2.302	11,29,64,25,96,18,83,27,67,16,66,80,30,34,59,84,19,15,
