85	0	1	2.059	0,47,32,75,33,67,97,68,55,25,22,71,70,74,48,1,
85	0	2	2.009	0,33,75,97,55,68,25,22,37,76,95,44,16,59,28,2,
85	0	3	1.986	0,33,75,97,55,68,25,22,37,76,95,44,66,16,29,3,
85	0	4	1.939	0,33,75,97,55,68,25,22,37,76,95,44,66,57,23,4,
85	0	5	2.342	0,33,75,97,55,68,25,22,37,76,95,44,66,57,94,23,83,18,5,
85	0	6	2.476	0,33,67,75,97,25,68,55,56,76,37,95,44,66,57,94,39,43,6,
85	0	7	2.447	0,33,75,97,25,68,55,89,31,21,77,58,99,90,82,98,84,19,7,
85	0	8	2.752	0,33,75,97,55,68,25,22,37,44,95,76,56,89,31,21,77,99,90,82,8,
85	0	9	2.501	0,33,75,97,25,68,55,56,89,31,21,77,58,99,60,50,78,20,38,9,
85	0	10	2.73	0,33,75,97,25,68,55,56,89,31,21,77,58,99,60,50,78,20,38,10,
85	0	11	2.362	0,47,32,87,88,53,27,80,62,46,45,63,72,30,52,61,85,24,86,11,
85	0	12	2.458	0,33,75,97,25,68,55,63,72,30,52,61,85,24,36,64,12,
85	0	13	2.415	0,47,32,75,33,67,97,25,68,55,45,46,80,27,35,79,26,13,
85	0	14	2.008	0,33,75,67,71,22,25,68,55,45,46,80,27,35,79,14,
85	0	15	1.997	0,33,67,71,22,25,68,55,97,75,32,47,87,88,53,15,
85	1	2	2.001	1,48,74,33,75,97,68,55,25,22,71,70,59,28,2,
85	1	3	2.024	1,33,75,97,55,68,25,22,37,76,95,44,66,16,29,3,
85	1	4	1.845	1,48,74,70,59,16,37,76,95,44,66,94,23,83,18,4,
85	1	5	2.384	1,48,74,67,33,75,97,55,68,25,22,37,95,44,66,57,23,83,18,5,
85	1	6	2.443	1,48,74,33,75,97,55,68,25,22,37,76,95,44,66,57,94,69,73,6,
85	1	7	2.488	1,48,74,70,59,16,66,44,95,37,76,56,89,31,21,77,58,90,84,19,7,
85	1	8	2.622	1,48,74,70,59,16,66,44,95,37,76,56,89,31,21,77,58,99,90,82,98,8,
85	1	9	2.482	1,48,74,67,33,75,97,25,68,55,89,31,21,77,58,99,60,93,20,38,9,
85	1	10	2.531	1,48,33,75,97,25,68,55,63,72,30,64,36,52,61,85,24,86,10,
85	1	11	2.411	1,48,74,70,71,22,25,68,55,63,72,30,64,36,52,61,85,24,86,11,
85	1	12	2.515	1,48,74,33,75,47,32,27,80,62,46,45,63,72,30,36,64,12,
85	1	13	2.447	1,48,74,70,71,25,68,55,97,75,47,32,27,80,62,35,79,26,13,
85	1	14	1.829	1,48,74,67,33,75,47,32,87,88,53,27,80,62,35,79,14,
85	1	15	1.862	1,48,74,70,71,22,25,68,55,97,75,32,47,87,15,
85	2	3	2.109	2,28,70,71,22,25,68,55,56,76,95,44,16,29,3,
85	2	4	1.948	2,28,59,16,37,76,95,44,66,57,94,39,69,83,18,4,
85	2	5	2.111	2,28,59,16,37,76,95,44,66,57,94,39,69,83,18,5,
85	2	6	2.468	2,28,70,71,22,25,68,55,56,76,95,44,66,57,94,69,73,6,
85	2	7	2.371	2,28,59,16,44,95,76,56,89,31,21,77,58,90,82,98,84,19,7,
85	2	8	2.606	2,28,59,16,66,44,95,76,56,89,31,21,77,58,99,60,93,20,78,8,
85	2	9	2.4	2,28,29,16,66,44,95,37,76,56,89,31,21,77,58,99,60,93,20,38,9,
85	2	10	2.619	2,28,59,16,66,44,95,37,76,56,89,31,21,77,58,99,60,93,20,38,10,
85	2	11	2.481	2,28,59,29,16,66,44,95,37,76,56,89,17,65,49,52,61,85,24,86,11,
85	2	12	2.401	2,28,59,16,44,95,76,37,22,25,68,55,63,72,30,36,64,12,
85	2	13	2.443	2,28,59,16,44,95,76,37,22,25,68,55,45,46,62,35,79,26,13,
85	2	14	2.243	2,28,59,16,66,44,95,76,37,22,25,68,55,45,46,62,35,79,14,
85	2	15	1.973	2,28,59,70,71,22,25,68,55,97,75,32,47,87,15,
85	3	4	2.06	3,28,59,16,37,76,95,44,66,57,94,39,69,83,18,4,
85	3	5	2.223	3,28,59,16,37,76,95,44,66,57,94,39,69,83,18,5,
85	3	6	2.17	3,28,59,16,37,76,95,44,66,57,94,69,39,42,43,6,
85	3	7	2.296	3,29,16,66,44,95,37,76,56,89,31,21,77,58,99,90,84,19,7,
85	3	8	2.475	3,29,16,66,44,95,76,56,89,31,21,77,58,99,60,50,82,98,8,
85	3	9	2.389	3,29,16,66,44,95,37,76,56,89,31,21,77,58,99,50,78,93,20,38,9,
85	3	10	2.62	3,29,16,66,44,95,76,56,89,31,21,77,58,99,60,50,78,20,38,10,
85	3	11	2.601	3,29,66,44,95,37,76,56,22,25,68,55,63,72,30,52,61,85,24,86,11,
85	3	12	2.557	3,29,16,44,66,95,37,76,56,22,25,68,55,63,72,30,36,64,12,
85	3	13	2.5	3,29,16,66,44,95,76,37,22,25,68,55,45,46,80,27,35,79,26,13,
85	3	14	2.313	3,29,16,66,44,95,37,76,56,22,25,68,55,45,46,62,35,79,14,
85	3	15	2.219	3,29,16,66,44,95,76,37,22,25,68,55,97,75,32,47,87,88,15,
85	4	5	2.159	4,18,83,23,57,66,44,95,76,94,41,96,39,69,73,5,
85	4	6	2.072	4,18,83,23,57,66,44,37,76,95,94,41,96,91,42,43,6,
85	4	7	2.12	4,18,83,23,94,69,39,41,96,91,40,90,82,98,84,19,7,
85	4	8	2.285	4,18,83,23,57,66,44,95,37,76,56,89,31,21,77,58,99,90,82,8,
85	4	9	2.253	4,18,83,23,57,66,44,95,76,56,89,31,21,77,58,99,60,93,20,9,
85	4	10	2.405	4,18,83,23,57,66,44,95,37,76,56,89,17,65,49,52,61,85,54,10,
85	4	11	2.302	4,18,83,23,57,66,44,95,37,76,56,89,17,65,49,52,61,85,24,86,11,
85	4	12	2.56	4,18,83,23,57,66,44,95,76,56,89,17,65,49,61,85,52,36,64,12,
85	4	13	2.457	4,18,83,23,57,66,44,95,76,37,22,25,68,55,45,46,62,35,79,26,13,
85	4	14	2.184	4,18,83,23,57,66,44,95,76,37,22,25,68,55,45,46,62,35,79,14,
85	4	15	2.172	4,18,83,23,57,66,44,95,76,37,22,25,68,55,97,75,32,47,87,15,
85	5	6	2.214	5,69,39,96,91,40,21,77,58,90,82,98,84,42,43,6,
85	5	7	2.071	5,69,39,41,96,91,40,21,77,58,99,90,82,98,84,19,7,
85	5	8	2.382	5,69,94,57,66,44,95,37,76,56,89,31,21,77,58,99,90,82,8,
85	5	9	2.384	5,69,94,57,66,44,95,76,56,89,31,21,77,58,99,60,93,20,38,9,
85	5	10	2.493	5,69,39,41,96,91,40,58,77,21,17,65,49,52,61,85,24,86,10,
85	5	11	2.465	5,18,83,23,57,66,44,95,37,76,56,89,17,65,49,52,61,85,24,86,11,
85	5	12	2.716	5,18,83,23,57,66,44,37,76,56,22,25,68,55,63,72,30,36,64,12,
85	5	13	2.508	5,69,94,57,66,44,95,76,37,22,25,68,55,45,62,35,79,26,13,
85	5	14	2.448	5,69,94,57,66,44,95,76,37,22,25,68,55,45,46,27,80,62,35,79,14,
85	5	15	2.335	5,18,83,23,57,66,44,95,76,37,22,25,68,55,97,75,32,47,87,15,
85	6	7	1.962	6,43,42,91,40,21,77,58,99,60,50,82,98,84,19,7,
85	6	8	2.085	6,43,42,84,19,98,82,90,58,77,21,99,60,50,78,8,
85	6	9	2.183	6,43,42,84,19,98,82,90,58,77,21,99,60,50,78,20,93,38,9,
85	6	10	2.641	6,43,42,84,19,98,82,90,58,77,21,99,60,50,78,20,93,38,34,54,10,
85	6	11	2.631	6,43,42,84,19,98,82,50,60,99,58,77,21,17,65,49,61,85,24,86,11,
85	6	12	2.56	6,43,42,84,98,82,78,93,20,38,34,54,85,61,52,24,86,36,64,12,
85	6	13	2.66	6,73,69,94,57,66,44,95,76,37,22,25,68,55,45,62,35,79,26,13,
85	6	14	2.47	6,43,39,94,57,66,44,95,76,37,22,25,68,55,45,46,62,35,79,14,
85	6	15	2.447	6,43,39,69,94,57,66,44,95,76,37,22,25,68,55,97,32,47,87,15,
85	7	8	1.972	7,19,84,98,82,90,58,77,21,99,60,93,38,20,78,8,
85	7	9	1.701	7,19,84,98,82,90,58,77,21,99,50,78,93,20,38,9,
85	7	10	2.372	7,19,84,98,82,50,60,99,58,77,21,65,49,52,61,85,24,86,10,
85	7	11	2.139	7,19,84,98,82,90,99,58,77,21,17,65,49,61,52,85,24,86,11,
85	7	12	2.438	7,19,84,98,82,50,78,20,38,34,54,86,24,85,61,52,30,36,64,12,
85	7	13	2.468	7,19,84,98,82,50,78,20,93,34,54,85,61,52,36,64,92,51,13,
85	7	14	2.544	7,19,84,90,58,77,21,31,89,56,22,25,68,55,45,46,62,35,79,14,
85	7	15	2.507	7,19,84,98,82,90,58,77,21,31,89,55,68,25,97,75,32,47,87,15,
85	8	9	1.83	8,98,82,90,40,21,77,58,99,60,50,78,20,93,38,9,
85	8	10	1.991	8,98,82,90,58,77,21,99,60,50,78,20,93,38,34,10,
85	8	11	2.167	8,98,82,78,50,60,99,58,77,21,65,49,61,85,24,86,11,
85	8	12	2.408	8,78,50,60,99,58,77,21,17,65,49,52,61,85,24,36,64,12,
85	8	13	2.528	8,98,82,78,93,20,38,34,54,85,61,52,24,86,36,64,92,51,13,
85	8	14	2.556	8,82,90,58,77,21,31,89,55,68,25,97,75,47,32,27,80,35,79,14,
85	8	15	2.54	8,98,82,90,99,58,77,21,31,89,55,68,25,97,75,32,47,87,88,15,
85	9	10	1.935	9,38,20,93,60,99,58,77,21,65,49,52,61,85,54,10,
85	9	11	1.77	9,20,93,60,99,77,21,65,49,52,61,85,24,86,11,
85	9	12	1.952	9,38,20,78,50,60,81,54,86,24,85,61,52,36,64,12,
85	9	13	2.438	9,38,20,93,78,50,60,81,61,52,85,24,86,36,64,30,92,51,13,
85	9	14	2.419	9,38,20,93,34,54,86,24,85,61,52,30,72,63,45,46,80,27,35,79,14,
85	9	15	2.451	9,38,20,93,34,54,85,61,52,36,64,30,72,63,45,46,62,80,27,53,88,15,
85	10	11	2.037	10,38,20,93,60,99,58,77,21,65,49,61,85,24,86,11,
85	10	12	2.222	10,34,38,20,78,50,60,81,61,85,52,24,86,36,64,12,
85	10	13	2.179	10,86,24,85,61,52,30,72,63,45,46,62,35,79,26,13,
85	10	14	2.273	10,86,24,85,61,52,36,64,30,72,63,45,46,27,80,62,35,79,14,
85	10	15	2.41	10,34,54,86,24,85,61,52,36,64,30,72,63,45,46,62,80,27,53,88,15,
85	11	12	2.064	11,86,24,52,61,85,54,81,49,65,63,72,30,36,64,12,
85	11	13	2.004	11,86,24,85,61,52,30,72,63,45,46,62,35,79,26,13,
85	11	14	1.811	11,86,24,85,61,52,30,72,63,45,46,80,27,35,79,14,
85	11	15	2.27	11,86,24,85,61,52,36,64,30,72,63,45,46,62,79,35,80,27,88,15,
85	12	13	2.276	12,64,36,24,85,61,52,49,65,63,72,30,92,51,13,
85	12	14	2.109	12,64,36,86,24,85,61,52,30,72,63,45,62,35,79,14,
85	12	15	2.071	12,64,36,30,72,63,45,46,62,80,27,32,47,87,88,15,
85	13	14	2.408	13,26,79,35,62,46,45,55,68,25,97,75,47,87,88,53,14,
85	13	15	2.098	13,26,79,35,62,45,55,68,25,97,75,32,47,87,15,
85	14	15	1.951	14,79,35,27,80,46,45,55,68,25,97,75,32,47,87,15,
