129	0	1	2.155	0,99,58,28,48,85,47,34,55,56,83,18,26,72,50,1,
129	0	5	2.458	0,78,38,26,18,83,95,69,25,45,24,68,53,41,21,81,32,92,5,
129	0	6	2.427	0,99,78,38,26,18,83,95,51,69,25,45,24,42,76,68,53,41,80,6,
129	0	11	2.33	0,99,58,28,48,85,47,34,55,56,36,39,71,64,33,75,22,16,43,11,
129	0	10	2.325	0,99,58,28,48,85,47,34,55,36,39,71,64,33,94,52,30,84,91,10,
129	0	2	2.206	0,99,58,28,48,85,47,18,38,78,26,72,50,63,49,2,
129	0	3	2.321	0,99,58,28,48,85,38,78,26,18,72,50,63,49,19,3,
129	0	8	2.516	0,99,58,28,48,85,47,55,36,39,64,33,94,52,62,29,82,73,87,8,
129	0	7	2.631	0,99,58,28,48,85,47,34,55,36,71,23,95,69,25,24,68,66,77,7,
129	0	4	2.569	0,99,58,28,48,85,47,34,55,36,39,71,23,95,51,79,70,46,4,
129	0	9	2.441	0,99,58,28,48,85,47,34,55,36,39,71,64,33,94,52,60,67,59,57,9,
129	0	14	2.063	0,99,58,28,48,85,47,55,36,39,54,35,86,17,14,
129	0	15	2.135	0,99,78,38,26,18,83,95,23,71,56,47,85,48,28,15,
129	1	3	2.638	1,50,72,26,18,47,34,55,36,71,23,95,98,93,19,3,
129	1	2	2.591	1,50,72,26,18,47,34,55,36,71,23,95,98,93,49,2,
129	1	6	2.437	1,50,72,63,93,98,51,69,25,45,24,42,76,81,21,68,53,41,80,6,
129	1	5	2.465	1,50,72,93,98,51,69,25,45,24,68,53,41,21,81,76,32,92,5,
129	1	4	2.724	1,50,72,93,98,51,69,25,45,24,68,53,41,21,81,76,32,46,4,
129	0	13	1.931	0,99,58,28,48,85,47,34,55,56,36,39,54,35,86,37,13,
129	1	7	2.646	1,50,72,63,93,98,51,69,25,45,24,42,76,81,21,68,53,41,66,77,7,
129	0	12	2.264	0,99,58,28,48,85,47,34,55,56,36,39,54,74,35,86,37,12,
129	1	8	2.8	1,50,72,26,18,47,34,55,36,39,64,33,94,52,62,29,82,73,87,8,
129	1	13	2.219	1,50,72,26,38,78,99,58,28,48,85,47,55,34,35,86,37,13,
129	2	5	2.233	2,49,93,98,51,69,45,24,68,53,41,21,81,32,92,5,
129	2	4	2.441	2,49,93,98,51,69,25,45,24,68,53,41,21,81,32,4,
129	2	3	2.646	2,19,79,96,25,24,68,53,21,81,76,42,20,70,31,3,
129	1	12	2.449	1,50,72,26,38,78,99,58,28,48,85,47,34,55,36,39,54,74,12,
129	2	6	2.442	2,19,79,96,25,45,24,42,76,81,21,41,53,68,66,77,80,6,
129	1	11	2.517	1,50,72,26,38,78,58,28,48,85,47,34,55,36,39,54,75,22,16,43,11,
129	1	15	2.253	1,50,72,26,18,83,23,71,36,55,56,47,85,48,28,15,
129	1	10	2.698	1,50,72,26,38,78,58,28,48,85,34,55,36,39,64,33,94,30,84,91,10,
129	1	14	2.247	1,50,72,18,26,38,78,58,28,48,85,47,55,34,17,14,
129	1	9	2.642	1,50,72,26,78,38,47,34,55,36,39,71,64,33,94,52,60,67,59,9,
129	3	5	2.125	3,31,70,79,96,25,45,24,68,53,41,21,76,32,92,5,
129	2	13	2.427	2,49,63,50,72,26,38,78,58,28,48,85,47,55,34,35,86,37,13,
129	3	4	2.321	3,31,70,79,96,25,45,24,68,53,41,21,81,32,46,4,
129	2	12	2.635	2,49,63,72,26,38,78,99,58,28,48,85,47,55,34,35,86,37,12,
129	2	11	2.677	2,63,72,26,38,78,58,28,48,85,47,34,55,36,39,54,75,22,16,43,11,
129	2	10	2.833	2,63,72,26,38,78,58,28,48,85,47,34,55,54,75,22,16,89,84,91,10,
129	2	7	2.728	2,49,93,98,51,69,25,45,24,42,76,81,21,41,53,68,88,66,77,7,
129	2	15	2.392	2,49,19,93,98,95,23,71,39,36,55,34,47,85,48,28,58,15,
129	2	8	2.763	2,49,93,79,96,25,45,24,42,76,81,21,41,53,68,88,27,82,73,87,8,
129	2	14	2.626	2,49,19,79,96,51,95,23,71,39,36,56,55,34,47,85,48,28,14,
129	2	9	2.825	2,49,63,72,26,18,47,34,55,36,39,71,64,33,94,52,60,67,59,9,
129	3	6	2.008	3,31,70,79,96,25,45,24,42,76,81,21,68,53,41,80,6,
129	4	5	2.5	4,32,20,24,25,45,27,88,66,68,53,41,21,76,81,5,
129	3	13	2.655	3,19,49,63,72,26,38,78,58,28,48,85,47,55,34,35,86,37,13,
129	3	12	2.937	3,19,49,63,50,72,26,38,78,58,28,48,85,47,55,34,35,86,37,12,
129	3	7	2.62	3,31,70,79,96,20,42,76,81,21,41,53,68,24,45,27,88,66,77,7,
129	3	10	2.885	3,31,46,32,76,81,21,41,53,68,24,45,65,62,52,30,84,91,10,
129	3	11	2.972	3,19,49,63,72,26,38,78,58,28,48,85,47,34,55,54,75,22,16,43,11,
129	3	15	2.451	3,31,70,79,96,51,95,23,71,39,36,56,55,34,47,85,48,28,58,15,
129	3	8	2.6	3,31,46,32,76,81,21,41,53,68,24,45,88,27,29,82,73,87,90,8,
129	3	14	2.669	3,31,70,79,96,51,69,44,23,71,39,36,56,55,34,47,85,48,28,14,
129	3	9	2.628	3,31,70,20,42,76,81,21,41,53,68,88,27,29,82,73,87,90,61,57,9,
129	4	6	2.027	4,46,32,81,76,42,24,25,45,27,88,68,53,41,80,6,
129	5	6	1.875	5,92,32,81,76,42,20,24,68,53,21,41,66,77,80,6,
129	4	13	2.716	4,32,81,76,42,24,25,69,51,95,23,71,39,36,55,34,35,86,37,13,
129	4	7	2.409	4,46,32,81,21,41,53,68,76,42,20,24,45,27,88,66,77,7,
129	4	10	2.721	4,46,32,76,21,41,53,68,24,45,88,27,29,62,52,30,84,91,10,
129	4	15	2.453	4,46,31,70,79,96,51,95,23,71,36,55,34,47,85,48,28,58,15,
129	4	8	2.328	4,46,32,76,81,21,41,53,68,24,45,88,27,29,82,73,87,90,8,
129	4	12	2.907	4,46,32,76,81,21,41,53,68,24,45,65,62,52,30,84,89,22,16,12,
129	4	11	2.833	4,46,32,76,81,21,41,53,68,88,27,29,62,52,30,84,89,22,16,43,11,
129	4	14	2.656	4,46,31,70,79,96,69,51,95,23,71,39,36,55,34,47,85,48,28,14,
129	4	9	2.422	4,46,32,76,81,21,53,68,24,45,88,27,82,73,87,90,61,57,9,
129	6	7	1.837	6,80,41,21,53,68,76,42,24,25,45,27,88,66,77,7,
129	5	7	1.877	5,92,32,76,81,21,41,53,68,24,45,27,88,66,77,7,
129	6	8	1.718	6,80,41,53,21,81,76,42,24,45,88,27,82,73,87,90,8,
129	5	8	1.821	5,92,32,81,21,41,53,68,24,45,88,27,82,73,87,8,
129	5	13	2.566	5,92,32,81,76,42,24,25,69,51,95,23,71,39,36,55,34,35,86,37,13,
129	5	10	2.425	5,92,32,81,21,41,53,68,24,45,88,27,65,62,52,30,84,91,10,
129	5	12	2.631	5,92,32,81,21,41,53,68,24,45,88,27,29,62,52,30,89,22,16,12,
129	5	15	2.358	5,92,32,20,96,51,95,23,71,39,36,55,34,47,85,48,28,58,15,
129	5	11	2.585	5,92,32,76,81,21,41,53,68,24,45,65,62,52,30,89,22,16,43,11,
129	5	9	2.163	5,92,32,76,81,21,53,68,24,45,88,27,82,73,87,90,61,57,9,
129	5	14	2.571	5,92,32,76,42,24,45,69,51,95,23,71,39,36,55,34,47,85,48,28,14,
129	7	10	2.108	7,77,66,53,21,81,76,42,24,45,88,27,29,97,59,10,
129	7	8	1.823	7,77,66,41,21,53,68,24,45,88,27,82,73,87,90,8,
129	6	10	2.121	6,80,41,21,53,68,24,45,88,27,29,62,52,30,84,91,10,
129	7	9	1.909	7,77,41,53,68,24,45,88,27,82,73,87,90,61,57,9,
129	7	11	2.341	7,77,66,41,53,68,24,45,65,62,52,30,89,22,16,43,11,
129	6	13	2.494	6,80,41,21,53,68,24,25,69,51,95,23,71,39,36,55,34,35,86,37,13,
129	6	15	2.312	6,80,41,53,68,24,25,69,95,23,71,39,36,55,34,47,85,48,28,15,
129	6	9	1.932	6,80,41,53,68,76,42,24,45,88,27,82,73,87,90,61,57,9,
129	6	12	2.577	6,80,41,53,68,21,81,76,42,24,45,88,27,29,62,52,30,89,22,16,12,
129	6	11	2.504	6,80,41,53,68,21,81,76,42,24,45,65,62,52,30,84,89,22,16,43,11,
129	6	14	2.595	6,80,41,53,21,81,76,42,24,25,69,51,95,23,71,36,55,34,47,85,48,28,14,
129	8	10	2.129	8,61,90,87,73,82,29,97,59,67,60,52,30,84,91,10,
129	8	11	2.276	8,61,90,87,73,82,29,62,52,67,60,30,84,89,22,16,43,11,
129	8	9	2.122	8,90,87,73,82,29,62,52,30,84,60,67,97,40,61,57,9,
129	7	13	2.488	7,77,66,41,53,68,24,25,69,51,95,23,71,39,54,35,86,37,13,
129	8	13	2.367	8,90,87,73,82,29,62,52,94,30,84,89,16,22,75,74,35,86,37,13,
129	7	12	2.561	7,77,66,68,53,41,21,81,76,42,24,45,65,62,52,30,89,16,12,
129	8	12	2.572	8,87,73,82,29,62,52,94,33,64,71,39,36,55,34,35,86,37,12,
129	8	14	2.397	8,90,61,40,97,67,60,52,94,33,64,39,36,55,34,47,85,48,28,14,
129	7	14	2.518	7,77,66,53,68,24,45,69,95,23,71,36,55,34,47,85,48,28,14,
129	7	15	2.563	7,77,66,53,68,24,45,69,95,23,71,39,36,55,34,47,85,48,28,58,15,
129	8	15	2.458	8,90,61,40,97,67,60,52,94,33,64,71,39,36,55,34,47,85,48,28,58,15,
129	10	13	1.964	10,91,84,89,16,22,75,54,39,36,55,34,35,86,37,13,
129	9	10	2.126	9,57,61,90,87,73,82,29,97,59,67,52,30,84,91,10,
129	9	11	1.988	9,57,61,90,87,73,82,29,62,52,30,89,22,16,43,11,
129	10	11	2.092	10,91,84,30,52,94,33,64,71,39,54,75,22,16,43,11,
129	9	12	2.121	9,59,67,60,52,30,84,89,16,22,75,74,35,86,37,12,
129	10	12	2.161	10,91,84,89,16,22,75,54,39,36,55,34,35,86,37,12,
129	9	13	2.307	9,57,59,67,60,52,94,33,64,71,39,36,56,55,34,35,86,37,13,
129	10	15	2.233	10,91,84,30,52,94,33,64,71,39,36,56,55,34,47,85,48,28,58,15,
129	10	14	2.228	10,91,84,30,52,94,33,64,71,39,36,56,55,34,47,85,48,28,14,
129	9	14	2.317	9,59,67,60,52,94,33,64,23,71,39,36,55,34,47,85,48,28,14,
129	9	15	2.504	9,57,59,67,60,52,94,33,64,23,71,39,36,56,55,34,47,85,48,28,58,15,
129	12	15	1.844	12,37,86,35,54,39,36,55,34,47,85,48,28,58,15,
129	13	15	1.647	13,37,86,35,54,39,36,55,34,47,85,48,28,58,15,
129	12	13	2.055	12,43,89,16,22,75,54,39,36,56,55,34,35,86,37,13,
129	11	13	1.921	11,43,89,16,22,75,54,39,36,56,55,34,35,86,37,13,
129	14	15	1.996	14,17,35,86,74,54,36,55,34,47,85,48,28,58,15,
129	12	14	1.975	12,37,86,35,74,54,39,36,55,34,47,85,48,28,14,
129	11	12	2.118	11,43,89,16,22,75,54,39,36,56,55,34,35,86,37,12,
129	13	14	1.778	13,37,86,35,74,54,39,36,55,34,47,85,48,28,14,
129	11	14	1.862	11,43,89,16,22,75,54,39,36,55,34,47,85,48,28,14,
129	11	15	2.236	11,43,89,16,22,75,33,64,71,39,36,56,55,34,47,85,48,28,58,15,
