302	0	3	2.41	0,43,79,34,55,62,44,22,99,60,72,95,61,86,50,3,
302	0	4	2.749	0,79,34,55,82,97,38,93,52,21,24,57,59,28,23,91,58,33,4,
302	0	1	2.484	0,15,29,78,30,45,92,26,48,94,64,35,32,53,79,34,55,1,
302	0	6	2.541	0,79,34,55,82,97,38,93,73,80,17,37,67,40,59,28,58,91,23,6,
302	0	10	2.458	0,79,34,55,82,63,88,49,46,71,68,20,41,36,18,84,89,47,42,10,
302	0	7	2.831	0,53,79,34,55,62,44,22,60,72,95,25,33,58,91,23,28,54,7,
302	0	9	2.596	0,53,32,35,64,70,30,45,92,26,94,48,31,46,71,68,20,41,16,87,76,9,
302	0	8	2.879	0,53,32,35,64,70,30,45,92,26,48,31,49,69,68,20,41,16,87,76,8,
302	0	2	2.628	0,43,79,34,55,82,63,97,38,93,52,60,22,44,2,
302	0	11	2.467	0,53,32,35,64,70,30,45,92,26,48,31,49,69,68,36,18,89,56,11,
302	0	5	2.46	0,79,34,55,82,97,38,93,52,21,24,57,59,28,23,91,58,33,5,
302	1	3	2.441	1,43,79,34,55,62,44,22,99,60,72,95,61,86,50,3,
302	0	13	1.894	0,43,55,34,79,53,32,75,35,64,70,78,30,45,92,65,13,
302	0	15	2.114	0,43,34,55,79,53,32,75,94,48,26,92,45,30,78,29,15,
302	0	14	1.911	0,43,55,34,79,53,32,75,35,64,94,48,26,92,30,78,14,
302	1	2	2.659	1,43,79,34,55,82,63,97,38,93,52,60,22,44,2,
302	0	12	2.25	0,43,55,34,79,53,32,35,64,70,30,45,92,26,94,48,77,83,12,
302	1	6	2.514	1,55,34,79,82,97,38,93,52,21,24,57,59,28,58,91,23,6,
302	1	4	2.712	1,98,62,44,22,60,52,21,24,67,40,59,57,72,95,61,86,4,
302	1	5	2.499	1,43,34,55,82,97,38,93,52,21,24,57,59,28,91,58,33,5,
302	1	7	2.674	1,98,62,44,22,60,72,95,25,33,58,91,23,28,59,40,54,7,
302	1	8	2.811	1,98,62,44,22,60,72,25,33,58,91,23,28,40,67,19,27,8,
302	1	15	2.093	1,55,34,79,53,32,35,64,94,48,26,92,45,30,78,29,15,
302	2	3	2.425	2,44,22,60,52,21,24,57,59,25,72,95,61,86,50,3,
302	1	13	1.925	1,43,55,34,79,53,32,75,35,64,70,78,30,45,92,65,13,
302	2	4	2.402	2,44,22,60,52,21,24,57,59,25,72,95,61,86,50,4,
302	1	12	2.388	1,43,55,34,79,53,32,75,35,64,70,78,30,45,92,26,48,77,83,12,
302	1	14	1.925	1,55,34,79,53,32,35,64,94,48,26,92,45,30,70,78,14,
302	2	5	2.302	2,98,62,44,22,50,86,61,95,72,25,59,28,58,5,
302	1	9	2.599	1,43,79,34,55,82,63,88,49,69,68,36,18,84,89,47,42,76,9,
302	1	11	2.53	1,43,34,79,55,82,63,88,49,69,68,20,41,36,18,84,89,56,11,
302	2	6	2.575	2,44,22,60,72,95,33,58,91,23,28,59,40,67,19,54,6,
302	1	10	2.551	1,43,79,34,55,82,63,88,49,69,68,20,41,36,18,84,89,47,42,10,
302	2	15	2.484	2,98,62,55,34,79,53,32,75,94,48,26,92,45,30,78,70,29,15,
302	3	4	2.257	3,50,86,61,95,72,57,59,25,33,58,91,28,23,5,4,
302	2	12	2.558	2,98,62,55,34,79,53,32,35,64,70,78,30,45,92,26,48,77,83,12,
302	3	5	1.97	3,50,86,61,95,72,21,24,57,59,25,33,58,91,23,5,
302	2	11	2.608	2,44,22,60,52,38,93,66,90,39,69,68,20,41,36,18,84,89,56,11,
302	2	14	2.423	2,98,62,55,34,79,53,32,75,94,48,26,92,45,30,78,70,29,14,
302	2	9	2.727	2,44,22,60,52,38,93,66,90,39,69,68,71,36,18,84,89,47,42,76,9,
302	2	10	2.668	2,44,22,60,52,38,93,66,90,39,69,46,71,68,36,18,84,89,47,42,10,
302	2	13	2.804	2,98,62,55,34,79,53,32,35,64,70,30,45,92,26,48,31,96,77,65,13,
302	2	7	2.656	2,44,22,60,72,95,25,33,58,91,23,28,59,40,67,19,54,7,
302	2	8	2.741	2,44,22,60,72,25,33,58,91,23,28,59,40,67,37,17,85,27,8,
302	3	15	2.691	3,50,86,61,95,72,52,93,38,97,63,75,35,64,70,30,78,29,15,
302	4	5	1.988	4,50,86,61,95,72,21,24,57,59,25,58,28,23,91,5,
302	3	12	2.675	3,50,86,61,95,72,21,52,38,93,66,90,39,68,69,49,31,96,83,12,
302	3	6	2.149	3,50,86,61,95,72,25,33,58,91,23,28,59,67,40,54,6,
302	3	9	2.603	3,50,86,61,95,72,52,93,66,90,39,68,36,18,84,89,47,42,76,9,
302	3	11	2.504	3,50,86,61,95,72,52,93,66,90,39,69,68,71,36,18,84,89,56,11,
302	3	7	2.172	3,50,86,61,95,72,25,33,58,91,23,28,59,67,40,54,7,
302	3	10	2.487	3,50,86,61,95,72,52,93,66,90,39,69,68,36,18,84,89,47,42,10,
302	3	14	2.663	3,22,44,62,55,34,79,53,32,75,35,64,94,48,26,92,45,30,70,78,14,
302	3	13	2.707	3,50,86,61,95,72,21,52,93,38,97,63,32,35,64,70,30,78,45,65,13,
302	3	8	2.439	3,50,86,61,95,72,25,58,91,23,28,59,40,67,37,17,85,27,8,
302	5	6	1.806	5,33,58,91,23,28,59,40,67,37,17,85,19,54,6,
302	4	15	2.727	4,50,86,61,95,72,21,52,93,38,97,63,75,35,64,70,30,78,29,15,
302	4	6	2.126	4,50,86,61,95,72,25,33,58,91,23,28,59,67,40,54,6,
302	4	9	2.504	4,33,58,91,28,59,40,67,37,17,85,81,51,20,41,16,87,76,9,
302	4	12	2.696	4,33,58,91,23,28,59,40,67,37,17,80,51,20,41,36,18,84,74,83,12,
302	4	10	2.412	4,33,58,91,28,40,67,37,17,80,51,20,41,36,18,84,89,47,42,10,
302	4	7	2.149	4,50,86,61,95,72,25,33,58,91,23,28,59,67,40,54,7,
302	4	11	2.505	4,33,58,91,23,28,59,40,67,37,17,80,51,20,41,36,18,84,89,56,11,
302	4	14	2.6	4,50,86,61,95,72,52,93,38,97,63,75,94,48,26,92,45,30,78,14,
302	4	13	2.646	4,50,86,61,95,72,52,38,97,63,32,35,64,94,48,26,92,45,65,13,
302	4	8	2.322	4,50,86,61,95,72,25,33,58,91,23,28,59,40,19,27,8,
302	5	15	2.537	5,33,58,91,28,59,57,24,21,52,38,97,63,75,35,64,70,29,15,
302	6	7	1.963	6,23,28,91,58,33,25,57,59,40,67,37,17,85,27,7,
302	5	7	1.829	5,33,58,91,23,28,59,40,67,37,17,85,19,54,7,
302	6	8	1.908	6,23,28,91,58,33,25,57,59,40,67,37,17,85,27,8,
302	5	9	2.202	5,33,58,91,23,28,59,40,67,19,37,17,85,81,51,87,76,9,
302	5	8	1.853	5,33,58,91,23,28,59,57,67,40,19,37,17,85,27,8,
302	5	10	2.123	5,33,58,91,28,40,67,37,17,80,51,20,41,36,18,84,89,47,42,10,
302	5	12	2.456	5,33,58,91,23,28,59,40,19,85,81,51,20,41,36,18,84,74,83,12,
302	5	14	2.398	5,33,58,91,23,28,59,57,24,21,52,38,97,63,75,35,64,70,30,78,14,
302	5	11	2.336	5,33,58,91,23,28,59,40,67,37,17,85,81,51,20,41,36,18,84,89,56,11,
302	5	13	2.478	5,33,58,91,28,59,57,24,21,52,38,97,63,75,94,48,26,92,45,65,13,
302	7	9	2.047	7,19,85,81,51,20,41,36,18,84,89,47,16,87,76,9,
302	6	9	1.912	6,23,91,58,28,59,40,67,37,17,80,81,87,76,9,
302	6	10	2.018	6,23,91,58,28,59,40,67,37,17,80,51,20,41,47,42,10,
302	7	10	2.071	7,19,37,17,80,81,87,16,41,20,36,18,84,89,47,42,10,
302	7	11	2.231	7,19,37,17,85,81,87,16,41,20,68,71,36,18,84,89,56,11,
302	6	15	2.595	6,23,91,58,28,59,57,24,21,52,97,63,75,35,64,70,30,78,29,15,
302	7	8	2.14	7,54,28,23,91,58,33,25,59,40,67,37,17,85,27,8,
302	6	11	2.165	6,23,91,58,28,59,40,67,37,17,80,51,20,36,18,84,89,56,11,
302	6	12	2.439	6,23,91,58,28,59,40,67,37,17,80,51,20,41,36,18,84,56,74,83,12,
302	6	14	2.474	6,23,91,58,28,59,40,67,37,17,73,93,38,97,63,75,35,64,70,30,78,14,
302	6	13	2.492	6,23,91,58,28,59,40,67,37,17,80,66,90,39,88,48,26,92,45,65,13,
302	8	9	2.091	8,27,87,16,41,20,68,69,71,36,18,84,89,47,42,76,9,
302	8	11	2.203	8,76,87,16,47,89,84,18,36,41,20,68,69,49,31,96,74,11,
302	8	10	2.164	8,9,76,87,16,41,20,68,69,46,71,18,36,89,84,56,42,10,
302	8	15	2.523	8,76,87,16,41,20,68,69,49,88,48,94,26,92,45,30,78,29,15,
302	8	12	2.24	8,76,87,16,47,89,84,18,36,20,68,71,46,69,49,31,96,83,12,
302	7	12	2.433	7,19,85,81,87,16,41,20,36,18,71,68,69,46,49,31,96,83,12,
302	7	15	2.769	7,27,87,16,41,20,36,18,71,46,49,31,48,94,26,92,45,30,78,29,15,
302	7	14	2.531	7,27,87,16,41,20,36,18,71,68,69,49,31,48,94,26,92,45,30,78,14,
302	8	14	2.308	8,76,87,16,41,20,36,18,71,69,49,31,48,94,26,92,45,30,78,14,
302	7	13	2.481	7,27,85,81,51,20,41,36,18,71,68,69,49,31,48,26,92,45,65,13,
302	8	13	2.281	8,76,87,16,41,20,36,18,71,68,69,49,31,48,94,26,92,45,65,13,
302	10	12	1.592	10,42,47,89,84,18,36,41,20,68,71,46,49,31,96,83,12,
302	10	11	1.698	10,42,47,16,41,20,68,69,46,71,36,18,84,89,56,74,11,
302	9	11	1.769	9,76,87,16,41,20,68,71,36,18,84,89,47,42,56,74,11,
302	9	10	1.687	9,76,87,16,41,20,36,18,71,68,69,46,84,89,47,42,10,
302	10	13	1.667	10,42,47,89,84,18,36,71,46,31,48,94,26,92,45,65,13,
302	9	12	1.959	9,76,87,16,41,47,89,84,18,36,20,68,71,69,49,31,96,83,12,
302	10	14	1.821	10,42,47,89,84,18,36,71,46,49,31,48,94,26,92,45,30,78,14,
302	10	15	2.165	10,42,47,89,84,18,36,71,68,69,49,31,48,94,26,92,45,30,78,29,15,
302	9	15	2.27	9,76,87,16,41,20,36,18,71,68,69,49,31,48,26,92,45,78,29,15,
302	9	13	1.959	9,76,87,16,41,20,36,18,71,68,69,49,31,48,94,26,92,45,65,13,
302	9	14	2.121	9,76,87,16,47,89,84,18,36,71,68,69,49,31,48,94,26,92,45,30,78,14,
302	11	12	1.725	11,56,84,18,36,41,20,68,71,69,49,31,96,77,83,12,
302	14	15	2.245	14,78,30,45,92,26,48,94,64,35,32,53,79,34,55,43,0,15,
302	13	15	2.228	13,65,45,92,26,48,94,75,35,64,70,30,78,29,32,53,15,
302	13	14	2.123	13,77,96,46,71,18,36,68,69,49,31,48,26,92,30,78,14,
302	12	14	1.751	12,83,77,65,45,92,26,48,94,75,32,35,64,70,78,14,
302	11	13	1.675	11,56,89,84,18,36,68,69,49,31,48,26,92,45,65,13,
302	12	13	1.878	12,83,74,84,18,36,71,68,69,49,31,48,26,92,65,13,
302	11	14	1.847	11,56,89,84,18,36,71,68,69,49,31,48,94,26,92,45,30,78,14,
302	12	15	2.296	12,83,96,31,49,88,48,94,26,92,45,30,78,70,64,75,35,29,15,
302	11	15	2.112	11,56,84,18,36,41,20,68,69,49,31,48,26,92,45,30,78,29,15,
