489	0	1	2.319	0,19,54,22,42,31,81,36,59,67,89,98,29,39,2,1,
489	0	2	1.93	0,19,54,22,42,31,81,36,59,67,89,98,29,39,2,
489	0	3	1.934	0,19,54,22,42,31,81,36,59,67,89,43,57,71,3,
489	0	4	2.262	0,19,54,22,42,31,81,36,46,80,30,66,25,47,32,28,94,4,
489	0	5	2.288	0,19,54,22,42,31,81,36,46,80,30,52,48,66,25,32,93,5,
489	0	6	2.411	0,19,54,22,42,31,81,36,46,80,30,52,48,66,25,32,91,6,
489	0	7	2.536	0,19,54,22,23,34,42,31,81,36,46,80,30,52,48,83,65,92,17,88,7,
489	0	8	2.424	0,19,54,22,42,31,81,36,46,80,30,48,52,83,72,20,40,97,44,8,
489	0	9	2.453	0,19,54,22,42,31,81,36,46,80,30,48,52,83,65,20,40,51,9,
489	0	10	2.397	0,19,54,22,23,34,58,68,55,74,26,38,95,76,78,49,53,75,99,56,85,10,
489	0	11	2.185	0,19,54,22,23,34,58,68,87,55,74,26,16,63,70,50,37,35,27,11,
489	0	12	2.121	0,19,54,22,23,34,58,68,55,74,16,26,38,95,78,76,70,50,12,
489	0	13	1.748	0,24,21,54,22,23,34,58,68,87,55,74,26,16,63,13,
489	0	14	1.902	0,24,64,73,21,19,54,22,42,34,58,68,87,55,74,14,
489	0	15	2.144	0,19,54,21,24,64,73,42,22,23,34,58,87,68,96,15,
489	1	2	2.16	1,24,21,54,22,42,31,81,36,59,67,89,98,29,2,
489	1	3	2.093	1,24,21,54,22,42,31,81,36,59,67,89,43,57,3,
489	1	4	2.107	1,24,21,54,22,42,31,81,36,59,67,89,43,94,4,
489	1	5	2.147	1,64,73,31,81,36,46,80,30,66,25,47,91,93,5,
489	1	6	2.535	1,24,21,54,22,42,31,81,36,46,80,30,66,25,32,91,6,
489	1	7	2.537	1,24,21,54,22,42,31,81,36,46,80,30,52,83,65,92,17,88,7,
489	1	8	2.549	1,64,73,31,81,36,46,80,30,66,48,52,83,65,92,17,88,60,8,
489	1	9	2.584	1,64,73,31,81,36,46,80,30,48,52,83,72,20,40,51,62,77,9,
489	1	10	2.517	1,24,21,54,22,23,34,58,68,87,90,38,95,76,78,49,53,75,99,56,85,10,
489	1	11	2.314	1,24,21,54,22,34,58,68,55,26,16,63,70,50,37,35,27,11,
489	1	12	2.328	1,64,73,21,19,54,22,23,34,58,68,87,55,74,26,16,63,70,50,12,
489	1	13	2.428	1,64,73,24,21,19,54,22,42,34,23,96,58,68,87,55,74,26,16,13,
489	1	14	2.207	1,24,64,73,21,19,54,22,42,34,23,96,58,68,87,55,74,14,
489	1	15	2.198	1,24,64,73,21,42,22,54,19,23,34,58,87,68,96,15,
489	2	3	2.221	2,29,98,89,67,59,36,80,30,25,32,28,94,71,3,
489	2	4	2.088	2,29,98,89,67,59,36,80,30,66,25,32,28,94,4,
489	2	5	2.089	2,29,98,89,67,59,36,80,30,66,25,47,91,93,5,
489	2	6	2.433	2,29,98,89,59,36,46,80,30,52,48,66,25,32,93,91,6,
489	2	7	2.28	2,29,98,89,67,59,36,46,80,30,48,52,83,65,92,17,88,7,
489	2	8	2.391	2,39,29,98,89,67,59,36,80,30,48,52,83,65,20,40,97,44,8,
489	2	9	2.479	2,39,29,98,89,67,59,36,46,80,30,48,52,83,65,20,40,51,9,
489	2	10	2.623	2,39,29,98,89,67,59,36,80,46,86,18,33,45,82,49,53,75,99,56,85,10,
489	2	11	2.471	2,29,98,89,67,30,80,46,86,18,33,45,82,41,69,78,76,37,35,27,11,
489	2	12	2.388	2,29,98,89,67,30,80,46,86,18,33,45,82,41,69,78,76,70,50,12,
489	2	13	2.432	2,29,98,89,67,30,80,46,86,18,33,82,41,69,95,38,26,63,16,13,
489	2	14	2.382	2,39,29,98,89,67,59,36,81,31,42,22,23,34,58,68,55,14,
489	2	15	2.237	2,39,29,98,89,67,59,36,81,31,42,22,54,23,34,96,15,
489	3	4	2.036	3,57,43,89,67,59,36,46,80,30,25,32,28,94,4,
489	3	5	2.037	3,57,43,89,67,59,36,46,80,30,25,47,91,93,5,
489	3	6	2.166	3,57,43,89,67,59,36,46,80,30,66,25,32,91,6,
489	3	7	2.035	3,57,43,89,67,59,30,80,52,83,65,92,17,88,7,
489	3	8	2.346	3,57,43,89,67,59,36,46,80,30,48,52,83,65,20,40,97,44,8,
489	3	9	2.363	3,57,43,89,67,59,36,46,80,30,48,52,83,65,20,40,51,9,
489	3	10	2.542	3,57,43,89,67,59,30,80,46,86,18,33,45,82,41,49,53,75,99,56,85,10,
489	3	11	2.404	3,57,43,89,67,30,80,46,86,18,33,45,82,41,69,78,76,37,35,27,11,
489	3	12	2.452	3,57,43,89,67,59,36,80,46,86,18,33,45,82,41,69,78,76,70,50,12,
489	3	13	2.397	3,57,43,89,67,30,80,46,86,18,33,45,82,41,69,95,38,26,63,16,13,
489	3	14	2.423	3,57,43,89,67,59,36,81,31,42,22,23,34,58,68,87,55,74,14,
489	3	15	2.344	3,57,43,89,67,59,30,80,46,36,81,31,42,22,54,19,15,
489	4	5	2.059	4,94,28,43,89,59,36,80,30,66,25,47,91,93,5,
489	4	6	2.152	4,94,28,43,89,67,59,36,46,80,30,25,47,91,6,
489	4	7	2.011	4,94,28,43,89,67,30,80,52,83,65,92,17,88,7,
489	4	8	2.305	4,94,28,43,89,67,59,36,80,30,52,83,65,20,40,97,44,8,
489	4	9	2.354	4,94,28,93,91,47,25,66,48,52,83,65,20,40,51,62,77,9,
489	4	10	2.416	4,94,28,32,25,66,30,80,46,86,18,33,45,82,49,53,75,99,56,85,10,
489	4	11	2.438	4,94,28,32,25,66,48,52,86,18,33,45,82,41,69,95,78,76,37,35,27,11,
489	4	12	2.469	4,94,28,43,89,67,30,80,46,86,18,33,45,82,41,69,95,78,76,70,50,12,
489	4	13	2.381	4,94,28,32,25,30,80,46,86,18,33,45,82,41,69,95,38,26,63,16,13,
489	4	14	2.481	4,94,28,43,89,67,59,36,81,31,42,22,54,23,34,58,68,87,55,14,
489	4	15	2.375	4,94,28,32,25,66,48,52,30,80,46,36,81,31,42,22,23,15,
489	5	6	2.287	5,93,91,47,25,66,30,80,52,48,83,65,92,17,88,6,
489	5	7	2.03	5,93,91,47,25,66,30,80,52,48,83,65,92,17,88,7,
489	5	8	2.101	5,93,91,47,25,66,48,52,83,65,92,17,88,60,44,8,
489	5	9	2.248	5,93,91,32,47,25,66,48,52,83,65,20,40,51,62,77,9,
489	5	10	2.361	5,93,91,47,25,30,80,46,86,18,33,45,82,49,53,75,99,56,85,10,
489	5	11	2.389	5,93,91,47,25,30,80,46,86,18,33,45,82,41,69,78,76,37,35,27,11,
489	5	12	2.435	5,93,91,47,25,66,30,80,46,86,18,33,45,82,41,69,95,78,76,70,50,12,
489	5	13	2.41	5,93,91,47,25,66,30,80,46,86,18,33,45,82,41,69,95,38,26,16,13,
489	5	14	2.566	5,93,91,47,25,66,30,80,46,36,81,31,42,22,23,34,58,68,14,
489	5	15	2.554	5,93,91,32,47,25,66,48,52,30,80,46,36,81,31,42,22,54,19,15,
489	6	7	2.183	6,91,32,25,66,30,80,46,52,83,65,92,17,88,7,
489	6	8	2.236	6,91,32,25,66,30,80,52,48,83,65,20,40,97,44,8,
489	6	9	2.371	6,91,93,32,47,25,66,48,52,83,65,20,40,51,62,77,9,
489	6	10	2.457	6,91,47,25,66,30,80,46,86,18,33,45,82,49,53,75,99,56,85,10,
489	6	11	2.391	6,91,32,25,66,48,52,18,33,45,82,41,69,78,76,37,35,27,11,
489	6	12	2.402	6,91,47,25,66,30,80,46,86,18,33,45,82,41,69,78,76,70,50,12,
489	6	13	2.557	6,91,93,32,25,30,80,46,86,18,33,45,82,41,69,95,38,26,16,63,13,
489	6	14	2.685	6,91,47,25,66,30,80,46,36,81,31,42,22,54,23,34,58,68,14,
489	6	15	2.677	6,91,93,32,47,25,66,48,52,30,80,46,36,81,31,42,22,54,19,15,
489	7	8	2.161	7,88,17,92,65,83,48,52,86,18,33,45,72,20,40,97,44,8,
489	7	9	2.261	7,88,17,92,65,83,48,52,33,45,72,20,40,51,62,77,9,
489	7	10	2.311	7,88,17,92,65,83,48,52,86,18,33,45,82,49,53,75,99,56,85,10,
489	7	11	2.238	7,88,17,92,65,83,52,18,33,45,82,41,69,78,76,37,35,27,11,
489	7	12	2.329	7,88,17,92,65,83,48,52,86,18,33,45,82,41,69,95,78,76,70,50,12,
489	7	13	2.453	7,88,17,92,65,83,52,30,80,46,86,18,33,82,41,69,95,38,26,16,13,
489	7	14	2.596	7,88,17,92,65,83,52,48,30,80,36,81,31,42,34,58,68,87,55,14,
489	7	15	2.406	7,88,17,92,65,83,52,48,30,80,46,36,81,31,42,22,54,19,15,
489	8	9	2.237	8,44,60,88,17,92,65,83,72,20,40,97,51,62,77,9,
489	8	10	2.186	8,44,97,40,20,72,45,82,41,69,95,78,49,53,99,56,85,10,
489	8	11	2.147	8,44,51,62,77,61,85,56,99,75,53,49,69,78,76,37,35,27,11,
489	8	12	2.385	8,44,97,51,62,77,61,85,56,99,75,53,49,76,78,69,95,38,70,50,12,
489	8	13	2.385	8,44,51,62,77,61,85,56,99,75,53,49,35,37,76,78,95,38,26,16,13,
489	8	14	2.457	8,44,51,62,77,61,85,56,99,75,53,49,78,76,95,38,26,63,16,74,14,
489	8	15	2.429	8,44,97,40,20,65,83,52,30,80,46,36,81,31,42,22,23,15,
489	9	10	2.067	9,62,77,61,99,75,53,49,78,76,70,37,35,27,56,85,10,
489	9	11	1.951	9,77,61,85,56,99,75,53,49,78,95,38,70,50,37,35,27,11,
489	9	12	2.265	9,77,62,61,85,56,99,75,53,49,76,78,69,95,38,26,16,63,70,50,12,
489	9	13	2.11	9,77,62,61,85,56,27,35,37,50,70,76,78,95,38,26,16,63,13,
489	9	14	2.331	9,77,61,85,56,27,35,37,50,70,76,78,95,38,26,63,16,74,14,
489	9	15	2.485	9,51,40,20,65,83,52,48,30,80,36,81,31,42,22,54,19,15,
489	10	11	1.63	10,85,56,99,75,53,49,78,76,95,38,70,50,37,35,27,11,
489	10	12	1.666	10,85,56,99,75,53,49,78,76,95,38,26,16,63,70,50,12,
489	10	13	1.984	10,85,56,99,75,49,53,27,35,37,50,70,76,78,95,38,26,63,16,13,
489	10	14	2.288	10,85,56,99,75,53,27,35,37,50,70,76,78,95,38,26,63,16,74,55,14,
489	10	15	2.396	10,85,56,99,75,53,49,78,76,95,38,26,63,16,74,55,87,68,58,34,23,15,
489	11	12	1.775	11,27,35,37,49,76,78,69,95,38,26,16,63,70,50,12,
489	11	13	1.648	11,27,35,37,50,70,76,78,69,95,90,38,26,16,63,13,
489	11	14	2.018	11,27,35,37,50,70,76,78,95,38,26,63,16,74,55,87,68,14,
489	11	15	2.113	11,27,35,37,76,78,69,95,38,26,63,16,74,55,87,68,58,96,15,
489	12	13	1.621	12,50,37,35,27,53,75,49,78,76,95,38,26,16,63,13,
489	12	14	2.008	12,50,37,35,27,53,75,49,78,76,95,38,26,16,74,55,14,
489	12	15	2.03	12,50,70,76,78,69,95,38,26,63,16,74,55,87,68,58,96,15,
489	13	14	1.976	13,16,63,26,74,55,87,68,58,34,42,22,54,23,96,14,
489	13	15	1.87	13,16,63,26,74,55,87,68,58,34,42,22,54,23,96,15,
489	14	15	2.159	14,55,68,58,34,22,42,21,73,64,24,19,54,23,96,15,
