477	0	1	2.438	0,25,73,95,98,39,18,44,45,19,68,43,86,83,1,
477	0	2	2.287	0,25,73,83,95,98,39,18,44,45,19,68,43,90,86,2,
477	0	3	2.287	0,25,73,83,95,98,90,86,43,97,68,19,18,45,44,92,3,
477	0	4	2.277	0,25,73,1,83,95,86,90,98,39,68,97,19,45,18,44,92,4,
477	0	5	2.463	0,25,73,83,95,86,90,98,52,76,39,68,97,19,45,44,27,5,
477	0	6	2.561	0,25,73,83,95,86,90,98,52,21,79,94,58,59,31,38,77,80,6,
477	0	7	2.625	0,25,73,83,95,98,52,21,94,79,40,59,31,38,77,84,80,26,7,
477	0	8	2.784	0,25,73,83,95,98,52,21,94,79,40,47,30,89,29,41,53,28,46,8,
477	0	9	2.761	0,73,83,95,98,52,21,94,40,47,30,89,29,41,53,28,72,24,87,9,
477	0	10	2.761	0,73,52,21,94,79,40,47,30,89,29,41,53,28,72,55,67,64,96,10,
477	0	11	2.966	0,25,85,62,81,93,37,82,50,49,66,42,63,23,36,67,64,96,99,11,
477	0	12	2.803	0,25,85,35,62,81,93,37,82,50,49,66,42,63,54,23,60,22,12,
477	0	13	2.737	0,1,83,95,86,90,98,52,16,81,93,62,37,82,50,66,49,13,
477	0	14	2.483	0,25,61,85,35,37,62,93,81,20,54,63,42,66,49,82,14,
477	0	15	2.614	0,25,85,35,37,62,93,81,20,63,42,50,66,49,82,32,15,
477	1	2	1.866	1,83,95,98,39,18,44,45,19,68,43,90,86,2,
477	1	3	1.865	1,83,86,90,98,52,21,94,58,18,44,45,19,97,3,
477	1	4	1.956	1,83,86,90,95,98,52,21,76,39,68,97,19,45,44,92,4,
477	1	5	2.281	1,83,95,90,86,43,68,19,45,44,18,58,94,79,40,59,31,27,5,
477	1	6	2.285	1,83,95,98,90,86,43,68,19,45,44,18,58,59,31,38,77,80,6,
477	1	7	2.475	1,83,95,90,86,43,68,19,45,44,18,58,59,31,38,77,84,80,26,7,
477	1	8	2.62	1,83,95,86,90,98,52,21,94,58,59,31,38,77,84,75,71,88,69,8,
477	1	9	2.434	1,83,95,98,52,21,94,79,40,47,30,89,29,41,53,28,72,24,87,9,
477	1	10	2.429	1,83,95,98,52,21,74,70,29,41,53,28,72,55,67,64,96,10,
477	1	11	2.672	1,83,95,98,52,21,30,89,29,41,53,28,72,55,67,64,96,99,11,
477	1	12	2.704	1,83,95,98,76,94,40,47,30,70,74,17,57,56,34,23,60,22,12,
477	1	13	2.355	1,83,95,86,90,98,52,16,81,93,62,37,82,50,49,66,13,
477	1	14	2.466	1,83,86,90,95,98,52,21,16,51,20,81,93,62,35,32,14,
477	1	15	2.331	1,83,95,86,90,98,52,16,81,93,37,62,85,61,15,
477	2	3	1.691	2,86,90,95,98,39,68,19,18,44,45,92,97,3,
477	2	4	1.711	2,86,90,95,98,52,21,76,39,68,97,19,45,44,92,4,
477	2	5	2.06	2,86,90,95,98,52,21,94,40,59,58,18,19,45,44,27,5,
477	2	6	2.036	2,43,97,68,19,45,44,18,58,94,79,40,59,31,38,77,80,6,
477	2	7	2.229	2,43,68,19,45,44,18,58,94,79,40,59,31,38,77,84,80,26,7,
477	2	8	2.472	2,43,68,19,45,44,18,58,94,40,47,30,89,29,41,65,71,88,69,8,
477	2	9	2.459	2,43,68,19,45,44,18,58,94,79,40,47,30,89,29,41,53,28,72,24,87,9,
477	2	10	2.446	2,86,90,98,52,21,94,40,47,30,89,29,41,53,28,72,55,67,64,96,10,
477	2	11	2.65	2,86,90,98,76,94,40,47,30,89,29,41,53,28,72,55,67,64,96,99,11,
477	2	12	2.688	2,86,90,98,52,21,94,40,47,30,70,74,17,57,56,34,23,60,22,12,
477	2	13	2.37	2,86,90,98,95,83,73,25,85,35,62,81,93,37,82,49,66,13,
477	2	14	2.453	2,86,90,95,98,52,21,16,81,93,62,37,50,66,49,82,32,14,
477	2	15	2.5	2,86,90,43,68,19,45,44,18,58,94,21,16,85,61,15,
477	3	4	1.69	3,97,19,18,58,94,79,40,47,59,31,44,45,92,4,
477	3	5	1.598	3,97,68,19,45,44,18,58,94,79,40,59,31,27,5,
477	3	6	1.528	3,97,68,19,45,44,18,58,59,38,77,84,80,6,
477	3	7	2.054	3,97,68,19,45,44,18,58,94,79,40,47,59,38,77,84,80,26,7,
477	3	8	2.223	3,97,68,19,45,44,18,58,94,40,47,30,89,29,41,53,71,88,69,8,
477	3	9	2.219	3,97,68,19,45,44,18,58,94,40,47,30,89,29,41,53,28,72,24,48,9,
477	3	10	2.204	3,97,19,45,44,18,58,40,47,30,89,29,41,53,28,72,55,67,64,96,10,
477	3	11	2.428	3,97,19,45,44,18,58,94,40,47,30,70,74,17,57,56,34,36,99,11,
477	3	12	2.469	3,97,19,45,44,18,58,94,40,47,30,70,74,57,56,34,23,60,22,12,
477	3	13	2.446	3,97,19,45,44,18,58,94,40,47,30,70,74,17,54,63,42,66,49,13,
477	3	14	2.456	3,97,19,45,44,18,58,94,40,47,30,70,74,51,81,93,37,35,32,14,
477	3	15	2.405	3,97,19,45,44,18,68,43,86,90,98,95,83,73,25,61,15,
477	4	5	1.536	4,92,44,45,19,18,58,94,79,40,47,59,31,27,5,
477	4	6	1.506	4,92,44,45,19,18,58,40,59,31,38,77,84,80,6,
477	4	7	1.624	4,92,44,45,19,18,58,59,31,38,77,84,80,26,7,
477	4	8	1.876	4,92,44,45,19,18,58,59,31,38,77,84,75,71,88,69,8,
477	4	9	2.095	4,92,44,45,19,18,58,94,40,47,30,89,29,41,53,28,72,24,87,48,9,
477	4	10	2.168	4,92,44,45,19,18,58,94,40,47,30,89,29,41,53,28,72,55,67,64,96,10,
477	4	11	2.363	4,92,44,45,19,18,58,94,40,47,30,70,74,17,57,56,34,23,60,11,
477	4	12	2.396	4,92,44,45,19,18,58,94,79,40,47,30,70,74,17,57,56,23,60,22,12,
477	4	13	2.352	4,92,44,45,19,18,58,40,47,30,89,70,74,17,54,63,42,66,49,13,
477	4	14	2.362	4,92,44,45,19,18,58,94,40,47,30,70,74,51,81,93,37,35,32,14,
477	4	15	2.449	4,92,44,45,19,18,58,40,47,30,70,74,51,81,93,62,85,61,15,
477	5	6	1.72	5,27,44,45,19,18,58,40,59,31,38,77,84,80,6,
477	5	7	1.838	5,27,44,45,19,18,58,59,31,38,77,84,80,26,7,
477	5	8	2.09	5,27,44,45,19,18,58,59,31,38,77,84,75,71,88,69,8,
477	5	9	2.145	5,27,44,45,19,18,58,40,47,30,89,29,41,28,72,24,87,9,
477	5	10	2.324	5,27,44,45,19,18,58,40,47,30,89,29,41,53,28,72,55,67,64,96,10,
477	5	11	2.542	5,27,44,45,19,18,58,94,40,47,30,70,74,57,56,34,23,60,11,
477	5	12	2.5	5,27,44,45,19,18,58,94,40,47,30,70,74,17,54,63,22,12,
477	5	13	2.508	5,27,44,45,19,18,58,40,47,30,70,74,17,54,63,42,66,49,13,
477	5	14	2.576	5,27,44,45,19,18,58,94,40,47,30,70,74,51,81,93,37,35,32,14,
477	5	15	2.698	5,27,44,45,19,18,58,94,40,47,30,74,51,81,93,62,85,61,15,
477	6	7	1.983	6,80,77,84,78,65,29,41,53,28,46,71,88,69,91,7,
477	6	8	2.088	6,80,84,75,78,65,29,41,53,28,72,55,67,24,87,48,33,8,
477	6	9	2.083	6,80,84,77,38,31,59,47,30,89,29,41,53,28,72,24,87,9,
477	6	10	2.238	6,80,84,77,38,31,59,47,30,89,29,41,53,28,72,55,67,64,96,10,
477	6	11	2.527	6,80,84,77,38,31,59,47,30,89,29,41,53,28,72,55,67,64,96,99,11,
477	6	12	2.598	6,80,84,77,38,31,59,40,47,30,89,70,74,17,57,56,34,23,60,22,12,
477	6	13	2.663	6,80,77,38,31,59,58,94,79,40,47,30,70,74,17,54,63,42,66,49,13,
477	6	14	2.68	6,80,77,38,31,59,58,94,79,40,47,30,70,74,51,81,93,62,35,32,14,
477	6	15	2.772	6,80,84,77,38,31,59,58,40,47,30,70,74,51,81,93,62,85,61,15,
477	7	8	1.885	7,91,88,71,65,29,41,53,28,72,55,67,24,48,33,8,
477	7	9	1.744	7,91,88,71,65,29,41,53,28,72,55,67,24,87,48,9,
477	7	10	1.677	7,91,69,88,71,65,29,41,53,28,72,55,67,64,96,10,
477	7	11	2.335	7,91,69,88,71,65,29,41,53,28,72,55,24,87,67,64,96,99,11,
477	7	12	2.579	7,91,69,88,71,65,29,41,53,28,72,55,67,64,96,36,23,60,22,12,
477	7	13	2.584	7,69,88,71,65,29,41,34,56,57,54,20,81,93,62,37,82,49,66,13,
477	7	14	2.635	7,91,88,71,65,29,41,53,28,72,55,34,56,57,54,20,81,93,62,35,32,14,
477	7	15	2.695	7,91,88,71,65,29,41,34,56,57,17,54,20,81,93,62,37,35,85,61,15,
477	8	9	1.75	8,69,88,71,65,29,41,53,28,72,55,67,24,87,48,9,
477	8	10	1.748	8,69,88,71,65,29,41,53,28,72,55,36,67,64,96,10,
477	8	11	2.356	8,69,88,71,65,29,41,53,28,72,55,24,48,87,67,64,96,99,11,
477	8	12	2.464	8,69,88,71,65,29,41,53,28,72,55,67,64,96,36,23,60,22,12,
477	8	13	2.457	8,69,88,71,65,29,41,53,28,72,55,34,56,57,54,63,42,66,49,13,
477	8	14	2.558	8,69,88,71,65,29,41,34,56,57,17,54,63,42,66,49,50,82,32,14,
477	8	15	2.701	8,69,88,71,65,29,41,34,56,57,17,54,20,81,93,62,37,35,85,61,15,
477	9	10	1.929	9,48,87,24,72,28,53,41,29,57,56,34,55,67,64,96,10,
477	9	11	2.136	9,87,24,72,28,53,41,29,57,56,34,55,67,64,96,99,11,
477	9	12	2.126	9,48,87,24,72,28,53,65,29,41,34,56,23,60,22,12,
477	9	13	2.47	9,48,87,24,67,55,34,56,57,17,54,20,81,93,62,37,82,50,66,49,13,
477	9	14	2.488	9,87,24,72,28,53,65,29,41,34,56,57,54,20,81,93,62,37,35,32,14,
477	9	15	2.728	9,87,24,72,28,53,65,29,41,34,56,57,17,54,20,81,93,37,62,85,61,15,
477	10	11	2.152	10,96,64,67,55,72,28,53,65,29,41,34,56,23,60,11,
477	10	12	2.13	10,96,64,67,55,72,28,53,41,29,57,56,34,23,60,22,12,
477	10	13	1.975	10,96,64,67,36,23,54,20,81,93,62,37,82,49,66,13,
477	10	14	2.388	10,96,64,67,36,23,54,63,42,66,49,50,93,81,62,37,82,32,14,
477	10	15	2.675	10,96,64,67,55,34,56,57,17,54,63,42,66,49,50,82,37,62,85,61,15,
477	11	12	2.363	11,99,96,64,67,55,72,28,53,41,29,57,56,23,60,22,12,
477	11	13	2.365	11,10,96,64,67,36,23,54,20,81,93,62,37,82,49,66,13,
477	11	14	2.659	11,99,96,64,67,55,72,28,53,41,29,57,17,51,81,93,37,35,32,14,
477	11	15	2.791	11,99,96,64,67,55,34,56,57,17,54,63,42,50,93,81,62,85,61,15,
477	12	13	2.157	12,22,42,63,54,20,81,93,62,37,35,32,82,50,49,66,13,
477	12	14	2.392	12,22,63,42,66,49,50,82,37,93,81,62,85,61,35,32,14,
477	12	15	2.804	12,22,60,63,42,50,66,49,82,32,35,37,93,20,81,62,85,61,15,
477	13	14	2.245	13,49,66,50,42,63,54,20,51,81,93,62,37,82,35,32,14,
477	13	15	2.284	13,49,66,42,63,20,81,93,62,37,50,82,32,35,85,61,15,
477	14	15	2.148	14,32,35,37,82,50,49,66,42,63,20,81,93,62,85,61,15,
