52	0	1	2.145	0,54,90,63,62,47,88,65,93,52,98,53,35,27,31,1,
52	0	2	2.07	0,54,90,63,62,47,88,29,83,93,52,98,53,35,27,2,
52	0	3	2.068	0,54,90,63,62,65,29,83,93,52,53,27,35,24,74,3,
52	0	4	2.371	0,54,90,63,62,65,29,83,93,52,98,53,27,35,24,74,50,92,4,
52	0	5	2.488	0,54,90,63,62,65,93,52,53,27,35,24,74,50,92,26,16,89,48,5,
52	0	6	2.624	0,20,58,52,93,83,29,79,38,28,81,73,91,45,71,78,84,46,60,6,
52	0	7	2.525	0,54,90,63,62,47,88,57,70,28,82,73,91,71,45,59,80,61,7,
52	0	8	2.53	0,20,90,63,62,47,88,70,57,79,38,28,82,81,73,91,71,45,59,80,8,
52	0	9	2.64	0,54,90,63,62,47,88,57,70,28,82,81,73,91,71,45,80,59,21,9,
52	0	10	2.872	0,54,90,63,62,47,88,65,93,83,29,79,57,70,75,41,69,86,33,42,44,10,
52	0	11	2.66	0,20,58,52,93,83,29,79,57,70,88,47,18,95,51,76,23,99,36,40,11,
52	0	12	2.488	0,20,90,63,62,65,83,29,79,57,70,88,47,18,95,76,23,99,12,
52	0	13	2.071	0,54,90,63,49,77,55,19,56,95,51,76,34,67,43,13,
52	0	14	2.12	0,54,90,63,49,77,55,19,56,95,51,76,34,67,43,14,
52	0	15	2.308	0,20,58,52,93,83,29,88,47,62,63,90,54,49,77,55,15,
52	1	2	2.301	1,20,90,63,62,47,88,29,83,93,52,98,53,35,27,2,
52	1	3	2.299	1,20,90,63,62,65,29,83,93,52,53,27,35,24,74,3,
52	1	4	2.407	1,31,27,35,53,98,52,93,83,29,79,38,37,22,39,96,26,92,4,
52	1	5	2.456	1,31,27,35,53,98,52,93,83,29,79,38,37,22,39,96,26,16,89,48,5,
52	1	6	2.583	1,58,52,93,83,29,79,38,28,82,81,73,91,45,71,78,84,46,60,6,
52	1	7	2.537	1,31,27,35,53,52,93,83,29,79,38,28,81,73,91,71,45,61,7,
52	1	8	2.506	1,31,27,35,53,98,52,93,83,29,79,38,28,82,73,91,71,45,80,59,8,
52	1	9	2.691	1,31,27,35,53,52,93,83,29,79,38,28,82,73,91,71,45,80,59,21,9,
52	1	10	2.678	1,31,27,35,53,98,52,93,83,29,88,57,70,75,41,69,86,33,42,44,10,
52	1	11	2.634	1,31,27,35,53,52,93,83,29,88,47,18,95,51,76,23,99,36,40,11,
52	1	12	2.416	1,31,27,35,53,98,52,93,83,29,88,47,18,95,51,76,23,99,12,
52	1	13	2.346	1,31,27,35,53,98,52,93,83,29,65,88,47,18,19,56,34,67,13,
52	1	14	2.342	1,31,27,35,53,98,52,93,65,88,47,18,19,56,34,67,43,14,
52	1	15	2.121	1,31,27,35,53,98,52,93,65,88,47,62,63,90,54,15,
52	2	3	2.218	2,27,35,53,98,52,93,83,29,37,22,39,96,92,50,3,
52	2	4	2.073	2,27,35,53,98,52,93,83,29,37,22,39,96,26,92,4,
52	2	5	1.951	2,31,27,53,98,35,24,74,50,92,96,26,16,89,48,5,
52	2	6	2.539	2,31,27,35,53,98,52,93,83,29,79,38,28,82,85,94,64,46,60,6,
52	2	7	2.49	2,27,53,98,52,93,83,29,79,38,28,81,73,91,71,45,59,80,61,7,
52	2	8	2.344	2,27,35,53,52,93,83,29,79,38,28,82,81,73,91,71,45,80,8,
52	2	9	2.541	2,27,35,53,52,93,83,29,79,38,28,82,73,91,71,45,80,59,21,9,
52	2	10	2.636	2,31,27,35,53,98,52,93,83,29,88,57,70,75,41,69,86,33,42,44,10,
52	2	11	2.635	2,27,35,53,98,52,93,83,29,79,57,70,88,47,18,95,51,76,23,36,40,11,
52	2	12	2.43	2,27,35,53,98,52,93,83,29,79,57,70,88,47,18,95,76,23,99,12,
52	2	13	2.208	2,31,27,35,53,98,52,93,83,29,88,47,18,19,56,34,67,13,
52	2	14	2.267	2,27,35,53,98,52,93,83,29,88,47,18,19,56,34,67,43,14,
52	2	15	2.046	2,27,35,53,98,52,93,83,29,88,47,62,63,90,54,15,
52	3	4	2.103	3,74,24,35,53,98,52,93,83,29,37,22,39,96,26,4,
52	3	5	1.995	3,97,27,53,98,35,24,74,50,92,96,26,16,89,48,5,
52	3	6	1.991	3,97,24,74,50,92,96,26,16,89,48,94,64,46,60,6,
52	3	7	2.438	3,50,92,26,16,94,64,60,46,84,78,71,73,91,45,59,80,61,7,
52	3	8	2.268	3,50,92,26,96,94,64,60,46,84,78,71,73,91,45,80,59,8,
52	3	9	2.48	3,50,92,26,16,94,64,60,46,84,78,71,73,91,45,80,59,21,9,
52	3	10	2.568	3,74,24,35,27,53,98,52,93,83,29,79,57,70,75,41,69,86,42,44,10,
52	3	11	2.531	3,74,24,35,53,98,52,93,83,29,88,47,18,95,51,76,23,36,40,11,
52	3	12	2.517	3,74,24,35,27,53,52,93,83,29,65,88,47,18,95,51,76,23,99,12,
52	3	13	2.394	3,74,24,35,27,53,98,52,93,83,29,65,88,47,18,19,56,34,67,13,
52	3	14	2.388	3,74,24,35,53,98,52,93,83,29,88,47,18,19,56,34,67,43,14,
52	3	15	2.339	3,74,24,35,27,53,98,52,93,83,29,88,47,62,63,49,77,55,15,
52	4	5	2.056	4,92,50,74,24,35,27,53,98,22,39,96,26,16,48,5,
52	4	6	2.119	4,92,50,74,24,87,22,39,96,26,16,94,64,46,60,6,
52	4	7	2.19	4,26,16,89,48,64,60,46,84,78,71,73,91,45,59,80,61,7,
52	4	8	2.167	4,92,26,16,96,94,64,60,46,84,78,45,71,73,91,59,80,8,
52	4	9	2.37	4,92,26,16,96,94,64,60,46,84,78,71,73,91,45,80,59,21,9,
52	4	10	2.599	4,26,96,94,64,60,46,84,78,45,71,73,91,66,21,17,25,44,10,
52	4	11	2.665	4,92,50,74,24,35,53,98,52,93,83,29,79,57,70,75,41,69,86,42,11,
52	4	12	2.647	4,92,50,74,24,35,53,98,52,93,83,29,88,47,18,95,51,76,23,99,12,
52	4	13	2.542	4,92,50,74,24,35,27,53,98,93,83,29,88,47,18,19,56,34,67,13,
52	4	14	2.519	4,92,26,96,39,22,37,79,57,70,88,47,18,19,56,34,67,43,14,
52	4	15	2.429	4,92,50,74,24,35,27,53,98,52,93,65,88,47,62,63,90,54,15,
52	5	6	2.119	5,48,16,26,96,92,50,74,24,87,39,94,64,46,60,6,
52	5	7	2.065	5,48,16,26,96,94,84,78,71,73,91,45,80,61,7,
52	5	8	1.981	5,48,89,16,26,96,94,64,60,46,84,78,71,45,80,8,
52	5	9	2.296	5,48,89,16,26,96,94,64,46,84,78,71,73,91,45,80,59,21,9,
52	5	10	2.508	5,48,89,16,26,96,94,64,46,84,78,45,71,73,91,68,25,17,10,
52	5	11	2.65	5,48,89,16,26,96,39,22,37,79,57,70,88,47,18,95,76,23,36,40,11,
52	5	12	2.531	5,48,89,16,26,96,39,37,79,57,70,88,47,18,95,51,76,23,99,12,
52	5	13	2.569	5,48,89,16,26,96,39,22,37,38,79,57,70,88,47,18,19,56,34,67,43,13,
52	5	14	2.532	5,48,89,16,26,96,39,37,79,57,70,88,47,18,19,56,34,67,43,14,
52	5	15	2.507	5,48,89,16,26,92,50,74,24,35,27,53,98,52,93,65,62,63,90,54,15,
52	6	7	2.22	6,60,46,64,84,78,45,71,73,91,68,66,59,80,61,7,
52	6	8	2.147	6,60,46,84,78,73,71,45,91,66,68,25,17,21,8,
52	6	9	1.914	6,46,84,78,71,73,91,45,80,59,66,68,17,21,9,
52	6	10	2.324	6,46,60,64,84,78,71,73,91,45,80,59,66,21,17,25,44,10,
52	6	11	2.487	6,60,46,84,78,71,73,91,45,80,59,66,68,32,33,42,36,40,11,
52	6	12	2.522	6,60,46,84,78,71,73,91,45,80,59,66,68,32,33,86,36,99,12,
52	6	13	2.576	6,60,46,64,94,85,82,28,38,79,57,70,88,47,18,19,56,34,67,13,
52	6	14	2.691	6,60,46,84,78,71,45,91,73,81,72,75,41,51,76,34,67,43,14,
52	6	15	2.618	6,60,46,84,78,71,91,73,81,28,70,57,88,47,62,63,90,54,15,
52	7	8	2.259	7,30,84,78,71,73,91,45,80,59,66,68,25,17,21,8,
52	7	9	2.025	7,30,78,71,73,91,45,61,80,59,66,68,25,17,21,9,
52	7	10	2.467	7,30,84,78,71,73,91,45,80,59,66,68,32,33,86,42,44,10,
52	7	11	2.552	7,61,80,59,45,71,91,73,81,72,75,41,95,51,76,23,36,40,11,
52	7	12	2.609	7,61,45,71,91,73,81,28,70,57,88,47,18,95,51,76,23,99,12,
52	7	13	2.443	7,61,45,71,91,73,81,28,70,57,88,47,18,19,56,34,67,13,
52	7	14	2.564	7,78,71,91,73,81,28,70,57,88,47,18,19,56,34,67,43,14,
52	7	15	2.501	7,61,80,59,45,71,91,73,82,28,70,57,88,47,62,63,90,54,15,
52	8	9	2.103	8,80,59,45,71,91,73,81,82,28,72,68,25,17,9,
52	8	10	2.263	8,80,59,45,71,73,91,66,21,17,25,68,32,33,42,44,10,
52	8	11	2.334	8,80,59,45,71,91,73,81,72,75,41,51,76,23,99,36,40,11,
52	8	12	2.411	8,80,59,45,71,91,73,81,28,70,57,88,47,18,95,76,23,12,
52	8	13	2.31	8,80,59,45,71,91,73,82,28,70,57,88,47,18,56,34,67,13,
52	8	14	2.391	8,80,59,45,71,91,73,81,28,70,57,88,47,62,49,77,55,14,
52	8	15	2.431	8,80,59,45,71,91,73,81,28,38,79,57,70,88,47,62,63,90,54,15,
52	9	10	2.119	9,21,59,80,45,71,73,91,68,32,33,86,42,44,10,
52	9	11	2.116	9,21,17,25,32,33,42,86,69,51,95,76,23,36,40,11,
52	9	12	2.061	9,21,17,25,68,32,33,42,86,69,51,95,76,23,99,12,
52	9	13	2.461	9,21,17,25,68,32,33,86,36,99,23,76,51,95,56,34,67,43,13,
52	9	14	2.689	9,21,59,80,45,71,73,81,28,70,57,88,47,18,56,34,67,43,14,
52	9	15	2.616	9,21,59,80,45,71,91,73,81,82,28,70,57,88,47,62,63,90,54,15,
52	10	11	2.287	10,44,42,33,86,69,51,95,56,67,34,76,23,36,40,11,
52	10	12	2.256	10,44,25,17,68,32,33,42,86,69,51,95,76,23,99,12,
52	10	13	2.163	10,44,42,33,86,36,99,23,76,51,95,56,34,67,43,13,
52	10	14	2.254	10,17,25,32,33,42,86,69,51,95,56,34,67,43,14,
52	10	15	2.75	10,44,42,33,86,69,41,75,70,57,79,29,83,93,52,65,62,63,49,77,55,15,
52	11	12	2.336	11,40,36,42,86,69,41,75,70,57,88,47,18,95,76,12,
52	11	13	2.219	11,40,36,42,32,33,86,69,51,76,95,56,34,67,43,13,
52	11	14	2.221	11,40,36,42,33,86,69,23,76,51,95,56,34,67,43,14,
52	11	15	2.613	11,40,36,23,51,95,18,47,88,70,57,79,29,83,65,62,63,90,54,15,
52	12	13	2.117	12,99,36,40,42,33,86,69,51,76,95,56,34,67,43,13,
52	12	14	2.217	12,99,23,36,42,33,86,69,51,76,95,56,34,67,43,14,
52	12	15	2.067	12,23,76,51,95,34,67,56,19,55,77,49,63,90,54,15,
52	13	14	2.171	13,43,67,34,56,19,18,47,88,65,62,63,49,77,55,14,
52	13	15	2.085	13,43,67,34,56,18,70,57,88,47,62,63,90,54,15,
52	14	15	2.134	14,43,67,34,56,18,70,57,88,47,62,63,90,54,15,
