321	0	1	1.789	0,81,95,30,34,55,59,27,50,64,41,48,85,49,37,1,
321	0	2	1.742	0,81,95,30,34,87,55,51,59,27,50,64,41,49,66,2,
321	0	3	1.796	0,81,95,30,34,87,55,51,59,49,85,48,58,44,46,3,
321	0	4	2.225	0,81,95,30,34,87,55,59,49,85,48,58,86,28,79,76,26,60,57,4,
321	0	5	2.417	0,81,95,30,34,87,55,51,59,49,85,48,58,86,20,79,28,76,26,21,5,
321	0	6	2.432	0,81,95,30,34,87,55,59,49,48,58,86,28,79,20,61,78,99,72,84,17,6,
321	0	7	2.356	0,81,95,30,34,87,55,59,49,85,48,58,86,28,79,20,61,78,99,72,53,7,
321	0	8	2.536	0,30,34,87,55,59,27,50,64,68,35,74,39,62,52,88,83,96,77,45,8,
321	0	9	2.522	0,81,95,30,34,87,55,59,27,50,64,68,35,74,39,62,88,83,96,77,9,
321	0	10	2.709	0,81,95,30,34,87,55,59,27,50,64,68,35,74,39,62,52,88,31,70,22,10,
321	0	11	2.559	0,30,87,55,34,95,81,93,38,63,67,23,54,82,92,29,42,43,69,11,
321	0	12	2.213	0,30,87,55,34,95,81,93,38,63,67,23,54,82,92,29,42,43,69,12,
321	0	13	2.002	0,81,95,30,34,87,55,51,91,93,38,94,63,67,23,54,82,98,13,
321	0	14	1.69	0,81,95,30,34,87,55,59,51,91,93,38,94,63,67,14,
321	0	15	1.815	0,95,30,34,87,55,59,27,50,64,56,89,32,38,93,15,
321	1	2	1.769	1,16,87,30,34,55,59,27,41,48,85,49,37,33,66,2,
321	1	3	1.869	1,16,87,30,34,55,59,27,50,64,41,48,58,44,46,3,
321	1	4	2.185	1,16,87,30,34,55,59,49,85,48,58,86,28,79,76,26,60,57,4,
321	1	5	2.296	1,16,55,87,30,34,51,59,49,85,48,58,86,28,79,76,26,21,5,
321	1	6	2.353	1,16,87,34,55,59,49,85,48,58,86,28,79,20,61,78,99,72,84,17,6,
321	1	7	2.399	1,16,87,30,34,55,59,49,85,48,58,86,28,76,21,61,78,99,72,53,7,
321	1	8	2.605	1,16,30,34,55,59,27,50,64,68,35,74,39,62,52,88,83,96,77,45,8,
321	1	9	2.53	1,16,87,55,34,51,27,50,64,68,35,74,39,52,62,73,88,83,96,77,9,
321	1	10	2.648	1,16,87,30,34,55,59,27,50,64,68,35,74,39,62,73,88,31,70,22,10,
321	1	11	2.503	1,16,55,34,30,95,81,93,38,63,67,23,54,71,29,42,43,69,11,
321	1	12	2.157	1,16,55,34,30,95,81,93,38,63,67,23,54,71,29,42,43,69,12,
321	1	13	2.143	1,16,87,55,34,30,95,81,93,38,63,67,23,54,71,29,42,92,98,13,
321	1	14	2.202	1,16,87,55,34,51,59,49,85,48,41,50,64,56,89,32,94,63,67,14,
321	1	15	1.82	1,16,87,55,34,51,59,27,50,64,56,89,32,38,93,15,
321	2	3	1.955	2,66,33,37,55,87,30,34,51,59,49,48,85,44,46,3,
321	2	4	2.1	2,66,33,37,49,85,48,58,86,20,79,28,76,26,60,57,4,
321	2	5	2.285	2,66,33,37,49,41,50,64,68,74,35,80,20,79,28,76,26,5,
321	2	6	2.195	2,66,33,37,49,48,58,86,28,79,20,61,78,99,72,17,6,
321	2	7	2.378	2,66,33,37,49,85,48,58,86,20,79,28,76,21,61,78,99,72,53,7,
321	2	8	2.624	2,66,33,37,49,85,48,58,68,35,74,39,62,52,88,83,96,77,45,8,
321	2	9	2.592	2,66,49,85,48,41,50,64,68,35,74,39,52,62,73,88,83,96,77,9,
321	2	10	2.704	2,66,49,85,48,41,50,64,68,35,74,39,52,62,73,88,31,70,22,10,
321	2	11	2.642	2,66,33,37,55,87,34,30,95,81,93,38,94,18,71,29,42,43,69,11,
321	2	12	2.296	2,66,33,37,55,87,34,30,95,81,93,38,94,18,71,29,42,43,69,12,
321	2	13	2.131	2,66,33,37,55,87,34,30,95,81,93,38,94,63,67,23,54,82,13,
321	2	14	2.267	2,66,33,37,16,87,55,34,30,95,81,93,38,94,18,54,23,67,14,
321	2	15	2.219	2,66,33,37,16,30,34,55,59,27,50,64,56,89,32,38,93,15,
321	3	4	2.259	3,46,44,85,48,58,68,74,35,80,20,79,76,26,60,57,4,
321	3	5	2.208	3,46,44,58,68,35,74,39,62,73,80,20,79,28,76,26,5,
321	3	6	2	3,25,57,60,26,76,28,79,20,61,19,78,99,72,84,17,6,
321	3	7	1.999	3,25,57,60,26,76,28,79,20,80,36,19,78,99,72,53,7,
321	3	8	2.728	3,46,44,85,48,41,50,64,68,35,74,39,52,62,73,80,36,19,78,99,90,8,
321	3	9	2.78	3,46,44,58,85,48,41,50,64,68,35,74,39,52,62,73,88,83,96,77,9,
321	3	10	2.892	3,46,44,58,85,48,41,50,64,68,35,74,39,52,62,73,88,31,70,22,10,
321	3	11	2.817	3,46,44,58,85,48,41,50,64,56,89,65,97,75,29,42,43,69,11,
321	3	12	2.622	3,46,44,85,48,41,50,64,68,35,74,39,73,62,52,75,97,29,42,43,69,12,
321	3	13	2.481	3,46,66,33,37,55,87,34,30,95,81,93,38,63,67,23,54,82,98,13,
321	3	14	2.407	3,46,44,58,48,85,49,59,55,87,34,30,95,81,93,38,94,63,67,14,
321	3	15	2.314	3,46,85,48,41,50,64,68,35,74,39,62,52,56,89,32,38,93,15,
321	4	5	2.365	4,57,60,26,76,28,79,20,80,36,19,61,78,99,72,84,5,
321	4	6	2.039	4,57,60,26,21,76,28,79,20,61,19,78,99,72,84,17,6,
321	4	7	2.001	4,57,60,26,76,28,79,21,61,78,99,72,84,17,53,7,
321	4	8	2.268	4,57,60,26,21,76,28,79,20,80,36,19,78,72,99,90,8,
321	4	9	2.754	4,57,60,26,76,28,79,20,80,35,74,39,52,62,73,88,83,96,77,45,9,
321	4	10	2.928	4,57,60,26,76,28,79,20,80,35,74,39,52,62,73,83,88,31,70,22,10,
321	4	11	2.873	4,57,60,26,76,28,79,20,35,74,39,73,62,52,75,97,29,42,43,69,11,
321	4	12	2.619	4,57,60,26,21,76,28,79,20,80,73,39,62,52,75,97,29,42,43,69,12,
321	4	13	2.659	4,57,60,26,76,28,79,20,80,73,39,62,52,56,89,65,18,23,54,82,98,13,
321	4	14	2.484	4,57,60,26,76,28,79,20,80,73,39,62,52,56,89,65,32,94,63,67,14,
321	4	15	2.345	4,57,60,26,76,28,79,20,80,73,62,52,56,89,65,32,38,93,15,
321	5	6	2.083	5,60,26,76,28,79,20,80,36,19,61,78,99,72,84,17,6,
321	5	7	2.029	5,21,26,60,76,28,79,20,61,78,99,72,84,17,53,7,
321	5	8	2.341	5,21,26,60,28,79,20,80,36,19,61,78,99,72,90,8,
321	5	9	2.616	5,60,26,76,28,79,20,35,74,39,52,62,73,88,83,96,77,45,9,
321	5	10	2.815	5,60,26,76,28,79,20,80,35,74,39,52,62,73,88,83,96,24,47,10,
321	5	11	2.836	5,60,26,76,28,79,20,35,74,39,73,62,52,75,97,29,42,43,69,11,
321	5	12	2.623	5,60,26,76,28,79,20,80,35,74,39,62,52,75,97,71,29,42,43,69,12,
321	5	13	2.632	5,26,76,28,79,20,80,73,62,52,56,89,32,94,63,67,23,54,82,98,13,
321	5	14	2.505	5,60,26,76,28,79,20,80,35,74,39,73,62,52,56,89,32,94,63,67,14,
321	5	15	2.367	5,26,60,76,28,79,20,80,73,39,62,52,56,89,65,32,38,93,15,
321	6	7	1.9	6,17,84,21,26,60,76,28,79,20,61,78,99,72,53,7,
321	6	8	2.23	6,17,84,21,26,60,76,28,79,20,61,19,78,99,72,90,8,
321	6	9	2.442	6,17,84,72,99,78,61,21,76,28,79,20,80,36,96,77,45,9,
321	6	10	2.723	6,17,84,72,99,78,61,21,76,28,79,20,80,83,88,31,70,22,10,
321	6	11	2.733	6,17,84,72,99,78,61,21,26,60,28,79,20,80,83,88,31,70,11,
321	6	12	2.474	6,17,84,72,99,78,19,36,80,73,39,62,52,75,97,29,42,43,69,12,
321	6	13	2.582	6,17,84,72,99,78,19,36,80,73,39,62,52,75,97,71,54,23,82,98,13,
321	6	14	2.498	6,17,84,72,99,78,19,36,80,35,74,39,62,52,56,89,32,94,63,67,14,
321	6	15	2.576	6,17,72,99,78,61,21,76,28,79,20,80,73,62,52,56,89,32,38,93,15,
321	7	8	2.18	7,53,17,84,21,26,76,28,79,20,61,78,99,72,90,8,
321	7	9	2.27	7,53,72,99,78,61,21,76,28,79,20,80,83,96,77,9,
321	7	10	2.427	7,53,72,99,78,61,21,76,28,79,20,80,36,96,24,47,10,
321	7	11	2.547	7,53,72,99,78,61,21,26,76,28,79,20,80,83,88,31,70,11,
321	7	12	2.361	7,53,72,99,78,19,36,80,73,39,62,52,75,97,29,42,43,69,12,
321	7	13	2.638	7,53,72,99,78,19,36,80,73,39,62,52,56,89,65,97,75,29,42,92,98,13,
321	7	14	2.58	7,53,72,99,78,61,21,76,28,79,20,80,73,62,52,56,89,32,94,63,67,14,
321	7	15	2.557	7,53,72,99,78,61,21,76,28,79,20,80,73,39,62,52,56,89,32,38,93,15,
321	8	9	2.549	8,90,72,99,78,61,21,26,60,28,79,20,36,96,77,9,
321	8	10	2.649	8,90,99,78,61,21,26,76,28,79,20,80,36,96,24,47,10,
321	8	11	2.825	8,90,99,78,61,21,76,28,79,20,80,73,39,62,52,88,31,70,11,
321	8	12	2.584	8,90,99,78,19,36,80,73,39,62,52,75,97,71,29,42,43,69,12,
321	8	13	2.691	8,45,77,96,83,88,73,62,52,56,89,65,97,75,29,42,92,98,13,
321	8	14	2.625	8,90,72,99,78,19,36,80,73,39,62,52,56,89,65,32,94,63,67,14,
321	8	15	2.726	8,90,72,99,78,19,36,80,35,74,39,73,62,52,56,89,65,32,38,93,15,
321	9	10	2.752	9,45,77,96,90,72,99,78,19,36,83,88,31,70,22,10,
321	9	11	2.71	9,24,40,31,75,97,71,54,23,82,98,92,29,42,43,69,11,
321	9	12	2.364	9,24,40,31,75,97,71,54,23,82,98,92,29,42,43,69,12,
321	9	13	2.719	9,45,77,96,83,88,73,62,52,56,89,65,97,75,29,42,92,98,13,
321	9	14	2.641	9,45,77,96,83,88,73,35,74,39,62,52,56,89,32,94,63,67,14,
321	9	15	2.632	9,77,96,83,88,52,62,39,74,35,68,64,50,56,89,32,38,93,15,
321	10	11	2.511	10,22,70,31,75,97,71,54,82,98,92,29,42,43,69,11,
321	10	12	2.37	10,22,70,43,42,29,75,97,71,82,54,23,13,98,92,69,12,
321	10	13	2.927	10,22,70,31,88,52,62,39,74,35,68,64,50,89,32,18,54,82,13,
321	10	14	2.739	10,22,70,31,88,73,39,62,52,56,89,65,32,38,93,63,67,14,
321	10	15	2.721	10,22,70,69,43,42,29,75,97,71,82,54,23,67,63,94,38,93,15,
321	11	12	2.197	11,22,70,31,75,97,71,54,82,98,92,29,42,43,69,12,
321	11	13	2.439	11,12,69,42,29,43,75,97,71,18,94,63,67,23,54,82,13,
321	11	14	2.489	11,12,69,42,29,43,75,97,71,92,98,82,54,23,18,94,63,67,14,
321	11	15	2.399	11,69,43,42,29,92,98,82,54,23,67,63,94,18,32,38,93,15,
321	12	13	1.937	12,69,42,29,43,75,97,18,94,63,67,23,54,82,98,13,
321	12	14	1.78	12,69,43,42,29,92,98,82,54,23,18,94,38,63,67,14,
321	12	15	2.053	12,69,43,42,29,92,98,82,54,23,67,63,94,18,32,38,93,15,
321	13	14	1.774	13,23,54,82,98,92,29,42,43,75,97,18,94,63,67,14,
321	13	15	1.958	13,98,92,42,29,75,97,71,82,54,23,67,63,94,38,93,15,
321	14	15	1.882	14,67,23,54,82,98,92,42,43,29,71,18,94,38,93,15,
