218	0	2	2.285	0,48,65,93,72,67,52,74,19,39,75,58,56,51,20,2,
218	0	3	2.562	0,48,65,93,67,60,52,74,19,39,75,58,56,99,44,63,41,54,34,3,
218	0	5	2.499	0,32,49,51,20,99,44,63,41,54,34,92,81,86,18,85,79,91,5,
218	0	4	2.664	0,71,49,32,51,20,99,44,63,41,54,34,92,81,86,18,79,91,4,
218	0	1	2.272	0,48,65,93,72,94,17,67,60,74,19,39,75,58,49,32,1,
218	0	11	2.424	0,48,65,93,72,94,17,67,60,74,52,78,59,53,26,87,35,96,88,11,
218	0	9	2.576	0,48,65,93,72,94,17,67,60,52,74,29,21,62,55,83,68,61,25,9,
218	0	10	2.494	0,48,65,93,72,94,17,67,60,74,52,22,36,53,26,87,35,88,96,10,
218	0	8	2.751	0,48,65,93,72,94,17,67,60,74,29,21,62,55,83,38,68,61,57,73,8,
218	0	7	2.739	0,48,65,93,72,94,17,67,60,52,74,29,21,89,62,30,23,50,82,7,
218	0	6	2.549	0,71,49,32,51,20,99,56,46,69,90,86,18,85,79,91,84,76,6,
218	0	15	2.278	0,32,49,58,75,39,19,74,52,67,17,94,72,95,45,15,
218	0	14	2.346	0,48,65,93,72,94,17,67,60,74,52,78,59,27,47,64,14,
218	1	2	2.311	1,32,49,51,20,99,56,58,75,39,69,46,44,63,41,2,
218	0	13	2.088	0,48,65,93,72,94,17,67,60,74,52,78,59,27,42,16,13,
218	1	4	2.352	1,32,49,51,20,99,44,63,41,54,34,92,81,86,79,91,4,
218	1	3	2.133	1,32,71,49,51,20,99,56,58,46,44,63,41,54,34,3,
218	1	5	2.279	1,32,49,51,20,99,44,63,54,34,92,81,86,18,85,79,91,5,
218	1	8	2.558	1,32,49,58,75,39,19,29,21,62,89,55,83,38,68,61,25,57,73,8,
218	1	6	2.392	1,32,49,51,20,99,44,63,41,54,34,92,81,86,18,85,84,76,6,
218	1	7	2.544	1,32,49,51,20,99,56,46,69,90,86,18,85,79,91,84,76,31,7,
218	0	12	2.634	0,48,65,93,72,94,17,47,64,16,42,27,59,53,26,98,35,87,12,
218	1	15	2.087	1,32,49,58,75,39,19,74,52,60,67,94,72,95,45,15,
218	1	14	2.125	1,20,51,56,58,75,39,19,74,52,60,67,17,94,72,14,
218	2	5	2.182	2,20,51,56,99,44,63,41,54,34,92,81,86,18,85,79,91,5,
218	1	11	2.451	1,32,49,58,75,39,19,29,21,62,89,24,98,53,26,87,35,96,88,11,
218	2	3	2.157	2,20,51,32,49,71,58,46,56,44,63,41,54,34,3,
218	2	4	2.352	2,20,51,56,99,44,63,41,54,34,92,81,86,18,85,79,91,4,
218	2	6	2.293	2,20,51,99,44,63,41,54,34,92,81,86,18,79,91,84,76,6,
218	1	12	2.584	1,32,49,71,58,75,39,19,29,74,52,60,67,78,59,27,42,16,37,12,
218	1	10	2.667	1,20,51,56,58,75,39,19,29,21,62,89,24,98,53,26,87,35,88,96,10,
218	1	9	2.581	1,32,49,51,20,99,56,58,75,39,19,29,21,62,89,55,83,68,61,25,9,
218	1	13	2.321	1,32,49,51,20,99,56,58,75,39,19,74,52,78,59,27,42,16,13,
218	2	15	2.078	2,20,51,56,58,75,39,19,74,60,67,94,72,95,45,15,
218	3	4	2.124	3,34,54,41,63,44,99,20,51,56,46,69,90,86,81,92,4,
218	3	5	1.976	3,41,63,44,99,20,51,56,46,69,90,86,18,79,91,5,
218	2	14	2.472	2,20,51,32,49,58,75,39,19,29,21,74,52,60,67,17,94,72,14,
218	2	8	2.557	2,20,51,56,58,75,39,19,29,21,62,55,83,38,68,61,25,57,73,8,
218	2	11	2.513	2,20,51,56,58,75,39,19,29,21,62,89,24,98,53,26,87,35,96,88,11,
218	2	10	2.588	2,20,51,56,58,75,39,19,29,21,62,89,24,98,53,26,87,35,96,10,
218	2	7	2.566	2,20,51,56,99,44,63,41,54,34,92,81,79,91,84,76,31,82,7,
218	2	9	2.52	2,20,51,56,58,75,39,19,29,21,62,89,55,83,38,68,61,73,57,25,9,
218	2	12	2.676	2,20,51,56,58,75,39,19,29,21,74,52,60,67,94,17,47,64,42,16,37,12,
218	2	13	2.49	2,63,44,99,20,51,56,58,75,39,19,74,52,60,67,94,17,47,42,16,13,
218	4	5	2.221	4,34,54,41,63,44,56,46,69,90,86,18,85,79,91,5,
218	3	6	2.009	3,34,54,41,63,44,92,81,86,18,85,79,91,84,76,6,
218	3	14	2.418	3,34,54,41,63,44,99,20,51,32,49,71,65,93,72,94,17,47,64,14,
218	3	15	2.442	3,41,63,44,99,20,51,56,58,75,39,19,74,52,60,67,72,95,45,15,
218	3	11	2.607	3,41,63,44,99,56,58,75,39,19,74,52,22,36,98,53,26,87,35,96,88,11,
218	3	8	2.627	3,54,34,92,81,86,18,85,97,28,23,30,43,33,68,61,25,57,73,40,8,
218	3	10	2.631	3,34,54,63,44,99,20,51,56,58,75,39,19,29,21,62,55,83,38,66,10,
218	3	7	2.496	3,34,54,41,63,44,46,69,90,86,18,85,79,91,84,76,31,82,7,
218	3	12	2.607	3,41,63,44,99,20,51,32,49,71,65,93,72,94,17,47,64,42,16,37,12,
218	3	9	2.607	3,34,54,41,63,44,99,56,58,75,39,19,29,21,62,55,83,38,68,61,25,9,
218	3	13	2.442	3,34,54,41,63,44,99,20,51,32,49,71,65,93,72,94,17,47,42,16,13,
218	5	6	2.351	5,91,79,18,85,97,28,23,30,43,33,50,82,31,76,6,
218	4	14	2.478	4,34,54,41,63,44,99,20,51,49,71,65,93,72,94,17,47,14,
218	4	6	2.19	4,34,54,41,63,44,92,81,86,18,85,79,91,84,76,6,
218	4	15	2.398	4,34,54,41,63,44,99,20,51,32,49,71,65,93,72,95,45,15,
218	4	8	2.648	4,91,79,18,85,84,97,28,23,30,43,33,68,61,25,57,73,40,8,
218	4	7	2.565	4,34,54,41,63,44,46,69,90,86,18,85,79,91,84,76,31,7,
218	4	11	2.685	4,91,79,18,85,80,70,77,21,62,89,24,98,53,26,87,35,96,88,11,
218	4	9	2.731	4,34,54,41,63,44,46,75,39,19,29,21,89,55,83,38,68,61,25,9,
218	4	10	2.714	4,34,54,41,63,44,99,56,58,75,39,19,29,21,62,89,55,83,38,66,10,
218	4	12	2.721	4,34,54,41,63,44,99,20,51,49,71,65,93,72,47,42,16,37,12,
218	4	13	2.521	4,34,54,41,63,44,99,51,49,71,65,93,72,94,17,47,42,16,13,
218	6	7	2.166	6,76,84,91,79,18,85,97,28,23,30,43,33,50,82,7,
218	5	7	2.273	5,91,79,18,85,97,28,23,30,43,68,61,73,40,82,7,
218	5	8	2.245	5,91,79,18,85,97,28,23,30,43,33,68,61,25,57,73,40,8,
218	6	8	2.411	6,31,76,84,91,79,18,85,97,28,23,30,43,33,73,40,8,
218	5	15	2.45	5,91,79,18,85,80,70,77,39,19,74,52,60,67,17,94,72,95,45,15,
218	5	9	2.548	5,91,79,18,85,80,70,77,39,19,29,21,62,89,55,83,68,25,9,
218	5	10	2.442	5,91,79,18,85,97,28,23,30,43,33,73,57,25,61,68,83,38,66,10,
218	5	12	2.564	5,91,79,18,85,80,70,77,29,74,52,60,67,94,17,47,42,16,37,12,
218	5	11	2.502	5,91,79,18,85,80,70,77,29,21,89,24,98,53,26,87,35,96,88,11,
218	5	14	2.713	5,91,79,85,18,86,90,69,46,58,75,39,19,29,74,52,60,67,17,94,72,14,
218	5	13	2.642	5,91,79,85,18,86,90,69,46,75,39,19,74,52,60,67,78,59,27,42,16,13,
218	7	10	1.892	7,82,50,23,30,43,33,73,57,25,61,68,83,38,66,10,
218	7	8	2.239	7,31,82,50,23,30,43,68,61,25,57,73,33,40,8,
218	7	9	2.042	7,82,50,23,30,43,33,73,57,61,68,83,55,38,25,9,
218	6	9	2.216	6,76,84,91,79,18,85,97,28,23,30,43,68,61,73,57,25,9,
218	6	15	2.526	6,76,84,91,79,18,85,80,70,77,29,74,52,60,67,72,95,45,15,
218	6	11	2.458	6,31,50,23,30,43,33,68,83,38,98,53,26,87,35,96,88,11,
218	7	11	2.243	7,82,40,73,57,25,61,68,38,83,55,98,53,26,87,35,96,88,11,
218	6	10	2.342	6,76,31,82,50,23,30,43,33,73,57,25,61,68,83,38,66,10,
218	6	14	2.704	6,76,84,85,18,86,90,69,46,58,75,39,19,74,52,60,67,17,94,72,14,
218	6	12	2.605	6,76,31,50,23,30,43,33,68,83,38,96,88,35,98,53,26,12,
218	6	13	2.598	6,76,84,91,79,18,85,80,70,77,21,29,74,52,67,94,17,47,42,16,13,
218	8	10	1.908	8,40,50,23,30,43,33,73,57,25,68,83,38,66,10,
218	8	9	2.075	8,40,50,23,30,43,33,73,57,61,68,83,55,38,25,9,
218	8	11	2.016	8,40,73,57,25,61,68,38,83,55,98,53,26,87,35,96,88,11,
218	8	12	2.189	8,40,73,57,25,61,68,83,38,66,96,88,35,98,53,26,87,12,
218	8	14	2.584	8,73,57,25,61,68,83,38,66,96,88,35,87,26,53,59,27,47,64,14,
218	7	14	2.775	7,82,50,23,30,43,68,83,38,96,88,35,87,26,53,59,27,47,64,14,
218	7	12	2.365	7,82,50,23,30,43,33,68,83,38,66,96,88,35,98,53,26,12,
218	8	13	2.195	8,40,73,57,61,25,66,96,88,35,87,26,53,59,27,42,16,13,
218	7	15	2.764	7,82,50,33,43,30,62,89,21,29,74,52,60,67,17,94,72,93,95,45,15,
218	8	15	2.661	8,73,57,61,68,38,83,55,89,62,21,29,74,52,60,67,17,94,72,95,45,15,
218	7	13	2.575	7,82,40,73,57,25,61,68,83,38,96,88,35,87,26,53,59,27,42,16,13,
218	9	10	1.776	9,25,61,68,38,83,55,24,98,53,26,87,35,88,96,10,
218	9	11	1.663	9,25,61,68,38,83,55,24,98,53,26,87,35,96,88,11,
218	10	11	1.876	10,66,25,61,68,83,38,98,53,26,87,35,96,88,11,
218	10	12	1.873	10,66,96,88,35,98,87,26,53,59,27,42,16,37,12,
218	10	13	1.703	10,96,88,35,87,26,53,98,36,22,59,27,42,16,13,
218	10	14	2.414	10,66,96,88,35,87,26,53,98,36,22,52,74,60,67,17,94,72,14,
218	9	12	2.204	9,25,61,68,83,38,96,88,35,87,26,53,59,27,42,16,37,12,
218	9	14	2.386	9,25,57,73,61,68,83,38,96,88,35,87,26,53,59,27,42,64,14,
218	10	15	2.388	10,96,88,35,87,26,53,36,22,52,74,60,67,17,94,72,93,95,45,15,
218	9	13	2.039	9,25,61,68,83,38,66,96,88,35,87,26,53,59,27,42,16,13,
218	9	15	2.452	9,25,61,68,38,83,55,89,62,21,29,74,52,60,67,17,94,72,95,45,15,
218	12	15	2.097	12,37,16,42,27,59,78,52,74,60,67,94,72,95,45,15,
218	14	15	2.199	14,64,16,42,27,59,78,52,74,60,67,94,72,95,45,15,
218	13	15	1.864	13,16,42,27,59,78,52,74,60,67,17,94,72,95,45,15,
218	11	14	1.905	11,88,96,35,87,26,53,36,22,78,59,27,42,16,64,14,
218	13	14	2.138	13,16,42,27,59,78,22,52,74,60,67,17,94,72,47,64,14,
218	12	14	2.137	12,87,35,88,96,98,26,53,59,27,42,16,64,47,14,
218	11	12	1.803	11,88,96,35,87,26,53,36,22,78,59,27,42,16,37,12,
218	12	13	1.841	12,87,35,88,96,98,26,53,36,22,59,27,42,16,13,
218	11	13	1.59	11,88,96,35,87,26,53,98,36,22,59,27,42,16,13,
218	11	15	2.276	11,88,96,35,87,26,53,98,36,22,52,74,60,67,17,94,72,95,45,15,
