365	0	1	2.012	0,30,32,82,34,91,44,98,23,77,31,90,38,71,47,1,
365	0	2	1.73	0,30,68,83,32,82,34,91,44,98,23,77,90,38,71,2,
365	0	3	2.161	0,30,68,83,32,82,47,71,91,34,44,98,23,31,93,40,95,45,3,
365	0	4	2.179	0,30,68,83,72,32,82,34,91,47,71,38,90,77,23,31,93,40,95,4,
365	0	5	2.287	0,30,68,83,72,82,34,91,47,71,38,90,77,31,93,40,95,87,89,16,5,
365	0	6	2.519	0,30,68,83,72,82,47,91,34,44,98,23,77,31,93,40,95,87,16,81,6,
365	0	7	2.579	0,30,68,83,72,27,43,62,96,46,50,20,78,92,37,41,42,65,7,
365	0	8	2.497	0,30,68,83,27,43,62,96,46,50,20,78,37,92,84,80,61,76,8,
365	0	9	2.54	0,30,68,83,27,43,62,96,46,50,20,78,37,92,84,80,61,76,9,
365	0	10	2.414	0,30,68,83,27,62,96,46,50,20,78,92,75,28,97,66,86,10,
365	0	11	2.457	0,30,68,83,27,62,96,46,50,78,92,75,28,97,66,59,17,18,11,
365	0	12	2.42	0,30,68,83,72,27,55,70,33,35,48,24,79,52,53,74,12,
365	0	13	2.16	0,30,68,83,72,27,55,70,33,35,48,24,79,52,53,13,
365	0	14	2.02	0,30,68,83,27,25,60,22,55,70,33,35,48,24,14,
365	0	15	2.081	0,30,68,83,27,43,46,96,62,25,55,70,33,35,15,
365	1	2	1.776	1,32,68,83,72,82,34,91,44,98,23,77,90,38,71,2,
365	1	3	1.948	1,32,30,68,83,72,82,47,71,91,34,44,98,23,77,90,3,
365	1	4	2.022	1,32,68,83,72,82,47,71,91,34,44,98,23,77,31,93,40,95,4,
365	1	5	2.249	1,32,68,83,72,82,34,91,47,71,38,90,77,31,93,40,95,87,16,5,
365	1	6	2.46	1,82,34,91,47,71,38,90,77,23,31,93,40,95,87,26,99,58,81,6,
365	1	7	2.526	1,47,71,91,34,44,98,43,62,96,46,50,20,78,92,37,41,65,7,
365	1	8	2.483	1,82,47,91,34,44,98,43,62,96,46,50,20,78,92,84,80,61,76,8,
365	1	9	2.555	1,82,47,34,91,44,98,43,46,96,62,50,20,78,92,84,80,61,76,9,
365	1	10	2.536	1,82,34,91,44,98,43,96,46,50,20,78,92,75,63,28,97,66,86,10,
365	1	11	2.487	1,32,72,27,62,96,46,50,78,92,75,63,97,66,59,17,51,18,11,
365	1	12	2.522	1,47,71,91,34,44,98,43,46,96,62,19,67,57,29,54,85,12,
365	1	13	2.316	1,47,71,91,34,82,32,68,83,70,33,35,48,79,52,53,13,
365	1	14	2.044	1,82,47,71,91,34,44,27,55,70,33,35,48,24,14,
365	1	15	2.102	1,82,34,91,44,98,43,46,96,62,25,55,70,33,35,15,
365	2	3	1.686	2,71,47,91,34,44,98,23,31,77,90,93,40,95,45,3,
365	2	4	1.56	2,38,71,47,91,34,44,98,23,77,90,31,93,40,95,4,
365	2	5	1.945	2,71,47,91,34,44,98,23,77,31,73,64,93,40,95,87,89,16,5,
365	2	6	2.15	2,38,71,47,91,34,44,98,23,77,31,93,40,95,87,26,99,81,6,
365	2	7	2.285	2,71,47,91,34,44,98,43,62,96,46,50,20,39,36,58,42,65,7,
365	2	8	2.248	2,71,91,34,44,98,43,62,96,46,50,20,78,92,84,80,61,76,8,
365	2	9	2.291	2,71,91,34,44,98,43,62,96,46,50,20,78,92,84,80,61,76,9,
365	2	10	2.333	2,71,91,34,44,98,43,96,46,50,20,78,92,75,63,97,66,86,10,
365	2	11	2.387	2,71,91,34,44,98,43,46,96,62,19,21,63,28,97,66,59,17,51,18,94,11,
365	2	12	2.428	2,71,91,34,44,98,43,46,96,62,19,60,22,67,57,29,51,54,85,12,
365	2	13	2.289	2,71,47,91,34,44,98,43,46,96,62,25,60,22,56,79,52,53,13,
365	2	14	2.111	2,71,91,34,44,98,43,46,96,62,25,55,70,33,35,48,24,14,
365	2	15	1.907	2,71,91,34,44,98,43,96,62,25,55,70,33,35,15,
365	3	4	1.741	3,38,71,47,91,34,44,98,23,31,77,90,93,40,95,4,
365	3	5	1.929	3,38,71,47,91,34,44,98,23,77,31,93,40,95,87,16,5,
365	3	6	2.298	3,90,77,23,43,62,96,46,50,20,78,37,39,36,58,81,6,
365	3	7	2.298	3,90,77,31,23,98,43,62,96,46,50,20,78,37,41,65,7,
365	3	8	2.304	3,90,77,31,23,43,62,96,46,50,20,78,92,84,80,61,76,8,
365	3	9	2.44	3,90,77,31,23,98,43,62,96,46,50,20,78,92,84,80,61,76,9,
365	3	10	2.481	3,90,77,31,23,43,62,96,46,50,20,78,92,75,63,28,97,66,86,10,
365	3	11	2.446	3,90,77,23,43,96,46,50,20,78,92,75,28,97,66,59,17,51,18,94,11,
365	3	12	2.481	3,90,77,31,73,64,69,20,78,92,75,63,28,97,66,59,17,51,54,85,12,
365	3	13	2.413	3,90,77,23,43,46,96,62,19,60,25,55,70,33,48,79,52,53,13,
365	3	14	2.247	3,90,77,23,43,46,96,62,19,60,22,25,55,70,33,35,48,24,14,
365	3	15	2.225	3,90,77,31,73,64,50,46,96,62,19,60,22,25,55,70,33,35,15,
365	4	5	2.098	4,95,40,93,31,77,23,98,43,96,46,50,69,26,16,5,
365	4	6	2.19	4,95,40,87,26,39,20,78,92,37,41,42,58,81,6,
365	4	7	2.265	4,95,40,93,64,69,50,46,96,62,19,78,20,37,41,65,7,
365	4	8	2.316	4,95,40,93,64,73,43,96,46,50,20,78,92,84,80,61,76,8,
365	4	9	2.42	4,95,40,93,64,69,50,46,96,62,19,78,37,92,84,80,61,76,9,
365	4	10	2.521	4,95,40,93,64,73,43,62,96,46,50,20,78,92,75,63,97,66,86,10,
365	4	11	2.486	4,95,40,93,64,69,50,20,78,92,75,63,28,97,66,59,17,51,54,85,94,11,
365	4	12	2.394	4,95,40,87,26,39,20,78,92,75,63,28,97,66,59,17,51,54,85,12,
365	4	13	2.47	4,95,40,93,64,69,50,46,96,62,25,55,70,33,35,48,79,52,53,13,
365	4	14	2.363	4,95,40,87,26,69,50,46,96,62,19,60,22,25,55,70,33,35,24,14,
365	4	15	2.249	4,95,40,87,26,69,50,46,96,62,19,60,22,25,55,70,33,35,15,
365	5	6	2.285	5,16,26,69,50,46,96,62,19,78,20,39,36,58,81,6,
365	5	7	2.259	5,16,26,69,50,46,96,62,19,78,20,37,41,65,7,
365	5	8	2.252	5,16,26,69,50,20,78,37,92,84,80,61,76,49,8,
365	5	9	2.414	5,16,26,69,50,46,96,62,19,78,37,92,84,80,61,76,9,
365	5	10	2.548	5,16,26,69,50,46,96,62,19,78,37,92,75,63,28,97,66,86,10,
365	5	11	2.579	5,16,26,69,50,20,78,37,92,75,63,28,97,66,59,17,51,54,85,94,11,
365	5	12	2.579	5,16,26,69,50,20,78,37,92,75,63,28,97,66,59,17,51,54,85,12,
365	5	13	2.576	5,16,26,69,50,46,96,62,19,60,25,55,70,33,35,48,79,52,53,13,
365	5	14	2.572	5,89,95,40,93,64,69,50,46,96,62,19,60,22,25,55,70,33,35,24,14,
365	5	15	2.519	5,89,95,40,87,26,69,50,46,96,62,19,60,22,25,55,70,33,35,15,
365	6	7	2.358	6,81,58,42,41,37,20,78,92,84,80,61,76,49,7,
365	6	8	2.25	6,81,58,42,41,37,20,78,92,84,80,61,76,49,8,
365	6	9	2.34	6,81,58,36,39,20,78,37,92,75,63,28,80,61,76,9,
365	6	10	2.308	6,81,58,36,39,20,78,37,92,75,63,28,97,66,59,86,10,
365	6	11	2.324	6,81,58,36,39,20,78,37,92,75,63,97,66,59,17,51,18,94,11,
365	6	12	2.631	6,81,58,36,39,20,78,37,92,75,63,28,97,66,59,17,29,51,54,85,12,
365	6	13	2.734	6,81,58,36,39,20,50,46,96,62,25,55,70,33,35,48,79,52,53,13,
365	6	14	2.632	6,81,58,36,39,20,50,46,96,62,19,60,22,25,55,70,33,35,48,24,14,
365	6	15	2.618	6,88,42,41,37,78,20,50,46,96,62,19,60,22,25,55,70,33,35,15,
365	7	8	2.16	7,65,42,58,36,39,20,78,37,92,84,80,61,76,8,
365	7	9	2.203	7,65,42,58,36,39,20,78,37,92,84,80,61,76,9,
365	7	10	2.28	7,65,42,41,37,20,78,92,75,63,28,97,66,59,86,10,
365	7	11	2.121	7,49,76,61,80,84,75,63,28,97,66,59,17,51,54,85,94,11,
365	7	12	2.302	7,65,49,76,61,80,75,63,28,97,66,59,17,51,18,94,85,54,12,
365	7	13	2.618	7,65,49,76,61,80,75,63,28,97,66,59,17,51,18,85,54,74,53,13,
365	7	14	2.606	7,65,41,37,20,50,46,96,62,19,60,22,25,55,70,33,35,48,24,14,
365	7	15	2.577	7,65,41,37,92,78,20,50,46,96,62,19,60,25,55,70,33,35,15,
365	8	9	2.396	8,76,61,80,84,37,20,78,92,75,63,28,97,66,86,9,
365	8	10	2.214	8,76,61,80,84,37,20,78,92,75,63,28,97,66,86,10,
365	8	11	1.895	8,76,61,80,84,75,63,28,97,66,59,17,51,54,85,94,11,
365	8	12	2.158	8,49,76,61,80,84,75,63,28,97,66,59,17,51,18,94,85,54,12,
365	8	13	2.397	8,76,61,80,75,63,28,97,66,59,17,51,18,94,85,54,74,53,52,13,
365	8	14	2.494	8,49,76,61,80,28,63,21,67,22,60,25,55,70,33,35,48,24,14,
365	8	15	2.552	8,76,61,80,84,92,37,78,20,50,46,96,62,25,55,70,33,35,15,
365	9	10	2.257	9,76,61,80,84,37,20,78,92,75,63,28,97,66,86,10,
365	9	11	1.938	9,76,61,80,84,75,63,28,97,66,59,17,51,54,85,94,11,
365	9	12	2.195	9,76,61,80,75,63,28,97,66,59,17,51,18,94,85,54,74,12,
365	9	13	2.375	9,76,61,80,75,63,28,97,66,59,17,51,18,94,85,54,74,53,13,
365	9	14	2.419	9,76,61,80,28,63,21,67,22,60,25,55,70,33,35,48,24,14,
365	9	15	2.476	9,76,61,80,84,92,37,20,78,19,60,22,25,55,70,33,35,15,
365	10	11	2.184	10,86,59,66,97,28,63,75,21,57,29,17,51,54,85,94,11,
365	10	12	2.329	10,86,59,66,97,28,63,75,21,57,29,17,51,18,94,85,54,12,
365	10	13	2.378	10,86,17,29,59,66,97,28,63,21,67,56,79,52,53,13,
365	10	14	2.152	10,86,17,29,51,18,94,85,54,74,53,52,79,48,24,14,
365	10	15	2.524	10,86,66,97,28,63,75,92,37,78,19,60,22,25,55,70,33,35,15,
365	11	12	2.257	11,94,85,54,51,17,59,66,97,28,63,75,21,57,29,74,12,
365	11	13	2.104	11,94,18,51,17,59,66,97,28,63,21,67,56,79,52,53,13,
365	11	14	2.042	11,94,18,51,29,57,67,22,25,55,70,33,35,48,24,14,
365	11	15	2.255	11,94,18,51,17,59,66,97,28,63,21,67,22,60,25,55,70,33,35,15,
365	12	13	2.189	12,85,54,51,17,59,66,97,63,21,67,56,79,52,53,13,
365	12	14	2.139	12,54,85,94,18,51,17,59,29,74,53,52,79,48,24,14,
365	12	15	2.25	12,85,54,51,17,59,66,21,67,22,60,25,55,70,33,35,15,
365	13	14	1.942	13,53,52,79,56,22,60,25,55,70,33,35,48,24,14,
365	13	15	2.509	13,12,85,54,51,17,29,57,67,22,60,25,55,70,33,35,15,
365	14	15	2.531	14,24,79,48,35,33,70,55,25,27,72,83,68,30,0,15,
