246	0	1	2.277	0,38,93,57,39,46,20,74,61,27,25,97,18,33,2,1,
246	0	3	1.726	0,38,93,57,39,46,74,61,27,25,18,45,50,83,3,
246	0	4	2.156	0,38,93,57,39,46,20,74,61,27,25,97,18,45,50,79,89,40,4,
246	0	6	2.234	0,39,46,20,74,61,27,25,18,45,50,79,89,55,28,26,31,23,6,
246	0	10	2.444	0,38,93,57,22,47,64,98,80,30,75,43,52,49,65,24,29,10,
246	0	8	2.478	0,38,93,57,22,80,98,64,71,41,19,88,54,32,58,35,77,76,8,
246	0	7	2.446	0,38,93,57,22,80,98,64,71,41,19,88,54,44,36,58,32,35,77,7,
246	0	9	2.604	0,38,93,57,22,47,64,98,80,68,30,75,43,52,49,65,24,67,9,
246	0	2	1.888	0,38,93,57,39,46,20,74,61,27,25,97,18,33,2,
246	0	11	2.414	0,38,93,57,22,47,64,98,80,68,84,66,87,82,51,21,85,96,81,11,
246	0	5	2.257	0,39,46,20,74,61,27,25,18,45,50,79,89,55,28,26,31,23,5,
246	0	13	1.799	0,38,93,57,22,47,64,98,80,68,84,66,87,82,99,13,
246	0	12	1.947	0,38,93,57,47,64,98,80,68,84,66,87,82,99,21,12,
246	0	14	2.065	0,38,93,57,22,47,64,98,80,68,84,66,87,82,99,14,
246	1	3	1.777	1,39,59,46,20,74,61,27,97,25,18,45,50,33,83,3,
246	1	4	1.746	1,20,74,61,27,25,97,18,33,45,50,79,89,55,40,4,
246	0	15	2.291	0,38,93,57,47,64,98,80,30,84,66,87,82,78,37,15,
246	1	2	2.083	1,39,59,46,20,74,61,27,97,25,18,45,50,83,33,2,
246	1	7	2.336	1,20,74,61,27,25,18,45,50,79,91,72,69,44,36,58,32,35,77,7,
246	1	8	2.43	1,20,74,61,27,25,18,45,50,79,91,72,69,44,36,58,32,35,63,73,8,
246	1	5	2.07	1,20,74,61,27,25,97,18,33,45,50,79,89,55,28,26,31,23,5,
246	1	6	2.157	1,20,74,61,27,25,97,18,33,45,50,79,89,55,28,26,31,23,48,6,
246	1	13	1.876	1,46,59,34,94,47,64,98,80,68,84,66,87,82,99,13,
246	1	15	2.203	1,20,27,61,74,46,59,39,38,93,57,22,78,37,15,
246	2	3	1.817	2,20,74,61,27,25,97,18,33,45,50,79,55,89,83,3,
246	2	4	1.732	2,20,74,61,27,25,97,18,33,45,50,79,89,55,40,4,
246	1	11	2.466	1,20,74,61,27,34,94,47,64,98,80,68,84,66,87,56,85,96,81,11,
246	1	9	2.524	1,20,74,61,27,25,18,45,50,79,72,69,44,36,58,32,35,16,92,9,
246	1	12	2.427	1,20,74,61,27,25,18,97,34,94,47,64,98,80,68,84,66,87,51,21,12,
246	1	14	2.029	1,20,27,61,74,46,59,39,38,93,57,22,37,78,14,
246	1	10	2.523	1,46,39,59,94,47,64,98,80,30,75,43,52,49,65,24,29,10,
246	2	5	1.98	2,20,74,61,27,25,97,18,45,50,79,89,55,28,26,31,23,5,
246	2	6	2.067	2,20,74,61,27,25,97,18,45,50,79,89,55,28,26,31,23,48,6,
246	2	15	1.913	2,33,45,18,97,25,27,61,74,20,46,39,57,22,15,
246	2	13	2.254	2,20,74,61,27,25,97,34,94,47,64,98,80,68,84,66,87,82,99,13,
246	3	4	2.122	3,2,20,74,61,27,25,97,18,33,45,50,79,89,55,40,4,
246	2	11	2.421	2,20,74,61,34,94,47,64,98,80,68,84,66,87,51,21,85,96,81,11,
246	2	9	2.469	2,20,74,61,27,25,18,97,72,69,44,36,58,32,35,63,73,42,9,
246	3	5	1.968	3,83,50,79,89,55,91,72,69,44,36,95,70,31,23,5,
246	2	12	2.411	2,27,61,74,20,46,39,59,94,47,64,98,80,68,84,66,87,51,21,12,
246	2	7	2.279	2,20,74,61,27,25,18,45,50,79,72,69,44,36,58,32,35,77,7,
246	2	10	2.47	2,33,45,50,79,91,72,69,44,54,88,19,43,75,52,49,65,24,10,
246	2	8	2.373	2,20,74,61,27,25,18,45,50,79,72,69,44,36,58,32,35,63,73,8,
246	2	14	2.283	2,33,45,18,97,25,27,61,74,20,46,39,38,93,57,22,37,78,14,
246	3	15	2.224	3,83,50,45,33,18,97,25,27,61,74,20,46,59,39,57,22,93,38,15,
246	3	13	2.278	3,33,45,18,25,27,61,74,59,94,47,64,98,80,68,84,66,87,82,99,13,
246	4	5	1.951	4,40,55,91,72,69,88,54,44,36,95,60,70,31,23,5,
246	3	11	2.452	3,83,33,45,50,79,91,72,69,44,54,88,19,43,75,52,90,53,96,81,11,
246	3	9	2.372	3,83,33,45,50,79,91,72,69,44,36,58,32,35,17,77,76,63,73,42,9,
246	3	12	2.347	3,83,33,45,18,25,27,74,61,34,94,47,64,98,80,68,84,66,87,51,21,12,
246	3	7	2.163	3,83,33,45,50,89,55,91,72,69,88,54,44,36,58,32,35,77,7,
246	3	6	1.912	3,83,33,45,50,79,89,55,91,72,69,28,26,31,23,48,6,
246	3	8	2.235	3,83,33,45,50,89,55,91,72,69,44,36,58,32,35,17,77,76,63,8,
246	3	10	2.347	3,83,89,55,91,72,69,44,54,88,19,43,75,52,49,65,24,29,10,
246	3	14	2.205	3,83,50,45,33,18,97,25,27,61,74,20,46,59,39,57,22,37,78,14,
246	4	15	2.26	4,40,89,79,50,45,33,18,97,25,27,61,74,20,46,59,39,38,93,15,
246	4	7	2.026	4,40,26,28,70,95,60,36,44,54,88,62,32,58,35,17,77,7,
246	4	13	2.394	4,89,50,45,18,25,27,74,61,34,94,47,98,80,68,84,66,87,82,99,13,
246	4	6	1.87	4,40,55,91,69,44,36,58,32,35,17,60,95,70,86,48,6,
246	4	12	2.509	4,89,50,45,18,25,27,74,61,34,94,64,98,80,68,84,66,87,51,21,12,
246	5	6	1.826	5,23,31,26,28,70,95,36,58,32,35,17,77,86,48,6,
246	4	11	2.426	4,40,55,91,72,69,44,54,88,19,43,75,52,49,65,90,53,96,81,11,
246	4	8	2.206	4,40,55,91,72,69,36,44,54,88,62,32,58,35,17,77,76,63,73,8,
246	4	9	2.372	4,40,55,91,72,69,36,44,54,88,19,43,75,52,49,65,24,67,9,
246	4	10	2.283	4,40,55,91,72,69,36,44,54,88,19,43,75,52,49,65,24,29,10,
246	4	14	2.384	4,89,50,45,18,97,25,27,61,74,20,46,39,38,93,57,22,37,78,14,
246	5	7	1.865	5,23,31,26,28,70,95,36,44,54,58,32,35,17,77,7,
246	5	8	1.729	5,23,31,70,95,60,17,58,32,35,77,76,63,73,42,8,
246	6	8	1.706	6,23,31,70,95,60,17,58,32,35,77,76,63,73,42,8,
246	6	7	1.858	6,23,31,70,95,60,17,36,44,54,88,62,32,35,77,7,
246	5	9	2.143	5,26,28,70,95,60,36,44,54,88,19,43,75,52,49,65,92,9,
246	5	15	2.476	5,40,89,79,50,45,33,18,97,25,27,61,74,20,46,59,39,57,93,38,15,
246	5	13	2.335	5,26,28,70,95,36,44,54,88,19,41,71,64,98,80,68,84,66,87,82,99,13,
246	5	11	2.321	5,26,28,70,95,60,17,35,58,32,54,88,19,43,75,52,90,53,96,81,11,
246	5	12	2.417	5,26,28,70,95,36,44,54,88,19,41,71,64,98,80,68,84,66,87,51,21,12,
246	5	10	2.141	5,26,28,70,95,60,36,44,54,88,19,43,75,52,49,65,24,29,10,
246	5	14	2.408	5,40,89,79,50,45,18,25,27,61,74,20,46,39,57,22,37,78,14,
246	6	9	1.819	6,23,31,70,95,60,17,58,32,35,77,76,63,73,42,9,
246	7	8	1.952	7,48,23,31,70,95,60,17,58,32,35,77,76,63,73,8,
246	7	9	1.957	7,77,17,35,58,32,62,43,75,52,49,65,24,67,9,
246	6	10	1.892	6,48,86,77,35,58,32,62,43,75,52,49,65,24,10,
246	7	10	1.868	7,77,17,35,58,32,62,43,75,52,49,65,24,29,10,
246	7	11	2.144	7,77,17,35,58,32,54,88,19,43,75,52,49,90,53,96,81,11,
246	6	13	2.245	6,48,86,60,95,36,44,54,88,19,41,71,64,98,80,68,84,66,87,82,99,13,
246	6	11	2.194	6,48,86,70,95,60,36,44,54,88,19,43,75,52,49,90,53,96,81,11,
246	6	12	2.327	6,48,86,60,95,36,44,54,88,19,41,71,64,98,80,68,84,66,87,51,21,12,
246	6	15	2.516	6,23,31,26,28,55,89,50,45,18,97,25,27,61,74,20,46,39,38,93,15,
246	6	14	2.503	6,48,86,70,95,60,17,35,58,36,44,54,88,19,41,71,64,98,80,68,78,14,
246	8	11	2.002	8,42,73,63,16,92,65,49,52,43,75,90,53,96,81,11,
246	8	9	2.006	8,63,76,77,17,35,32,58,36,44,54,88,62,16,92,9,
246	8	10	1.95	8,76,77,35,58,32,62,43,75,52,49,65,24,29,10,
246	8	13	2.206	8,73,92,65,49,52,43,75,71,64,98,80,68,84,66,87,82,99,13,
246	7	13	2.252	7,77,17,35,58,32,54,88,19,41,71,64,98,80,68,84,66,87,82,99,13,
246	8	12	2.288	8,73,92,65,49,52,43,75,71,64,98,80,68,84,66,87,51,21,12,
246	7	12	2.277	7,77,35,58,32,54,88,19,41,71,64,98,80,68,84,66,87,51,21,12,
246	7	15	2.457	7,77,17,35,32,58,36,44,54,88,19,41,71,64,98,80,22,57,93,15,
246	8	15	2.489	8,63,76,77,17,35,32,58,36,44,54,88,19,41,71,64,98,80,22,15,
246	8	14	2.443	8,63,35,32,58,36,44,54,88,19,41,71,64,98,80,68,84,78,14,
246	7	14	2.497	7,77,35,32,58,36,44,54,88,19,41,71,64,98,80,68,84,66,87,82,14,
246	10	13	1.939	10,24,65,49,52,43,75,30,68,84,66,87,82,99,13,
246	10	11	2.205	10,24,65,49,52,43,75,30,68,84,66,87,56,85,11,
246	9	11	2.115	9,42,73,63,16,92,65,49,52,43,75,90,53,96,81,11,
246	10	12	2.021	10,24,65,49,52,43,75,30,68,84,66,87,51,21,12,
246	9	13	2.163	9,92,65,49,52,43,75,71,64,98,80,68,84,66,87,82,99,13,
246	9	10	2.106	9,42,73,63,35,58,32,62,43,75,52,49,65,24,29,10,
246	9	12	2.245	9,92,65,49,52,43,75,71,64,98,80,68,84,66,87,51,21,12,
246	10	15	2.448	10,29,24,65,49,52,43,75,71,64,98,80,68,22,57,93,38,15,
246	9	15	2.644	9,67,24,65,49,52,43,75,30,68,80,98,64,47,22,57,93,38,15,
246	10	14	2.305	10,24,65,49,52,43,75,71,64,98,80,68,84,66,87,82,14,
246	9	14	2.429	9,92,65,49,52,43,75,71,64,98,80,68,84,66,87,82,99,14,
246	12	13	1.97	12,21,51,56,30,64,47,98,80,68,84,66,87,82,99,13,
246	11	13	2	11,81,53,90,49,52,43,75,30,84,66,87,82,99,13,
246	14	15	2.105	14,99,82,87,66,84,68,80,98,64,47,22,57,93,38,15,
246	12	15	1.987	12,21,99,82,87,66,84,68,80,98,64,47,57,93,38,15,
246	11	12	2.153	11,81,53,90,49,52,43,75,30,84,66,87,82,99,12,
246	13	15	1.839	13,99,82,87,66,84,68,80,98,64,47,22,57,93,38,15,
246	12	14	2.029	12,21,99,82,87,66,84,68,80,98,64,47,22,37,78,14,
246	13	14	1.897	13,99,82,87,66,84,68,80,98,64,47,57,22,37,78,14,
246	11	15	2.289	11,81,96,85,56,87,66,84,30,68,80,98,64,47,22,57,93,15,
246	11	14	2.248	11,81,96,85,56,87,66,84,30,80,98,64,47,22,37,78,14,
