116	0	1	2.488	0,87,22,41,96,43,42,95,79,58,26,67,86,90,24,1,
116	0	2	2.458	0,76,87,22,41,43,42,95,79,26,67,86,90,24,36,61,2,
116	0	3	2.184	0,76,27,67,26,79,58,38,84,97,29,53,46,18,51,3,
116	0	4	2.286	0,76,73,43,42,95,79,58,38,84,97,34,65,81,56,4,
116	0	5	2.646	0,76,73,43,42,79,58,38,84,97,30,55,54,21,92,40,64,5,
116	0	6	2.666	0,87,22,41,96,43,42,95,79,58,38,84,97,30,55,54,21,92,40,6,
116	0	7	2.754	0,76,73,43,42,95,62,79,58,38,84,97,30,55,54,21,92,40,93,7,
116	0	8	2.598	0,76,27,26,79,58,38,84,97,20,17,45,70,77,47,19,44,74,98,8,
116	0	9	2.658	0,76,73,43,42,95,79,58,38,84,97,20,17,45,70,77,47,35,9,
116	0	10	2.607	0,76,27,67,26,79,58,38,84,97,20,17,45,70,72,85,68,69,78,83,10,
116	0	11	2.343	0,76,73,43,42,95,62,48,37,63,72,68,85,69,78,28,88,11,
116	0	12	2.529	0,76,27,26,79,58,38,84,20,17,45,70,63,37,60,94,32,12,
116	0	13	2.548	0,76,27,67,26,58,79,95,42,43,96,82,59,33,39,99,13,
116	0	14	2.414	0,76,73,27,67,26,42,43,96,82,59,33,39,99,31,14,
116	0	15	2.434	0,76,73,43,42,95,62,48,63,37,33,82,96,41,22,15,
116	1	2	2.404	1,24,90,86,67,26,79,58,38,84,97,29,53,46,18,2,
116	1	3	2.136	1,24,90,86,67,26,79,58,38,84,97,29,53,46,18,3,
116	1	4	2.267	1,24,90,86,67,26,79,58,38,84,97,30,34,65,56,4,
116	1	5	2.542	1,24,90,86,67,26,79,58,38,84,97,30,55,21,92,54,91,5,
116	1	6	2.503	1,24,36,90,86,67,26,79,58,38,84,97,30,55,54,21,92,40,93,6,
116	1	7	2.585	1,24,36,90,86,67,26,79,58,38,84,97,30,55,54,21,92,40,93,7,
116	1	8	2.532	1,24,90,86,67,26,79,58,38,84,97,20,17,45,70,77,47,44,74,8,
116	1	9	2.606	1,24,90,86,67,26,79,58,38,84,97,20,17,45,70,72,68,85,49,9,
116	1	10	2.535	1,24,90,86,67,26,79,58,38,84,20,17,45,70,72,85,69,78,83,10,
116	1	11	2.412	1,24,90,86,57,38,84,20,17,45,70,72,85,68,69,78,28,11,
116	1	12	2.541	1,24,90,86,57,38,84,97,20,50,17,45,70,63,37,60,94,32,12,
116	1	13	2.55	1,24,90,86,67,26,58,79,95,42,43,96,82,59,33,39,99,13,
116	1	14	2.52	1,24,90,86,67,26,79,95,42,43,96,82,59,33,39,99,31,14,
116	1	15	2.367	1,24,90,86,57,58,79,95,42,59,33,82,96,41,22,15,
116	2	3	2.156	2,61,90,86,67,26,79,58,38,84,97,29,53,46,18,3,
116	2	4	2.247	2,61,36,90,86,67,26,79,58,38,84,97,34,65,81,56,4,
116	2	5	2.366	2,61,36,90,86,67,26,79,58,38,84,97,30,55,54,91,5,
116	2	6	2.345	2,61,36,90,86,67,26,79,58,38,84,97,30,55,54,21,92,40,6,
116	2	7	2.469	2,61,90,86,67,26,79,58,38,84,97,30,55,54,21,92,40,93,7,
116	2	8	2.54	2,61,36,24,90,86,57,38,84,97,20,17,45,70,77,47,19,44,74,8,
116	2	9	2.602	2,61,86,67,26,79,58,38,84,97,20,17,45,70,77,19,47,35,9,
116	2	10	2.516	2,61,86,67,26,79,58,38,84,97,20,17,45,70,72,68,69,78,83,10,
116	2	11	2.565	2,61,86,67,26,79,58,38,84,97,20,17,45,70,72,68,69,78,88,11,
116	2	12	2.596	2,61,36,24,90,86,57,38,84,97,20,17,45,70,63,37,60,94,32,12,
116	2	13	2.657	2,61,36,24,90,86,57,58,79,95,42,43,96,82,59,33,39,99,13,
116	2	14	2.604	2,18,46,53,65,34,97,84,38,58,79,95,42,43,96,80,14,
116	2	15	2.533	2,18,46,53,29,97,84,38,58,79,95,42,43,73,41,22,15,
116	3	4	2.17	3,51,18,46,53,29,57,38,84,97,30,34,65,81,56,4,
116	3	5	2.075	3,51,18,46,53,29,65,81,91,54,21,92,40,64,5,
116	3	6	2.252	3,51,18,46,53,29,57,58,38,84,97,30,55,54,21,92,40,6,
116	3	7	2.414	3,51,18,46,53,29,38,84,97,20,17,45,70,77,75,71,25,7,
116	3	8	2.295	3,51,18,46,53,29,97,84,20,17,45,70,77,47,19,44,74,98,8,
116	3	9	2.538	3,51,18,46,53,29,65,34,97,84,20,50,17,45,70,72,68,85,49,9,
116	3	10	2.427	3,51,18,46,53,29,97,84,20,17,45,70,72,85,68,69,78,28,88,83,10,
116	3	11	2.436	3,51,18,46,53,29,38,84,97,20,17,45,70,72,85,68,69,78,28,88,11,
116	3	12	2.49	3,51,18,46,53,29,97,84,20,17,45,70,72,85,68,52,60,94,32,12,
116	3	13	2.53	3,51,18,46,53,29,97,84,38,58,79,95,42,43,82,59,33,39,99,13,
116	3	14	2.336	3,18,46,53,65,34,97,84,38,58,79,95,42,43,96,80,14,
116	3	15	2.181	3,51,18,46,53,29,97,84,38,58,79,95,42,43,41,22,15,
116	4	5	2.228	4,16,18,46,53,29,65,81,91,54,21,92,40,64,5,
116	4	6	2.024	4,16,51,18,46,53,29,65,34,91,54,21,92,40,6,
116	4	7	2.127	4,16,18,46,53,29,65,34,91,54,21,92,40,93,7,
116	4	8	2.389	4,56,81,65,34,97,84,20,50,17,45,70,77,47,19,44,74,98,8,
116	4	9	2.566	4,16,51,18,46,53,29,38,84,97,20,17,45,70,77,19,47,35,9,
116	4	10	2.426	4,56,81,65,34,97,84,38,58,89,17,45,70,72,85,68,69,78,83,10,
116	4	11	2.489	4,56,81,65,34,97,84,20,89,17,45,70,72,68,85,69,78,83,88,28,11,
116	4	12	2.643	4,56,81,65,34,97,84,20,17,45,70,72,85,68,69,28,66,94,32,12,
116	4	13	2.63	4,56,81,65,34,97,84,38,58,79,95,42,43,96,82,59,33,39,99,13,
116	4	14	2.672	4,16,51,18,46,53,29,65,34,97,84,38,58,79,95,42,43,96,80,14,
116	4	15	2.633	4,16,51,18,46,53,29,65,34,97,84,38,58,79,95,42,43,41,22,15,
116	5	6	2.22	5,56,81,65,29,38,84,97,30,55,54,21,92,40,93,6,
116	5	7	2.159	5,91,54,40,93,92,21,71,75,19,47,44,74,98,25,7,
116	5	8	2.399	5,91,54,55,30,97,84,20,17,45,70,77,47,19,44,74,98,8,
116	5	9	2.529	5,64,40,92,21,54,55,30,97,84,20,17,45,70,77,47,35,9,
116	5	10	2.448	5,64,40,54,55,30,97,84,20,17,45,70,72,85,68,69,78,83,10,
116	5	11	2.431	5,91,54,55,30,97,84,20,17,45,70,72,85,68,69,78,28,88,11,
116	5	12	2.611	5,91,30,97,84,20,17,45,70,72,85,68,69,78,28,66,94,32,12,
116	5	13	2.615	5,64,40,92,21,55,30,97,84,38,58,79,95,42,59,33,39,99,13,
116	5	14	2.709	5,64,40,93,92,21,54,55,30,97,84,38,58,79,95,42,43,96,80,14,
116	5	15	2.566	5,64,40,92,21,54,55,30,97,84,38,58,79,95,42,43,41,22,15,
116	6	7	2.039	6,93,40,92,21,54,55,71,75,19,47,44,74,98,25,7,
116	6	8	1.911	6,64,91,54,40,92,21,71,75,19,47,44,74,98,8,
116	6	9	1.92	6,93,40,92,21,54,55,71,75,19,47,44,74,35,49,9,
116	6	10	2.224	6,40,92,21,54,55,30,97,84,20,17,45,70,72,68,69,78,83,10,
116	6	11	2.263	6,40,54,55,30,97,84,20,17,45,70,72,85,68,69,78,28,88,11,
116	6	12	2.44	6,93,40,92,21,54,55,30,97,84,20,17,45,70,63,37,60,94,32,12,
116	6	13	2.49	6,93,40,92,21,54,55,30,97,84,38,58,79,95,42,59,33,39,99,13,
116	6	14	2.723	6,40,92,21,54,55,30,97,84,20,17,45,70,48,62,95,42,43,96,80,14,
116	6	15	2.656	6,93,40,92,21,54,55,30,97,84,38,58,79,95,42,43,82,96,41,22,15,
116	7	8	2.054	7,93,40,92,21,54,55,71,75,19,47,35,44,74,98,8,
116	7	9	2.002	7,93,40,92,21,54,55,71,75,19,47,44,74,35,49,9,
116	7	10	2.097	7,21,92,54,55,50,17,45,70,72,85,68,69,78,83,10,
116	7	11	2.207	7,21,92,54,55,50,17,45,70,72,85,68,69,78,83,88,11,
116	7	12	2.411	7,93,40,92,21,54,55,30,20,17,45,70,63,37,60,94,32,12,
116	7	13	2.493	7,93,40,92,21,55,30,97,84,38,58,79,95,42,59,33,39,99,13,
116	7	14	2.591	7,93,40,92,21,55,30,97,84,38,58,79,95,42,59,33,82,96,80,14,
116	7	15	2.716	7,93,92,21,54,55,30,97,84,38,58,79,95,42,59,33,82,96,41,22,15,
116	8	9	2.101	8,74,44,19,47,77,72,85,68,69,28,88,78,83,49,9,
116	8	10	1.957	8,74,44,19,47,77,17,45,70,72,85,68,69,78,83,10,
116	8	11	2.019	8,74,44,19,47,77,17,45,70,72,85,68,69,78,28,11,
116	8	12	2.243	8,74,44,19,47,77,72,85,68,69,78,83,88,28,66,60,94,32,12,
116	8	13	2.551	8,98,74,44,19,47,77,72,85,68,69,78,83,88,28,66,60,94,32,13,
116	8	14	2.526	8,74,19,77,70,45,17,20,84,38,58,79,95,42,43,96,80,14,
116	8	15	2.597	8,74,44,19,47,77,70,45,17,20,97,84,38,58,79,95,42,43,41,22,15,
116	9	10	1.976	9,49,35,44,74,19,47,77,72,85,68,69,78,88,83,10,
116	9	11	1.926	9,35,44,74,19,47,77,72,85,68,69,78,83,88,28,11,
116	9	12	2.047	9,49,35,47,85,68,69,78,83,88,28,66,60,94,32,12,
116	9	13	2.55	9,35,44,74,19,47,77,70,45,17,89,62,95,42,59,33,39,99,13,
116	9	14	2.526	9,49,35,47,19,77,70,45,17,89,58,79,95,42,43,96,80,14,
116	9	15	2.588	9,35,47,19,77,70,45,17,20,84,38,58,79,95,42,43,41,22,15,
116	10	11	2.109	10,83,78,69,68,72,70,45,17,89,48,63,52,28,11,
116	10	12	1.892	10,83,78,88,28,69,68,85,72,63,37,52,60,94,32,12,
116	10	13	2.222	10,83,78,69,68,85,72,63,37,48,62,95,42,59,33,39,99,13,
116	10	14	2.261	10,83,78,69,85,68,63,37,48,62,95,42,59,33,82,96,80,14,
116	10	15	2.388	10,83,78,69,68,85,72,63,37,48,62,95,42,43,82,96,41,22,15,
116	11	12	1.869	11,28,88,83,78,69,68,85,72,63,37,52,60,94,32,12,
116	11	13	2.01	11,28,78,69,68,85,72,63,37,48,59,33,39,99,13,
116	11	14	2.163	11,88,28,78,69,68,85,72,63,37,48,59,33,82,96,80,14,
116	11	15	2.211	11,88,28,78,69,68,85,72,63,37,48,62,95,42,43,41,22,15,
116	12	13	2.111	12,32,94,60,52,63,37,48,62,95,42,59,33,39,99,13,
116	12	14	2.084	12,32,94,60,37,63,48,62,95,42,59,33,82,96,80,14,
116	12	15	2.321	12,32,94,60,52,63,37,48,62,95,42,59,33,82,96,41,22,15,
116	13	14	2.3	13,32,94,60,37,63,48,62,95,42,59,33,82,96,80,14,
116	13	15	2.379	13,32,94,66,52,63,37,48,62,95,42,43,96,41,22,15,
116	14	15	2.217	14,80,96,82,59,33,37,63,48,62,95,42,43,41,22,15,
