534	0	1	2.044	0,59,65,85,52,49,18,23,76,24,89,57,95,66,80,1,
534	0	2	1.775	0,65,85,52,90,70,44,49,18,23,80,66,95,89,57,2,
534	0	3	1.984	0,70,90,44,49,18,23,80,76,66,95,89,57,24,69,84,63,40,3,
534	0	4	1.992	0,70,90,44,49,18,23,80,66,95,57,89,24,69,84,63,40,96,17,4,
534	0	5	2.277	0,70,90,44,49,18,23,80,66,95,57,89,24,69,84,63,96,17,35,5,
534	0	6	2.43	0,70,90,44,49,18,23,80,66,95,57,89,24,40,96,17,35,60,41,6,
534	0	7	2.529	0,90,44,49,18,23,80,66,95,57,89,24,69,84,79,20,38,33,78,50,28,7,
534	0	8	2.677	0,70,90,44,49,18,23,80,76,24,69,84,79,20,99,51,30,16,56,88,8,
534	0	9	2.714	0,70,90,44,49,18,23,76,24,69,84,79,20,99,51,30,43,19,31,77,9,
534	0	10	2.652	0,65,47,93,32,87,91,86,62,46,45,64,81,55,98,21,22,10,
534	0	11	2.64	0,70,90,52,85,65,47,93,32,87,91,86,62,46,64,82,29,11,
534	0	12	2.527	0,70,90,44,80,23,18,49,52,85,47,93,32,87,91,62,86,36,12,
534	0	13	2.149	0,70,90,44,52,85,65,47,93,32,87,62,86,91,13,
534	0	14	2.242	0,70,90,44,80,23,18,49,52,85,65,47,93,53,14,
534	0	15	2.113	0,70,44,18,80,66,95,89,76,23,49,52,85,65,59,15,
534	1	2	2.019	1,70,90,44,49,18,23,80,66,95,57,89,24,63,40,3,2,
534	1	3	1.629	1,70,90,44,49,18,23,80,66,95,57,89,24,63,40,3,
534	1	4	1.899	1,70,44,49,18,23,80,66,95,57,24,69,84,63,40,96,17,4,
534	1	5	2.087	1,70,90,44,49,18,23,80,66,95,57,89,24,63,40,96,17,35,5,
534	1	6	2.334	1,70,90,44,49,18,23,80,66,95,89,24,40,96,17,35,60,41,6,
534	1	7	2.391	1,80,18,49,23,76,66,95,57,89,24,69,84,79,20,38,33,78,48,50,28,7,
534	1	8	2.62	1,70,90,44,49,18,23,80,76,24,69,84,79,20,99,51,30,16,56,88,8,
534	1	9	2.672	1,80,18,23,76,24,69,84,79,20,99,51,30,16,56,74,43,19,31,77,42,9,
534	1	10	2.638	1,70,90,44,52,85,65,47,26,45,46,64,81,55,98,22,21,39,10,
534	1	11	2.659	1,80,23,18,49,44,52,85,65,47,93,32,87,91,62,86,82,29,11,
534	1	12	2.51	1,80,23,18,49,44,70,90,52,85,65,47,93,87,91,62,86,36,12,
534	1	13	2.345	1,80,66,95,57,89,76,23,18,49,52,85,65,47,93,32,87,91,13,
534	1	14	2.178	1,80,18,23,49,44,70,90,52,85,65,47,93,53,14,
534	1	15	2.016	1,44,18,80,66,95,57,89,76,23,49,52,85,65,59,15,
534	2	3	1.641	2,57,89,95,66,80,18,49,23,76,24,73,69,84,63,40,3,
534	2	4	1.567	2,57,89,95,66,80,18,23,76,24,69,84,63,40,96,17,4,
534	2	5	1.787	2,57,89,95,66,80,18,49,23,76,24,63,40,96,17,35,5,
534	2	6	2.075	2,95,66,80,18,49,23,76,24,63,40,96,17,35,60,41,54,6,
534	2	7	2.288	2,57,89,95,66,80,18,23,76,24,69,84,79,20,38,33,78,48,50,28,58,7,
534	2	8	2.423	2,95,66,80,18,23,76,24,69,84,79,20,97,92,99,51,30,16,56,88,8,
534	2	9	2.515	2,66,95,57,89,24,69,84,79,20,97,92,99,51,30,16,56,43,19,31,77,9,
534	2	10	2.559	2,95,66,80,23,18,49,44,52,85,47,26,46,64,81,55,98,39,10,
534	2	11	2.517	2,95,66,80,23,18,49,44,52,85,65,47,26,45,46,64,82,29,11,
534	2	12	2.31	2,57,95,66,80,23,18,49,44,52,85,47,93,32,87,91,62,86,36,12,
534	2	13	2.113	2,57,89,95,66,80,23,18,49,44,52,85,65,47,93,32,87,91,13,
534	2	14	2.112	2,57,89,95,66,76,23,80,18,49,44,70,90,52,85,65,47,53,14,
534	2	15	1.645	2,57,95,66,80,23,18,49,44,90,52,85,65,59,15,
534	3	4	1.746	3,57,89,95,66,80,18,23,76,24,69,84,63,40,96,17,4,
534	3	5	1.9	3,40,63,84,79,20,97,92,99,51,38,33,54,41,60,5,
534	3	6	2.086	3,40,63,69,84,79,20,97,92,94,51,99,38,33,54,41,60,6,
534	3	7	2.091	3,40,63,69,84,79,20,97,92,94,51,99,38,33,78,50,28,58,7,
534	3	8	2.566	3,40,63,69,84,79,20,97,92,94,34,51,99,38,33,78,61,16,56,88,8,
534	3	9	2.579	3,40,63,69,84,79,20,97,92,94,99,51,30,16,56,74,43,19,25,31,77,42,9,
534	3	10	2.559	3,40,63,69,84,79,20,97,92,99,51,30,16,56,74,43,19,25,55,98,39,10,
534	3	11	2.658	3,40,63,69,84,79,20,97,92,94,27,37,83,71,45,46,64,81,82,29,11,
534	3	12	2.462	3,40,63,69,84,79,20,97,92,94,34,27,37,83,71,45,46,62,86,36,12,
534	3	13	2.292	3,57,89,95,66,80,23,18,49,44,52,85,65,47,93,32,87,91,13,
534	3	14	2.211	3,57,89,95,66,80,23,18,49,44,70,90,52,85,65,47,53,14,
534	3	15	2.206	3,24,57,89,95,66,76,23,80,18,49,44,70,90,52,85,65,59,15,
534	4	5	1.898	4,17,96,63,69,84,79,20,97,92,99,38,33,54,41,60,5,
534	4	6	2.005	4,17,96,40,63,69,84,79,20,97,92,94,51,99,38,33,54,6,
534	4	7	2.034	4,17,96,40,63,69,84,79,20,97,92,99,51,30,16,67,58,7,
534	4	8	2.218	4,17,96,40,63,69,84,79,20,97,92,94,99,51,30,16,56,88,8,
534	4	9	2.334	4,17,96,40,63,69,84,79,20,97,92,94,51,30,16,56,74,72,42,9,
534	4	10	2.403	4,17,96,40,63,69,84,79,20,99,51,30,16,56,43,19,31,22,21,10,
534	4	11	2.526	4,17,96,40,63,69,84,79,20,97,92,94,34,71,45,46,64,82,29,11,
534	4	12	2.453	4,17,96,40,63,69,84,79,20,97,92,94,34,83,71,45,46,62,86,36,12,
534	4	13	2.403	4,17,96,40,63,69,84,79,20,97,92,94,34,83,26,93,32,87,91,13,
534	4	14	2.42	4,17,96,40,63,84,79,20,97,92,94,34,27,37,75,52,85,47,53,14,
534	4	15	2.234	4,17,96,40,63,69,84,79,20,97,92,94,27,37,75,52,85,65,59,15,
534	5	6	2.186	5,35,17,96,40,63,69,84,79,20,97,92,99,38,33,54,6,
534	5	7	2.096	5,60,41,54,33,38,99,51,30,16,61,67,50,28,58,7,
534	5	8	2.446	5,35,17,96,40,63,84,79,20,97,92,94,51,30,16,56,88,8,
534	5	9	2.482	5,60,41,54,78,61,16,56,74,43,19,25,55,98,39,21,22,77,42,9,
534	5	10	2.402	5,60,41,54,48,50,28,58,88,56,74,43,19,25,55,98,39,21,22,10,
534	5	11	2.707	5,60,41,54,48,50,28,58,88,56,74,43,19,31,22,21,39,98,55,11,
534	5	12	2.536	5,60,41,54,78,61,16,56,43,19,25,68,81,64,46,62,86,36,12,
534	5	13	2.603	5,60,41,54,78,61,16,56,74,43,19,25,68,81,64,46,62,86,91,13,
534	5	14	2.724	5,35,17,96,40,24,89,57,95,66,80,23,18,49,52,85,65,47,53,14,
534	5	15	2.518	5,35,17,96,40,63,24,89,57,95,66,80,23,18,49,52,85,65,59,15,
534	6	7	2.282	6,41,60,54,78,61,33,38,99,51,30,16,67,28,50,48,7,
534	6	8	2.481	6,41,60,54,78,61,30,16,56,74,43,19,31,77,42,72,88,8,
534	6	9	2.287	6,48,50,28,58,88,56,74,43,19,25,55,98,39,21,22,77,9,
534	6	10	2.455	6,41,60,54,48,50,28,67,56,74,43,19,25,68,55,98,39,21,22,10,
534	6	11	2.727	6,41,60,54,33,38,99,51,30,16,56,74,43,19,25,68,55,98,11,
534	6	12	2.574	6,48,50,28,58,88,56,74,43,19,25,68,81,64,45,46,62,86,36,12,
534	6	13	2.571	6,48,50,28,58,88,56,74,43,19,25,68,81,64,46,62,86,91,87,13,
534	6	14	2.68	6,48,50,28,67,56,43,25,68,81,64,46,62,86,91,87,32,93,53,14,
534	6	15	2.768	6,41,60,54,33,38,99,20,79,97,92,94,34,27,37,75,52,85,65,59,15,
534	7	8	2.21	7,58,28,50,67,61,78,33,38,99,51,30,16,56,88,8,
534	7	9	2.033	7,58,88,56,74,43,19,25,68,55,98,39,21,22,77,9,
534	7	10	2.367	7,28,50,48,78,33,61,30,16,56,74,43,19,25,68,55,98,39,10,
534	7	11	2.605	7,58,28,50,67,56,74,43,19,25,68,81,64,46,62,86,82,29,11,
534	7	12	2.379	7,58,28,48,50,67,56,74,43,19,25,68,81,64,46,62,86,36,12,
534	7	13	2.518	7,28,50,67,56,74,43,19,25,68,81,64,46,62,86,91,87,93,32,13,
534	7	14	2.482	7,58,88,56,43,19,25,68,81,64,46,62,86,91,87,32,93,53,14,
534	7	15	2.704	7,28,50,48,78,33,38,99,20,79,97,92,94,34,27,37,75,52,85,65,59,15,
534	8	9	2.022	8,88,56,74,43,19,25,68,55,98,39,21,22,31,77,42,9,
534	8	10	2.085	8,42,72,88,56,74,43,19,25,68,55,98,39,21,22,10,
534	8	11	2.511	8,88,56,74,43,19,25,68,55,81,64,46,62,86,82,29,11,
534	8	12	2.311	8,88,56,74,43,19,25,68,55,81,64,45,46,62,86,36,12,
534	8	13	2.253	8,88,56,43,19,25,68,81,64,46,62,86,91,87,93,32,13,
534	8	14	2.478	8,88,56,74,43,19,25,68,81,64,45,46,62,86,91,87,32,93,53,14,
534	8	15	2.627	8,88,56,74,43,19,25,68,81,64,46,62,86,91,87,32,93,53,15,
534	9	10	1.857	9,42,72,88,56,74,43,19,25,68,55,98,22,21,39,10,
534	9	11	2.263	9,42,77,31,22,21,39,98,55,81,64,46,62,86,82,29,11,
534	9	12	2.063	9,42,77,31,22,21,39,98,55,81,64,45,46,62,86,36,12,
534	9	13	2.06	9,42,77,31,22,21,39,98,55,81,64,46,62,86,91,87,13,
534	9	14	2.248	9,42,77,22,21,39,98,55,81,64,46,62,86,91,87,32,93,53,14,
534	9	15	2.512	9,42,77,22,21,39,98,55,81,64,46,62,86,91,87,93,53,15,
534	10	11	2.137	10,39,21,22,98,55,81,64,46,62,86,91,36,29,11,
534	10	12	1.878	10,39,21,22,98,55,81,64,45,46,62,86,91,36,12,
534	10	13	1.758	10,39,21,22,98,55,81,64,46,62,86,91,87,32,13,
534	10	14	2.456	10,22,21,39,98,55,25,68,81,64,46,62,86,91,87,93,32,53,14,
534	10	15	2.46	10,39,21,22,55,81,64,46,62,86,91,87,32,93,47,65,59,15,
534	11	12	2.114	11,98,39,21,22,55,81,64,45,46,62,86,91,36,12,
534	11	13	2.078	11,98,21,22,55,81,64,46,62,86,91,87,93,32,13,
534	11	14	2.015	11,98,55,81,64,45,46,62,86,91,87,93,53,14,
534	11	15	2.448	11,98,39,21,22,55,81,64,46,62,86,91,87,32,93,53,15,
534	12	13	2.333	12,29,11,98,39,21,22,55,81,64,46,62,86,91,87,13,
534	12	14	2.179	12,36,82,81,64,46,62,86,91,87,32,93,47,53,14,
534	12	15	2.423	12,36,82,81,64,45,46,62,86,91,87,32,93,47,65,59,15,
534	13	14	2.197	13,32,93,87,91,62,86,82,64,46,45,26,47,53,14,
534	13	15	2.086	13,87,91,62,86,82,64,46,45,26,47,65,59,15,
534	14	15	2.096	14,53,93,87,91,86,62,46,45,26,47,65,59,15,
