502	0	1	2.463	0,72,52,95,28,77,67,79,94,57,35,69,45,19,61,1,
502	0	2	2.183	0,72,52,95,28,67,79,94,57,35,69,36,61,19,29,2,
502	0	3	2.144	0,72,52,95,28,79,94,57,35,69,36,61,19,29,91,3,
502	0	4	2.383	0,72,52,95,36,69,35,57,94,85,82,21,65,40,63,78,87,23,4,
502	0	5	2.46	0,72,52,95,36,69,35,57,94,85,68,86,82,21,65,56,44,20,5,
502	0	6	2.672	0,72,52,95,36,69,35,57,94,85,82,21,65,40,63,87,23,20,44,6,
502	0	7	2.663	0,72,52,95,36,69,35,57,94,79,67,22,53,18,48,80,49,54,43,7,
502	0	8	2.598	0,72,52,95,36,69,35,57,94,79,67,77,22,53,88,84,92,97,73,25,8,
502	0	9	2.542	0,72,52,95,28,79,67,22,53,88,16,32,26,50,59,37,93,55,47,64,9,
502	0	10	2.269	0,72,52,95,28,79,67,77,22,53,88,16,32,26,50,59,37,93,17,10,
502	0	11	2.265	0,72,95,28,35,57,94,79,67,22,53,88,16,32,96,51,99,11,
502	0	12	2.398	0,72,95,36,69,35,57,94,79,67,22,53,88,16,32,96,51,24,12,
502	0	13	2.276	0,72,52,95,36,69,35,57,94,79,67,77,81,34,30,75,13,
502	0	14	2.198	0,72,95,36,69,35,57,94,79,67,77,81,60,46,71,89,14,
502	0	15	2.288	0,72,95,36,69,35,57,94,79,67,77,81,60,46,70,15,
502	1	2	2.421	1,61,36,69,35,57,94,85,90,82,86,68,45,19,29,2,
502	1	3	2.39	1,61,36,69,35,57,94,85,82,86,68,45,19,29,91,3,
502	1	4	2.175	1,61,36,69,35,57,94,85,82,21,65,40,63,87,23,4,
502	1	5	2.448	1,61,36,69,35,57,94,85,86,82,21,65,40,63,87,23,20,5,
502	1	6	2.753	1,61,36,69,35,57,94,85,86,82,21,40,63,87,23,20,44,56,6,
502	1	7	2.625	1,61,36,69,35,57,94,79,67,22,53,18,48,80,49,54,41,62,7,
502	1	8	2.606	1,61,36,69,35,57,94,79,67,77,22,53,88,84,31,92,97,73,25,8,
502	1	9	2.545	1,61,36,69,35,57,79,67,22,53,88,16,32,26,50,59,37,93,47,64,9,
502	1	10	2.32	1,61,36,69,35,57,79,67,22,53,88,16,32,26,50,59,37,17,10,
502	1	11	2.264	1,61,36,69,35,57,94,79,67,22,53,88,16,32,96,51,99,11,
502	1	12	2.352	1,61,36,69,35,57,94,79,67,22,53,88,16,32,96,51,24,12,
502	1	13	2.402	1,61,36,69,35,57,94,79,67,22,53,88,16,39,34,75,13,
502	1	14	2.397	1,61,36,69,35,57,94,79,67,77,81,34,75,30,98,89,14,
502	1	15	2.278	1,61,36,69,35,57,94,79,67,77,81,60,46,71,70,15,
502	2	3	2.223	2,29,19,61,36,69,35,57,94,85,82,86,68,83,3,
502	2	4	2.045	2,19,61,36,69,35,57,94,85,82,21,40,63,87,23,4,
502	2	5	2.214	2,29,19,61,36,69,35,57,94,85,82,21,65,40,63,87,23,5,
502	2	6	2.439	2,19,61,36,69,35,57,94,85,82,21,40,63,87,23,20,44,6,
502	2	7	2.501	2,61,36,69,35,57,94,79,67,77,22,53,18,48,80,49,54,43,7,
502	2	8	2.448	2,19,61,36,69,35,57,94,79,67,77,22,53,88,84,92,97,73,25,8,
502	2	9	2.439	2,61,36,69,35,57,79,67,22,53,88,16,32,26,50,59,37,93,47,64,9,
502	2	10	2.215	2,61,36,69,35,57,79,67,22,53,88,16,32,26,50,59,37,93,17,10,
502	2	11	2.251	2,61,36,69,35,57,94,79,67,77,22,53,88,16,32,26,96,51,99,11,
502	2	12	2.292	2,61,36,69,35,57,94,79,67,22,53,88,16,32,26,96,51,24,12,
502	2	13	2.355	2,19,61,36,69,35,57,94,79,67,22,53,88,16,39,34,75,13,
502	2	14	2.159	2,19,61,36,69,35,57,94,79,67,77,81,60,46,71,98,89,14,
502	2	15	2.172	2,61,36,69,35,57,94,79,67,77,81,60,46,71,70,15,
502	3	4	2.128	3,91,29,19,61,36,69,35,57,85,82,21,40,63,78,4,
502	3	5	2.082	3,91,29,19,61,45,68,86,82,21,40,63,87,23,20,5,
502	3	6	2.347	3,91,29,19,61,36,69,35,57,94,85,86,21,65,56,44,6,
502	3	7	2.394	3,91,29,19,61,36,69,35,57,94,38,33,80,48,49,43,7,
502	3	8	2.474	3,91,29,19,61,36,69,35,57,94,38,33,80,49,54,41,66,73,25,8,
502	3	9	2.474	3,91,29,19,61,36,69,35,57,94,79,67,77,22,53,84,31,55,64,9,
502	3	10	2.367	3,83,45,69,35,57,94,38,22,53,88,16,32,26,50,59,37,93,17,10,
502	3	11	2.439	3,91,29,19,61,36,69,35,57,94,79,67,22,53,88,16,32,26,96,51,99,11,
502	3	12	2.451	3,91,29,19,61,36,69,35,57,94,38,22,53,88,16,32,96,51,24,12,
502	3	13	2.508	3,91,29,19,61,36,69,35,57,94,79,67,77,81,60,46,71,98,30,13,
502	3	14	2.281	3,91,29,19,61,36,69,35,57,94,79,67,77,81,60,46,71,89,14,
502	3	15	2.407	3,91,29,19,61,36,69,35,57,94,79,67,77,81,60,46,71,70,15,
502	4	5	2.226	4,23,87,63,78,86,68,69,35,57,85,82,21,40,20,5,
502	4	6	2.424	4,23,87,63,40,21,86,68,69,35,57,94,85,82,65,56,6,
502	4	7	2.359	4,23,87,63,40,65,21,82,90,33,80,48,49,54,66,41,62,7,
502	4	8	2.271	4,23,87,63,40,65,21,82,90,33,80,48,49,54,41,66,73,25,8,
502	4	9	2.402	4,23,87,63,40,21,65,49,80,48,27,92,97,55,37,93,47,64,9,
502	4	10	2.332	4,23,87,63,40,21,82,90,33,38,22,53,88,16,32,26,50,59,37,93,17,10,
502	4	11	2.521	4,23,87,63,40,21,82,85,94,79,67,77,22,53,88,16,32,26,96,51,99,11,
502	4	12	2.469	4,23,87,63,40,21,82,90,33,38,22,53,88,16,32,26,96,51,99,24,12,
502	4	13	2.683	4,23,87,63,40,21,82,85,94,79,67,77,22,53,88,16,39,34,75,30,13,
502	4	14	2.441	4,23,87,63,78,86,68,69,35,57,94,79,67,77,81,60,46,71,89,14,
502	4	15	2.567	4,23,87,63,78,86,68,69,35,57,94,79,67,77,81,60,46,71,70,15,
502	5	6	2.382	5,20,44,56,49,80,48,27,92,97,73,66,41,54,43,6,
502	5	7	2.21	5,20,44,56,49,80,48,27,92,97,73,66,41,54,43,7,
502	5	8	2.036	5,20,23,87,63,40,21,82,90,49,54,41,66,73,25,8,
502	5	9	2.407	5,20,23,87,63,40,21,82,90,49,80,48,27,92,97,55,47,64,9,
502	5	10	2.339	5,23,87,63,40,21,82,90,33,38,22,53,88,16,32,26,50,59,37,93,17,10,
502	5	11	2.373	5,20,44,56,65,21,82,90,33,38,18,22,53,88,16,32,26,96,51,99,11,
502	5	12	2.452	5,20,40,21,82,90,33,38,18,22,53,88,16,32,26,96,51,99,24,12,
502	5	13	2.745	5,23,87,63,78,86,68,69,35,57,94,79,67,77,22,53,88,16,39,34,75,13,
502	5	14	2.539	5,20,44,56,65,21,86,68,69,35,57,94,79,67,77,81,60,46,71,89,14,
502	5	15	2.574	5,23,87,63,78,86,68,69,35,57,94,79,67,77,81,60,46,71,70,15,
502	6	7	2.455	6,20,23,87,78,63,40,56,43,54,41,66,73,25,62,7,
502	6	8	2.263	6,44,20,23,87,63,40,21,82,90,49,54,66,73,25,8,
502	6	9	2.423	6,7,62,25,73,66,41,54,49,80,48,27,92,97,55,47,64,9,
502	6	10	2.387	6,44,56,65,21,82,90,33,38,22,53,88,16,32,26,50,59,37,93,17,10,
502	6	11	2.431	6,44,56,65,21,82,90,33,38,18,22,53,88,16,32,26,96,51,99,11,
502	6	12	2.524	6,44,56,65,21,82,90,33,38,22,53,88,16,32,26,96,51,99,24,12,
502	6	13	2.729	6,44,20,40,21,86,68,69,35,57,94,79,67,77,81,34,30,75,13,
502	6	14	2.601	6,56,65,21,82,86,68,69,35,57,94,79,67,77,81,60,46,71,89,14,
502	6	15	2.723	6,44,56,65,21,86,68,69,35,57,94,79,67,77,81,60,46,71,70,15,
502	7	8	1.995	7,62,41,66,54,43,49,80,48,27,92,97,74,73,25,8,
502	7	9	2.033	7,62,25,73,66,41,54,49,80,48,27,92,97,55,47,64,9,
502	7	10	2.014	7,62,25,73,66,41,54,49,80,48,27,92,97,55,37,93,17,10,
502	7	11	2.285	7,62,73,66,41,54,49,80,48,18,53,88,16,32,26,96,51,99,11,
502	7	12	2.448	7,62,25,73,66,54,49,80,48,18,22,53,88,16,32,26,96,51,24,12,
502	7	13	2.541	7,62,25,73,66,41,54,49,80,48,18,22,53,88,16,32,39,34,75,13,
502	7	14	2.57	7,62,41,54,49,80,48,18,22,53,88,16,32,39,81,60,46,71,98,89,14,
502	7	15	2.748	7,43,54,49,80,48,18,53,22,67,79,94,57,35,69,36,95,52,58,15,
502	8	9	1.684	8,25,73,66,54,49,80,48,27,92,97,55,47,64,9,
502	8	10	1.71	8,25,73,66,41,54,49,80,48,27,92,97,55,37,93,17,10,
502	8	11	1.946	8,25,73,66,27,48,80,18,53,88,16,32,26,96,51,99,11,
502	8	12	2.149	8,25,73,66,41,54,49,80,18,22,53,88,16,32,26,96,51,24,12,
502	8	13	2.41	8,25,73,66,41,54,43,49,80,48,18,22,53,88,16,32,39,34,30,75,13,
502	8	14	2.461	8,25,73,66,41,54,49,80,48,18,22,53,88,16,39,81,60,46,71,89,14,
502	8	15	2.612	8,25,73,66,41,54,49,80,33,38,79,94,57,35,69,36,95,52,58,15,
502	9	10	2.037	9,64,47,55,37,93,17,59,50,26,32,16,39,96,76,10,
502	9	11	1.788	9,64,47,17,93,37,59,50,26,32,16,39,96,51,99,11,
502	9	12	2.279	9,64,55,47,17,93,37,59,76,50,26,32,16,39,96,51,99,24,12,
502	9	13	2.42	9,64,47,17,93,37,59,50,26,32,16,88,53,22,77,81,34,30,75,13,
502	9	14	2.368	9,64,47,93,37,59,50,26,32,16,88,53,22,77,81,60,46,71,98,89,14,
502	9	15	2.529	9,64,47,93,37,59,50,26,32,16,88,53,22,67,77,81,60,46,71,70,15,
502	10	11	1.755	10,17,37,93,47,64,55,31,50,26,96,51,24,99,11,
502	10	12	1.831	10,17,37,93,47,64,55,31,50,26,96,51,99,24,12,
502	10	13	1.954	10,17,37,93,47,64,55,59,50,26,96,42,34,30,75,13,
502	10	14	2.144	10,17,93,37,59,50,26,32,16,88,53,22,77,81,60,46,71,98,89,14,
502	10	15	2.305	10,17,93,37,59,50,26,32,16,88,53,22,67,77,81,60,46,71,70,15,
502	11	12	2.153	11,76,59,37,93,47,64,55,31,26,96,51,99,24,12,
502	11	13	2.055	11,99,51,96,26,32,16,39,81,60,46,71,98,30,75,13,
502	11	14	1.994	11,99,51,96,26,32,16,88,53,22,77,60,46,71,89,14,
502	11	15	2.26	11,99,51,96,26,32,16,88,53,22,67,77,81,60,46,71,70,15,
502	12	13	2.154	12,24,51,96,26,32,16,88,53,22,77,81,34,30,75,13,
502	12	14	2.133	12,24,51,96,26,32,16,88,53,22,77,81,60,46,71,89,14,
502	12	15	2.353	12,24,99,51,96,26,32,16,88,53,22,77,81,60,46,71,70,15,
502	13	14	2.226	13,75,34,39,16,88,53,22,67,77,81,60,46,71,89,14,
502	13	15	2.294	13,75,34,81,77,67,79,94,57,35,69,36,95,52,58,15,
502	14	15	2.244	14,89,71,46,60,77,67,79,94,57,35,28,95,52,58,15,
