34	0	1	2.34	0,31,82,26,60,51,85,38,58,28,21,45,49,65,61,1,
34	0	2	2.292	0,31,82,26,60,51,85,38,58,28,21,45,49,22,89,2,
34	0	3	2.319	0,31,82,26,60,51,85,38,58,28,45,48,18,79,47,3,
34	0	4	2.538	0,31,82,58,63,99,66,33,39,59,74,50,98,84,70,36,64,4,
34	0	5	2.806	0,31,82,58,63,16,99,66,33,39,59,74,50,98,84,70,36,64,5,
34	0	6	2.778	0,31,82,26,51,85,55,87,24,76,16,99,66,33,39,59,41,20,25,6,
34	0	7	2.78	0,31,82,38,24,57,56,54,91,35,40,67,88,17,53,78,75,30,27,7,
34	0	8	2.602	0,31,82,38,24,57,56,54,91,35,40,67,88,17,53,78,75,95,68,8,
34	0	9	2.411	0,31,82,38,87,24,57,56,54,91,35,40,93,73,81,52,62,42,69,9,
34	0	10	2.376	0,31,82,26,51,85,55,87,24,57,56,91,40,67,88,17,73,81,52,10,
34	0	11	2.28	0,31,82,26,60,51,85,55,87,24,76,57,56,54,91,35,40,44,80,11,
34	0	12	2.247	0,31,82,26,60,51,85,55,87,24,76,57,77,72,43,92,56,91,54,12,
34	0	13	1.592	0,31,82,26,51,60,85,55,87,24,76,57,77,92,43,13,
34	0	14	1.749	0,31,82,26,51,60,85,55,87,24,76,57,77,92,43,72,14,
34	0	15	1.82	0,31,82,38,87,24,57,92,77,72,55,85,51,60,83,15,
34	1	2	2.424	1,61,28,21,50,74,98,84,48,18,79,47,22,89,2,
34	1	3	2.423	1,61,31,82,58,28,21,50,98,84,48,18,79,47,3,
34	1	4	2.666	1,61,28,21,23,33,39,59,74,50,98,84,48,18,79,47,4,
34	1	5	2.932	1,65,22,47,79,18,48,84,98,50,74,39,59,41,94,20,19,5,
34	1	6	2.759	1,61,65,22,47,79,18,48,84,98,50,74,39,59,41,20,25,6,
34	1	7	2.823	1,65,22,47,79,18,48,84,98,50,74,39,59,97,46,41,94,34,7,
34	1	8	2.699	1,65,22,47,79,18,48,84,98,50,74,39,59,46,30,75,95,68,8,
34	1	9	2.617	1,61,86,31,82,58,63,16,35,40,67,88,17,73,81,52,62,42,69,9,
34	1	10	2.579	1,86,31,82,38,87,24,57,56,54,91,35,40,67,88,17,73,81,52,10,
34	1	11	2.42	1,86,31,82,26,60,51,85,55,87,24,76,57,56,54,91,32,44,80,11,
34	1	12	2.451	1,86,31,82,26,51,85,55,87,24,76,57,77,72,43,92,56,91,54,12,
34	1	13	2.156	1,65,61,86,31,82,26,83,60,51,85,55,87,24,76,57,92,43,72,13,
34	1	14	1.939	1,61,31,82,26,60,51,85,55,87,24,57,92,43,72,14,
34	1	15	2.07	1,61,86,31,82,38,87,77,92,43,72,55,85,51,60,83,15,
34	2	3	2.369	2,22,49,45,28,21,50,98,84,48,18,79,47,89,3,
34	2	4	2.283	2,89,47,79,18,48,50,74,39,59,98,84,70,36,64,4,
34	2	5	2.675	2,89,47,79,18,48,84,98,50,74,39,59,41,94,34,20,19,5,
34	2	6	2.504	2,89,47,79,18,48,84,98,50,74,39,59,46,41,94,34,25,6,
34	2	7	2.585	2,89,47,79,18,48,84,98,50,74,39,59,97,90,75,30,27,7,
34	2	8	2.508	2,89,47,79,18,48,84,98,50,74,39,59,97,46,30,75,95,68,8,
34	2	9	2.472	2,89,47,79,18,48,84,98,50,74,39,59,97,90,78,29,96,42,69,9,
34	2	10	2.542	2,89,47,79,18,48,84,98,50,74,39,59,97,53,88,17,73,81,52,10,
34	2	11	2.744	2,65,61,31,82,26,60,51,85,55,87,24,76,57,56,54,91,32,44,80,11,
34	2	12	2.741	2,22,49,45,28,58,82,26,83,60,51,85,55,87,24,76,57,56,91,54,12,
34	2	13	2.372	2,22,49,45,21,28,58,82,26,60,51,85,55,87,24,57,77,92,43,13,
34	2	14	2.393	2,65,61,86,31,82,26,83,60,51,85,55,87,24,76,57,92,43,72,14,
34	2	15	2.226	2,22,49,45,21,23,33,66,99,16,76,24,87,55,85,51,60,83,15,
34	3	4	2.41	3,47,79,18,48,84,50,74,39,97,59,98,70,36,64,4,
34	3	5	2.399	3,47,79,18,48,84,98,74,39,59,41,94,34,20,19,5,
34	3	6	2.206	3,47,79,18,48,84,98,50,74,39,59,46,94,34,25,6,
34	3	7	2.619	3,47,79,18,48,84,98,50,74,39,59,46,41,94,34,20,19,25,7,
34	3	8	2.364	3,47,79,18,48,84,98,50,74,39,59,97,46,30,75,95,68,71,8,
34	3	9	2.335	3,47,79,18,48,84,98,50,74,39,59,46,90,78,29,96,62,42,69,9,
34	3	10	2.451	3,47,79,18,48,84,98,50,74,39,59,97,90,78,29,96,69,42,62,10,
34	3	11	2.614	3,47,79,18,48,84,98,50,74,39,59,97,90,78,53,88,17,73,81,11,
34	3	12	2.576	3,47,79,18,48,84,98,50,74,39,59,97,53,88,17,93,44,80,37,12,
34	3	13	2.394	3,47,79,18,48,84,98,50,74,23,33,66,99,16,76,24,87,77,72,92,43,13,
34	3	14	2.44	3,47,79,18,48,84,98,74,23,33,66,99,16,76,24,87,77,92,43,72,14,
34	3	15	2.274	3,47,79,18,48,84,98,50,21,28,58,82,26,51,85,60,83,15,
34	4	5	2.399	4,64,36,70,84,98,50,74,39,59,41,94,34,20,19,5,
34	4	6	2.218	4,64,36,70,84,98,50,74,39,59,41,94,34,20,25,6,
34	4	7	2.23	4,64,36,70,84,98,50,74,39,59,41,94,34,20,25,7,
34	4	8	2.232	4,64,36,70,84,98,50,74,39,59,97,46,30,75,95,68,8,
34	4	9	2.221	4,64,36,70,84,98,50,74,39,59,97,90,78,29,96,62,42,69,9,
34	4	10	2.457	4,64,36,70,84,98,50,74,39,59,97,90,78,53,88,17,73,81,52,10,
34	4	11	2.592	4,64,36,70,84,98,50,74,39,59,97,90,78,53,88,17,93,44,80,11,
34	4	12	2.668	4,64,36,70,84,98,50,74,39,59,97,53,17,88,67,40,35,91,54,12,
34	4	13	2.479	4,64,36,70,84,98,50,74,59,39,33,66,99,16,76,24,57,92,77,72,43,13,
34	4	14	2.379	4,64,36,70,84,98,74,23,33,66,99,16,76,24,87,77,92,43,72,14,
34	4	15	2.344	4,64,36,70,84,50,23,33,66,99,16,76,24,87,55,85,51,60,83,15,
34	5	6	2.353	5,64,36,70,84,98,50,74,39,59,41,94,34,20,25,6,
34	5	7	2.365	5,64,36,70,84,98,50,74,39,59,41,94,34,20,25,7,
34	5	8	2.367	5,64,36,70,84,98,50,74,39,59,97,46,30,75,95,68,8,
34	5	9	2.356	5,64,36,70,84,98,50,74,39,59,97,90,78,29,96,62,42,69,9,
34	5	10	2.525	5,64,36,70,84,98,50,74,39,59,97,90,78,29,96,69,42,62,10,
34	5	11	2.624	5,19,20,34,94,27,30,75,29,96,69,42,62,52,81,73,93,44,80,11,
34	5	12	2.738	5,19,20,34,94,27,30,75,29,96,69,42,62,52,81,73,93,44,80,37,12,
34	5	13	2.544	5,64,36,70,84,98,50,74,23,33,66,99,16,76,24,87,57,92,43,72,13,
34	5	14	2.525	5,64,36,70,84,98,50,23,33,66,99,16,76,24,87,77,92,43,72,14,
34	5	15	2.478	5,36,70,84,98,50,23,33,66,99,16,76,24,87,55,85,51,60,83,15,
34	6	7	2.462	6,25,20,34,94,27,30,75,29,96,62,42,69,9,95,71,68,8,7,
34	6	8	2.072	6,25,20,34,94,27,30,75,29,96,62,42,69,9,95,71,68,8,
34	6	9	2.118	6,25,34,94,27,30,75,78,53,88,17,73,81,52,62,96,42,69,9,
34	6	10	2.371	6,19,20,94,27,30,75,78,53,88,17,73,81,52,62,96,69,42,10,
34	6	11	2.466	6,19,20,34,94,27,30,75,29,96,69,42,62,52,81,73,93,44,80,11,
34	6	12	2.58	6,19,20,34,94,27,30,75,29,96,69,42,62,52,81,73,93,44,80,37,12,
34	6	13	2.555	6,25,34,94,27,30,75,78,53,17,88,67,40,35,91,54,56,57,92,43,13,
34	6	14	2.674	6,25,34,94,27,30,75,78,53,17,88,67,40,91,54,56,57,76,24,87,55,14,
34	6	15	2.594	6,25,20,41,59,39,23,33,66,99,16,76,57,24,87,55,85,51,60,83,15,
34	7	8	2.084	7,25,20,34,94,27,30,75,29,96,62,42,69,9,95,71,68,8,
34	7	9	1.836	7,27,30,75,90,78,53,88,17,73,81,52,62,42,69,9,
34	7	10	2.096	7,25,34,94,27,30,75,95,29,96,69,42,62,52,73,81,10,
34	7	11	2.29	7,27,30,75,29,96,69,42,62,52,81,73,17,88,67,93,44,80,11,
34	7	12	2.432	7,27,30,75,29,96,69,42,62,52,81,73,17,88,67,40,35,91,54,12,
34	7	13	2.424	7,27,30,75,78,53,17,67,40,35,91,54,56,57,76,24,87,77,92,43,13,
34	7	14	2.556	7,27,30,75,78,53,17,88,67,40,35,91,54,56,57,24,87,77,92,43,72,14,
34	7	15	2.475	7,27,30,75,78,53,88,67,40,35,91,56,57,24,87,55,85,51,60,83,15,
34	8	9	1.66	8,68,71,95,29,78,53,88,17,73,81,52,62,96,42,69,9,
34	8	10	1.881	8,68,71,95,75,90,78,53,88,17,73,81,52,62,96,42,10,
34	8	11	2.011	8,68,71,95,29,96,69,42,62,52,81,73,17,88,67,93,44,80,11,
34	8	12	2.125	8,68,71,95,29,96,69,42,62,52,81,73,17,88,67,93,44,80,37,12,
34	8	13	2.191	8,68,71,95,75,78,53,17,88,67,35,40,91,54,56,57,92,77,72,43,13,
34	8	14	2.312	8,68,71,95,75,90,78,53,17,88,67,40,35,91,54,56,57,76,24,87,55,14,
34	8	15	2.297	8,68,95,75,78,53,88,67,40,35,91,56,57,24,87,55,85,51,60,83,15,
34	9	10	1.797	9,69,42,62,96,29,78,53,17,88,67,40,93,73,81,10,
34	9	11	1.605	9,69,42,62,96,29,78,53,17,88,67,93,44,80,37,11,
34	9	12	1.976	9,69,42,62,96,29,78,53,17,88,67,40,35,91,54,32,80,37,12,
34	9	13	1.936	9,69,42,62,96,29,78,53,17,88,67,40,35,91,54,56,57,92,43,13,
34	9	14	2.055	9,69,42,62,96,29,78,53,17,88,67,40,91,54,56,57,76,24,87,55,14,
34	9	15	2.093	9,69,42,62,52,81,73,93,40,35,91,56,57,24,87,55,85,51,60,83,15,
34	10	11	1.77	10,42,69,96,62,52,81,73,17,88,67,93,44,80,37,11,
34	10	12	1.801	10,42,69,96,62,52,81,73,53,88,17,93,44,80,37,12,
34	10	13	1.702	10,52,81,73,17,88,67,40,35,91,54,56,57,92,43,13,
34	10	14	2.061	10,52,81,73,17,67,40,35,91,54,56,57,76,24,87,77,92,43,72,14,
34	10	15	2.024	10,52,81,73,17,88,67,40,91,54,56,57,24,87,55,85,51,60,83,15,
34	11	12	1.95	11,37,80,44,93,81,52,73,17,88,67,40,35,91,54,12,
34	11	13	1.609	11,37,80,44,32,91,54,56,57,76,24,87,77,92,43,13,
34	11	14	1.718	11,37,80,44,32,54,91,56,57,24,87,77,92,43,72,14,
34	11	15	2.134	11,37,80,44,40,35,91,54,92,43,72,77,57,24,87,55,85,51,60,83,15,
34	12	13	1.64	12,37,80,44,32,91,54,56,57,76,24,87,77,92,43,13,
34	12	14	1.748	12,37,80,44,32,91,54,56,57,24,87,77,92,43,72,14,
34	12	15	1.738	12,54,56,57,76,24,87,77,92,43,72,55,85,51,60,83,15,
34	13	14	1.717	13,43,72,77,92,57,56,76,24,87,55,85,51,26,60,83,14,
34	13	15	1.511	13,43,72,77,92,57,56,76,24,87,55,85,51,26,60,83,15,
34	14	15	1.617	14,55,77,72,43,92,57,76,24,87,38,26,51,85,60,83,15,
