499	0	1	1.95	0,25,66,16,29,58,20,89,99,97,78,32,30,59,92,1,
499	0	2	1.781	0,25,66,16,29,58,20,99,97,78,32,30,54,74,2,
499	0	3	1.914	0,25,66,16,29,58,20,99,97,78,32,30,54,74,3,
499	0	4	2.308	0,25,66,16,29,58,20,89,99,97,78,32,56,61,71,91,69,98,4,
499	0	5	2.132	0,25,66,16,29,58,20,89,99,97,78,32,56,61,71,91,69,49,5,
499	0	6	2.321	0,25,66,16,29,58,20,89,99,97,78,32,56,61,71,91,69,34,42,6,
499	0	7	2.383	0,25,66,16,29,58,20,89,99,97,27,73,87,75,38,28,46,45,23,7,
499	0	8	2.436	0,25,66,16,29,58,20,89,99,97,27,73,87,38,28,46,45,23,21,8,
499	0	9	2.344	0,25,66,16,29,58,20,89,99,97,27,73,50,62,39,67,57,31,53,51,9,
499	0	10	2.387	0,25,66,16,29,58,20,89,99,97,52,43,87,50,62,55,90,63,33,10,
499	0	11	2.35	0,25,66,16,29,58,20,89,60,36,18,37,48,95,40,76,96,64,85,11,
499	0	12	2.146	0,25,66,16,29,97,99,58,20,89,60,36,18,95,48,37,22,44,77,12,
499	0	13	1.726	0,25,66,16,29,58,20,89,60,36,18,95,48,37,22,44,13,
499	0	14	1.8	0,25,66,16,29,58,20,89,60,36,18,95,48,37,22,81,14,
499	0	15	1.874	0,25,66,16,29,97,99,58,20,89,60,36,18,17,47,15,
499	1	2	1.914	1,92,83,16,29,58,20,89,99,97,78,32,30,54,74,2,
499	1	3	2.047	1,92,83,16,29,58,20,89,99,97,78,32,30,54,74,3,
499	1	4	2.111	1,92,83,16,29,58,20,89,99,97,78,32,56,94,98,4,
499	1	5	2.017	1,92,83,59,30,32,78,80,56,61,71,26,91,69,49,5,
499	1	6	2.371	1,92,83,16,29,58,20,89,99,97,78,32,56,61,71,91,69,34,6,
499	1	7	2.44	1,92,83,59,72,30,32,78,80,56,61,71,26,35,82,19,46,45,23,7,
499	1	8	2.446	1,92,83,59,30,32,78,80,56,61,71,26,35,82,19,46,45,23,21,8,
499	1	9	2.594	1,92,83,16,29,58,20,89,99,97,52,43,87,50,62,55,39,67,57,31,51,9,
499	1	10	2.595	1,92,83,66,16,29,58,20,89,99,97,52,43,87,50,62,55,90,63,33,10,
499	1	11	2.603	1,92,83,66,16,29,58,20,89,99,97,27,73,50,62,90,63,68,64,85,11,
499	1	12	2.735	1,92,83,66,16,29,58,99,20,89,60,36,18,37,22,48,95,88,40,77,12,
499	1	13	2.19	1,92,83,66,16,29,58,20,89,60,36,18,95,48,37,22,77,44,13,
499	1	14	2.008	1,92,83,66,16,29,58,20,89,60,36,18,95,48,37,22,81,14,
499	1	15	2.244	1,92,83,16,29,58,99,20,89,60,17,47,70,66,25,86,15,
499	2	3	2.302	2,74,54,72,59,29,58,20,89,99,97,78,32,56,84,3,
499	2	4	2.135	2,74,54,30,32,78,80,56,61,71,26,35,91,69,98,4,
499	2	5	1.95	2,74,54,30,32,78,80,56,61,71,91,69,34,42,49,5,
499	2	6	2.242	2,74,54,30,78,32,56,61,71,26,35,82,19,46,45,79,6,
499	2	7	2.168	2,74,54,30,32,78,80,56,61,71,26,35,82,19,46,45,23,7,
499	2	8	2.402	2,74,54,72,30,32,78,80,56,61,71,26,35,82,19,46,45,23,21,8,
499	2	9	2.485	2,74,54,30,78,32,56,61,71,26,35,19,46,45,23,21,57,31,53,51,9,
499	2	10	2.691	2,74,54,72,30,32,78,80,52,43,87,73,27,24,50,62,55,90,63,33,10,
499	2	11	2.516	2,74,54,30,32,78,80,52,43,87,73,50,62,55,90,63,68,64,85,11,
499	2	12	2.275	2,74,54,30,32,78,97,99,58,20,89,60,36,95,48,37,22,44,77,12,
499	2	13	2.021	2,74,54,30,32,78,97,99,58,20,89,60,36,18,37,22,44,13,
499	2	14	2.087	2,74,54,30,32,78,97,99,58,20,89,60,36,95,48,18,81,14,
499	2	15	2.065	2,74,54,30,32,78,97,99,20,58,29,16,66,25,86,15,
499	3	4	2.268	3,74,54,30,32,78,80,56,61,71,26,35,91,69,98,4,
499	3	5	2.083	3,74,54,30,32,78,80,56,61,71,91,69,34,42,49,5,
499	3	6	2.281	3,74,54,30,32,78,80,56,61,71,26,35,91,69,34,42,6,
499	3	7	2.236	3,74,54,30,32,78,80,56,61,71,26,35,19,46,45,23,7,
499	3	8	2.408	3,74,54,30,32,78,80,56,61,71,26,35,82,19,46,45,23,21,8,
499	3	9	2.534	3,84,94,91,71,61,26,35,82,19,46,45,23,28,67,57,31,53,51,9,
499	3	10	2.697	3,74,54,30,32,78,80,52,43,87,73,27,24,50,62,55,90,63,33,10,
499	3	11	2.603	3,74,54,30,32,78,80,52,43,87,50,62,55,90,63,68,96,64,85,11,
499	3	12	2.355	3,74,54,30,32,78,97,99,58,20,89,60,36,18,37,22,44,77,12,
499	3	13	2.246	3,74,54,30,32,78,97,99,58,20,89,60,36,18,95,48,37,22,13,
499	3	14	2.264	3,74,54,30,32,78,97,99,58,20,89,60,36,95,48,37,18,81,14,
499	3	15	2.395	3,74,54,30,32,78,97,99,58,20,89,65,70,16,66,25,86,15,
499	4	5	2.066	4,98,69,91,71,26,35,82,19,46,45,79,34,49,5,
499	4	6	2.022	4,98,69,91,71,61,26,35,93,75,38,28,46,45,79,6,
499	4	7	1.949	4,98,69,91,71,61,26,35,93,38,28,46,45,23,21,7,
499	4	8	2.41	4,98,49,42,34,69,91,71,61,26,35,93,75,38,28,46,45,23,21,8,
499	4	9	2.33	4,98,69,91,71,61,26,35,93,75,38,28,46,45,23,21,57,31,53,51,9,
499	4	10	2.503	4,98,69,91,71,61,26,35,19,46,45,23,21,67,39,55,90,63,33,10,
499	4	11	2.477	4,98,69,91,71,61,26,35,93,38,28,67,39,55,90,63,68,64,85,11,
499	4	12	2.472	4,98,94,56,32,78,97,99,58,20,89,60,36,95,48,37,22,44,77,12,
499	4	13	2.362	4,98,94,56,32,78,97,99,58,20,89,60,36,18,95,48,37,22,44,13,
499	4	14	2.5	4,98,94,84,56,32,78,97,99,58,20,89,60,36,18,95,48,37,22,81,14,
499	4	15	2.502	4,98,69,91,26,71,61,56,80,32,78,97,99,58,20,89,60,17,47,15,
499	5	6	1.791	5,49,42,34,69,91,71,26,35,82,19,46,45,79,6,
499	5	7	1.712	5,49,42,34,69,91,71,61,26,35,82,19,46,45,23,7,
499	5	8	1.746	5,49,69,91,71,61,26,35,93,38,28,46,45,23,21,8,
499	5	9	2.099	5,49,42,34,69,91,71,26,35,82,19,46,45,23,21,57,31,53,51,9,
499	5	10	2.353	5,49,42,34,69,91,71,61,26,35,93,38,28,67,39,55,90,63,33,10,
499	5	11	2.435	5,49,42,34,69,91,71,61,26,35,93,38,67,39,55,90,63,68,64,85,11,
499	5	12	2.514	5,49,69,91,71,61,56,32,78,97,99,58,20,89,60,36,18,37,22,77,12,
499	5	13	2.369	5,49,69,91,71,61,56,80,32,78,97,99,58,20,89,60,36,18,37,22,13,
499	5	14	2.461	5,49,69,91,71,61,56,32,78,97,99,58,20,89,60,36,95,48,37,18,81,14,
499	5	15	2.528	5,49,42,34,82,35,26,71,61,56,80,32,78,97,99,58,20,89,60,17,47,15,
499	6	7	1.759	6,42,34,69,91,71,61,26,35,82,19,46,45,79,7,
499	6	8	1.793	6,42,34,69,91,71,61,26,35,82,19,46,45,23,21,8,
499	6	9	1.808	6,42,34,82,19,46,45,23,21,67,57,31,51,53,9,
499	6	10	2.327	6,42,34,69,91,71,61,26,35,93,38,28,67,39,55,90,63,33,10,
499	6	11	2.485	6,34,69,91,71,61,26,35,93,38,28,67,39,55,90,63,68,96,64,85,11,
499	6	12	2.633	6,34,69,91,71,61,56,32,78,97,58,20,89,60,36,18,37,22,77,12,
499	6	13	2.478	6,34,69,91,71,61,56,32,78,97,99,58,20,89,60,36,18,37,22,44,13,
499	6	14	2.521	6,42,34,69,91,71,61,56,32,78,97,99,58,20,89,60,36,18,37,81,14,
499	6	15	2.628	6,42,34,69,91,35,26,71,61,56,80,32,78,97,99,58,20,89,60,17,47,15,
499	7	8	2.016	7,79,19,46,45,23,28,67,39,55,57,31,51,53,8,
499	7	9	1.799	7,79,19,46,45,23,28,38,39,67,57,31,53,51,9,
499	7	10	2.151	7,79,46,45,23,28,38,75,87,50,62,55,90,63,33,10,
499	7	11	2.34	7,23,45,46,28,38,75,87,73,50,62,55,90,63,68,96,64,85,11,
499	7	12	2.498	7,23,45,46,28,38,75,87,73,27,88,40,95,48,37,22,44,77,12,
499	7	13	2.456	7,23,45,46,28,38,75,41,52,97,99,58,20,89,60,36,18,37,22,13,
499	7	14	2.543	7,79,19,82,35,26,71,61,56,32,78,97,99,58,20,89,60,36,18,81,14,
499	7	15	2.466	7,45,46,19,35,26,71,61,56,32,78,97,99,58,20,89,60,17,47,15,
499	8	9	1.898	8,21,23,45,46,28,67,39,55,90,63,33,31,53,51,9,
499	8	10	2.055	8,21,23,45,46,28,38,75,87,50,62,90,63,33,10,
499	8	11	1.89	8,21,23,45,46,28,67,39,55,90,63,68,96,64,85,11,
499	8	12	2.37	8,21,23,45,46,28,67,39,55,62,90,63,68,96,64,85,12,
499	8	13	2.332	8,21,23,45,46,28,38,75,87,73,27,40,95,48,37,22,44,13,
499	8	14	2.559	8,21,23,45,46,28,38,75,87,43,52,97,99,58,20,89,60,36,18,81,14,
499	8	15	2.503	8,21,23,45,46,28,38,75,87,73,27,97,99,58,20,89,60,17,47,15,
499	9	10	1.937	9,51,53,31,57,67,39,55,62,50,24,68,63,90,33,10,
499	9	11	1.725	9,51,53,31,57,67,39,55,62,90,63,68,96,64,85,11,
499	9	12	2.257	9,53,51,33,90,63,68,96,76,40,95,48,37,22,44,77,12,
499	9	13	2.167	9,51,53,31,57,67,39,55,62,50,24,76,40,95,48,37,22,13,
499	9	14	2.42	9,51,53,31,57,67,39,55,90,63,68,96,76,40,95,18,37,22,81,14,
499	9	15	2.422	9,51,53,31,57,67,39,55,62,50,73,27,97,99,58,20,89,60,17,47,15,
499	10	11	2.037	10,33,51,53,31,57,67,39,55,90,63,68,96,64,85,11,
499	10	12	2.303	10,33,63,90,62,50,24,76,40,95,18,37,22,44,77,12,
499	10	13	2.215	10,33,63,90,55,62,50,73,27,88,40,95,48,37,22,44,13,
499	10	14	2.257	10,33,63,90,55,62,50,87,73,27,88,40,95,18,81,14,
499	10	15	2.513	10,33,63,90,62,50,87,73,27,97,99,89,20,58,29,16,66,86,15,
499	11	12	2.287	11,85,64,63,90,68,96,76,40,95,18,37,22,44,77,12,
499	11	13	2.153	11,85,64,68,63,90,62,50,24,76,40,95,48,37,22,13,
499	11	14	2.207	11,85,64,68,63,90,55,62,50,24,76,40,95,18,81,14,
499	11	15	2.277	11,85,64,96,68,24,73,27,97,99,58,20,89,60,17,47,15,
499	12	13	2.377	12,77,44,22,37,18,36,60,89,20,58,65,70,47,17,81,13,
499	12	14	2.09	12,77,44,22,37,48,95,18,36,60,89,20,58,65,17,81,14,
499	12	15	2.008	12,77,44,22,37,48,95,36,60,89,20,58,29,16,66,86,15,
499	13	14	1.979	13,22,37,48,95,18,36,60,89,20,58,65,70,47,17,81,14,
499	13	15	1.898	13,44,22,37,48,95,18,36,60,89,20,58,29,16,66,86,15,
499	14	15	1.956	14,81,18,95,36,60,89,20,99,58,29,16,66,25,86,15,
