14	0	2	2.065	0,20,62,77,45,80,56,89,24,76,98,74,28,91,84,79,2,
14	0	3	1.947	0,20,62,77,45,80,56,89,24,76,98,74,90,28,39,91,3,
14	0	4	2.235	0,20,62,77,45,80,56,76,98,65,60,57,17,31,96,18,44,83,4,
14	0	1	2.046	0,20,62,77,45,50,19,71,61,92,48,24,89,56,80,1,
14	0	5	2.318	0,20,62,77,45,80,56,89,24,76,98,65,60,57,17,31,96,88,94,86,5,
14	0	11	2.374	0,20,77,62,50,48,61,92,47,59,54,66,49,78,37,43,30,41,23,11,
14	0	6	2.343	0,20,62,77,45,80,56,89,24,76,98,65,60,57,17,31,96,70,99,53,6,
14	0	8	2.618	0,20,62,77,45,80,56,89,24,47,59,54,42,51,38,97,75,16,72,63,52,8,
14	0	7	2.546	0,20,62,77,45,80,56,76,98,65,60,57,17,31,96,70,99,53,25,7,
14	0	10	2.512	0,20,62,77,45,50,48,71,61,92,47,59,54,66,49,78,37,43,30,23,41,10,
14	0	9	2.539	0,20,62,77,45,50,48,92,47,59,54,66,49,78,42,51,38,97,75,16,64,40,9,
14	0	14	1.975	0,20,62,77,45,80,56,89,24,50,48,92,61,71,19,14,
14	1	3	2.221	1,77,20,62,45,80,56,89,24,76,98,74,90,28,39,91,3,
14	0	15	1.777	0,20,62,77,45,80,56,89,24,50,48,92,61,71,19,15,
14	1	2	2.246	1,80,45,77,20,62,68,19,71,50,48,24,89,56,69,2,
14	0	13	2.169	0,20,62,77,45,80,56,89,76,24,48,50,71,61,81,46,85,13,
14	1	7	2.682	1,69,95,79,84,91,28,39,82,44,18,96,70,99,94,86,53,25,7,
14	1	8	2.721	1,80,56,89,24,47,59,54,66,49,78,42,51,38,97,75,16,72,63,52,8,
14	1	4	2.514	1,69,95,79,84,91,82,39,28,90,31,17,70,96,88,18,44,83,4,
14	0	12	2.259	0,20,62,77,45,80,56,89,24,48,50,71,61,81,85,55,32,35,12,
14	1	5	2.497	1,69,95,79,84,91,82,39,28,90,18,96,31,17,70,99,94,86,5,
14	1	6	2.576	1,69,95,79,84,91,82,39,28,74,90,31,18,96,70,99,94,86,53,6,
14	1	15	2.365	1,0,20,62,77,45,80,56,89,76,24,92,61,48,50,71,19,68,15,
14	1	13	2.517	1,77,20,62,45,80,56,89,24,48,50,71,61,92,81,85,55,13,
14	2	3	2.273	2,79,84,91,82,39,28,90,31,96,88,18,44,83,93,3,
14	2	4	2.049	2,79,84,91,82,39,28,74,90,31,96,88,18,44,83,4,
14	2	5	2.315	2,79,84,91,82,39,28,90,60,57,17,31,96,70,99,86,94,5,
14	1	10	2.656	1,77,20,62,50,48,71,61,92,47,59,54,66,49,78,37,43,30,23,41,10,
14	1	11	2.655	1,80,56,89,76,98,65,60,57,21,33,36,54,59,66,49,78,26,22,11,
14	2	6	2.388	2,79,84,91,82,39,28,90,60,57,17,31,96,88,94,86,99,53,6,
14	1	14	2.394	1,77,20,62,45,80,56,89,76,24,48,50,71,61,81,85,46,14,
14	1	12	2.603	1,77,20,62,50,48,71,61,92,47,59,54,66,49,78,26,22,32,35,12,
14	1	9	2.709	1,80,56,89,24,48,50,71,61,92,47,59,54,42,51,38,97,75,16,64,40,9,
14	2	15	2.416	2,69,56,76,24,89,80,45,77,20,62,50,48,92,61,71,19,15,
14	3	4	1.992	3,84,91,82,39,28,90,31,17,70,96,88,18,44,83,4,
14	2	13	2.669	2,79,84,28,90,60,21,33,36,54,59,66,49,78,26,22,55,13,
14	3	5	2.023	3,84,91,82,39,28,74,90,31,18,88,96,70,99,86,94,5,
14	2	8	2.649	2,79,84,91,39,28,90,31,17,57,60,21,33,58,73,27,52,8,
14	2	7	2.566	2,79,84,91,82,39,28,90,31,18,88,96,70,99,94,86,53,25,7,
14	2	11	2.497	2,79,84,91,28,90,60,21,33,36,54,59,66,49,78,26,22,11,
14	2	10	2.59	2,79,84,28,90,60,21,33,36,54,59,66,49,78,37,43,30,23,41,10,
14	2	9	2.591	2,79,84,91,39,28,90,60,21,33,58,73,27,72,75,16,64,40,9,
14	2	14	2.647	2,79,84,91,28,90,60,21,33,36,54,59,66,49,81,85,46,14,
14	2	12	2.573	2,79,84,91,28,90,60,21,33,36,54,59,66,49,78,26,22,32,12,
14	4	5	1.854	4,93,82,39,28,74,90,31,18,88,96,70,99,86,94,5,
14	3	13	2.494	3,91,82,39,28,90,60,21,33,36,54,59,66,49,78,81,85,13,
14	3	15	2.482	3,84,91,82,39,28,90,74,98,76,56,89,24,48,50,71,19,68,15,
14	3	7	2.353	3,84,91,82,39,28,90,31,18,88,96,70,99,94,86,53,25,7,
14	3	6	1.976	3,91,82,39,28,74,90,31,18,96,70,99,94,86,53,6,
14	3	8	2.601	3,91,28,90,60,21,33,36,54,42,51,38,97,75,16,72,63,52,8,
14	3	10	2.365	3,91,28,90,60,21,33,36,54,59,66,49,78,37,43,30,23,41,10,
14	3	11	2.423	3,84,91,39,28,90,60,57,21,33,36,54,59,66,49,78,26,22,11,
14	3	9	2.442	3,91,39,28,90,60,21,33,36,59,54,42,51,38,97,75,16,40,9,
14	3	14	2.471	3,91,39,28,90,60,21,33,36,54,59,66,49,78,81,85,46,14,
14	3	12	2.444	3,84,91,39,28,90,60,57,21,33,36,54,59,66,49,78,26,22,35,12,
14	5	6	1.933	5,86,94,88,96,18,31,60,21,57,17,70,99,53,6,
14	4	13	2.523	4,83,44,18,96,31,17,57,60,21,33,36,54,59,66,49,81,85,13,
14	4	6	1.796	4,93,82,39,28,74,90,31,96,70,99,94,86,53,6,
14	4	7	2.307	4,83,82,39,28,90,60,57,17,31,18,96,70,99,53,25,7,
14	4	8	2.424	4,83,44,88,96,18,31,17,57,60,21,33,58,73,27,63,52,8,
14	4	15	2.535	4,83,44,18,31,17,57,60,65,98,76,24,89,56,80,45,77,20,62,68,15,
14	4	9	2.333	4,83,44,18,31,17,57,21,33,36,54,42,51,38,97,75,16,40,9,
14	4	10	2.325	4,83,44,18,31,57,21,33,36,54,59,66,49,78,37,43,30,23,41,10,
14	4	14	2.508	4,83,44,88,96,31,17,57,21,33,36,54,59,66,49,78,81,85,46,14,
14	4	11	2.528	4,83,44,88,96,31,17,57,21,33,36,54,59,66,49,78,37,43,30,41,11,
14	4	12	2.54	4,83,44,88,96,31,17,57,60,21,33,36,54,59,66,49,78,26,22,32,35,12,
14	5	8	2.099	5,86,94,88,96,31,60,57,21,33,58,73,27,52,8,
14	5	7	2.041	5,86,94,88,96,18,31,60,57,17,70,99,53,25,7,
14	6	7	2.047	6,53,99,70,96,31,57,21,33,58,73,27,67,87,7,
14	6	8	2.047	6,53,99,70,96,31,60,21,33,58,73,27,52,8,
14	5	13	2.464	5,94,86,99,70,17,57,21,33,36,54,59,66,49,78,26,22,55,13,
14	5	15	2.494	5,86,94,88,96,31,17,57,60,65,98,76,89,56,80,45,77,20,62,68,15,
14	5	10	2.281	5,86,94,88,96,31,17,57,21,33,58,73,51,38,43,30,23,41,10,
14	5	9	2.242	5,86,94,88,96,31,57,21,33,58,73,27,72,75,16,64,40,9,
14	5	14	2.479	5,86,94,88,96,31,17,57,21,33,36,54,59,66,49,78,81,85,46,14,
14	5	11	2.409	5,94,86,99,70,96,31,17,57,21,33,36,54,59,66,49,78,26,22,11,
14	5	12	2.471	5,86,94,88,96,18,31,17,57,21,33,36,54,59,66,49,78,26,22,32,35,12,
14	7	8	2.294	7,25,87,67,27,58,73,51,38,97,75,16,72,63,52,8,
14	7	9	2.204	7,87,67,27,73,58,36,54,42,51,38,97,75,16,64,40,9,
14	6	13	2.519	6,53,99,70,96,31,60,21,33,36,54,59,66,49,78,26,22,55,13,
14	7	10	2.289	7,87,67,27,73,58,33,36,54,59,66,49,78,37,43,30,41,10,
14	6	9	2.146	6,53,99,70,17,57,21,33,58,73,51,38,97,75,16,40,9,
14	6	10	2.196	6,53,99,70,17,57,21,33,36,54,42,51,38,43,30,23,41,10,
14	6	15	2.538	6,53,99,70,96,31,17,57,21,33,36,54,59,66,47,92,61,71,19,15,
14	7	11	2.392	7,87,67,27,73,58,33,36,54,59,66,49,78,37,43,30,41,23,11,
14	6	11	2.301	6,53,99,70,96,31,17,57,21,33,36,54,59,66,49,78,26,22,11,
14	6	12	2.322	6,53,99,70,96,31,17,57,21,33,36,54,59,66,49,78,26,22,35,12,
14	6	14	2.633	6,53,99,70,96,31,17,57,60,21,33,36,54,59,66,49,78,81,85,46,14,
14	8	9	2.244	8,52,27,73,58,33,36,59,54,42,38,97,75,16,40,9,
14	7	13	2.677	7,25,53,99,70,17,57,21,33,36,54,59,66,49,78,26,22,55,13,
14	8	10	2.222	8,52,63,72,64,16,75,97,38,51,42,37,26,43,30,23,41,10,
14	8	13	2.598	8,52,63,72,64,16,75,97,38,51,42,54,59,66,49,78,26,22,32,55,13,
14	8	11	2.199	8,52,63,72,16,75,97,38,51,42,54,59,66,49,78,26,22,11,
14	7	15	2.742	7,25,53,99,70,17,57,60,65,98,76,24,89,56,80,45,77,20,62,68,15,
14	8	15	2.637	8,52,63,72,16,75,97,38,51,42,54,59,66,47,92,61,48,50,71,19,15,
14	7	12	2.46	7,25,53,99,70,17,57,21,33,36,54,59,66,49,78,26,22,35,12,
14	8	12	2.38	8,52,63,72,64,16,75,97,38,51,42,54,59,66,49,78,26,22,32,35,12,
14	8	14	2.589	8,52,63,72,64,16,75,97,43,38,51,42,54,59,66,49,78,81,85,46,14,
14	7	14	2.706	7,25,53,99,70,96,31,57,21,33,36,54,59,66,49,81,85,46,14,
14	10	13	2.077	10,41,23,30,43,97,51,42,54,59,66,49,78,81,85,13,
14	9	10	1.928	9,40,29,64,16,75,72,97,38,51,42,37,43,30,23,41,10,
14	9	11	1.934	9,40,64,16,75,97,38,51,42,54,59,66,49,78,26,22,11,
14	10	11	1.934	10,41,30,43,97,38,51,42,54,59,66,49,78,26,22,11,
14	9	13	2.366	9,40,64,16,75,97,38,51,42,54,59,66,49,78,37,26,22,32,55,13,
14	10	12	1.903	10,41,23,30,43,38,51,42,54,59,66,49,78,26,22,35,12,
14	9	12	1.913	9,40,64,16,75,97,38,42,54,59,66,49,78,26,22,35,12,
14	10	15	2.427	10,41,23,30,43,97,38,51,42,78,49,66,54,59,47,92,61,48,50,19,15,
14	10	14	2.452	10,34,40,64,16,75,72,97,38,51,42,54,59,66,49,78,81,85,46,14,
14	9	15	2.623	9,40,64,16,75,72,97,43,38,51,42,78,49,66,54,59,47,92,61,48,50,19,15,
14	9	14	2.616	9,40,64,16,75,97,38,51,42,54,59,66,49,78,26,22,32,55,85,46,14,
14	11	15	2.147	11,22,26,78,49,66,54,59,47,92,61,48,50,71,19,15,
14	14	15	2.134	14,19,71,61,48,50,24,89,56,80,45,77,20,62,68,15,
14	13	15	2.21	13,85,81,61,71,50,48,24,89,56,80,45,77,62,68,15,
14	12	15	2.052	12,35,32,22,26,78,49,66,54,59,47,92,61,71,19,15,
14	11	13	2.175	11,23,41,30,43,38,51,42,54,59,66,49,78,81,55,13,
14	12	13	2.196	12,32,22,26,37,43,38,51,42,54,59,66,49,81,85,13,
14	11	12	1.978	11,23,41,30,43,38,51,42,54,59,66,49,78,26,22,35,12,
14	12	14	2.163	12,35,22,26,37,38,51,42,54,59,66,49,78,81,85,46,14,
14	13	14	2.364	13,55,32,22,26,37,38,51,42,54,59,66,81,85,46,14,
14	11	14	2.16	11,23,41,30,43,38,51,42,54,59,66,49,78,81,85,46,14,
