357	0	1	2.318	0,85,64,88,63,84,18,42,69,45,41,80,76,33,1,
357	0	2	2.339	0,85,67,77,45,69,23,70,87,89,78,99,66,25,29,2,
357	0	3	2.265	0,85,67,77,84,18,42,69,23,70,87,89,78,99,66,25,82,3,
357	0	4	2.353	0,85,67,77,84,18,42,83,69,23,70,87,89,78,99,66,25,82,4,
357	0	5	2.554	0,85,67,46,64,88,63,84,18,42,83,69,45,23,70,87,89,57,56,5,
357	0	6	2.501	0,85,67,77,84,18,42,83,69,98,34,49,32,95,26,38,51,37,31,6,
357	0	7	2.505	0,85,67,77,84,18,42,83,34,49,32,95,26,38,51,37,20,58,59,24,7,
357	0	8	2.67	0,85,67,46,64,88,63,84,18,42,69,98,34,49,32,95,79,90,48,36,8,
357	0	9	2.724	0,85,67,46,64,88,73,61,60,84,18,72,68,22,92,86,40,47,39,55,9,
357	0	10	2.56	0,85,67,46,64,88,63,84,18,72,68,22,92,86,40,47,39,62,17,93,10,
357	0	11	2.477	0,85,46,64,88,63,73,61,60,84,18,72,68,22,92,86,40,19,53,11,
357	0	12	2.147	0,85,67,77,84,18,72,68,22,92,86,40,19,53,74,12,
357	0	13	2.152	0,43,33,71,76,67,46,64,88,63,73,61,81,16,96,50,13,
357	0	14	2.204	0,43,33,71,76,67,46,64,88,63,73,61,60,81,16,14,
357	0	15	2.334	0,43,33,71,76,67,46,64,88,63,60,81,16,61,73,15,
357	1	2	2.157	1,33,76,80,41,23,70,87,89,78,99,66,25,29,2,
357	1	3	2.017	1,33,71,76,80,41,23,70,87,89,78,99,66,25,82,3,
357	1	4	2.049	1,33,71,76,80,41,23,70,87,89,78,99,66,25,82,4,
357	1	5	2.553	1,33,71,80,41,45,69,98,34,49,32,95,26,38,51,37,31,52,5,
357	1	6	2.423	1,33,76,80,41,45,69,98,34,49,32,95,26,38,51,37,20,31,6,
357	1	7	2.507	1,33,76,80,41,45,69,98,34,49,32,95,26,38,51,37,20,58,59,24,7,
357	1	8	2.683	1,33,76,80,41,66,99,78,89,87,70,98,34,32,95,79,90,48,36,8,
357	1	9	2.713	1,33,76,80,41,66,99,78,89,87,98,34,32,95,79,90,48,55,9,
357	1	10	2.707	1,43,67,46,64,88,63,84,18,72,68,22,92,86,40,47,39,62,17,93,10,
357	1	11	2.604	1,33,71,80,41,45,69,42,18,84,72,68,22,92,86,40,19,53,11,
357	1	12	2.53	1,43,67,46,64,88,63,84,18,72,68,22,92,86,40,19,53,74,12,
357	1	13	2.522	1,33,71,76,80,41,45,69,83,42,18,84,60,61,81,16,96,50,13,
357	1	14	2.085	1,33,71,76,43,67,46,64,88,63,73,61,60,81,16,14,
357	1	15	2.244	1,33,76,80,41,45,69,83,42,18,84,63,64,88,15,
357	2	3	2.241	2,29,80,41,45,69,34,98,87,89,78,99,66,25,3,
357	2	4	2.228	2,29,80,41,25,82,66,99,78,89,87,57,56,75,4,
357	2	5	2.179	2,29,25,66,99,78,57,97,65,51,37,20,31,52,5,
357	2	6	2.335	2,29,25,66,99,78,89,87,98,34,49,32,95,26,38,51,37,31,6,
357	2	7	2.475	2,29,25,66,99,78,89,87,98,34,32,95,26,38,51,37,20,58,59,24,7,
357	2	8	2.588	2,29,25,82,66,99,78,89,87,70,23,98,34,49,32,95,79,90,48,36,8,
357	2	9	2.553	2,29,25,82,66,99,78,89,87,98,34,49,32,95,79,90,48,55,9,
357	2	10	2.655	2,29,80,41,45,69,83,42,18,84,72,68,22,92,86,47,39,62,10,
357	2	11	2.674	2,29,80,41,45,69,83,42,18,84,72,35,68,22,92,86,40,19,53,11,
357	2	12	2.586	2,29,80,41,45,69,83,42,18,84,72,68,22,92,86,40,19,74,12,
357	2	13	2.541	2,29,25,66,99,78,89,87,70,23,69,83,42,18,84,60,81,16,96,13,
357	2	14	2.438	2,29,25,66,99,78,89,87,70,23,69,42,18,84,60,81,16,14,
357	2	15	2.423	2,29,80,41,45,69,83,42,18,84,60,73,63,64,88,21,15,
357	3	4	2.133	3,82,25,66,99,78,89,87,65,97,51,30,57,56,75,4,
357	3	5	1.955	3,82,25,66,99,78,57,97,65,51,37,20,31,52,5,
357	3	6	1.811	3,82,25,66,99,78,89,57,97,65,51,37,20,31,6,
357	3	7	2.24	3,82,25,66,99,78,89,87,98,34,49,32,95,26,38,51,37,20,59,24,7,
357	3	8	2.339	3,82,25,66,99,78,89,87,70,23,69,98,34,49,32,95,79,90,48,8,
357	3	9	2.459	3,82,25,66,99,78,89,87,70,23,69,98,34,32,95,79,90,48,55,9,
357	3	10	2.587	3,82,25,66,99,78,89,87,70,23,69,42,18,72,68,22,92,47,39,62,10,
357	3	11	2.595	3,82,25,66,99,78,89,87,70,23,69,83,42,18,84,72,35,28,44,19,53,11,
357	3	12	2.447	3,82,25,66,99,78,89,87,70,23,45,69,42,18,72,35,28,27,44,74,12,
357	3	13	2.261	3,82,25,66,99,78,89,87,70,23,69,42,18,84,60,81,16,96,13,
357	3	14	2.211	3,82,25,66,99,78,89,87,70,23,69,83,42,18,84,60,61,14,
357	3	15	2.236	3,82,25,66,99,78,89,87,70,23,69,42,18,84,63,64,88,15,
357	4	5	1.987	4,82,25,66,99,78,57,97,65,51,37,20,31,52,5,
357	4	6	1.839	4,82,25,66,99,78,89,87,57,97,65,51,37,31,6,
357	4	7	1.949	4,82,25,66,99,78,89,87,65,97,30,51,37,20,58,59,24,7,
357	4	8	2.223	4,82,25,66,99,78,89,87,70,98,34,49,32,95,79,90,48,36,8,
357	4	9	2.343	4,82,25,66,99,78,89,87,98,34,49,32,26,95,79,90,48,55,9,
357	4	10	2.468	4,82,25,66,99,78,89,87,70,23,69,83,22,92,86,47,39,62,10,
357	4	11	2.56	4,82,25,66,99,78,89,87,70,23,69,83,72,68,22,92,86,40,19,53,11,
357	4	12	2.511	4,82,25,66,99,78,89,87,70,23,45,69,42,18,84,72,35,28,44,74,12,
357	4	13	2.414	4,82,25,66,99,78,89,87,70,23,45,69,83,42,18,84,60,81,16,96,13,
357	4	14	2.246	4,82,25,66,99,78,89,87,70,23,69,42,18,84,60,81,16,14,
357	4	15	2.324	4,82,25,66,99,78,89,87,70,23,69,83,42,18,84,63,64,88,15,
357	5	6	2.114	5,75,56,57,89,87,98,34,49,32,95,38,51,37,31,6,
357	5	7	2.263	5,52,31,20,37,51,38,26,95,79,90,48,36,54,24,59,58,7,
357	5	8	2.421	5,52,31,20,58,24,59,37,51,30,97,65,26,95,79,90,48,36,8,
357	5	9	2.576	5,52,31,20,37,51,30,97,65,26,95,32,34,49,79,90,48,55,9,
357	5	10	2.543	5,52,31,37,51,38,26,95,32,49,92,22,86,47,39,62,17,93,10,
357	5	11	2.559	5,52,31,20,37,51,38,26,95,32,49,92,22,68,35,28,44,19,53,11,
357	5	12	2.65	5,56,57,89,87,70,23,45,69,83,42,18,72,68,22,92,86,40,19,74,12,
357	5	13	2.693	5,56,57,89,87,70,23,45,69,83,42,18,84,60,63,73,61,81,16,96,50,13,
357	5	14	2.679	5,56,66,99,78,89,87,70,23,45,69,83,42,18,84,60,73,61,81,16,14,
357	5	15	2.556	5,56,57,89,87,70,23,69,83,42,18,84,60,61,73,63,64,88,21,15,
357	6	7	1.939	6,20,37,51,38,26,95,79,90,48,36,54,24,59,58,7,
357	6	8	2.128	6,31,37,51,30,97,65,26,95,32,34,49,79,90,48,36,8,
357	6	9	2.249	6,31,37,51,30,97,65,26,95,32,34,49,79,90,48,55,9,
357	6	10	2.28	6,31,37,51,38,26,95,32,49,92,22,68,86,40,47,39,62,10,
357	6	11	2.412	6,31,37,51,38,26,95,32,49,34,92,22,68,35,28,27,44,19,53,11,
357	6	12	2.41	6,31,37,51,38,26,95,32,49,34,92,22,68,35,28,27,44,19,74,12,
357	6	13	2.533	6,31,37,51,38,26,95,32,34,98,69,83,42,18,84,60,81,16,96,50,13,
357	6	14	2.539	6,31,20,37,51,38,26,95,32,49,34,98,69,83,42,18,84,60,81,16,14,
357	6	15	2.513	6,31,37,51,38,26,95,32,49,34,98,69,83,42,18,84,63,64,88,21,15,
357	7	8	1.776	7,24,59,58,20,37,51,97,65,26,95,79,90,48,36,8,
357	7	9	1.853	7,24,59,58,20,37,51,38,26,95,32,79,90,48,55,9,
357	7	10	2.109	7,24,58,59,94,51,38,26,95,32,49,47,39,62,17,93,10,
357	7	11	2.211	7,24,58,20,37,51,38,26,95,32,49,92,22,86,40,19,53,11,
357	7	12	2.28	7,24,59,58,20,37,51,38,26,95,32,49,92,22,68,35,28,44,74,12,
357	7	13	2.501	7,24,59,58,20,37,51,38,26,95,32,49,34,83,42,18,84,60,81,16,96,13,
357	7	14	2.53	7,24,59,58,20,37,51,38,26,95,32,49,34,69,42,18,84,60,81,16,14,
357	7	15	2.512	7,24,59,58,20,37,51,38,26,95,32,49,34,83,42,18,84,63,88,64,21,15,
357	8	9	2.123	8,36,54,24,59,37,51,38,26,95,32,79,90,48,55,9,
357	8	10	2.187	8,36,48,90,79,95,32,49,92,22,86,40,47,39,62,10,
357	8	11	2.261	8,36,48,90,79,95,32,49,92,22,68,35,28,27,44,19,53,11,
357	8	12	2.309	8,36,48,90,79,95,26,32,49,92,22,68,35,28,44,19,74,12,
357	8	13	2.317	8,36,48,90,79,95,32,49,34,83,42,18,84,60,81,16,96,13,
357	8	14	2.529	8,36,48,90,79,95,26,32,49,34,98,69,83,42,18,84,60,81,16,14,
357	8	15	2.592	8,36,48,90,79,95,26,32,49,34,98,69,83,42,18,84,63,64,88,21,15,
357	9	10	2.27	9,55,39,47,86,92,22,68,35,28,27,44,19,17,93,10,
357	9	11	2.163	9,55,39,47,86,92,22,68,72,35,28,27,44,19,53,11,
357	9	12	2.307	9,55,48,90,79,95,26,32,49,92,22,68,35,28,44,74,12,
357	9	13	2.262	9,55,39,47,86,92,22,68,72,18,84,60,81,16,96,50,13,
357	9	14	2.56	9,55,48,90,79,95,32,49,34,98,69,83,42,18,84,60,81,16,14,
357	9	15	2.495	9,55,39,47,86,92,22,68,72,18,84,60,61,73,63,88,64,21,15,
357	10	11	1.969	10,62,39,47,40,86,92,22,68,35,28,27,44,19,53,11,
357	10	12	2.074	10,93,17,62,39,47,86,92,22,68,35,28,27,44,19,74,12,
357	10	13	2.103	10,93,17,62,39,47,86,92,22,68,35,28,27,81,16,50,13,
357	10	14	2.273	10,93,17,62,39,47,40,86,92,22,68,72,18,84,60,81,16,14,
357	10	15	2.336	10,93,17,62,39,47,40,86,92,22,68,72,18,84,63,64,88,21,15,
357	11	12	2.03	11,93,17,62,39,47,40,86,22,68,35,28,27,44,74,12,
357	11	13	2.022	11,53,19,40,86,92,22,68,72,18,84,60,81,16,96,13,
357	11	14	2.055	11,53,19,40,86,92,22,68,35,28,27,81,16,61,73,14,
357	11	15	2.313	11,53,19,40,86,92,22,68,35,28,27,81,16,61,73,63,64,88,15,
357	12	13	2.02	12,74,19,40,86,92,22,68,72,18,84,60,81,16,96,13,
357	12	14	2.059	12,74,19,40,86,92,22,68,35,72,18,84,60,81,16,14,
357	12	15	2.036	12,74,19,40,86,92,22,68,72,18,84,63,64,88,21,15,
357	13	14	2.175	13,50,16,81,27,28,35,68,22,72,18,84,60,73,61,14,
357	13	15	2.12	13,50,96,16,81,60,61,73,63,88,64,46,67,43,85,21,15,
357	14	15	2.138	14,16,81,61,73,60,84,18,42,77,67,46,64,88,21,15,
