170	0	2	2.193	0,54,51,88,63,71,27,23,26,77,33,86,28,73,52,2,
170	0	3	2.485	0,54,51,88,77,37,55,62,92,19,36,16,29,97,72,98,3,
170	0	1	2.315	0,54,51,88,63,71,27,23,26,77,33,86,28,73,52,1,
170	0	4	2.496	0,54,51,88,77,37,55,62,92,19,36,16,29,32,91,97,72,98,4,
170	0	7	2.742	0,54,51,88,27,23,26,41,38,78,30,25,49,60,84,64,50,74,7,
170	0	8	2.648	0,54,51,88,27,23,26,41,38,53,95,78,30,25,24,93,17,90,8,
170	0	6	2.728	0,54,51,88,27,23,26,77,37,55,62,92,19,36,16,59,44,21,6,
170	0	5	2.623	0,54,51,88,63,27,23,26,37,55,62,92,19,36,16,29,91,32,5,
170	0	9	2.491	0,54,51,88,27,23,26,41,38,78,30,25,24,93,17,60,90,42,69,9,
170	0	11	2.349	0,54,51,88,27,23,26,41,53,95,78,30,25,82,66,67,56,75,57,61,11,
170	0	10	2.452	0,54,51,88,27,23,26,41,38,80,75,56,67,66,82,65,24,93,81,68,10,
170	0	15	2.414	0,54,51,88,27,23,26,41,39,58,94,87,18,35,63,15,
170	0	14	2.133	0,54,51,88,27,23,26,41,39,58,94,87,71,35,18,14,
170	1	3	2.374	1,52,73,40,62,55,47,19,36,16,29,97,91,72,98,31,3,
170	1	4	2.309	1,52,73,28,86,40,62,55,47,19,36,16,29,91,97,72,98,4,
170	0	13	2.409	0,54,51,88,63,27,23,26,41,53,38,80,56,75,96,58,94,13,
170	1	2	2.583	1,0,54,51,88,63,71,27,23,26,77,33,86,28,73,52,2,
170	1	8	2.88	1,28,40,62,55,83,46,34,45,49,78,30,25,24,93,17,60,90,8,
170	1	7	2.896	1,28,40,62,55,83,46,22,34,45,49,17,60,84,64,50,74,76,7,
170	0	12	2.367	0,54,51,88,63,27,23,26,41,38,53,95,78,30,25,82,66,67,56,75,12,
170	1	5	2.628	1,52,73,28,40,62,55,83,89,47,92,19,36,16,29,97,91,32,5,
170	1	6	2.678	1,52,73,28,86,40,62,55,47,19,36,16,29,91,32,59,44,21,6,
170	1	14	2.258	1,52,73,28,86,33,77,26,23,27,63,71,87,35,18,14,
170	1	13	2.645	1,28,40,62,55,83,46,45,49,30,25,82,66,67,56,75,96,58,13,
170	1	12	2.483	1,28,40,62,55,83,46,22,34,45,49,78,30,25,82,66,67,56,75,12,
170	2	4	2.063	2,52,73,28,40,62,55,47,19,36,16,29,97,91,72,98,4,
170	2	3	2.268	2,52,73,40,62,55,47,19,36,16,29,91,97,72,98,31,3,
170	1	15	2.361	1,52,73,28,86,33,77,26,23,27,71,63,88,51,54,15,
170	1	11	2.475	1,28,40,62,55,83,46,22,34,45,49,78,30,25,82,67,66,65,99,11,
170	1	9	2.665	1,28,40,62,55,83,46,34,45,49,78,30,25,24,93,17,90,42,69,9,
170	1	10	2.565	1,52,73,28,40,62,55,83,46,22,34,45,49,78,30,25,24,93,81,10,
170	2	5	2.408	2,52,73,28,86,40,62,55,47,92,19,36,16,29,91,48,32,5,
170	2	6	2.437	2,52,73,28,86,40,92,19,36,16,29,97,91,32,59,44,21,6,
170	2	14	2.136	2,52,73,28,86,33,77,26,23,27,63,71,87,35,18,14,
170	2	12	2.416	2,52,73,40,62,55,83,46,22,34,45,49,30,25,82,67,56,75,12,
170	2	13	2.686	2,52,73,40,62,55,83,46,34,45,49,30,25,82,66,67,56,75,96,58,13,
170	3	4	2.138	3,31,85,79,92,19,36,16,29,32,48,91,97,43,72,98,4,
170	2	15	2.239	2,52,73,28,86,33,77,26,23,27,71,63,88,51,54,15,
170	3	5	2.252	3,31,98,72,48,91,97,43,85,79,92,19,36,16,29,32,5,
170	2	7	2.759	2,52,73,79,92,19,36,16,29,97,91,32,59,44,21,70,20,76,7,
170	2	11	2.425	2,52,73,40,62,55,83,46,34,45,49,78,30,25,82,67,66,65,99,11,
170	2	9	2.651	2,52,73,40,62,55,83,46,22,34,45,49,78,30,25,24,93,81,42,69,9,
170	2	8	2.865	2,52,73,28,40,62,55,83,46,22,34,45,49,30,25,24,93,17,90,8,
170	2	10	2.62	2,52,73,28,86,40,62,55,83,46,22,34,45,49,78,30,25,24,93,81,68,10,
170	3	12	2.432	3,31,85,92,47,83,46,22,34,45,49,78,30,25,82,66,67,56,75,12,
170	3	13	2.635	3,31,79,92,47,83,46,34,45,49,30,25,82,66,67,56,75,96,58,13,
170	3	15	2.505	3,98,72,97,29,16,36,92,62,55,37,26,23,27,63,15,
170	4	5	2.196	4,98,72,48,91,97,43,85,79,92,47,19,36,16,29,32,5,
170	3	14	2.615	3,31,98,72,91,97,29,16,36,19,92,62,55,37,26,23,27,71,35,18,14,
170	3	9	2.541	3,31,98,72,91,97,29,16,36,19,47,83,46,22,34,60,90,42,69,9,
170	3	6	2.162	3,31,79,92,19,36,16,29,97,91,48,32,59,44,21,6,
170	3	8	2.801	3,31,79,92,47,83,46,22,34,45,49,78,30,25,24,93,17,90,8,
170	3	7	2.683	3,31,98,72,91,48,32,29,97,43,36,16,59,44,21,70,20,76,74,7,
170	3	10	2.591	3,98,72,91,97,29,16,36,19,47,83,46,34,45,49,78,30,25,93,81,10,
170	3	11	2.584	3,31,79,92,47,83,46,22,34,45,49,78,30,25,82,66,67,56,75,57,61,11,
170	4	7	2.005	4,98,72,97,91,32,29,16,59,44,21,70,20,76,74,7,
170	4	12	2.34	4,72,43,36,19,47,83,46,22,34,45,49,30,25,82,66,67,56,75,12,
170	4	13	2.555	4,98,72,91,29,16,36,19,47,83,46,22,34,45,95,38,39,58,94,13,
170	4	9	2.284	4,98,72,91,97,29,16,36,19,47,83,46,22,34,60,90,42,69,9,
170	4	6	2.116	4,98,72,43,36,16,29,97,91,48,32,59,70,44,21,6,
170	4	14	2.472	4,98,72,91,97,29,16,36,19,92,62,55,37,26,23,27,63,71,35,18,14,
170	5	6	2.131	5,32,91,97,72,98,85,79,92,19,36,16,59,44,21,6,
170	4	8	2.572	4,98,72,91,97,29,16,36,19,47,83,46,22,34,60,90,42,69,8,
170	4	15	2.512	4,98,72,43,97,91,29,16,36,19,92,62,55,37,26,23,27,63,15,
170	4	10	2.369	4,98,72,43,36,19,47,83,46,22,34,45,49,78,30,25,24,93,81,68,10,
170	4	11	2.405	4,98,72,43,36,19,47,83,46,22,34,45,49,78,30,25,82,67,66,65,99,11,
170	5	9	2.127	5,32,29,16,36,89,83,46,22,34,60,90,42,69,9,
170	5	8	2.258	5,32,29,91,97,43,36,16,59,44,21,70,20,76,74,8,
170	6	8	2.206	6,21,44,70,20,76,74,50,64,84,60,17,90,42,69,8,
170	5	7	2.088	5,32,29,91,97,43,36,16,59,44,21,70,20,76,74,7,
170	6	7	2.34	6,21,44,59,16,36,19,47,83,46,22,64,50,74,76,7,
170	5	12	2.331	5,32,29,16,36,89,83,46,34,45,49,30,25,82,66,67,56,75,12,
170	5	13	2.57	5,32,29,16,89,22,34,45,49,30,25,82,66,67,56,75,96,58,94,13,
170	5	10	2.276	5,32,29,16,36,19,47,83,46,22,34,45,49,30,25,24,93,81,10,
170	5	15	2.669	5,32,91,29,16,36,19,92,62,55,37,26,23,27,63,88,51,54,15,
170	5	11	2.339	5,32,29,16,36,19,47,83,46,22,34,45,49,78,30,25,24,65,99,11,
170	5	14	2.744	5,32,91,97,29,16,36,19,47,83,46,22,34,45,53,41,26,23,71,35,18,14,
170	7	9	2.058	7,74,50,64,84,60,49,78,30,25,24,93,81,42,69,9,
170	6	9	1.918	6,21,44,70,20,76,74,50,64,84,60,17,90,42,69,9,
170	7	8	2.346	7,74,50,64,84,60,49,78,30,25,24,93,81,42,69,8,
170	7	10	2.144	7,74,50,64,84,60,17,93,24,25,30,82,66,65,99,68,10,
170	6	14	2.667	6,21,44,70,64,84,60,17,93,24,82,66,67,56,75,96,58,94,87,14,
170	6	13	2.431	6,21,44,70,64,84,60,17,93,24,65,82,66,67,56,75,96,58,94,13,
170	6	12	2.332	6,21,44,70,20,50,64,84,60,17,93,24,65,82,66,67,56,75,57,12,
170	6	10	2.372	6,21,44,59,16,36,19,47,83,46,34,45,49,30,25,24,93,81,10,
170	6	15	2.764	6,21,44,59,32,91,29,16,36,19,47,55,62,37,26,23,27,63,15,
170	6	11	2.256	6,21,44,70,20,64,84,60,17,93,24,65,82,66,67,56,75,57,61,11,
170	7	11	2.19	7,76,74,50,64,84,60,17,81,93,24,65,82,66,67,56,75,57,61,11,
170	8	9	2.016	8,64,84,60,49,78,30,25,24,93,17,90,42,69,9,
170	8	10	2.096	8,69,42,90,60,17,93,24,25,30,82,67,66,65,68,81,10,
170	8	11	1.999	8,69,42,90,60,17,93,24,65,82,66,67,56,57,61,99,11,
170	8	14	2.343	8,90,60,17,93,24,65,82,66,67,56,80,39,58,94,87,18,14,
170	8	12	2.27	8,69,42,90,17,60,49,78,30,25,24,65,82,66,67,56,61,57,12,
170	7	14	2.469	7,74,50,64,84,60,17,93,24,65,82,66,67,56,75,96,58,94,87,14,
170	8	13	2.361	8,69,42,90,60,17,93,24,25,30,82,66,67,56,75,80,39,58,94,13,
170	8	15	2.529	8,69,42,90,17,93,24,25,30,78,95,53,41,26,23,27,63,15,
170	7	15	2.631	7,74,50,64,84,60,17,93,24,25,30,78,95,53,41,23,27,63,15,
170	7	13	2.418	7,76,74,50,64,84,60,17,93,24,65,82,66,67,56,75,80,39,94,58,13,
170	7	12	2.521	7,74,50,64,22,34,45,49,78,30,25,93,24,65,82,66,67,56,61,57,12,
170	9	10	1.677	9,69,42,90,60,17,93,24,25,30,82,67,66,65,68,10,
170	10	11	1.509	10,68,81,93,24,25,30,82,66,67,56,75,57,61,99,11,
170	9	11	1.484	9,69,42,90,17,93,24,65,82,66,67,56,57,61,11,
170	9	12	1.706	9,69,42,90,60,17,81,93,24,65,82,66,67,56,75,96,12,
170	10	12	1.853	10,68,81,93,24,25,30,82,66,67,56,75,80,39,94,58,96,12,
170	10	13	2.024	10,68,81,93,24,25,30,82,67,66,61,57,75,56,80,39,58,94,13,
170	10	14	2.07	10,81,93,24,65,82,66,67,56,75,80,39,41,26,23,71,35,18,14,
170	9	13	1.96	9,69,42,90,60,17,93,24,65,82,66,67,56,75,80,39,58,94,13,
170	9	14	2.128	9,69,42,90,17,93,24,65,82,66,67,56,80,39,58,94,87,18,14,
170	9	15	2.399	9,69,42,81,93,24,65,82,66,67,56,80,39,41,26,23,27,63,15,
170	10	15	2.444	10,68,81,93,24,65,66,67,82,25,30,49,78,95,53,41,26,23,27,63,15,
170	11	12	1.693	11,99,65,24,93,25,30,82,66,67,56,61,57,75,96,12,
170	11	13	1.643	11,99,65,24,25,30,82,66,67,56,75,80,39,58,94,13,
170	13	14	2.008	13,94,58,96,75,56,80,38,53,41,26,23,71,35,18,14,
170	11	14	1.708	11,99,65,82,66,67,56,75,80,39,58,94,87,35,18,14,
170	12	13	1.793	12,75,56,67,66,82,65,24,25,30,78,80,39,58,94,13,
170	12	14	1.825	12,57,61,65,82,66,67,56,75,96,58,94,87,35,18,14,
170	14	15	2.179	14,18,35,71,87,94,58,39,41,26,23,27,88,51,54,15,
170	13	15	2.159	13,58,94,87,18,35,71,63,27,23,26,77,88,51,54,15,
170	12	15	2.168	12,75,56,67,66,82,65,24,25,30,78,38,41,26,23,27,63,15,
170	11	15	2.233	11,61,57,75,56,67,66,82,25,30,78,95,53,38,41,26,23,27,63,15,
