247	0	3	1.999	0,92,48,84,70,62,55,72,68,58,51,23,39,95,63,89,3,
247	0	4	2.007	0,92,48,84,70,62,55,58,51,23,39,95,89,63,33,19,4,
247	0	1	1.933	0,92,48,84,16,67,61,62,70,17,73,26,28,90,42,1,
247	0	6	2.462	0,92,48,84,62,61,40,99,55,72,69,21,37,86,20,43,52,32,60,6,
247	0	7	2.424	0,92,48,84,62,61,40,99,55,72,69,21,37,86,20,43,52,32,50,7,
247	0	9	2.512	0,92,48,84,62,61,40,99,46,37,86,20,66,47,49,91,97,9,
247	0	11	2.221	0,92,48,84,76,85,41,29,54,36,75,88,27,81,77,94,82,11,
247	0	2	2.063	0,92,48,84,62,70,58,51,23,95,39,17,73,18,2,
247	0	8	2.507	0,92,48,84,70,62,61,40,99,55,72,69,21,37,86,20,66,47,49,8,
247	0	5	2.346	0,92,48,84,70,62,55,58,23,39,95,63,89,33,19,31,5,
247	0	10	2.373	0,92,48,84,70,62,61,67,40,99,46,22,80,38,35,56,96,83,10,
247	0	15	2.141	0,92,48,26,28,90,73,17,70,62,61,67,16,76,71,15,
247	1	3	1.756	1,42,26,28,73,17,58,51,23,39,95,63,33,19,89,3,
247	0	14	2.027	0,92,48,84,62,61,67,16,76,85,41,29,54,36,14,
247	0	13	1.886	0,92,48,84,62,61,67,16,41,29,54,36,75,25,13,
247	1	2	1.991	1,42,26,28,73,17,70,62,55,58,51,23,39,95,18,2,
247	1	4	1.686	1,42,26,28,73,17,58,51,23,39,95,63,89,33,19,4,
247	1	6	2.321	1,42,26,28,73,17,39,95,23,51,68,69,21,37,86,20,98,93,44,60,6,
247	0	12	2.008	0,92,48,84,76,85,41,29,54,36,75,25,88,27,81,87,12,
247	1	8	2.422	1,42,26,28,73,17,39,95,23,51,58,55,72,69,21,37,86,20,66,47,49,8,
247	1	7	2.32	1,42,26,28,73,17,39,95,23,51,58,68,69,21,37,86,20,43,52,32,50,7,
247	1	5	2.22	1,42,26,28,73,17,70,58,51,23,39,95,63,89,33,19,31,5,
247	1	15	2.011	1,42,90,28,26,73,17,70,62,61,67,16,76,85,71,15,
247	1	12	2.156	1,42,28,26,92,48,84,76,85,41,54,36,75,88,27,81,87,12,
247	2	3	1.909	2,18,73,17,70,62,55,58,51,23,39,95,63,89,3,
247	1	11	2.359	1,42,28,26,92,48,84,76,85,41,54,36,75,88,27,81,87,11,
247	2	6	2.159	2,18,39,23,51,58,55,72,69,21,37,86,20,98,93,44,60,6,
247	2	4	1.858	2,18,39,95,23,51,58,68,53,78,59,63,89,33,19,4,
247	1	14	1.963	1,42,90,28,26,73,17,70,62,61,67,16,76,71,85,14,
247	1	9	2.572	1,42,26,28,73,17,39,95,23,51,68,69,21,37,86,20,66,47,49,91,97,9,
247	1	10	2.629	1,42,90,28,26,73,17,70,62,61,67,40,99,46,22,80,38,65,35,56,96,83,10,
247	1	13	2.073	1,42,26,28,73,17,70,62,61,67,16,76,85,41,54,36,75,25,13,
247	2	5	2.194	2,18,39,95,23,51,58,68,53,78,59,63,89,33,19,31,5,
247	2	15	2.129	2,18,90,42,26,28,73,17,70,62,61,67,16,76,71,15,
247	2	12	2.333	2,18,73,17,70,62,61,16,76,85,41,54,36,75,88,27,81,12,
247	3	4	1.815	3,89,63,95,39,23,51,58,55,68,53,78,59,33,19,4,
247	2	7	2.258	2,18,95,39,23,51,58,68,69,21,37,86,24,66,43,52,32,50,7,
247	2	11	2.592	2,18,73,17,70,62,61,67,16,41,29,54,36,75,88,27,81,87,57,11,
247	3	5	2.068	3,89,63,95,39,23,51,58,68,69,21,37,86,20,98,93,44,5,
247	2	10	2.651	2,18,95,39,23,51,58,55,72,69,21,37,86,24,80,38,65,35,56,96,83,10,
247	2	14	2.275	2,18,73,17,70,62,61,67,16,76,85,41,29,54,75,36,14,
247	2	8	2.585	2,18,73,17,39,95,23,51,58,55,72,68,69,21,37,86,20,66,47,30,49,8,
247	2	9	2.649	2,18,95,39,23,51,58,55,72,68,69,21,37,86,20,66,47,30,49,91,97,9,
247	2	13	2.255	2,18,73,17,70,62,61,67,16,76,71,85,41,29,54,36,75,25,13,
247	3	15	2.266	3,89,63,95,39,23,51,68,72,55,99,40,61,67,16,76,71,15,
247	3	6	2.011	3,89,63,95,39,23,51,68,69,21,37,86,20,43,52,32,60,6,
247	3	8	2.101	3,89,63,95,39,23,51,58,68,72,69,21,37,86,20,66,47,49,8,
247	3	12	2.383	3,89,63,95,39,23,51,58,55,99,46,22,79,74,45,94,77,57,87,12,
247	4	5	1.938	4,19,33,63,89,95,39,23,51,58,68,53,78,59,31,5,
247	3	11	2.481	3,89,63,95,39,23,51,58,68,69,21,37,86,24,80,38,45,94,77,82,11,
247	3	7	2.064	3,89,63,95,39,23,51,58,55,72,69,21,37,86,20,43,52,50,7,
247	3	10	2.393	3,89,63,95,39,23,51,58,55,72,69,21,37,86,24,65,35,56,96,83,10,
247	3	9	2.404	3,89,63,95,39,23,51,58,55,72,69,21,37,86,20,66,47,49,91,97,9,
247	3	14	2.218	3,89,63,95,39,23,51,68,72,55,99,40,61,67,16,76,85,14,
247	3	13	2.281	3,89,63,95,39,23,51,58,55,61,67,16,76,85,41,54,36,75,13,
247	4	6	1.916	4,19,33,63,89,95,39,23,51,53,78,98,93,44,60,6,
247	5	6	2.211	5,31,19,33,63,95,39,23,51,53,78,98,93,44,60,6,
247	4	8	2.08	4,19,33,63,95,39,23,51,68,69,21,37,86,20,66,47,49,8,
247	4	15	2.319	4,19,33,63,89,95,39,23,51,58,55,99,40,61,67,16,76,71,15,
247	4	9	2.308	4,19,33,63,95,39,23,51,68,69,21,37,86,20,66,47,97,9,
247	4	12	2.358	4,19,33,63,89,95,39,23,51,58,55,99,79,74,45,94,77,57,87,12,
247	4	7	2.049	4,19,33,63,89,95,39,23,51,68,69,37,86,20,43,52,50,7,
247	4	10	2.346	4,19,33,63,89,95,39,23,51,68,69,21,37,86,24,65,56,96,83,10,
247	4	11	2.43	4,19,33,63,89,95,39,23,51,58,55,72,99,79,74,45,94,77,82,11,
247	4	13	2.326	4,19,33,63,89,95,39,23,51,58,55,61,16,76,85,41,54,36,13,
247	4	14	2.311	4,19,33,63,89,95,39,23,51,58,68,72,55,99,40,67,16,76,85,14,
247	5	8	2.272	5,31,59,95,39,23,51,68,69,21,37,86,20,66,47,49,8,
247	6	8	2.274	6,60,44,93,98,20,86,37,46,22,80,24,66,47,49,8,
247	5	15	2.546	5,31,19,33,63,89,95,39,23,51,58,68,72,55,62,70,84,15,
247	5	7	2.194	5,31,78,23,51,58,68,69,21,37,86,20,43,52,32,50,7,
247	6	7	2.209	6,60,44,93,98,21,37,86,80,24,66,43,52,32,50,7,
247	5	9	2.598	5,31,19,33,63,59,78,53,69,21,37,86,20,66,47,49,91,97,9,
247	5	11	2.652	5,31,19,33,63,89,95,39,23,51,58,55,99,79,74,45,94,82,11,
247	5	10	2.604	5,31,19,33,63,89,95,39,23,51,68,72,46,22,38,35,56,96,83,10,
247	5	12	2.694	5,31,19,33,63,89,95,39,23,51,58,55,99,79,74,45,94,77,57,87,12,
247	5	13	2.562	5,44,93,98,21,37,46,99,40,67,16,76,85,41,29,54,36,75,25,13,
247	5	14	2.583	5,31,19,33,63,89,95,39,23,51,58,55,99,40,61,16,76,85,14,
247	7	10	2.176	7,50,32,52,43,66,20,86,24,80,65,35,56,96,83,10,
247	7	8	2.228	7,50,32,52,43,20,86,37,46,22,80,24,66,47,49,8,
247	7	9	2.336	7,50,32,52,43,20,21,37,86,24,66,47,30,49,91,97,9,
247	6	10	2.42	6,60,44,93,98,20,86,37,21,69,46,22,80,38,35,56,96,83,10,
247	6	15	2.667	6,60,44,93,98,20,86,37,21,69,68,72,55,99,40,61,67,16,76,71,15,
247	6	9	2.558	6,60,44,93,98,21,37,86,20,66,43,52,32,50,30,49,91,97,9,
247	7	11	2.451	7,50,32,52,43,66,20,86,24,80,38,22,79,74,45,94,77,82,11,
247	6	11	2.682	6,60,44,93,98,21,37,86,20,24,80,38,22,79,74,45,94,77,57,82,11,
247	6	12	2.685	6,60,44,93,98,21,37,86,20,24,80,38,22,79,74,45,94,77,81,87,12,
247	6	13	2.62	6,60,32,52,43,20,86,37,46,99,40,67,16,76,85,41,29,54,36,75,25,13,
247	6	14	2.791	6,60,44,93,98,21,37,86,20,24,80,38,22,46,99,40,61,67,16,76,85,14,
247	8	9	2.427	8,49,47,66,20,86,21,37,46,22,80,38,35,56,96,9,
247	8	10	2.264	8,49,47,66,20,86,21,37,46,80,38,35,56,96,83,10,
247	8	11	2.513	8,49,47,66,20,86,37,46,22,80,38,79,74,45,94,77,82,11,
247	8	12	2.502	8,49,47,66,24,80,38,22,79,74,45,94,77,57,87,81,27,88,12,
247	7	12	2.465	7,50,32,52,43,66,20,86,24,80,38,22,79,74,45,94,77,57,87,12,
247	8	15	2.759	8,91,97,65,35,45,94,77,81,27,88,25,75,36,54,29,41,85,76,71,15,
247	7	15	2.762	7,50,32,52,43,66,24,20,86,37,21,69,72,55,99,40,61,67,16,76,71,15,
247	8	14	2.459	8,91,97,65,35,45,94,77,81,27,88,25,75,36,54,41,85,14,
247	8	13	2.376	8,91,97,65,35,45,94,77,57,87,81,27,88,29,54,36,75,25,13,
247	7	13	2.454	7,50,32,52,43,20,86,37,46,99,40,67,16,41,29,54,36,75,25,13,
247	7	14	2.679	7,50,32,52,43,66,20,86,37,21,69,68,72,55,99,40,61,67,16,76,85,14,
247	10	12	2.014	10,83,96,56,35,45,94,77,57,87,81,27,88,75,25,12,
247	9	10	2.373	9,97,91,49,47,66,20,86,24,80,38,65,56,96,83,10,
247	9	11	2.41	9,97,91,49,47,66,24,80,38,22,79,74,45,94,77,82,11,
247	10	11	2.333	10,83,96,56,35,65,24,80,38,22,79,74,45,94,77,82,11,
247	10	13	1.778	10,83,96,56,35,45,94,77,57,87,81,27,88,75,25,13,
247	10	15	2.19	10,83,96,64,45,94,77,81,27,88,75,36,54,41,85,76,71,15,
247	9	15	2.45	9,96,64,82,94,77,81,27,88,25,75,36,54,29,41,85,76,71,15,
247	9	12	2.53	9,97,65,35,56,96,64,45,94,77,57,87,81,27,88,75,25,12,
247	10	14	2.05	10,83,64,82,94,77,57,87,81,27,88,75,36,54,29,41,85,14,
247	9	14	2.275	9,96,64,82,94,77,57,87,81,27,88,75,36,54,29,41,85,14,
247	9	13	2.377	9,97,65,35,56,96,83,64,82,94,77,57,87,81,27,88,75,25,13,
247	13	15	1.881	13,25,12,87,81,27,88,75,36,54,29,41,85,76,71,15,
247	11	12	2.09	11,82,94,77,57,87,81,27,88,25,75,54,29,41,36,13,12,
247	14	15	2.239	14,36,75,88,27,81,77,94,45,34,29,54,41,85,71,15,
247	11	13	1.677	11,82,94,77,57,87,81,27,88,25,75,29,41,54,36,13,
247	13	14	1.841	13,25,12,87,81,27,88,75,36,54,29,41,85,76,71,14,
247	12	14	1.525	12,87,81,27,88,25,75,36,54,29,41,85,76,71,14,
247	12	15	1.968	12,87,57,77,94,45,81,27,88,75,36,54,29,41,85,76,71,15,
247	12	13	1.739	12,87,57,77,94,45,81,27,88,25,75,54,29,41,36,13,
247	11	15	2.017	11,82,94,77,57,87,81,27,88,25,75,36,54,29,41,85,76,71,15,
247	11	14	1.977	11,82,94,77,57,87,81,27,88,25,75,36,54,29,41,85,76,71,14,
