262	0	1	2.252	0,78,51,71,37,25,27,92,53,85,28,47,94,76,91,1,
262	0	2	2.018	0,78,46,91,76,82,92,53,36,85,28,47,39,73,45,2,
262	0	3	2.161	0,78,51,71,37,46,91,76,82,92,28,85,36,47,98,3,
262	0	4	2.314	0,78,51,71,37,46,82,92,53,85,28,47,36,42,74,59,38,90,4,
262	0	5	2.434	0,78,51,71,37,46,82,92,53,85,28,47,36,42,87,63,33,48,30,5,
262	0	6	2.471	0,78,46,91,76,94,47,28,85,36,42,87,34,63,33,48,30,19,6,
262	0	7	2.628	0,78,51,71,37,88,52,93,61,60,43,79,70,54,75,29,65,58,22,26,7,
262	0	8	2.522	0,78,51,71,37,93,61,60,43,79,18,41,68,86,44,66,56,95,40,8,
262	0	9	2.439	0,78,51,71,37,88,52,93,61,60,43,79,18,41,68,86,44,66,9,
262	0	10	2.443	0,78,51,71,88,52,93,61,60,43,79,18,41,68,86,49,50,72,62,10,
262	0	11	2.429	0,78,51,37,71,88,52,93,61,31,67,97,57,77,21,96,55,84,83,11,
262	0	12	2.367	0,78,51,71,37,93,61,60,43,79,41,18,31,67,97,77,12,
262	0	13	2.051	0,78,51,71,37,88,52,93,61,31,67,97,77,57,24,13,
262	0	14	2.382	0,78,51,71,88,52,93,61,31,67,97,77,57,24,32,14,
262	0	15	2.49	0,78,51,37,71,88,52,93,61,31,97,67,32,16,81,15,
262	1	2	1.997	1,91,76,82,92,28,85,53,42,74,36,47,39,73,45,2,
262	1	3	2.041	1,91,76,82,92,53,85,28,47,36,42,87,74,59,38,90,3,
262	1	4	1.953	1,91,76,82,92,53,85,28,47,36,42,87,74,59,38,90,4,
262	1	5	2.086	1,91,76,82,92,53,85,28,47,36,42,87,34,63,33,48,30,5,
262	1	6	2.378	1,91,76,82,92,53,85,28,47,36,42,87,34,63,33,48,30,19,35,6,
262	1	7	2.628	1,91,76,82,92,53,36,85,28,47,98,59,74,87,34,17,58,22,26,7,
262	1	8	2.56	1,78,51,71,37,93,61,60,43,79,41,68,86,44,66,56,95,40,8,
262	1	9	2.501	1,91,46,78,51,71,37,93,61,60,43,79,18,41,68,86,44,66,9,
262	1	10	2.579	1,91,46,51,71,37,93,61,60,43,79,41,68,86,66,44,49,50,72,62,10,
262	1	11	2.535	1,91,46,78,51,37,71,88,52,93,61,31,67,97,77,21,96,55,84,83,11,
262	1	12	2.448	1,91,76,82,46,51,71,37,88,52,93,61,31,32,67,97,77,57,12,
262	1	13	2.27	1,91,46,78,51,71,37,88,52,93,61,31,67,97,77,57,24,13,
262	1	14	2.503	1,91,76,45,73,39,94,82,46,78,51,71,37,88,52,81,16,14,
262	1	15	2.3	1,45,73,39,94,82,76,91,46,78,51,71,37,88,52,15,
262	2	3	1.75	2,45,73,39,47,28,85,36,42,87,63,59,38,90,3,
262	2	4	1.662	2,45,73,39,47,28,85,36,42,87,63,59,38,90,4,
262	2	5	1.594	2,45,73,39,47,28,85,36,42,87,63,33,48,30,5,
262	2	6	2.087	2,45,73,39,47,28,85,36,53,42,87,34,63,33,48,30,19,35,6,
262	2	7	2.226	2,45,73,39,47,28,85,36,53,42,87,63,34,17,58,22,26,7,
262	2	8	2.552	2,45,73,39,47,28,85,36,42,87,34,17,58,22,23,69,56,95,40,89,8,
262	2	9	2.44	2,45,73,39,47,28,85,36,42,87,34,17,22,23,69,89,40,95,9,
262	2	10	2.476	2,73,39,47,28,85,36,42,87,34,17,58,65,99,66,44,49,50,72,62,10,
262	2	11	2.527	2,73,39,47,28,85,53,27,25,64,60,43,79,18,41,68,86,84,55,83,11,
262	2	12	2.47	2,73,45,76,91,46,78,51,71,37,88,52,93,61,31,67,97,77,57,12,
262	2	13	2.471	2,73,45,76,82,46,78,51,71,37,88,52,93,61,31,67,97,24,13,
262	2	14	2.419	2,73,39,47,28,85,36,53,92,82,46,78,51,71,88,52,81,16,14,
262	2	15	2.032	2,45,73,39,94,82,76,91,46,78,51,71,37,88,52,15,
262	3	4	1.682	3,98,47,28,85,36,42,87,34,63,74,59,38,90,4,
262	3	5	1.665	3,98,47,28,85,36,53,42,87,34,63,33,48,30,5,
262	3	6	2.051	3,90,38,98,47,28,85,36,53,42,87,63,33,48,30,19,35,6,
262	3	7	2.144	3,90,38,98,47,28,85,36,53,42,87,34,17,58,22,26,7,
262	3	8	2.416	3,90,38,98,47,28,85,36,42,87,34,17,22,23,69,89,40,8,
262	3	9	2.466	3,90,38,98,47,28,85,36,42,87,34,17,58,23,69,89,40,95,9,
262	3	10	2.501	3,98,47,28,85,36,42,87,34,17,58,23,69,56,66,44,49,50,72,62,10,
262	3	11	2.53	3,98,47,28,85,36,53,27,20,60,43,79,18,41,68,86,84,55,83,11,
262	3	12	2.647	3,98,47,28,85,36,42,87,34,20,60,43,79,18,31,67,97,77,57,12,
262	3	13	2.642	3,98,47,28,85,36,42,87,34,20,60,43,79,41,18,97,67,24,13,
262	3	14	2.45	3,98,47,28,85,36,53,92,82,46,78,51,71,37,88,52,81,16,14,
262	3	15	2.335	3,90,38,98,47,28,85,36,53,92,82,46,78,51,71,88,52,15,
262	4	5	1.571	4,38,98,47,28,85,36,53,42,87,63,33,48,30,5,
262	4	6	1.704	4,90,98,47,28,85,36,42,87,63,33,48,30,19,6,
262	4	7	2.039	4,90,98,47,28,85,36,42,87,63,34,17,58,22,26,7,
262	4	8	2.167	4,90,98,47,28,85,36,42,87,34,17,58,22,26,89,8,
262	4	9	2.374	4,38,98,47,28,85,36,42,87,34,17,58,22,23,69,89,40,95,9,
262	4	10	2.399	4,38,98,47,28,85,36,42,87,34,17,58,65,99,66,44,49,50,72,10,
262	4	11	2.463	4,38,98,47,28,85,53,27,20,60,43,79,18,41,68,86,84,55,83,11,
262	4	12	2.604	4,38,98,47,28,85,36,42,87,34,20,60,43,79,18,31,67,97,77,12,
262	4	13	2.577	4,38,98,47,28,85,36,42,87,34,20,60,43,79,18,31,32,24,13,
262	4	14	2.412	4,90,38,98,47,28,85,36,53,92,82,46,51,71,88,52,81,16,14,
262	4	15	2.329	4,90,38,98,47,28,85,36,53,92,82,46,78,51,71,37,88,52,15,
262	5	6	2.055	5,30,48,33,63,74,42,87,34,17,58,22,26,35,6,
262	5	7	2.132	5,48,33,63,74,36,85,53,42,87,34,17,58,22,26,7,
262	5	8	2.207	5,30,48,33,63,87,34,17,58,22,23,69,95,40,89,8,
262	5	9	2.396	5,30,48,33,63,34,20,60,43,79,18,41,68,86,44,66,9,
262	5	10	2.457	5,30,48,33,63,87,34,17,58,22,23,69,56,66,44,49,50,72,62,10,
262	5	11	2.479	5,30,80,26,22,23,69,89,40,95,56,66,44,49,50,72,62,84,55,83,11,
262	5	12	2.608	5,30,48,33,63,87,34,20,60,43,79,41,18,31,67,97,77,57,12,
262	5	13	2.756	5,30,48,33,63,87,42,36,85,28,92,27,20,60,43,79,18,31,32,13,
262	5	14	2.561	5,30,33,63,87,42,36,85,28,92,82,46,51,71,88,52,81,16,14,
262	5	15	2.428	5,30,48,33,63,87,42,36,85,28,92,82,46,51,71,37,88,52,15,
262	6	7	2.21	6,19,30,48,33,63,74,36,42,87,34,17,22,26,7,
262	6	8	2.225	6,19,30,48,33,63,87,34,17,58,22,23,69,89,8,
262	6	9	2.353	6,35,26,22,23,58,65,99,69,89,40,95,56,66,44,49,50,9,
262	6	10	2.43	6,35,26,22,58,65,29,75,70,79,41,68,86,66,44,49,50,72,62,10,
262	6	11	2.232	6,35,26,22,23,69,89,40,95,56,66,44,49,50,72,62,84,55,83,11,
262	6	12	2.496	6,35,26,22,23,89,40,95,56,66,44,49,50,72,62,84,55,21,96,12,
262	6	13	2.805	6,35,26,22,23,89,40,95,56,66,44,49,50,72,62,84,55,21,77,57,24,13,
262	6	14	2.661	6,19,30,48,33,63,87,42,53,92,82,46,51,71,88,52,81,16,14,
262	6	15	2.55	6,19,30,48,33,63,87,42,36,85,28,92,82,46,51,71,88,52,15,
262	7	8	2.242	7,26,22,23,99,68,86,62,72,49,44,66,56,95,40,8,
262	7	9	2.288	7,26,22,58,65,54,70,79,18,41,68,86,66,44,49,50,9,
262	7	10	2.341	7,26,22,58,65,54,70,79,18,41,68,86,66,44,49,50,72,62,10,
262	7	11	2.441	7,26,22,23,69,89,40,95,56,66,44,49,50,72,62,84,55,21,96,83,11,
262	7	12	2.642	7,26,22,23,89,40,95,56,66,44,49,50,72,62,84,55,83,96,21,77,57,12,
262	7	13	2.613	7,89,40,95,56,66,44,49,50,72,62,84,55,83,96,21,77,57,97,67,24,13,
262	7	14	2.815	7,89,40,95,56,66,44,49,50,72,62,84,55,96,21,77,57,97,67,32,14,
262	7	15	2.742	7,26,22,58,65,29,75,70,41,18,79,43,60,61,93,37,51,71,88,15,
262	8	9	2.202	8,40,89,69,99,75,29,54,70,79,18,41,68,86,44,9,
262	8	10	2.021	8,89,40,95,56,66,44,49,50,72,62,84,55,21,96,83,11,10,
262	8	11	1.631	8,89,40,95,56,66,44,49,50,72,62,84,55,21,96,83,11,
262	8	12	2.377	8,89,40,95,56,66,44,49,50,72,62,84,55,83,96,21,77,97,67,24,57,12,
262	8	13	2.236	8,89,40,95,56,66,44,49,50,72,62,84,55,83,96,21,77,97,67,32,13,
262	8	14	2.452	8,89,40,95,56,66,44,49,50,72,62,84,55,83,96,21,77,97,67,32,14,
262	8	15	2.64	8,89,40,95,56,66,44,49,86,68,41,18,79,43,60,61,93,52,88,15,
262	9	10	2.162	9,95,40,89,69,56,66,44,49,50,72,62,84,55,21,96,11,10,
262	9	11	1.772	9,95,40,89,69,56,66,44,49,50,72,62,84,55,21,96,11,
262	9	12	2.082	9,95,40,89,69,56,66,44,49,50,72,62,84,55,83,96,21,77,57,12,
262	9	13	2.207	9,95,40,89,69,56,66,44,49,50,72,62,84,55,96,21,77,57,24,13,
262	9	14	2.554	9,95,40,89,69,56,66,44,49,50,72,62,84,55,83,96,21,97,67,32,14,
262	9	15	2.59	9,66,44,50,49,86,68,41,18,79,43,60,61,93,37,51,71,88,15,
262	10	11	2.025	10,72,50,49,44,66,56,95,40,89,69,99,86,84,55,83,11,
262	10	12	2.145	10,62,72,50,49,44,66,86,68,84,55,83,96,21,97,77,57,12,
262	10	13	2.222	10,62,72,50,49,44,66,86,68,84,55,96,21,77,97,67,32,13,
262	10	14	2.483	10,62,72,50,49,44,66,86,68,84,55,83,96,21,77,97,67,32,14,
262	10	15	2.428	10,62,72,50,49,44,66,86,68,41,18,79,43,60,61,93,52,88,15,
262	11	12	2.079	11,83,55,84,62,72,50,49,44,66,86,68,21,96,77,57,12,
262	11	13	2.171	11,83,55,84,62,72,50,49,44,66,86,68,21,77,57,24,13,
262	11	14	2.521	11,83,84,55,96,21,77,97,67,31,61,93,37,71,88,52,81,16,14,
262	11	15	2.563	11,83,84,55,96,21,77,97,67,31,61,93,37,71,51,78,88,52,15,
262	12	13	2.432	12,96,55,84,62,72,49,44,66,86,68,21,77,57,24,13,
262	12	14	2.172	12,57,77,97,67,31,61,93,37,51,71,88,52,81,16,14,
262	12	15	2.624	12,57,24,32,31,18,79,43,60,61,93,37,51,71,88,52,15,
262	13	14	2.259	13,24,57,77,97,67,31,61,93,37,71,88,52,81,16,14,
262	13	15	2.369	13,24,32,31,18,79,43,60,61,93,37,71,88,52,15,
262	14	15	2.629	14,16,32,24,57,77,97,67,31,61,93,37,71,88,52,15,
