225	0	2	1.948	0,80,38,25,70,32,92,22,75,28,83,55,47,21,87,2,
225	0	3	2.06	0,80,38,25,73,51,70,32,92,75,22,28,48,83,55,47,21,3,
225	0	5	2.427	0,80,38,25,73,51,32,92,22,28,75,55,47,21,40,43,65,72,5,
225	0	1	2.054	0,25,38,95,77,17,22,28,83,55,47,92,32,51,73,1,
225	0	6	2.562	0,80,38,95,77,17,84,18,48,28,22,75,92,47,55,83,60,52,98,6,
225	0	10	2.196	0,80,23,44,20,29,62,31,46,24,85,90,96,57,27,67,76,26,56,10,
225	0	11	2.176	0,86,99,39,64,20,50,29,62,58,31,46,24,85,90,96,57,27,67,11,
225	0	8	2.69	0,80,38,70,32,92,75,22,28,83,48,18,84,45,59,36,16,94,37,8,
225	0	9	2.502	0,80,23,44,20,50,29,62,58,31,46,24,96,57,27,67,76,91,88,61,9,
225	0	7	2.589	0,25,38,70,32,92,21,47,75,22,28,55,83,60,33,78,35,97,7,
225	0	4	2.1	0,80,38,95,77,17,84,18,48,83,55,28,22,75,47,21,40,68,4,
225	1	2	1.745	1,73,51,70,32,92,75,22,28,48,83,55,47,21,87,2,
225	0	14	2.187	0,80,23,44,20,29,62,58,31,46,24,85,49,19,66,14,
225	0	15	2.15	0,80,23,44,41,63,58,31,62,29,50,20,64,39,99,86,15,
225	1	3	1.809	1,73,51,32,17,45,84,18,48,22,28,83,55,47,21,3,
225	0	13	2.001	0,86,99,39,64,20,50,29,62,58,31,46,24,85,49,19,13,
225	1	5	2.206	1,73,51,32,92,21,47,75,22,28,55,83,48,60,52,98,72,65,5,
225	1	7	2.307	1,73,51,32,92,21,47,75,22,28,55,83,60,33,78,35,97,7,
225	1	4	1.8	1,73,51,70,32,92,75,22,28,48,83,55,47,21,40,68,4,
225	0	12	2.067	0,86,99,39,64,20,50,29,62,58,31,46,24,85,19,49,90,12,
225	1	6	2.585	1,73,51,32,92,75,22,28,48,18,84,45,59,36,16,94,37,89,69,35,6,
225	1	8	2.477	1,73,51,70,32,92,75,22,28,83,48,18,84,45,59,36,16,94,37,8,
225	1	15	2.177	1,73,51,70,32,92,75,28,22,17,77,95,23,44,99,86,15,
225	2	5	1.847	2,87,21,47,75,22,28,55,83,48,60,52,98,72,5,
225	2	3	1.744	2,54,51,70,32,92,75,22,28,83,55,47,21,40,68,3,
225	1	12	2.165	1,25,38,80,23,99,39,64,20,50,29,62,58,31,46,24,85,19,49,12,
225	1	10	2.296	1,25,80,23,44,20,50,29,62,58,31,46,24,96,57,27,67,76,26,56,10,
225	1	11	2.25	1,25,38,80,23,44,20,50,29,62,58,31,46,24,85,90,96,57,27,67,11,
225	1	9	2.616	1,25,80,23,44,20,29,62,58,31,46,24,96,57,27,67,76,91,88,61,9,
225	2	4	1.792	2,54,51,70,32,92,21,47,75,22,28,83,55,40,68,4,
225	1	13	2.157	1,25,38,80,23,44,20,29,62,58,31,46,24,85,90,49,19,13,
225	1	14	2.315	1,25,38,80,23,44,20,50,29,62,58,31,46,24,85,19,66,14,
225	2	6	2.412	2,87,21,47,75,22,28,48,18,59,36,16,94,37,89,69,97,35,6,
225	3	5	1.834	3,21,47,75,22,28,55,83,48,18,60,52,98,72,5,
225	2	15	2.231	2,87,21,47,75,22,28,55,83,48,18,84,45,93,44,99,86,15,
225	2	10	2.451	2,87,21,47,55,83,48,18,84,45,53,30,71,74,67,76,26,56,10,
225	2	9	2.553	2,87,21,47,75,22,28,55,83,48,18,84,45,53,82,34,81,61,9,
225	2	11	2.42	2,87,21,47,55,83,48,18,84,45,93,41,63,58,62,31,46,24,96,57,11,
225	3	4	1.867	3,21,47,75,22,28,55,83,60,52,98,72,65,43,4,
225	2	12	2.277	2,87,21,47,55,83,48,18,84,45,93,41,63,58,31,46,24,85,90,12,
225	2	13	2.307	2,87,21,47,75,22,28,48,18,84,45,93,41,63,58,31,46,19,13,
225	2	7	2.306	2,87,21,47,75,22,28,48,18,84,45,59,36,16,94,37,89,69,97,7,
225	2	14	2.238	2,87,21,47,55,83,48,18,84,45,93,41,63,58,62,29,50,66,14,
225	2	8	2.457	2,87,21,47,75,22,28,55,83,48,18,84,45,59,36,16,94,37,89,8,
225	4	5	1.67	4,68,40,21,47,75,22,28,55,83,60,52,72,65,5,
225	3	10	2.289	3,21,47,75,22,28,55,83,48,18,84,45,53,30,71,91,26,56,10,
225	3	6	2.191	3,21,47,55,83,48,18,59,36,16,94,37,69,97,35,6,
225	3	15	2.181	3,21,47,92,75,22,28,55,83,48,18,84,45,93,44,99,86,15,
225	3	9	2.396	3,21,47,55,75,22,28,48,18,84,45,59,36,16,94,37,79,9,
225	3	7	2.108	3,21,47,55,83,48,18,84,45,59,36,16,94,37,89,69,97,7,
225	3	13	2.166	3,21,47,55,83,48,18,84,45,93,41,29,62,58,31,46,19,13,
225	3	12	2.163	3,21,47,55,83,48,18,84,45,93,41,29,62,58,31,46,24,85,90,12,
225	3	14	2.094	3,21,47,75,22,28,48,18,84,45,93,41,63,58,62,29,50,66,14,
225	3	11	2.314	3,21,47,75,22,28,48,18,84,45,93,41,63,58,31,46,24,85,90,96,57,11,
225	3	8	2.187	3,21,47,75,22,28,55,83,48,18,84,45,59,36,16,94,37,8,
225	5	6	2.079	5,65,43,40,21,47,75,22,28,55,83,60,52,98,6,
225	4	10	2.368	4,68,40,21,47,75,22,28,48,18,84,45,53,30,71,91,26,56,10,
225	4	6	2.208	4,68,40,21,47,75,22,28,55,83,48,60,33,52,98,6,
225	4	7	2.021	4,68,40,21,47,75,22,28,55,83,60,33,78,35,97,7,
225	4	11	2.355	4,40,55,83,48,18,84,45,93,41,63,58,31,46,24,85,90,96,57,11,
225	4	9	2.472	4,68,40,21,47,55,75,22,28,48,18,84,45,59,36,16,79,9,
225	4	8	2.208	4,68,40,47,75,22,28,48,18,84,45,59,36,16,94,37,8,
225	4	15	2.286	4,68,40,21,47,75,22,28,55,83,48,18,84,45,93,44,99,86,15,
225	4	14	2.277	4,40,21,47,75,22,28,48,18,84,45,93,41,63,58,62,29,50,66,14,
225	4	12	2.368	4,68,40,21,47,55,83,48,18,84,45,93,41,63,58,62,31,46,24,85,49,12,
225	4	13	2.427	4,40,47,75,22,28,48,18,84,45,93,41,63,58,62,29,31,46,24,85,19,13,
225	5	7	2.209	5,43,40,21,47,75,22,28,83,60,33,78,35,97,7,
225	6	7	2.53	6,98,52,60,55,83,48,18,45,59,36,16,37,89,7,
225	5	8	2.332	5,65,72,52,98,78,35,97,69,89,37,94,16,34,79,8,
225	5	10	2.199	5,65,72,98,35,97,69,89,37,94,16,79,34,81,88,91,26,56,10,
225	6	8	2.528	6,35,97,69,89,37,94,16,34,81,88,91,26,56,10,61,9,8,
225	5	9	2.566	5,65,72,98,35,97,89,37,94,16,79,34,81,88,91,26,56,10,9,
225	5	12	2.38	5,65,52,60,48,18,84,45,93,41,63,58,62,29,31,46,24,85,90,12,
225	5	11	2.38	5,65,72,98,35,97,69,89,37,94,16,34,81,88,91,26,76,67,27,11,
225	5	15	2.531	5,65,72,52,60,83,55,47,75,22,28,48,18,84,45,93,44,99,86,15,
225	5	13	2.502	5,65,72,52,60,48,18,84,45,93,41,63,58,62,29,31,46,24,85,19,13,
225	5	14	2.504	5,65,72,52,60,83,48,18,84,45,93,41,63,58,62,29,50,20,64,66,14,
225	7	10	1.65	7,97,35,69,89,37,94,16,79,34,81,88,91,26,56,10,
225	6	9	2.139	6,35,97,69,89,37,94,16,34,81,88,91,26,56,10,61,9,
225	7	9	2.018	7,97,69,89,37,94,16,79,34,81,88,91,26,56,10,61,9,
225	7	8	2.407	7,97,69,89,37,94,16,79,34,81,88,91,26,56,10,61,9,8,
225	6	10	2.245	6,35,97,69,89,37,94,16,79,34,81,88,91,74,27,67,76,56,10,
225	7	11	2.042	7,97,35,69,89,37,94,16,79,34,81,88,91,26,76,67,27,57,11,
225	6	12	2.321	6,35,97,69,89,37,94,16,34,81,88,91,26,76,67,27,57,96,90,12,
225	6	11	2.254	6,35,97,69,89,37,94,16,79,34,81,88,56,26,76,67,27,57,11,
225	6	13	2.456	6,35,97,69,89,37,94,16,34,81,88,91,76,67,27,57,96,90,49,13,
225	6	15	2.621	6,35,97,69,89,37,94,16,82,30,31,58,62,29,50,20,64,39,42,15,
225	6	14	2.573	6,35,97,69,89,37,94,16,82,30,63,58,31,62,29,50,20,64,66,14,
225	8	10	1.992	8,89,97,35,69,37,94,16,79,34,81,88,91,26,56,10,
225	8	11	1.977	8,89,37,94,16,79,34,81,88,91,26,76,67,27,57,11,
225	8	9	2.364	8,89,97,35,69,37,94,16,34,81,88,91,26,56,10,61,9,
225	8	12	2.209	8,37,94,16,79,34,81,88,91,26,76,67,27,57,96,90,49,12,
225	8	13	2.207	8,79,34,81,88,91,26,56,76,67,27,57,96,90,85,49,19,13,
225	7	12	2.129	7,97,35,69,89,37,94,16,79,34,81,88,91,26,76,67,27,57,12,
225	7	13	2.32	7,89,37,94,16,79,81,88,91,26,76,67,27,57,96,90,49,19,13,
225	8	15	2.652	8,37,94,16,36,59,53,41,63,58,31,62,29,50,20,64,39,99,86,15,
225	7	15	2.541	7,97,35,69,89,37,94,16,82,30,63,58,62,29,20,64,39,99,86,15,
225	8	14	2.553	8,79,81,88,91,76,67,27,57,96,90,85,24,46,31,58,62,29,50,66,14,
225	7	14	2.515	7,35,97,69,89,37,94,16,36,59,53,41,63,58,31,62,29,50,66,14,
225	9	10	2.123	9,61,81,71,24,85,19,49,90,96,57,27,67,76,56,10,
225	9	11	2.102	9,61,81,88,91,26,76,67,27,57,96,90,85,19,49,12,11,
225	10	12	1.692	10,56,26,91,76,67,27,57,96,90,85,24,46,19,49,12,
225	10	11	2.081	10,56,26,91,76,67,27,57,96,90,85,24,46,19,49,12,11,
225	9	13	2.269	9,61,79,34,81,88,91,26,56,76,67,27,57,96,90,85,49,19,13,
225	9	14	2.214	9,61,88,91,76,67,27,57,96,90,85,24,46,31,58,62,29,50,66,14,
225	9	12	2.183	9,61,79,34,81,88,91,56,26,76,67,27,57,96,90,85,19,49,12,
225	10	13	2.131	10,56,26,76,67,27,57,96,90,85,24,46,31,58,62,29,50,19,49,13,
225	9	15	2.362	9,61,88,91,76,67,27,57,96,90,85,24,46,31,58,62,29,20,64,42,15,
225	10	15	2.113	10,56,26,76,67,27,57,96,90,85,24,46,31,58,62,29,50,64,39,42,15,
225	10	14	1.995	10,56,26,76,67,27,57,96,90,85,24,46,31,58,62,29,50,20,64,66,14,
225	12	13	1.872	12,49,19,85,24,46,31,58,63,62,29,50,20,64,66,13,
225	11	13	1.889	11,67,27,57,96,90,85,24,46,31,58,62,29,50,19,13,
225	11	12	1.829	11,27,57,96,90,85,24,46,31,58,62,29,50,19,49,12,
225	12	14	1.677	12,49,19,85,24,46,31,58,63,62,29,50,20,64,66,14,
225	13	14	1.757	13,19,49,85,24,46,31,58,63,62,29,50,20,64,66,14,
225	11	14	1.711	11,67,27,57,96,90,85,24,46,31,58,62,29,50,66,14,
225	12	15	1.719	12,49,85,24,46,31,58,62,29,50,20,64,39,99,86,15,
225	13	15	1.791	13,19,85,24,46,31,58,62,29,50,20,64,39,99,86,15,
225	14	15	2.041	14,66,64,20,50,29,62,31,58,63,41,44,39,99,86,15,
225	11	15	1.975	11,67,27,57,96,90,85,24,46,31,58,62,29,50,20,64,39,42,15,
