285	0	1	1.747	0,19,52,67,21,41,81,77,71,96,28,44,90,75,1,
285	0	2	1.591	0,19,52,67,21,41,81,77,71,96,28,44,75,90,2,
285	0	3	2.115	0,19,52,67,21,41,81,77,71,96,44,75,90,59,28,31,73,3,
285	0	4	2.158	0,19,52,67,21,41,81,77,71,96,44,75,90,59,28,31,73,4,
285	0	5	2.308	0,52,67,21,41,81,77,71,96,44,75,90,59,28,31,73,45,51,66,5,
285	0	6	2.331	0,52,19,61,75,90,44,28,31,73,45,83,40,50,64,78,57,43,6,
285	0	7	2.559	0,19,52,67,21,41,81,77,71,30,83,40,50,95,47,48,64,57,78,7,
285	0	8	2.717	0,52,67,21,41,81,77,71,31,73,51,95,47,48,64,57,78,92,32,8,
285	0	9	2.685	0,19,52,67,21,41,72,58,97,84,89,55,18,87,88,99,53,85,26,68,9,
285	0	10	2.301	0,52,67,21,41,72,70,58,97,84,89,55,87,88,99,53,26,85,10,
285	0	11	2.411	0,19,52,67,21,41,72,70,58,55,89,84,35,98,17,34,76,62,11,
285	0	12	2.144	0,52,67,21,41,72,70,58,79,29,39,55,89,84,35,98,17,34,12,
285	0	13	2.048	0,19,52,67,21,41,72,70,58,97,89,84,35,98,17,25,13,
285	0	14	1.953	0,52,67,21,86,63,97,89,84,35,98,65,36,80,27,14,
285	0	15	1.99	0,19,52,67,21,41,72,70,58,97,63,86,46,22,16,15,
285	1	2	1.804	1,19,52,67,21,41,81,77,71,96,28,44,75,90,2,
285	1	3	1.984	1,19,52,67,21,41,81,77,71,96,28,44,75,90,59,3,
285	1	4	2.187	1,61,21,41,81,77,71,96,75,90,44,28,31,73,4,
285	1	5	2.385	1,75,44,90,59,28,31,73,45,83,40,50,64,78,57,48,47,93,5,
285	1	6	2.194	1,75,44,28,31,73,45,83,40,50,95,47,48,64,78,57,43,6,
285	1	7	2.477	1,75,44,90,59,28,31,73,45,83,40,50,95,47,93,48,64,57,78,7,
285	1	8	2.646	1,75,90,44,28,31,73,45,83,40,50,95,47,48,64,57,78,92,32,8,
285	1	9	2.764	1,75,44,28,96,71,77,72,58,97,84,89,55,18,87,88,99,91,68,9,
285	1	10	2.548	1,75,44,96,71,77,72,70,58,97,89,84,87,88,99,53,26,85,10,
285	1	11	2.444	1,75,44,28,96,71,77,72,70,58,97,89,84,35,76,62,11,
285	1	12	2.329	1,75,90,44,96,71,77,72,70,58,97,89,84,35,98,17,34,12,
285	1	13	2.24	1,75,44,96,71,77,72,70,58,97,89,84,35,98,17,25,13,
285	1	14	2.234	1,75,90,44,28,96,71,77,81,72,70,86,46,42,27,23,14,
285	1	15	2.032	1,75,90,59,44,28,96,71,77,81,41,21,20,22,16,15,
285	2	3	2.373	2,1,19,52,67,21,41,81,77,71,96,28,44,75,90,59,3,
285	2	4	2.145	2,90,75,44,28,31,30,83,40,50,95,47,93,66,4,
285	2	5	1.874	2,90,75,44,28,31,73,45,83,40,50,48,47,93,5,
285	2	6	1.946	2,90,75,44,28,31,73,45,51,95,47,48,64,78,57,43,6,
285	2	7	2.179	2,90,75,44,28,31,73,45,83,40,50,95,47,48,64,57,78,7,
285	2	8	2.419	2,90,75,44,28,31,73,45,51,95,47,93,48,64,57,78,92,32,8,
285	2	9	2.544	2,90,75,44,96,71,77,72,70,58,97,89,55,18,87,88,99,91,68,9,
285	2	10	2.442	2,90,75,44,96,71,77,72,70,58,97,89,84,87,88,99,53,26,85,10,
285	2	11	2.4	2,59,90,75,44,28,96,71,77,72,70,58,55,89,84,35,37,62,11,
285	2	12	2.227	2,90,75,44,28,96,71,77,72,58,97,89,84,35,98,17,34,12,
285	2	13	2.134	2,90,75,44,96,71,77,72,70,58,97,89,84,35,98,17,25,13,
285	2	14	2.078	2,90,75,44,28,96,71,77,81,72,70,86,46,42,27,23,14,
285	2	15	1.883	2,59,90,75,44,28,96,71,77,81,41,21,20,22,16,15,
285	3	4	2.287	3,59,90,75,44,28,96,81,77,71,30,31,73,51,4,
285	3	5	2.035	3,59,90,75,44,28,31,30,83,40,50,95,47,93,5,
285	3	6	1.977	3,59,90,75,44,28,31,30,83,40,50,64,78,57,43,6,
285	3	7	2.214	3,59,90,75,44,28,31,73,45,30,83,40,50,64,57,78,7,
285	3	8	2.415	3,59,90,75,44,28,31,73,45,83,40,50,64,57,78,92,32,8,
285	3	9	2.625	3,59,90,75,44,96,71,77,79,29,39,18,87,88,99,53,85,26,68,9,
285	3	10	2.513	3,59,90,75,44,28,96,71,77,79,29,39,55,18,87,88,99,53,26,85,10,
285	3	11	2.491	3,59,90,75,44,28,96,71,77,72,58,97,89,84,35,76,62,11,
285	3	12	2.434	3,59,90,75,44,28,96,71,77,72,70,58,97,89,84,35,98,17,34,12,
285	3	13	2.314	3,59,90,75,44,96,71,77,72,70,58,97,89,84,35,98,17,25,13,
285	3	14	2.314	3,59,90,75,44,28,96,71,77,72,58,97,63,65,36,80,42,27,14,
285	3	15	2.31	3,59,90,75,44,28,96,71,77,72,58,97,63,86,46,22,16,15,
285	4	5	2.315	4,51,45,30,49,83,40,50,64,78,57,48,47,95,93,5,
285	4	6	2.082	4,51,95,47,48,50,40,69,56,33,94,64,57,43,6,
285	4	7	2.279	4,51,95,47,48,50,40,64,57,78,92,94,56,33,74,32,7,
285	4	8	2.458	4,66,93,47,95,48,50,40,64,57,78,92,94,56,69,82,33,74,8,
285	4	9	2.573	4,51,95,47,48,50,40,94,33,56,69,82,38,54,88,99,91,68,9,
285	4	10	2.39	4,51,95,47,48,50,40,56,69,82,38,54,88,99,91,53,26,85,10,
285	4	11	2.603	4,51,95,47,48,64,57,78,92,94,56,69,82,38,54,88,37,62,11,
285	4	12	2.676	4,73,31,28,44,75,96,71,77,79,29,39,55,89,84,35,98,17,34,12,
285	4	13	2.606	4,73,31,28,44,96,71,77,72,58,97,89,84,35,98,17,25,13,
285	4	14	2.558	4,73,31,71,77,72,58,97,89,84,35,98,17,65,36,80,42,27,14,
285	4	15	2.562	4,73,31,28,44,90,75,96,71,77,81,41,21,61,19,52,67,20,15,
285	5	6	1.835	5,66,51,93,47,95,48,50,40,94,92,64,78,57,43,6,
285	5	7	1.92	5,93,47,95,48,50,40,64,57,78,92,94,33,74,32,7,
285	5	8	2.268	5,93,47,95,48,50,40,64,57,78,92,94,56,69,38,82,33,74,8,
285	5	9	2.25	5,93,47,95,50,40,56,69,82,38,54,88,99,53,85,26,68,9,
285	5	10	2.254	5,93,47,95,48,50,40,56,69,38,82,54,88,99,91,68,26,53,85,10,
285	5	11	2.444	5,93,47,48,50,40,64,57,78,92,94,56,69,82,38,54,88,37,62,11,
285	5	12	2.481	5,93,47,95,48,50,40,56,69,82,38,18,55,89,84,35,98,17,34,12,
285	5	13	2.415	5,93,47,95,48,50,40,56,69,82,38,39,55,89,84,35,98,17,25,13,
285	5	14	2.465	5,93,47,48,50,40,56,69,82,38,18,87,35,98,17,65,36,80,42,27,14,
285	5	15	2.539	5,93,47,95,50,40,56,69,82,38,39,55,89,97,63,86,46,22,16,15,
285	6	7	1.721	6,43,57,78,64,48,47,93,95,50,40,94,92,74,32,7,
285	6	8	1.782	6,43,57,78,64,48,47,93,95,50,40,94,92,74,32,8,
285	6	9	1.885	6,43,57,78,64,48,47,93,95,50,40,69,56,33,60,9,
285	6	10	2.11	6,43,57,78,64,48,47,95,50,40,56,69,82,38,54,91,26,53,10,
285	6	11	2.297	6,43,57,78,64,48,47,93,95,50,40,56,69,82,38,54,88,37,62,11,
285	6	12	2.377	6,43,57,78,64,50,40,56,69,82,38,18,55,89,84,35,98,17,34,12,
285	6	13	2.49	6,43,57,78,64,50,40,56,69,82,38,39,55,89,84,35,98,17,65,36,25,13,
285	6	14	2.393	6,43,57,78,64,50,40,56,82,38,18,87,35,98,17,65,36,80,42,27,14,
285	6	15	2.477	6,43,57,78,64,94,56,69,82,38,39,55,89,84,97,63,86,46,22,16,15,
285	7	8	2.003	7,78,57,64,48,47,93,95,50,40,69,56,33,74,32,8,
285	7	9	2.076	7,32,74,33,56,69,82,38,54,88,99,91,53,26,68,9,
285	7	10	1.936	7,32,92,94,33,56,69,82,38,54,88,99,53,26,85,10,
285	7	11	2.362	7,78,57,64,48,47,93,95,50,40,56,69,38,54,88,37,62,11,
285	7	12	2.441	7,78,57,64,50,40,56,69,82,38,39,55,89,84,35,98,17,34,12,
285	7	13	2.414	7,32,74,33,56,69,82,38,18,87,55,89,84,35,98,17,65,36,25,13,
285	7	14	2.383	7,32,74,33,56,69,82,38,18,55,89,84,35,98,17,65,36,80,42,27,14,
285	7	15	2.639	7,32,74,33,56,69,82,38,39,55,89,84,35,98,17,65,36,80,27,42,23,15,
285	8	9	2.137	8,32,74,33,56,69,82,38,54,88,99,91,53,26,68,9,
285	8	10	1.997	8,32,92,94,33,56,69,82,38,54,88,99,53,26,85,10,
285	8	11	2.243	8,32,92,94,33,56,69,82,38,18,87,88,99,37,62,11,
285	8	12	2.402	8,32,74,33,56,69,82,38,39,55,89,84,35,98,17,25,34,12,
285	8	13	2.371	8,32,74,33,56,69,82,38,39,55,89,84,35,98,17,65,36,25,13,
285	8	14	2.342	8,74,33,56,69,82,38,18,55,89,84,35,98,17,65,36,80,42,27,14,
285	8	15	2.598	8,74,33,56,69,82,38,39,55,89,84,35,98,17,65,36,80,27,42,23,15,
285	9	10	2.386	9,8,32,92,94,33,56,69,82,38,54,88,99,53,26,85,10,
285	9	11	2.199	9,68,26,85,53,99,88,87,18,55,89,84,35,76,62,11,
285	9	12	2.286	9,68,26,85,53,99,88,87,18,55,89,84,35,98,17,25,34,12,
285	9	13	2.238	9,68,26,53,99,88,87,18,55,89,84,35,98,17,65,36,25,13,
285	9	14	2.301	9,68,26,85,53,99,88,87,18,55,89,84,35,98,17,65,36,80,42,27,14,
285	9	15	2.573	9,68,26,85,53,99,88,87,89,84,35,98,17,65,36,80,27,42,23,22,16,15,
285	10	11	2.038	10,85,26,53,91,99,88,87,18,55,89,84,35,37,62,11,
285	10	12	1.861	10,85,26,53,99,88,87,18,55,89,84,35,98,17,34,12,
285	10	13	1.903	10,85,26,53,91,99,88,87,18,55,89,84,35,98,17,25,13,
285	10	14	1.947	10,85,26,53,99,88,87,89,84,35,98,17,65,36,80,42,27,14,
285	10	15	2.133	10,85,26,53,91,99,88,87,18,55,89,84,97,63,86,46,22,16,15,
285	11	12	2.152	11,62,37,99,88,87,18,55,89,84,35,98,17,25,34,12,
285	11	13	2.121	11,62,37,99,88,87,18,55,89,84,35,98,17,65,36,25,13,
285	11	14	2.082	11,62,37,88,87,18,55,89,84,35,98,17,65,36,80,42,27,14,
285	11	15	2.331	11,62,76,35,84,89,97,63,98,17,65,36,80,27,42,23,22,16,15,
285	12	13	1.885	12,34,17,98,35,84,89,97,63,65,36,80,42,27,24,13,
285	12	14	1.754	12,34,17,98,35,84,89,97,63,65,36,80,27,42,23,14,
285	12	15	2.188	12,34,17,98,35,84,89,55,97,63,65,36,80,27,42,23,22,16,15,
285	13	14	1.715	13,25,17,98,35,84,89,97,63,65,36,80,27,42,23,14,
285	13	15	2.001	13,24,80,36,65,17,98,35,84,89,55,97,63,86,46,22,16,15,
285	14	15	1.78	14,27,42,80,36,65,17,98,35,84,97,63,46,22,16,15,
