553	0	1	1.955	0,52,91,73,93,33,78,39,53,43,94,31,63,17,1,
553	0	2	2.02	0,52,91,73,93,33,78,39,53,43,94,31,63,17,2,
553	0	3	2.35	0,52,91,73,93,33,78,39,53,43,94,60,19,63,62,36,69,3,
553	0	4	2.432	0,52,91,73,93,33,78,39,53,75,29,97,71,24,34,50,89,51,4,
553	0	5	2.425	0,19,60,63,62,36,69,50,89,86,87,56,85,20,76,72,46,77,5,
553	0	6	2.388	0,19,60,31,63,62,17,36,69,50,89,86,87,56,85,20,76,46,72,6,
553	0	7	2.544	0,19,60,63,62,31,79,34,86,87,56,85,20,76,46,72,88,98,7,
553	0	8	2.666	0,19,60,63,62,79,34,86,87,56,85,20,76,46,72,88,98,55,16,8,
553	0	9	2.721	0,19,60,63,62,31,29,97,71,81,37,67,84,47,38,30,18,74,68,9,
553	0	10	2.682	0,52,91,73,93,33,57,96,42,45,99,64,26,22,40,49,54,35,10,
553	0	11	2.452	0,19,60,63,62,31,94,43,53,39,78,57,96,99,45,61,27,58,11,
553	0	12	2.281	0,19,60,63,62,31,94,43,53,39,78,57,96,99,42,59,25,12,
553	0	13	2.039	0,52,91,73,93,33,57,64,96,99,45,42,59,25,13,
553	0	14	1.955	0,19,60,31,94,43,53,39,78,33,93,73,91,66,14,
553	0	15	1.787	0,19,60,31,94,43,53,39,78,33,93,73,91,70,15,
553	1	2	1.999	1,17,62,63,19,60,31,29,97,24,34,89,50,69,36,2,
553	1	3	1.983	1,17,62,63,19,60,31,94,43,75,29,97,24,34,89,50,3,
553	1	4	1.878	1,17,62,63,19,60,31,94,29,97,24,34,50,89,51,4,
553	1	5	2.201	1,17,62,63,19,60,31,79,34,86,21,87,56,85,20,76,72,46,5,
553	1	6	2.134	1,17,62,63,19,60,31,94,43,29,97,24,32,87,56,85,20,76,72,6,
553	1	7	2.347	1,17,62,63,19,60,31,79,34,86,87,56,85,20,76,46,72,88,7,
553	1	8	2.561	1,17,62,63,19,60,31,94,29,97,71,81,37,67,84,47,95,18,68,48,8,
553	1	9	2.562	1,17,62,63,19,60,31,94,29,97,71,81,37,67,84,47,38,30,18,74,9,
553	1	10	2.584	1,17,62,63,19,60,31,94,43,53,39,78,57,64,26,22,40,49,44,54,10,
553	1	11	2.39	1,17,62,63,19,60,31,94,43,53,39,78,57,96,42,45,99,61,27,58,11,
553	1	12	2.141	1,17,63,19,60,31,94,43,53,39,78,57,96,99,45,42,59,25,12,
553	1	13	1.852	1,17,63,31,94,43,53,39,78,57,96,99,45,42,13,
553	1	14	1.781	1,17,62,63,31,94,43,53,39,78,33,93,73,66,14,
553	1	15	1.667	1,17,62,63,31,94,43,53,39,78,33,93,73,91,70,15,
553	2	3	2.048	2,17,62,63,19,60,31,94,43,75,29,97,24,34,89,50,3,
553	2	4	1.943	2,17,62,63,19,60,31,94,29,97,24,34,50,89,51,4,
553	2	5	1.77	2,36,69,50,89,86,87,56,85,20,76,72,46,77,5,
553	2	6	2.144	2,17,62,63,19,60,31,79,34,86,21,87,56,85,20,76,72,46,6,
553	2	7	2.471	2,36,69,50,89,86,21,87,56,85,20,76,46,72,88,98,92,65,55,7,
553	2	8	2.302	2,36,69,50,89,86,87,56,85,20,76,46,72,88,98,92,65,55,16,8,
553	2	9	2.459	2,36,69,50,89,86,87,56,85,20,76,72,88,98,65,28,48,68,9,
553	2	10	2.597	2,17,62,63,19,60,31,94,43,53,39,78,57,64,22,40,49,44,54,10,
553	2	11	2.455	2,17,62,63,19,60,31,94,43,53,39,78,57,96,42,45,99,61,27,58,11,
553	2	12	2.225	2,17,62,63,19,60,31,94,43,53,39,78,57,96,99,45,42,59,25,12,
553	2	13	2.071	2,17,62,63,19,60,31,94,43,53,39,78,57,96,99,42,59,13,
553	2	14	2.006	2,17,62,63,19,60,31,94,43,53,39,78,33,93,73,91,66,14,
553	2	15	1.764	2,17,62,63,19,60,94,43,53,39,78,33,93,73,91,70,15,
553	3	4	2.046	3,50,89,51,21,86,87,56,85,20,76,72,46,77,4,
553	3	5	1.784	3,50,89,51,21,86,87,56,85,20,76,72,46,77,5,
553	3	6	1.656	3,51,89,50,34,86,21,87,56,85,20,76,46,72,6,
553	3	7	2.299	3,50,89,86,87,56,85,20,76,46,72,88,98,92,65,28,16,55,7,
553	3	8	2.257	3,50,89,86,21,87,56,85,20,76,46,72,88,98,92,65,28,55,16,8,
553	3	9	2.36	3,50,89,34,86,87,56,85,20,76,72,88,98,92,65,28,48,68,9,
553	3	10	2.609	3,50,89,86,87,56,85,20,76,46,72,88,98,92,65,28,18,74,54,10,
553	3	11	2.66	3,69,36,62,63,19,60,94,43,53,39,78,57,96,42,45,99,61,27,58,11,
553	3	12	2.438	3,36,62,63,19,60,31,94,43,53,39,78,57,96,99,45,42,59,25,12,
553	3	13	2.354	3,69,36,62,63,19,60,31,94,43,53,39,78,57,96,99,45,42,59,13,
553	3	14	2.302	3,36,17,62,63,19,60,31,94,43,53,39,78,33,93,73,91,66,14,
553	3	15	2.051	3,36,62,63,19,60,31,94,43,53,39,78,33,93,73,91,70,15,
553	4	5	1.684	4,51,89,50,34,86,21,87,56,85,20,76,72,46,5,
553	4	6	1.562	4,51,89,50,34,86,21,87,56,85,20,76,72,46,6,
553	4	7	1.819	4,51,89,34,86,87,56,85,20,76,46,72,88,98,7,
553	4	8	2.113	4,51,89,86,21,87,56,85,20,76,46,72,88,98,92,65,55,16,8,
553	4	9	2.262	4,21,86,87,56,85,20,76,46,72,88,98,92,65,55,16,48,68,9,
553	4	10	2.526	4,21,86,87,56,85,20,76,46,72,88,98,92,65,28,18,74,54,35,10,
553	4	11	2.613	4,51,89,50,34,24,97,29,75,53,39,78,57,96,42,45,61,27,58,11,
553	4	12	2.467	4,51,89,50,34,24,97,29,75,53,39,78,57,64,99,45,42,59,25,12,
553	4	13	2.528	4,51,89,50,34,24,71,97,29,75,53,39,78,57,64,96,99,42,59,13,
553	4	14	2.518	4,51,89,50,69,36,62,63,19,60,94,43,53,39,78,33,93,73,91,66,14,
553	4	15	2.207	4,51,50,89,34,24,97,29,75,23,53,39,78,33,93,73,91,70,15,
553	5	6	1.898	5,77,21,51,89,50,34,86,87,56,85,20,76,72,6,
553	5	7	1.818	5,77,56,85,20,76,46,72,88,98,92,65,28,48,16,55,7,
553	5	8	1.985	5,77,56,85,20,76,46,72,88,98,92,65,28,18,68,48,16,55,8,
553	5	9	2.352	5,77,46,72,76,20,85,56,87,37,81,67,84,47,38,30,18,74,68,9,
553	5	10	2.348	5,46,72,76,20,85,56,87,37,81,67,84,47,83,49,44,54,35,10,
553	5	11	2.554	5,77,46,72,76,20,85,56,87,37,81,67,84,47,83,49,44,82,80,58,11,
553	5	12	2.562	5,77,21,86,32,24,71,97,29,75,53,39,78,57,96,99,45,42,59,25,12,
553	5	13	2.442	5,77,85,56,87,32,24,97,29,75,53,39,78,57,96,99,45,42,59,13,
553	5	14	2.508	5,46,72,76,20,85,56,87,32,24,97,29,75,53,39,78,33,93,73,66,14,
553	5	15	2.297	5,77,85,56,87,32,24,71,97,29,75,53,39,78,33,93,73,91,70,15,
553	6	7	1.893	6,72,76,20,85,56,87,37,81,67,84,38,92,98,7,
553	6	8	1.858	6,72,46,76,20,85,56,87,37,81,67,38,30,28,16,8,
553	6	9	1.921	6,72,46,76,20,85,56,87,37,81,67,38,30,18,74,9,
553	6	10	2.141	6,72,46,76,20,85,56,87,37,81,67,84,47,83,49,44,54,10,
553	6	11	2.219	6,72,46,76,20,85,56,87,37,81,67,84,47,83,49,44,82,80,11,
553	6	12	2.392	6,72,46,76,20,85,56,87,37,81,67,84,47,83,49,44,82,58,12,
553	6	13	2.346	6,72,76,20,85,56,87,37,81,67,84,47,26,64,99,45,42,13,
553	6	14	2.387	6,72,76,20,85,56,87,32,24,97,29,75,53,39,78,33,93,73,91,66,14,
553	6	15	2.201	6,46,76,20,85,56,87,32,24,97,75,53,39,78,33,93,73,91,70,15,
553	7	8	2.183	7,88,72,76,20,85,56,87,37,81,67,38,30,28,16,8,
553	7	9	2.246	7,88,72,76,20,85,56,87,37,81,67,38,30,18,74,9,
553	7	10	2.327	7,88,72,76,20,85,37,81,67,84,47,83,49,54,10,
553	7	11	2.471	7,88,72,46,76,20,85,56,87,37,81,67,84,47,83,49,44,80,11,
553	7	12	2.709	7,98,88,72,46,76,20,85,56,87,37,81,67,84,47,22,40,27,12,
553	7	13	2.668	7,88,72,46,76,20,85,37,81,67,84,47,26,64,99,45,42,59,13,
553	7	14	2.603	7,88,72,76,20,85,56,87,32,24,97,75,53,39,78,33,93,66,14,
553	7	15	2.483	7,88,20,85,56,87,32,24,97,75,53,39,78,33,93,73,91,70,15,
553	8	9	2.403	8,55,16,48,68,74,18,28,65,92,30,95,83,49,44,54,35,9,
553	8	10	2.283	8,55,16,48,68,74,18,28,65,92,30,95,83,49,44,54,35,10,
553	8	11	2.582	8,16,48,68,74,18,28,65,92,38,67,84,47,83,49,44,82,58,11,
553	8	12	2.663	8,55,16,48,68,74,18,30,95,83,49,44,82,27,61,45,99,42,59,25,12,
553	8	13	2.505	8,48,18,30,38,84,67,23,53,39,78,57,96,99,45,42,59,13,
553	8	14	2.516	8,48,18,30,38,47,84,67,23,53,39,78,33,93,73,91,66,14,
553	8	15	2.493	8,48,18,30,38,84,67,37,81,71,23,53,39,78,33,93,73,91,70,15,
553	9	10	2.331	9,68,18,30,38,37,81,67,84,47,83,49,44,54,35,10,
553	9	11	2.308	9,35,54,44,49,40,22,26,64,99,42,45,61,27,58,11,
553	9	12	2.192	9,35,54,44,49,40,22,26,64,96,99,45,42,59,25,12,
553	9	13	2.577	9,35,54,44,49,40,22,26,64,39,78,57,96,99,45,42,59,13,
553	9	14	2.602	9,35,54,49,44,82,27,61,99,45,42,96,57,33,93,73,91,66,14,
553	9	15	2.495	9,35,54,49,40,22,26,64,99,45,42,96,57,33,93,73,91,70,15,
553	10	11	2.188	10,35,54,44,49,40,22,26,64,99,42,45,61,27,58,11,
553	10	12	2.072	10,35,54,44,49,40,22,26,64,96,99,45,42,59,25,12,
553	10	13	2.06	10,35,54,44,49,40,22,26,64,57,96,99,42,59,13,
553	10	14	2.407	10,35,54,44,49,40,22,26,64,99,45,42,96,93,73,91,66,14,
553	10	15	2.406	10,35,54,44,49,40,22,26,64,99,45,42,96,57,33,93,73,91,70,15,
553	11	12	2.296	11,58,82,40,22,26,64,57,96,99,42,45,61,27,25,12,
553	11	13	2.279	11,58,27,61,40,22,26,64,57,96,99,42,45,59,25,13,
553	11	14	1.899	11,58,27,61,99,45,42,96,57,33,93,73,91,66,14,
553	11	15	2.416	11,58,82,44,49,40,22,26,64,99,45,42,96,57,33,93,73,91,70,15,
553	12	13	2.208	12,25,59,42,45,99,96,57,33,93,73,91,70,66,14,13,
553	12	14	1.818	12,25,59,42,45,99,96,57,33,93,73,91,70,66,14,
553	12	15	1.775	12,25,59,42,45,99,64,39,78,33,93,73,91,70,15,
553	13	14	1.822	13,59,42,45,99,96,57,39,78,33,93,73,91,66,14,
553	13	15	1.654	13,59,42,45,99,96,57,39,78,33,93,73,91,70,15,
553	14	15	1.931	14,42,45,99,96,64,57,39,78,33,93,73,91,70,15,
