234	0	1	2.448	0,78,30,74,58,43,64,84,53,27,70,46,48,91,24,32,1,
234	0	2	2.34	0,78,30,74,58,43,64,84,53,27,70,46,24,48,91,16,2,
234	0	3	2.299	0,78,30,74,58,43,64,84,53,27,70,97,35,65,95,92,3,
234	0	4	2.545	0,78,30,74,58,43,84,64,63,71,38,25,29,40,23,87,36,50,4,
234	0	5	2.606	0,78,30,74,58,43,84,64,63,71,38,25,29,40,47,89,21,62,5,
234	0	6	2.619	0,78,30,32,24,48,91,54,65,35,87,36,96,23,40,47,62,89,21,75,6,
234	0	7	2.816	0,78,30,74,58,43,84,64,67,68,44,77,88,19,31,99,60,81,76,61,7,
234	0	8	2.569	0,78,30,74,58,43,84,64,68,77,44,52,88,19,31,99,94,18,83,8,
234	0	9	2.519	0,78,30,74,58,43,84,64,68,77,44,52,66,26,22,88,19,99,94,9,
234	0	10	2.311	0,78,30,74,58,43,84,64,67,68,77,44,52,66,26,22,28,39,90,85,10,
234	0	11	2.26	0,78,30,74,58,43,84,64,68,77,44,52,66,26,22,28,33,39,90,79,11,
234	0	12	2.15	0,78,30,74,58,43,84,64,67,68,77,44,52,26,22,28,33,45,12,
234	0	13	2.071	0,51,55,67,68,77,44,52,22,26,66,41,98,56,13,
234	0	14	2.209	0,78,30,74,58,43,84,64,68,77,44,69,34,86,80,14,
234	0	15	2.427	0,78,30,74,58,43,64,68,44,69,34,86,80,82,73,15,
234	1	2	2.31	1,32,24,46,97,23,96,36,87,35,65,95,92,54,16,2,
234	1	3	2.251	1,32,24,46,48,91,54,65,35,87,36,96,59,50,95,92,3,
234	1	4	2.139	1,32,24,46,48,91,54,65,35,97,87,36,23,96,59,50,4,
234	1	5	2.491	1,32,24,46,48,91,54,65,35,95,87,36,96,23,40,47,89,21,62,5,
234	1	6	2.496	1,93,32,24,46,48,91,54,65,35,95,87,36,96,23,40,47,89,21,75,6,
234	1	7	2.701	1,32,24,48,46,97,87,36,96,23,40,29,25,38,57,37,60,81,76,61,7,
234	1	8	2.543	1,93,30,74,58,43,84,64,68,77,44,52,88,19,99,94,18,83,8,
234	1	9	2.496	1,93,30,74,58,43,84,64,67,68,77,44,52,88,19,31,99,94,9,
234	1	10	2.412	1,93,30,74,58,43,84,64,67,68,77,44,52,26,22,28,39,90,79,85,10,
234	1	11	2.367	1,93,30,74,58,43,84,64,67,68,77,44,52,66,41,26,22,28,39,90,79,11,
234	1	12	2.205	1,93,30,74,58,43,84,64,68,77,44,52,66,26,22,28,33,45,12,
234	1	13	2.177	1,93,30,74,58,43,84,64,67,68,77,44,52,66,41,98,56,13,
234	1	14	2.313	1,93,30,74,58,43,84,64,67,68,77,44,52,69,34,86,80,14,
234	1	15	2.374	1,32,24,48,46,70,27,53,84,64,43,58,74,51,73,15,
234	2	3	2.194	2,16,24,46,48,91,54,65,35,87,36,96,59,50,95,92,3,
234	2	4	2.025	2,16,54,65,35,87,36,23,40,47,89,21,62,59,4,
234	2	5	2.323	2,16,24,46,48,91,54,65,35,87,36,96,23,40,47,89,21,62,5,
234	2	6	2.444	2,16,24,46,48,91,54,65,35,95,87,36,96,23,40,47,89,21,72,75,6,
234	2	7	2.536	2,16,54,65,35,87,36,96,23,40,47,29,25,38,57,37,60,81,76,61,7,
234	2	8	2.298	2,16,54,65,35,87,36,96,23,40,29,25,38,57,81,17,18,83,8,
234	2	9	2.349	2,16,54,65,35,87,36,96,23,40,29,25,38,57,81,17,83,18,9,
234	2	10	2.302	2,16,91,48,46,27,53,84,64,67,68,77,44,52,22,28,39,90,85,10,
234	2	11	2.358	2,16,91,48,46,70,27,53,43,84,64,67,68,44,77,52,66,26,22,28,39,90,79,11,
234	2	12	2.219	2,16,91,48,46,27,53,84,64,67,68,77,44,52,26,22,28,33,45,12,
234	2	13	2.209	2,16,91,48,46,27,53,84,64,67,68,77,44,52,66,41,98,56,13,
234	2	14	2.345	2,16,91,48,46,27,53,84,64,67,68,77,44,52,69,34,86,80,14,
234	2	15	2.294	2,16,91,48,46,27,53,84,64,43,58,74,51,82,73,15,
234	3	4	1.869	3,54,65,35,87,36,96,40,47,89,21,62,59,50,4,
234	3	5	1.805	3,92,54,65,35,87,36,96,23,40,47,89,21,62,5,
234	3	6	1.754	3,92,54,65,35,95,87,36,96,23,40,47,89,21,75,6,
234	3	7	2.303	3,92,65,35,87,36,96,47,40,29,25,38,57,37,60,81,76,61,7,
234	3	8	2.309	3,92,65,35,87,36,96,23,40,47,29,25,38,57,37,60,81,17,83,8,
234	3	9	2.48	3,92,65,35,87,36,96,23,40,29,25,38,57,37,60,81,76,17,18,94,9,
234	3	10	2.38	3,54,65,35,97,70,27,53,84,64,67,68,77,44,52,26,22,28,39,90,85,10,
234	3	11	2.344	3,92,65,35,97,70,27,53,43,84,64,67,68,77,44,52,66,26,22,28,39,90,79,11,
234	3	12	2.238	3,92,65,35,97,70,27,53,84,64,67,68,77,44,52,22,26,33,45,12,
234	3	13	2.252	3,54,65,35,97,70,27,53,84,64,67,68,77,44,52,66,41,98,56,13,
234	3	14	2.357	3,54,97,70,27,53,84,64,68,77,44,52,69,34,86,49,20,14,
234	3	15	2.44	3,92,65,35,87,36,23,70,27,53,84,64,43,58,74,51,73,15,
234	4	5	1.864	4,92,54,65,35,87,36,96,23,40,47,89,21,62,5,
234	4	6	1.781	4,50,95,65,35,87,36,96,23,40,47,62,89,21,75,6,
234	4	7	2.161	4,50,59,96,36,87,23,40,29,25,38,57,37,60,81,76,61,7,
234	4	8	2.169	4,95,65,35,87,36,96,23,40,29,25,38,57,37,60,81,17,83,8,
234	4	9	2.346	4,92,65,35,87,36,96,23,40,29,25,38,57,37,60,81,17,83,18,9,
234	4	10	2.361	4,95,65,35,97,70,27,53,84,64,67,68,77,44,52,22,28,39,90,85,10,
234	4	11	2.189	4,95,65,35,97,70,27,53,84,64,67,68,77,44,52,22,28,39,90,79,11,
234	4	12	2.376	4,92,65,35,97,70,27,53,84,64,67,68,77,44,52,66,26,22,28,33,45,12,
234	4	13	2.327	4,95,65,35,97,70,27,53,84,64,67,68,77,44,52,22,26,41,98,56,13,
234	4	14	2.404	4,95,65,35,97,70,27,53,84,64,67,68,77,44,52,69,34,86,80,14,
234	4	15	2.546	4,92,65,35,87,36,96,23,70,27,53,84,43,58,74,51,82,73,15,
234	5	6	1.898	5,59,50,95,65,35,97,87,36,96,40,47,89,21,75,6,
234	5	7	1.99	5,59,50,95,65,35,87,36,96,23,40,47,89,21,72,7,
234	5	8	2.085	5,59,96,36,87,23,40,29,25,38,57,37,60,81,17,83,8,
234	5	9	2.207	5,59,96,36,87,23,40,29,25,38,57,37,60,81,17,83,18,9,
234	5	10	2.373	5,62,47,29,25,38,71,63,68,77,44,52,26,22,28,39,90,85,10,
234	5	11	2.201	5,62,47,29,25,38,71,63,68,77,44,52,26,22,28,39,90,79,11,
234	5	12	2.357	5,62,47,40,70,27,53,84,64,67,68,77,44,52,26,22,28,33,45,12,
234	5	13	2.489	5,59,96,36,23,70,27,53,84,64,67,68,77,44,52,22,26,66,41,98,56,13,
234	5	14	2.495	5,62,47,29,71,63,68,77,44,52,22,26,66,41,98,56,49,20,14,
234	5	15	2.63	5,59,96,36,87,23,40,29,25,38,71,63,64,84,43,58,74,51,15,
234	6	7	1.943	6,75,21,89,62,47,40,29,25,38,57,81,76,61,7,
234	6	8	1.833	6,75,21,89,47,29,25,38,57,37,60,81,17,18,83,8,
234	6	9	1.884	6,75,21,89,47,29,25,38,57,37,60,81,17,83,18,9,
234	6	10	2.271	6,75,21,89,47,29,71,63,68,77,44,52,26,22,28,39,90,85,10,
234	6	11	2.138	6,75,21,89,29,25,38,71,63,68,77,44,52,22,28,39,90,79,11,
234	6	12	2.272	6,75,21,89,47,29,25,38,71,63,68,77,44,52,26,22,28,33,45,12,
234	6	13	2.423	6,75,21,89,47,40,70,27,53,84,64,67,68,77,44,52,22,26,41,98,56,13,
234	6	14	2.457	6,75,21,89,47,40,71,63,68,77,44,52,66,41,98,56,49,20,14,
234	6	15	2.59	6,75,21,89,47,40,29,25,38,71,63,64,84,43,58,74,51,82,73,15,
234	7	8	2.03	7,72,21,89,47,29,25,38,57,37,60,81,17,18,83,8,
234	7	9	2.048	7,72,21,89,47,40,29,25,38,57,81,17,83,18,9,
234	7	10	2.287	7,61,76,81,60,99,31,42,88,77,44,52,22,28,39,90,85,10,
234	7	11	2.097	7,61,76,81,60,99,31,19,88,77,44,52,22,28,39,90,79,11,
234	7	12	2.358	7,61,76,81,60,99,31,19,88,68,77,44,52,66,26,22,28,33,45,12,
234	7	13	2.46	7,61,76,81,60,99,19,31,42,88,68,77,44,52,22,26,66,41,98,56,13,
234	7	14	2.482	7,61,76,81,60,99,19,88,77,44,52,22,26,66,41,98,56,49,20,14,
234	7	15	2.673	7,61,76,81,37,68,77,44,52,22,26,66,41,98,56,49,80,82,73,15,
234	8	9	2.291	8,17,60,37,68,77,44,52,66,26,22,88,19,99,94,9,
234	8	10	1.958	8,83,18,94,99,19,88,77,44,52,26,22,28,39,90,85,10,
234	8	11	1.786	8,83,18,94,99,19,88,77,44,52,26,22,28,39,90,79,11,
234	8	12	2.122	8,83,18,94,99,19,31,42,88,77,44,52,66,26,22,28,39,90,33,45,12,
234	8	13	2.302	8,83,18,94,99,19,88,31,42,28,22,26,66,52,77,44,69,34,41,98,56,13,
234	8	14	2.323	8,83,18,94,99,19,31,42,88,77,44,52,22,26,66,41,98,56,49,20,14,
234	8	15	2.451	8,83,18,94,99,31,19,88,77,44,52,22,26,66,69,34,86,80,82,73,15,
234	9	10	1.947	9,94,99,19,31,42,88,77,44,52,26,22,28,39,90,85,10,
234	9	11	1.775	9,94,99,19,31,42,88,77,44,52,26,22,28,39,90,79,11,
234	9	12	1.829	9,94,99,31,42,88,77,44,52,66,26,22,28,33,45,12,
234	9	13	1.831	9,94,99,31,88,77,44,52,22,26,66,41,98,56,13,
234	9	14	2.28	9,94,99,31,19,88,68,44,77,52,22,26,66,41,98,56,49,20,14,
234	9	15	2.397	9,94,99,31,19,88,77,44,52,66,41,98,56,49,20,80,82,73,15,
234	10	11	1.739	10,85,31,42,88,77,44,52,66,26,22,28,33,39,90,79,11,
234	10	12	1.714	10,85,42,31,19,88,77,44,52,26,22,28,39,90,33,45,12,
234	10	13	1.683	10,85,42,31,19,88,77,44,52,22,26,66,41,98,56,13,
234	10	14	2.087	10,85,42,31,19,88,68,77,44,52,22,26,66,41,98,56,49,20,14,
234	10	15	2.287	10,85,42,31,19,88,77,44,52,22,26,41,98,56,49,20,80,82,73,15,
234	11	12	1.635	11,79,90,39,28,22,26,66,52,77,44,69,34,41,33,45,12,
234	11	13	1.599	11,79,90,39,28,22,26,66,52,77,44,69,34,41,98,56,13,
234	11	14	1.942	11,79,90,39,28,22,26,52,77,44,69,34,41,98,56,49,20,80,14,
234	11	15	2.124	11,79,90,39,28,22,26,52,77,44,69,34,41,98,56,49,80,82,73,15,
234	12	13	1.653	12,45,33,28,22,26,66,52,77,44,69,34,41,98,56,13,
234	12	14	1.745	12,45,33,28,22,26,66,52,77,44,69,34,86,49,20,14,
234	12	15	2.109	12,45,33,28,22,26,66,52,44,77,68,67,69,34,86,80,82,73,15,
234	13	14	1.843	13,49,56,98,41,66,26,22,52,77,44,69,34,86,80,14,
234	13	15	1.93	13,56,98,41,26,22,52,77,44,69,34,86,80,82,73,15,
234	14	15	2.091	14,20,49,86,34,69,52,44,77,68,67,55,82,73,15,
