561	0	1	2.142	0,31,26,82,39,72,42,83,80,47,60,99,45,21,34,1,
561	0	2	2.152	0,31,36,26,39,60,80,47,45,21,99,34,78,38,53,2,
561	0	3	2.36	0,36,26,31,82,39,60,99,45,21,34,78,38,53,40,70,23,3,
561	0	4	2.413	0,36,26,99,45,21,34,78,38,35,67,66,28,62,41,17,71,95,4,
561	0	5	2.328	0,36,26,99,45,21,34,78,38,35,67,62,28,44,75,48,90,87,69,5,
561	0	6	2.597	0,31,36,26,99,45,21,34,78,38,35,67,62,28,44,32,91,75,48,90,6,
561	0	7	2.561	0,36,26,99,34,21,45,38,35,67,62,28,44,51,56,20,96,89,57,76,7,
561	0	8	2.535	0,36,26,99,34,21,45,47,24,65,73,29,49,16,51,56,20,96,89,57,8,
561	0	9	2.666	0,36,26,31,82,39,72,42,83,61,37,74,63,52,81,18,92,77,30,25,85,33,9,
561	0	10	2.596	0,36,26,31,82,39,72,42,83,61,37,74,63,52,81,18,92,77,30,25,10,
561	0	11	2.399	0,36,26,31,82,39,72,42,83,61,37,74,63,52,81,18,92,77,94,11,
561	0	12	2.542	0,36,26,99,34,21,45,47,80,60,39,72,42,83,61,37,55,59,12,
561	0	13	1.977	0,36,26,31,82,39,72,42,83,61,37,74,52,55,86,13,
561	0	14	2.023	0,36,26,31,82,39,72,42,61,83,63,81,52,74,37,14,
561	0	15	2.002	0,36,26,99,21,34,78,38,45,60,83,61,42,72,15,
561	1	2	2.09	1,78,34,21,45,99,26,36,31,82,39,60,80,47,38,2,
561	1	3	1.875	1,26,36,31,82,39,99,34,21,45,38,53,40,23,3,
561	1	4	1.896	1,78,34,99,45,21,38,35,67,62,41,17,71,95,4,
561	1	5	2.154	1,78,34,99,45,21,38,35,67,62,66,28,44,75,48,90,87,5,
561	1	6	2.349	1,78,34,99,45,21,38,35,67,62,66,28,44,32,91,75,48,90,6,
561	1	7	2.402	1,78,34,99,45,21,38,35,67,62,28,44,51,56,20,96,89,57,76,7,
561	1	8	2.456	1,78,34,21,45,99,60,80,47,24,65,73,16,51,56,20,96,89,57,8,
561	1	9	2.517	1,78,34,99,21,45,60,80,24,65,73,29,49,16,51,56,20,98,27,9,
561	1	10	2.521	1,78,34,21,45,99,26,36,31,82,72,42,83,63,52,81,18,92,77,10,
561	1	11	2.435	1,78,34,21,45,99,39,72,42,61,83,63,52,81,18,92,77,94,11,
561	1	12	2.19	1,78,34,21,45,99,26,36,31,82,39,72,42,83,61,37,55,59,12,
561	1	13	2.016	1,78,34,21,45,99,26,36,31,82,39,72,42,83,61,37,55,86,13,
561	1	14	1.768	1,78,34,21,45,99,26,36,31,82,39,72,61,37,14,
561	1	15	1.8	1,78,34,21,45,99,26,36,31,82,39,72,42,61,22,15,
561	2	3	2.087	2,78,34,99,45,21,38,35,67,62,41,17,43,70,23,3,
561	2	4	1.994	2,78,34,99,45,21,38,35,67,62,41,17,71,95,4,
561	2	5	2.252	2,78,34,99,45,21,38,35,67,62,44,32,91,75,48,90,87,5,
561	2	6	2.437	2,78,34,21,45,99,60,80,47,24,66,62,28,44,75,48,90,6,
561	2	7	2.5	2,78,34,99,45,21,38,35,67,62,28,44,51,56,20,96,89,57,76,7,
561	2	8	2.423	2,78,34,99,45,21,38,35,67,62,44,32,51,56,20,96,89,57,8,
561	2	9	2.596	2,78,34,99,21,45,47,24,65,73,29,49,16,51,56,20,50,98,27,9,
561	2	10	2.585	2,78,34,21,45,99,26,36,31,82,72,42,83,63,52,18,92,77,10,
561	2	11	2.52	2,78,34,21,45,99,39,72,42,83,74,63,52,81,18,92,77,94,11,
561	2	12	2.381	2,78,38,45,21,34,99,26,36,31,82,39,72,42,83,61,37,55,59,12,
561	2	13	2.207	2,78,38,45,21,34,99,26,36,31,82,39,72,42,83,61,37,55,86,13,
561	2	14	2.027	2,78,38,45,21,34,99,26,36,31,82,39,72,42,83,61,37,14,
561	2	15	1.898	2,78,34,21,45,99,26,36,31,82,39,72,42,61,22,15,
561	3	4	2.153	3,23,40,35,67,62,28,44,75,48,90,88,71,95,4,
561	3	5	1.973	3,23,40,35,67,62,28,44,32,91,75,48,90,87,69,5,
561	3	6	2.142	3,23,70,43,17,41,62,66,28,44,32,91,75,48,90,6,
561	3	7	2.39	3,23,70,95,43,17,41,75,91,32,51,56,20,96,89,57,76,79,7,
561	3	8	2.397	3,23,70,46,62,66,65,73,29,49,16,51,56,20,96,89,57,93,8,
561	3	9	2.564	3,23,70,43,17,41,62,66,65,73,29,49,16,51,56,20,50,98,27,9,
561	3	10	2.676	3,23,70,43,17,41,75,91,32,51,56,16,49,20,50,98,27,33,85,10,
561	3	11	2.582	3,23,70,43,17,41,75,91,32,51,56,16,29,73,64,92,77,94,11,
561	3	12	2.506	3,53,38,45,21,34,99,26,36,31,82,39,72,42,61,37,55,59,12,
561	3	13	2.332	3,53,38,45,21,34,99,26,36,31,82,39,72,42,61,37,55,86,13,
561	3	14	2.302	3,23,40,53,38,45,21,34,99,26,36,31,82,39,72,42,61,37,14,
561	3	15	2.325	3,23,40,53,38,45,21,34,99,26,36,31,82,39,72,42,61,22,15,
561	4	5	1.848	4,95,43,17,41,62,28,44,32,91,75,48,90,87,69,5,
561	4	6	2.08	4,95,43,17,41,62,28,44,51,56,32,91,75,48,90,6,
561	4	7	2.146	4,95,43,17,41,75,91,32,51,56,20,50,96,89,57,76,79,7,
561	4	8	2.215	4,95,43,17,41,62,66,65,73,29,16,51,56,20,96,89,57,8,
561	4	9	2.489	4,95,43,17,41,62,66,65,73,29,49,16,51,56,20,50,98,27,33,9,
561	4	10	2.651	4,95,43,17,41,62,66,65,73,29,49,16,51,56,20,50,27,33,85,10,
561	4	11	2.697	4,95,43,17,41,75,91,32,51,56,16,49,29,73,65,84,64,92,77,94,11,
561	4	12	2.818	4,95,43,17,41,75,91,32,51,56,16,49,29,73,84,81,52,18,97,58,12,
561	4	13	2.549	4,95,43,17,41,75,91,32,51,56,16,49,29,73,84,81,52,55,86,13,
561	4	14	2.567	4,95,70,40,53,38,45,21,34,99,26,36,31,82,39,72,61,37,14,
561	4	15	2.56	4,95,43,17,41,62,28,66,67,35,38,45,21,34,99,26,36,31,82,15,
561	5	6	1.926	5,69,87,90,48,75,91,32,51,56,19,76,79,68,54,6,
561	5	7	1.723	5,69,87,90,48,75,91,32,51,56,20,96,89,57,76,7,
561	5	8	1.915	5,87,90,48,75,91,32,51,56,16,49,20,96,89,57,93,8,
561	5	9	2.006	5,69,87,90,48,75,91,32,51,56,20,96,50,98,27,85,33,9,
561	5	10	2.592	5,69,87,90,48,75,91,32,51,56,20,49,16,29,73,64,92,77,30,25,10,
561	5	11	2.567	5,69,87,90,48,75,91,32,51,56,16,49,29,73,84,18,64,92,77,94,11,
561	5	12	2.75	5,69,87,90,48,75,91,32,51,56,16,49,29,73,65,84,64,92,18,97,58,12,
561	5	13	2.503	5,69,87,90,48,75,91,32,51,56,16,49,29,73,65,84,81,52,55,86,13,
561	5	14	2.451	5,69,87,90,48,75,91,32,51,56,16,49,29,73,84,81,52,63,74,37,14,
561	5	15	2.453	5,87,90,48,75,91,32,51,56,16,73,84,81,52,63,83,42,72,15,
561	6	7	1.798	6,90,48,75,91,32,51,56,20,96,89,57,76,79,7,
561	6	8	2.011	6,90,48,75,91,32,51,56,16,49,20,98,50,96,89,57,8,
561	6	9	2.105	6,90,48,75,91,32,51,56,16,49,20,50,98,27,85,33,9,
561	6	10	2.452	6,90,48,75,91,32,51,56,20,96,89,57,93,50,98,27,33,85,10,
561	6	11	2.555	6,54,68,79,76,57,89,96,20,56,51,16,49,29,73,64,92,77,94,11,
561	6	12	2.733	6,90,48,75,91,32,51,56,16,49,29,73,65,84,64,92,77,94,58,12,
561	6	13	2.704	6,90,48,75,91,32,51,56,16,49,29,73,65,84,81,52,74,37,55,86,13,
561	6	14	2.561	6,90,48,75,91,32,51,56,16,49,29,73,65,84,81,52,63,74,37,14,
561	6	15	2.609	6,90,48,75,91,32,51,56,16,49,29,73,84,81,52,63,74,83,42,72,15,
561	7	8	1.981	7,79,76,19,56,51,16,49,20,98,50,96,89,57,93,8,
561	7	9	1.994	7,76,79,68,54,91,32,51,56,20,50,98,27,85,33,9,
561	7	10	2.405	7,76,79,54,91,32,51,56,16,49,20,96,50,98,27,33,85,10,
561	7	11	2.26	7,79,76,57,89,96,20,56,51,16,49,29,73,64,92,77,94,11,
561	7	12	2.716	7,79,76,57,89,96,50,98,20,56,51,16,49,29,73,84,64,18,97,58,12,
561	7	13	2.622	7,76,57,89,96,50,98,20,56,51,16,49,29,73,84,81,52,63,74,55,86,13,
561	7	14	2.606	7,79,76,57,89,96,50,20,56,51,16,49,29,73,84,81,52,63,74,37,14,
561	7	15	2.626	7,76,57,89,96,20,56,51,16,49,29,73,84,81,52,63,74,61,83,42,72,15,
561	8	9	2.095	8,57,89,96,50,98,20,56,51,16,49,29,30,25,85,33,9,
561	8	10	2.202	8,57,89,96,20,56,51,16,49,29,73,64,92,77,94,10,
561	8	11	2.055	8,57,89,96,20,56,51,16,49,29,73,64,92,77,94,11,
561	8	12	2.485	8,93,57,89,96,50,98,20,56,51,16,49,29,73,64,18,97,58,12,
561	8	13	2.331	8,57,89,96,20,56,51,16,49,29,73,84,81,52,63,74,55,86,13,
561	8	14	2.381	8,57,89,96,20,56,51,16,49,29,73,65,84,81,52,74,37,14,
561	8	15	2.569	8,57,89,96,20,56,51,16,49,29,73,84,81,52,74,37,61,83,42,72,15,
561	9	10	2.323	9,33,85,27,98,50,96,20,56,51,16,73,29,30,25,10,
561	9	11	2.227	9,27,50,96,20,56,51,16,49,29,73,64,92,77,94,11,
561	9	12	2.306	9,33,85,27,93,89,96,50,98,30,25,77,92,18,97,58,12,
561	9	13	2.516	9,33,27,98,50,96,20,56,51,16,49,29,73,84,81,52,55,86,13,
561	9	14	2.515	9,33,27,98,50,20,56,51,16,49,29,73,84,81,52,63,74,37,14,
561	9	15	2.648	9,27,98,50,20,56,51,16,49,29,73,84,81,52,63,74,61,83,42,72,15,
561	10	11	2.401	10,33,27,98,20,56,51,16,49,29,73,64,92,77,94,11,
561	10	12	2.459	10,85,33,27,93,89,96,50,98,30,25,77,92,18,97,58,12,
561	10	13	2.309	10,25,30,77,92,18,81,52,63,74,83,61,37,55,86,13,
561	10	14	2.481	10,25,30,77,92,64,18,81,52,63,74,37,61,83,42,72,22,14,
561	10	15	2.714	10,25,30,77,92,64,18,81,52,63,74,37,61,83,42,72,39,82,31,15,
561	11	12	2.438	11,94,77,92,18,81,52,63,83,42,72,61,37,55,59,12,
561	11	13	2.241	11,94,77,92,18,81,52,63,74,83,42,61,37,55,86,13,
561	11	14	2.568	11,94,77,92,18,64,84,81,52,63,74,37,61,83,42,72,22,14,
561	11	15	2.399	11,94,77,92,18,81,52,63,74,37,61,83,42,72,39,82,31,15,
561	12	13	2.37	12,58,94,77,92,18,81,52,63,74,83,61,37,55,86,13,
561	12	14	2.42	12,58,94,77,92,18,81,52,63,74,83,42,72,61,37,14,
561	12	15	2.269	12,58,94,77,92,18,81,52,63,74,37,61,83,42,72,15,
561	13	14	2.537	13,86,55,52,81,63,74,37,61,83,42,72,39,82,31,15,22,14,
561	13	15	2.24	13,86,59,55,52,81,63,74,37,61,83,42,72,39,82,31,15,
561	14	15	2.363	14,37,61,74,52,81,63,83,42,72,39,26,36,31,82,15,
