315	0	2	2.225	0,36,97,44,87,93,86,91,57,94,61,20,68,88,47,2,
315	0	1	2.097	0,36,97,44,87,93,86,91,57,94,88,47,27,92,1,
315	0	4	2.259	0,36,97,44,87,93,86,91,57,94,46,52,61,42,20,68,50,4,
315	0	5	2.329	0,36,97,44,87,93,86,91,57,94,88,47,68,20,61,42,70,25,5,
315	0	11	2.346	0,72,64,89,90,67,43,30,48,79,96,85,59,63,38,23,33,11,
315	0	3	2.015	0,36,97,45,44,87,93,86,91,57,94,61,20,68,50,3,
315	0	6	2.428	0,36,97,44,87,93,86,91,57,94,46,83,21,71,37,65,41,74,6,
315	0	7	2.608	0,36,97,44,87,93,27,86,91,57,94,46,83,84,21,71,37,49,7,
315	0	9	2.717	0,36,97,44,45,40,90,67,43,60,39,62,99,56,18,95,35,31,29,9,
315	0	10	2.765	0,36,97,44,45,40,90,67,43,30,79,96,85,59,19,38,23,33,24,10,
315	0	8	2.732	0,36,97,44,45,40,67,43,60,39,62,99,56,95,18,78,81,55,32,8,
315	0	15	2.115	0,97,36,92,93,87,44,45,40,43,67,90,89,76,15,
315	1	3	1.81	1,92,93,87,17,91,57,94,61,20,68,88,47,28,3,
315	1	2	2.019	1,36,97,44,87,93,92,27,86,91,57,94,88,47,2,
315	0	12	2.271	0,36,97,44,45,40,43,67,90,48,30,79,96,85,59,63,12,
315	1	4	2.047	1,36,97,44,87,17,91,57,94,46,52,42,61,20,68,50,4,
315	0	14	2.104	0,36,97,44,45,40,90,67,43,30,79,48,51,22,14,
315	0	13	2.117	0,36,97,44,45,40,90,67,43,30,79,96,85,59,58,13,
315	1	6	2.362	1,92,93,87,17,91,57,94,46,54,83,21,71,37,49,65,41,74,6,
315	1	7	2.576	1,36,97,44,87,93,86,91,57,94,46,54,83,84,21,71,37,49,7,
315	1	5	2.332	1,36,97,44,87,93,86,91,57,94,46,52,61,20,42,69,70,25,5,
315	1	8	2.615	1,92,93,87,44,45,40,67,43,60,39,62,56,95,18,78,81,55,32,8,
315	1	14	1.95	1,92,93,87,44,45,40,90,67,43,30,79,48,51,14,
315	2	3	1.872	2,27,93,87,17,91,57,94,46,52,61,20,68,50,3,
315	2	4	2.014	2,27,86,47,88,91,57,94,46,52,42,61,20,68,50,4,
315	1	12	2.425	1,92,27,93,87,44,45,40,43,67,90,48,30,79,96,85,59,63,12,
315	1	15	2.033	1,92,93,87,44,45,40,90,67,43,30,48,51,75,15,
315	1	13	2.428	1,92,27,93,87,44,45,40,43,67,90,48,30,79,96,85,59,58,13,
315	2	5	2.013	2,27,86,91,57,94,88,47,68,20,61,42,52,69,70,25,5,
315	2	6	2.446	2,27,86,91,57,94,88,47,68,20,61,42,52,83,21,71,37,49,6,
315	1	11	2.614	1,92,93,87,44,45,40,90,67,43,30,79,96,85,59,63,19,38,23,33,11,
315	1	9	2.583	1,92,93,87,44,45,40,90,67,43,53,99,56,18,95,35,31,29,9,
315	1	10	2.535	1,92,93,87,44,45,40,67,43,30,79,96,85,19,38,23,33,24,10,
315	3	4	1.8	3,28,47,88,86,91,57,94,46,52,42,61,20,68,50,4,
315	3	5	1.809	3,28,47,88,91,57,94,46,52,61,20,42,69,25,5,
315	2	14	2.356	2,27,92,93,87,44,45,40,90,67,43,30,79,48,51,75,22,14,
315	2	11	2.467	2,27,93,87,44,45,40,90,67,43,30,79,96,85,59,19,38,23,33,11,
315	2	13	2.754	2,27,93,87,44,45,40,90,67,43,60,39,62,99,53,79,30,48,51,80,13,
315	2	15	2.413	2,27,92,93,87,44,45,40,90,67,43,30,79,48,51,75,76,15,
315	2	12	2.829	2,27,92,93,87,44,36,97,45,40,90,67,43,30,48,79,96,85,59,63,12,
315	2	9	2.615	2,27,93,87,44,45,40,67,43,60,39,62,99,56,18,95,35,31,29,9,
315	2	7	2.602	2,27,86,91,57,94,88,47,68,20,61,42,52,69,26,41,65,37,49,7,
315	2	10	2.559	2,27,93,87,44,45,40,67,43,30,79,96,85,19,38,23,33,24,10,
315	2	8	2.685	2,27,93,87,44,45,40,90,67,43,60,39,62,99,56,18,81,55,32,8,
315	3	6	1.826	3,50,68,20,61,42,52,83,21,71,37,49,65,41,74,6,
315	4	5	1.942	4,50,68,20,61,42,52,83,84,21,71,37,65,41,74,5,
315	3	13	2.493	3,28,47,88,57,94,46,54,82,39,60,43,67,30,79,96,85,59,58,13,
315	3	14	2.404	3,28,47,88,91,57,94,46,54,82,39,60,43,67,30,48,51,14,
315	3	12	2.621	3,28,47,88,57,94,46,54,82,62,39,60,43,67,30,79,96,85,59,63,12,
315	3	11	2.642	3,28,47,88,91,57,94,46,54,82,39,60,62,99,56,19,38,23,33,11,
315	3	15	2.376	3,28,47,88,91,57,94,46,54,82,39,60,43,67,90,64,76,15,
315	3	7	2.458	3,28,47,88,68,20,61,42,52,69,26,65,41,49,37,71,21,66,98,34,7,
315	3	9	2.595	3,50,68,20,61,42,69,26,41,65,37,71,21,66,78,18,95,35,31,29,9,
315	3	8	2.49	3,50,68,20,61,42,52,69,26,65,41,49,37,71,21,66,78,81,55,32,8,
315	3	10	2.655	3,50,68,20,61,42,69,26,65,37,71,21,66,78,18,95,35,31,16,24,10,
315	5	6	2.101	5,25,70,69,42,61,52,46,54,73,21,71,37,49,6,
315	4	6	1.812	4,50,68,20,61,42,52,83,84,21,71,37,65,41,74,6,
315	4	7	2	4,50,68,20,61,42,52,83,84,21,71,37,65,41,49,7,
315	4	13	2.53	4,50,68,20,61,42,52,46,54,82,39,60,43,67,30,79,96,58,13,
315	4	12	2.554	4,50,68,20,61,42,52,46,54,39,60,43,67,30,79,96,85,59,63,12,
315	4	11	2.616	4,70,69,26,65,41,49,37,71,21,66,78,18,95,35,77,19,38,23,33,11,
315	4	14	2.495	4,50,68,20,61,42,52,46,54,82,39,60,43,67,30,79,48,51,14,
315	4	15	2.42	4,50,68,20,61,42,52,46,94,57,91,17,87,44,45,40,64,76,15,
315	4	8	2.342	4,50,68,20,61,42,52,69,26,65,41,49,37,71,21,66,55,32,8,
315	4	9	2.512	4,68,20,61,42,69,26,65,41,49,37,71,21,66,78,81,55,32,29,9,
315	4	10	2.571	4,68,20,61,42,69,26,41,65,37,71,21,66,78,18,95,35,16,24,10,
315	6	7	2.082	6,74,41,65,49,37,71,21,66,78,18,95,81,55,32,34,7,
315	5	7	2.064	5,25,70,69,26,65,41,49,37,71,84,83,21,66,98,34,7,
315	5	9	2.054	5,74,41,65,49,37,71,21,66,78,81,18,95,35,31,29,9,
315	5	8	1.962	5,25,70,69,26,65,41,49,37,71,21,66,78,81,55,32,8,
315	6	8	2.122	6,74,41,65,49,37,71,21,66,78,81,18,95,35,31,29,8,
315	5	12	2.508	5,25,70,42,61,52,46,54,39,60,43,67,30,79,96,85,59,63,12,
315	5	13	2.598	5,25,70,42,61,52,46,54,82,39,60,43,67,30,79,96,85,59,58,13,
315	5	11	2.473	5,25,70,69,26,65,41,49,37,71,21,66,78,18,95,35,77,38,23,33,11,
315	5	14	2.672	5,25,69,26,65,41,49,37,71,21,73,82,39,60,43,67,30,48,51,14,
315	5	15	2.555	5,25,70,42,61,20,68,47,88,94,57,91,17,87,44,45,40,64,76,15,
315	5	10	2.345	5,25,70,69,26,65,41,49,37,71,21,66,78,18,95,35,31,16,24,10,
315	7	8	2.301	7,49,37,71,21,66,55,32,81,78,18,95,35,16,31,29,8,
315	6	9	1.924	6,74,41,65,49,37,71,21,66,78,81,18,95,35,31,29,9,
315	7	9	2.073	7,49,41,65,37,71,21,66,55,81,18,95,35,31,29,9,
315	7	11	2.34	7,49,37,71,21,66,55,32,81,78,18,95,35,77,19,38,23,33,11,
315	6	11	2.358	6,74,41,65,37,71,21,66,55,32,81,78,18,95,35,77,19,38,23,33,11,
315	7	10	2.128	7,49,37,71,21,66,55,32,81,78,18,95,35,31,16,24,10,
315	6	12	2.508	6,41,65,49,37,71,21,73,82,39,60,43,67,30,79,96,85,59,63,12,
315	6	13	2.663	6,74,41,65,37,71,21,73,82,39,60,43,67,90,48,30,79,96,85,58,13,
315	6	10	2.236	6,74,41,65,49,37,71,21,66,55,32,81,78,18,95,35,31,16,24,10,
315	6	14	2.756	6,74,41,65,49,37,71,84,21,73,82,39,60,43,67,30,79,48,51,75,22,14,
315	6	15	2.876	6,74,41,65,49,37,71,21,73,82,39,60,43,67,30,79,48,90,40,64,76,15,
315	8	9	2.253	8,34,98,37,71,21,66,55,32,81,78,18,95,35,31,29,9,
315	8	11	2.522	8,32,55,81,18,95,56,99,53,79,96,85,59,63,38,23,33,11,
315	8	12	2.524	8,32,55,81,18,56,99,62,39,60,43,67,30,79,96,85,59,63,12,
315	8	13	2.589	8,32,55,81,78,18,95,56,62,39,60,43,67,30,79,96,85,59,58,13,
315	8	10	2.214	8,32,55,78,81,18,95,31,16,35,77,19,38,23,33,24,10,
315	7	13	2.659	7,49,41,65,37,71,21,73,82,39,60,43,67,30,79,96,85,59,58,13,
315	7	12	2.578	7,49,37,71,84,21,73,82,39,60,43,67,30,79,96,85,59,63,12,
315	8	14	2.755	8,32,55,81,78,18,95,56,99,62,39,60,43,67,30,79,48,51,75,22,14,
315	8	15	2.799	8,32,55,81,78,18,95,56,99,62,39,60,43,67,30,79,48,90,89,76,15,
315	7	14	2.907	7,49,41,65,37,71,21,84,83,73,82,62,99,53,79,30,48,51,75,22,14,
315	7	15	2.892	7,49,41,65,37,71,21,73,82,39,60,43,67,30,79,48,90,89,64,76,15,
315	9	11	2.084	9,16,31,29,32,55,81,78,18,95,35,77,19,38,23,33,11,
315	10	11	2.027	10,24,16,29,32,55,81,18,95,35,77,19,38,23,33,11,
315	9	12	2.176	9,29,31,35,95,18,56,99,53,30,79,96,85,59,63,12,
315	10	12	2.234	10,24,16,31,35,95,18,56,99,53,79,96,85,59,63,12,
315	10	13	2.274	10,24,16,31,35,95,18,56,99,53,79,30,48,51,80,13,
315	9	13	2.495	9,29,31,35,95,18,56,99,62,39,60,43,67,30,79,96,85,58,13,
315	9	10	2.166	9,29,32,55,81,78,18,95,35,77,19,38,23,33,24,10,
315	10	14	2.485	10,24,16,35,95,18,56,99,62,39,60,43,67,30,79,48,51,14,
315	9	14	2.508	9,29,31,16,35,95,18,56,99,62,39,60,43,67,30,79,48,51,14,
315	10	15	2.639	10,24,16,29,31,35,95,18,56,99,62,39,60,43,67,90,89,64,76,15,
315	9	15	2.768	9,29,31,16,35,95,18,56,99,62,39,60,43,67,30,79,48,90,89,76,15,
315	13	15	2.149	13,58,59,85,96,79,30,48,90,67,43,40,64,89,76,15,
315	11	12	2.19	11,33,23,38,19,99,53,43,67,30,79,96,85,59,63,12,
315	14	15	2.125	14,51,48,30,79,53,99,62,39,60,43,67,90,89,76,15,
315	11	13	2.198	11,33,38,19,85,96,79,30,43,67,90,48,51,80,13,
315	13	14	2.3	13,58,59,85,96,79,30,43,67,40,90,48,51,75,22,14,
315	12	14	2.217	12,63,59,85,96,79,30,43,67,40,90,48,51,22,14,
315	12	13	2.251	12,63,59,85,96,79,30,43,67,40,90,48,51,80,13,
315	12	15	2.314	12,63,59,85,96,79,30,53,99,62,39,60,43,67,90,89,76,15,
315	11	14	2.25	11,33,23,38,19,85,96,79,30,43,67,90,48,51,75,22,14,
315	11	15	2.336	11,33,23,38,19,59,85,96,79,30,43,67,90,40,64,89,76,15,
